regionId: 1830680906, origin: 2.6391938, -0.92093146, 0.58055925, normal: -0.7071286, -0.70708495, 8.925887E-5
regionId: 526169371, origin: 1.1676306, -1.6473695, -1.609048E-5, normal: -5.6550476E-7, 0.4342545, -0.9007902
regionId: 790527582, origin: 2.3081794, -0.52050316, 0.58882177, normal: -0.7121266, 0.702051, 3.0767027E-4
regionId: 1457833088, origin: 1.2896589, -0.026662443, 1.2218395E-5, normal: -6.82582E-5, 1.3043294E-6, 1.0
regionId: 1317470873, origin: 4.1943097, 0.022680385, 0.14454585, normal: -0.20389213, 3.279165E-5, 0.97899336
regionId: 1682323866, origin: 0.94184685, 1.5173475, -2.2453316E-5, normal: 1.6720957E-9, 0.5502901, 0.8349735
regionId: 2096906392, origin: 0.9614861, 1.7355946, -8.102031E-6, normal: -8.3259044E-10, 0.49923113, 0.86646885
regionId: 2037565221, origin: 0.9757942, 1.8522481, 0.0075151785, normal: 7.357701E-4, 0.60121244, 0.7990889
regionId: 1015521418, origin: 0.9098218, 1.4316764, -2.4124492E-5, normal: -4.71312E-9, 0.57263297, 0.8198119
regionId: 201553901, origin: 0.9790199, 1.6211647, -1.6579299E-5, normal: 2.2110946E-9, -0.52500826, -0.85109717
regionId: 1222371286, origin: 0.6739471, 1.2172925, -1.3479921E-5, normal: 5.1058184E-9, 0.63477105, 0.77270025
regionId: 513064917, origin: 3.4697926, -1.7518066, 0.5536456, normal: -0.70668584, -0.70752734, 3.9262717E-4
regionId: 924760854, origin: 2.017195, 1.9284567, 0.4999432, normal: -5.1427192E-5, -0.0030791766, 0.99999523
regionId: 1890816858, origin: 3.1026993, -1.3804404, 1.2985306, normal: -0.71053696, 0.70365983, -2.1679986E-4
regionId: 576605704, origin: 0.8629172, 1.9742202, 3.4621873E-4, normal: 2.6480387E-9, -0.45174295, -0.89214814
regionId: 646340118, origin: 2.0277169, 1.7500701, 0.4269152, normal: 7.6443166E-4, -0.99999964, 3.2307312E-4
regionId: 2131938506, origin: 1.7502428, 1.8939979, 0.34775037, normal: -0.99999326, -0.0036559538, -2.5722542E-4
regionId: 1437653249, origin: 1.4487921, -1.9144017, -2.3832208E-5, normal: 1.4558441E-5, -1.1537638E-5, 1.0
regionId: 2074301501, origin: 1.2591524, -1.4495491, -8.254373E-6, normal: -3.7172365E-6, -1.291115E-4, 1.0
regionId: 770953466, origin: 1.250567, -1.2536495, 5.192588E-6, normal: -2.5412292E-5, -2.6011845E-4, 0.99999994
regionId: 1951418088, origin: 1.3268648, -1.7344205, -8.225579E-6, normal: -1.6823738E-5, 5.0868643E-6, 1.0
regionId: 947756459, origin: 0.69198126, 1.2865852, -5.4471275E-6, normal: -5.015117E-9, 0.6136749, 0.7895588
regionId: 1925644726, origin: 0.5601363, 1.0783502, 1.4405069E-7, normal: -1.8396356E-8, 0.6799734, 0.7332368
