2.6234756, -0.9062085, 0.5424354
2.6485415, -0.9317637, 0.5893443
2.6430821, -0.9248539, 0.533021
2.604325, -0.88793427, 0.55166245
2.6085763, -0.89129734, 0.5262325
2.6106079, -0.89121455, 0.58274484
2.6266499, -0.90842474, 0.51537275
2.6222644, -0.90591085, 0.5728762
2.6419342, -0.9246907, 0.5640219
2.644318, -0.924879, 0.6283659
2.6217465, -0.9031186, 0.63206357
2.664384, -0.94715333, 0.592752
2.6620784, -0.943858, 0.5549848
2.6763005, -0.95907795, 0.6092653
2.6513333, -0.9350204, 0.6112026
2.6302423, -0.9108201, 0.608374
2.678493, -0.9621607, 0.51599336
2.6288266, -0.9095844, 0.48816302
2.676673, -0.9591605, 0.48237327
2.6631608, -0.9438839, 0.52341235
2.6530492, -0.9366798, 0.48941588
2.5841541, -0.8668521, 0.50151306
2.590454, -0.8715668, 0.55497575
2.5899885, -0.8713795, 0.5891572
2.5887978, -0.87238467, 0.5345992
2.6017017, -0.8834751, 0.49053842
2.6079602, -0.889697, 0.62997
2.6054435, -0.8868284, 0.6091944
2.5916862, -0.87378347, 0.62429845
2.654561, -0.93703145, 0.4611562
2.6025243, -0.8832992, 0.4638036
2.6338944, -0.91748977, 0.47092366
2.631782, -0.9131522, 0.6473305
2.66654, -0.9486721, 0.64819443
2.6726978, -0.953233, 0.6739449
2.6459336, -0.9272995, 0.67034715
2.6567442, -0.93729466, 0.6473334
2.609412, -0.8918439, 0.66926247
2.6922643, -0.97505856, 0.63312435
2.6827135, -0.96342695, 0.54575837
2.6851897, -0.966963, 0.58423454
2.6897688, -0.97204614, 0.6093571
2.699295, -0.9830034, 0.5397705
2.6939678, -0.9752244, 0.46840554
2.698058, -0.9805571, 0.504529
2.6154523, -0.8990156, 0.45426315
2.6345854, -0.91704386, 0.4433193
2.6736891, -0.95494866, 0.44932282
2.5699005, -0.85054636, 0.5363667
2.56521, -0.8487561, 0.5105593
2.5661592, -0.84884155, 0.4847207
2.5841334, -0.865903, 0.4743637
2.5729108, -0.85430104, 0.5686445
2.5715196, -0.85361546, 0.5975327
2.57057, -0.8533057, 0.62854844
2.5973742, -0.88013226, 0.6688413
2.5859828, -0.8687279, 0.65092814
2.5784948, -0.8618268, 0.675729
2.5649788, -0.8482884, 0.6544017
2.6742387, -0.95421934, 0.42075235
2.6541753, -0.93544066, 0.43215173
2.6112542, -0.8936933, 0.4239186
2.592761, -0.87628305, 0.4351413
2.6119866, -0.8947614, 0.69394505
2.631743, -0.91385496, 0.68741417
2.6837947, -0.9643186, 0.69420576
2.6874547, -0.9712063, 0.66779715
2.6987967, -0.9825678, 0.68841875
2.6422048, -0.92432, 0.7068897
2.6633077, -0.9446694, 0.7016874
2.6221476, -0.90493083, 0.7130382
2.5871556, -0.8705008, 0.69053805
2.7191474, -0.99981993, 0.5926668
2.7072968, -0.9901053, 0.6576807
2.7183719, -1.0021024, 0.5634122
2.70651, -0.9871956, 0.5755353
2.7208655, -1.0033886, 0.53022635
2.719493, -1.0007333, 0.49433404
2.7120948, -0.99267805, 0.47036412
2.6943164, -0.9742695, 0.43818128
2.7088718, -0.99159485, 0.42819053
2.630183, -0.9114527, 0.41247085
2.5886745, -0.8711132, 0.40650332
2.6883678, -0.97107327, 0.41052133
2.5538676, -0.834523, 0.52010405
2.552536, -0.83461916, 0.5746576
2.5485892, -0.83210343, 0.4948814
2.552082, -0.8334854, 0.5456665
2.5451145, -0.8277739, 0.46641037
2.5598297, -0.84159285, 0.45356333
2.553468, -0.8361906, 0.6057482
2.5373552, -0.8206335, 0.61578995
2.5500154, -0.83330953, 0.6327787
2.5547686, -0.83488435, 0.66452694
2.539961, -0.8201058, 0.642703
2.5678658, -0.84796166, 0.6855844
2.5496445, -0.83022153, 0.6921622
2.5595353, -0.84010607, 0.70954144
2.5702064, -0.8505324, 0.70904034
2.663175, -0.94585514, 0.39029497
2.6465163, -0.9265295, 0.3984149
2.6069717, -0.88826454, 0.39481822
2.5666347, -0.8501191, 0.4148071
2.6030722, -0.8864421, 0.7200747
2.5891638, -0.86922944, 0.7243594
2.654523, -0.93664104, 0.73210675
2.7121592, -0.995952, 0.71514297
2.698047, -0.9785591, 0.7229763
2.6754365, -0.95679396, 0.72634274
2.7207441, -1.0035652, 0.6817603
2.7345152, -1.0173469, 0.7090238
2.6652102, -0.9473306, 0.7565142
2.635188, -0.9179864, 0.74012405
2.686447, -0.96779966, 0.7512532
2.610758, -0.8933089, 0.74448794
2.5703373, -0.85089415, 0.7301737
2.7345703, -1.018323, 0.58512855
2.7312064, -1.0129821, 0.65350777
2.7522397, -1.0347693, 0.5697268
2.7405136, -1.0230399, 0.55429024
2.7499928, -1.0312309, 0.52885824
2.7429402, -1.0228244, 0.48547706
2.7301898, -1.0129354, 0.44784954
2.7092755, -0.9905738, 0.3986838
2.7307045, -1.0104966, 0.38658985
2.7303782, -1.0116701, 0.416614
2.6276968, -0.9090568, 0.37423646
2.5720809, -0.8533781, 0.37047157
2.7040353, -0.983862, 0.3657957
2.680159, -0.96145916, 0.3757355
2.524278, -0.8069681, 0.57105637
2.5195842, -0.80099297, 0.51344174
2.5356448, -0.8170505, 0.52884257
2.532484, -0.8133404, 0.5062696
2.5194898, -0.8015621, 0.5390584
2.5346606, -0.8167442, 0.55479205
2.5192354, -0.8024751, 0.5933001
2.5330102, -0.8158474, 0.58804333
2.5247216, -0.8073756, 0.44992763
2.5281115, -0.8115871, 0.4768445
2.5546818, -0.8354975, 0.42487213
2.531547, -0.8133164, 0.4314834
2.530396, -0.81056017, 0.6296718
2.5249684, -0.80557656, 0.653625
2.5093036, -0.7894958, 0.6028508
2.506821, -0.7874541, 0.6287266
2.5369155, -0.8175067, 0.6715096
2.541442, -0.8224243, 0.71565473
2.5257099, -0.8066992, 0.68844223
2.5075784, -0.7884922, 0.6525077
2.5137093, -0.7947074, 0.66954553
2.5493567, -0.8303316, 0.7308445
2.5250893, -0.80640984, 0.72416574
2.5861597, -0.8665788, 0.7521318
2.6535711, -0.93488836, 0.35645488
2.6733985, -0.9532773, 0.34379658
2.604892, -0.8875395, 0.34896553
2.5898423, -0.86994475, 0.35825062
2.5504575, -0.83312386, 0.38539618
2.590952, -0.8714831, 0.7760086
2.624247, -0.9076482, 0.76671344
2.6103888, -0.8904189, 0.77114177
2.5673547, -0.84831476, 0.7697248
2.6454718, -0.9282761, 0.7640843
2.708212, -0.98870814, 0.74587923
2.7248654, -1.0086794, 0.7436503
2.695904, -0.9772507, 0.7752242
2.7179585, -0.9984417, 0.7703501
2.7539167, -1.0345623, 0.6461262
2.7432475, -1.0250244, 0.6749554
2.7464716, -1.0293125, 0.73544306
2.6758344, -0.95795053, 0.7838969
2.653391, -0.93619907, 0.7846663
2.6293764, -0.9119375, 0.7902273
2.5443726, -0.82568175, 0.7638426
2.7518847, -1.0356683, 0.6103194
2.775044, -1.0575908, 0.6020707
2.7667048, -1.0479246, 0.549424
2.7635202, -1.0433793, 0.50806224
2.7491646, -1.0311819, 0.44982094
2.7799785, -1.061253, 0.46375373
2.752427, -1.0321872, 0.40478274
2.71522, -0.99766713, 0.35222608
2.7458167, -1.0282899, 0.3757887
2.650507, -0.9304254, 0.32863492
2.6234345, -0.90477073, 0.33632594
2.6922753, -0.97472715, 0.33591163
2.5068493, -0.7889191, 0.52677107
2.5020666, -0.78473806, 0.5474757
2.5092542, -0.79221, 0.56812155
2.4842377, -0.7662941, 0.50604045
2.4870622, -0.7697152, 0.5327534
2.5125313, -0.7934013, 0.48854882
2.4913769, -0.7727989, 0.4886392
2.4858215, -0.7690172, 0.5565412
2.490723, -0.77136785, 0.6085851
2.4910307, -0.7713597, 0.58846915
2.510002, -0.79176915, 0.41591966
2.5263524, -0.80719256, 0.40454203
2.5023851, -0.7837095, 0.68508977
2.4901974, -0.7712203, 0.6363806
2.4910922, -0.77242506, 0.6678791
2.514412, -0.7957314, 0.7049507
2.5339513, -0.81526613, 0.74147165
2.5077515, -0.78934103, 0.73000413
2.4856822, -0.76726913, 0.6916958
2.495358, -0.776945, 0.7076666
2.52649, -0.8080732, 0.76887894
2.516364, -0.79795015, 0.74696267
2.509003, -0.79079044, 0.77382207
2.5757651, -0.8567196, 0.7907385
2.6027284, -0.88324213, 0.8079805
2.5833979, -0.8643407, 0.81208956
2.562375, -0.8436685, 0.80967766
2.6431446, -0.92657846, 0.8199983
2.542791, -0.82436883, 0.81038797
2.5534039, -0.8347086, 0.78546053
2.6644578, -0.94728374, 0.81774163
2.7337258, -1.0175505, 0.765955
2.7583652, -1.0412083, 0.76511484
2.7076569, -0.98900723, 0.80971396
2.6857915, -0.96792364, 0.81377053
2.7300725, -1.0105515, 0.80556893
2.7663267, -1.046963, 0.6679985
2.768203, -1.0520123, 0.6362769
2.7697673, -1.0515424, 0.7297294
2.6915793, -0.97370774, 0.83378154
2.6293595, -0.9093641, 0.82503736
2.6093712, -0.8898856, 0.82878506
2.5248394, -0.80662525, 0.8144691
2.5183396, -0.8001279, 0.7966524
2.5352638, -0.816845, 0.7900518
2.7837405, -1.0649526, 0.5720825
2.7938375, -1.0763955, 0.6318172
2.786511, -1.06633, 0.53543
2.7891507, -1.0719469, 0.5102574
2.7750258, -1.0547581, 0.4250524
2.8032007, -1.0844747, 0.4886865
2.8037753, -1.0834568, 0.4529392
2.7681766, -1.049011, 0.3632102
2.7680087, -1.0504949, 0.3942255
2.7079604, -0.9888351, 0.3193198
2.727683, -1.0111172, 0.31111938
2.7517905, -1.0352372, 0.32783228
2.6725006, -0.95339835, 0.29668814
2.4722643, -0.7536882, 0.47316268
2.4685538, -0.7511858, 0.5157794
2.493495, -0.77421254, 0.4670586
2.4658625, -0.74758005, 0.54619026
2.4748197, -0.75506794, 0.5645852
2.467847, -0.7485913, 0.44777137
2.469647, -0.75041264, 0.5909282
2.4598973, -0.7405785, 0.57412726
2.4725895, -0.7536196, 0.6142735
2.4739313, -0.75527537, 0.6438984
2.4596202, -0.74096566, 0.6255934
2.490077, -0.7728901, 0.42983097
2.4884446, -0.7702329, 0.7313767
2.4787455, -0.76053023, 0.7138428
2.4593563, -0.7409572, 0.6530934
2.4725738, -0.7541683, 0.67170286
2.4640522, -0.7458359, 0.68986666
2.4669538, -0.7488035, 0.71072125
2.4823363, -0.7642596, 0.7576463
2.469635, -0.7515551, 0.7328216
2.5035677, -0.78549576, 0.80813485
2.4927623, -0.77468914, 0.78069055
2.484858, -0.7668568, 0.8078042
2.589848, -0.8707938, 0.8324584
2.569632, -0.8509326, 0.83230925
2.5499163, -0.831497, 0.83224905
2.594873, -0.8758098, 0.8504932
2.6346917, -0.91468227, 0.8438575
2.6145468, -0.89505017, 0.8472088
2.575653, -0.8569473, 0.85371315
2.6518986, -0.9353399, 0.85186267
2.6729712, -0.9557989, 0.84862256
2.5347447, -0.8165355, 0.8460748
2.7472486, -1.0311027, 0.8056282
2.784956, -1.0667269, 0.7680919
2.793536, -1.0753169, 0.793108
2.7680035, -1.0508668, 0.79291
2.713622, -0.9949652, 0.8301528
2.7362225, -1.0166893, 0.8264444
2.7427506, -1.0232118, 0.85207367
2.7535915, -1.0374539, 0.82738286
2.797773, -1.0816296, 0.69063807
2.7828066, -1.0666411, 0.6617584
2.7822804, -1.0629066, 0.69909805
2.7936692, -1.0742791, 0.72388566
2.6779299, -0.9607651, 0.8699161
2.6989827, -0.9811189, 0.86386454
2.610103, -0.89081967, 0.8711568
2.630175, -0.9104163, 0.8683226
2.645785, -0.92663336, 0.8745222
2.5161018, -0.79803413, 0.84645736
2.5103626, -0.7922864, 0.82775396
2.8042314, -1.0840217, 0.5583625
2.806756, -1.0895538, 0.531525
2.806921, -1.0894891, 0.6545131
2.8161476, -1.0973485, 0.6206024
2.791028, -1.0718473, 0.3819125
2.7911005, -1.0736065, 0.4147782
2.8240519, -1.1053157, 0.5129131
2.8297617, -1.1094158, 0.4805858
2.818938, -1.0997397, 0.40650737
2.7839599, -1.0674582, 0.35201207
2.7440019, -1.0257221, 0.29392806
2.774189, -1.0558996, 0.31441638
2.4527488, -0.73417777, 0.45840406
2.4471889, -0.729804, 0.49762794
2.4399936, -0.72204506, 0.47036022
2.4452238, -0.7259206, 0.55933845
2.4480197, -0.7297346, 0.52960694
2.4469082, -0.72796273, 0.585309
2.4463782, -0.72773194, 0.6099039
2.446566, -0.728119, 0.6318923
2.4288063, -0.7101688, 0.5904765
2.4280224, -0.70873606, 0.5431427
2.4302597, -0.71132153, 0.5682006
2.442956, -0.724872, 0.6883253
2.4513378, -0.7331275, 0.67101276
2.4297879, -0.7115731, 0.6420491
2.4274116, -0.7090159, 0.6135143
2.4658704, -0.7478643, 0.7628454
2.4533415, -0.7352551, 0.7045595
2.4484286, -0.73041356, 0.7291696
2.429952, -0.7118688, 0.66958225
2.4460306, -0.7280309, 0.75096065
2.4751644, -0.7571596, 0.78344095
2.4497557, -0.73175627, 0.7679534
2.4986806, -0.7806857, 0.8497952
2.4816391, -0.7636516, 0.8530726
2.4931054, -0.77510166, 0.8314899
2.4733176, -0.75532204, 0.8262692
2.4666104, -0.748615, 0.8075885
2.4596047, -0.7416096, 0.79005516
2.4640055, -0.74596065, 0.8529953
2.5500798, -0.83176184, 0.86819386
2.5393853, -0.8211735, 0.86336875
2.522875, -0.8048037, 0.8725362
2.5634959, -0.8450738, 0.8855801
2.5830789, -0.8643738, 0.8862698
2.6458707, -0.9258518, 0.8943889
2.6247554, -0.90525305, 0.89330196
2.5449486, -0.8267385, 0.88806266
2.6605165, -0.9439794, 0.8923211
2.6818528, -0.96469766, 0.8899578
2.5030222, -0.78502387, 0.8659909
2.5268173, -0.80874926, 0.8904983
2.5083563, -0.7903615, 0.88936555
2.7604544, -1.0443321, 0.85509336
2.777231, -1.0600998, 0.8236149
2.8045957, -1.0851926, 0.7503969
2.8014886, -1.0832657, 0.81976044
2.812014, -1.0958939, 0.72148526
2.8181849, -1.098779, 0.7885938
2.7219687, -1.0033116, 0.8641555
2.7672474, -1.0511374, 0.88967365
2.726139, -1.0074859, 0.885077
2.7507324, -1.0311899, 0.89176726
2.8223548, -1.1049311, 0.68397355
2.835766, -1.1183491, 0.71255875
2.685117, -0.96796024, 0.9101323
2.7037203, -0.9858608, 0.88754374
2.6636834, -0.94714665, 0.9120647
2.7070851, -0.9892221, 0.90815836
2.5871482, -0.8684435, 0.90884864
2.6067133, -0.88764745, 0.90683305
2.6489682, -0.92894006, 0.91375494
2.4858572, -0.767866, 0.86891985
2.4910383, -0.773051, 0.8917886
2.8247106, -1.1075218, 0.5549777
2.826434, -1.1061931, 0.5898365
2.8316736, -1.1128707, 0.6470986
2.8073113, -1.0908396, 0.37096047
2.8524163, -1.1320248, 0.5068087
2.844685, -1.1272228, 0.4685315
2.8497229, -1.1309706, 0.5455557
2.831623, -1.1151903, 0.39211124
2.8073123, -1.0890322, 0.33891582
2.7893124, -1.0701035, 0.3101548
2.7457442, -1.0281446, 0.24582782
2.7660909, -1.0460087, 0.27996343
2.7872705, -1.0696914, 0.27121323
2.4275117, -0.71023875, 0.48746726
2.4274144, -0.70913315, 0.51185703
2.4069161, -0.68931234, 0.4914879
2.4096954, -0.69077444, 0.5488491
2.4119864, -0.6933508, 0.5734207
2.4076734, -0.68927664, 0.5921511
2.4053867, -0.6871728, 0.61331177
2.4064467, -0.6883271, 0.63276696
2.411316, -0.69205964, 0.5284924
2.4256234, -0.70760775, 0.69197077
2.4280736, -0.71005845, 0.71071756
2.4302135, -0.71220505, 0.73044837
2.4117413, -0.6936574, 0.6487696
2.3988218, -0.68079245, 0.6549696
2.4122205, -0.6942023, 0.6726934
2.4087157, -0.6907074, 0.6956198
2.4503622, -0.73231125, 0.8117789
2.4467616, -0.7287228, 0.79156244
2.4265027, -0.7084512, 0.75767255
2.4339795, -0.71592605, 0.7729733
2.4100022, -0.6919646, 0.7122038
2.3987854, -0.6807764, 0.6812692
2.4270673, -0.7089002, 0.7972438
2.4528499, -0.7347698, 0.8309784
2.4344559, -0.7162896, 0.81589687
2.4690635, -0.7510158, 0.87179625
2.4734046, -0.7553607, 0.8907964
2.4467814, -0.7286183, 0.85300386
2.4519114, -0.73374665, 0.871915
2.4527884, -0.7345809, 0.8937768
2.5305152, -0.8124523, 0.91102743
2.5674171, -0.8489994, 0.9070252
2.5487556, -0.830551, 0.90904546
2.5121155, -0.79412735, 0.9094145
2.5708745, -0.8524521, 0.93116283
2.590074, -0.8713651, 0.92963564
2.5521126, -0.833904, 0.93266064
2.6097274, -0.89065635, 0.9280779
2.6298504, -0.91033924, 0.9264885
2.5337746, -0.81570876, 0.9341299
2.4946897, -0.77670884, 0.91140145
2.5146341, -0.7966423, 0.92603767
2.4928524, -0.7748537, 0.9280358
2.7850857, -1.067963, 0.855402
2.791317, -1.0742023, 0.8872528
2.8095922, -1.0913707, 0.8522327
2.8352225, -1.1191418, 0.78259003
2.8219526, -1.1058434, 0.7456471
2.834751, -1.1153278, 0.848989
2.8250866, -1.1056693, 0.8112551
2.7535834, -1.0340351, 0.90994155
2.729608, -1.010949, 0.9061412
2.7727158, -1.056612, 0.9290197
2.795218, -1.0781033, 0.9129416
2.7701645, -1.054056, 0.9081978
2.7560775, -1.0365267, 0.9303689
2.732877, -1.0142169, 0.9318676
2.849031, -1.1302253, 0.6800406
2.85781, -1.1375275, 0.64078563
2.8491158, -1.1316987, 0.7447012
2.6675305, -0.9510016, 0.944705
2.7111735, -0.99331367, 0.9422449
2.6890824, -0.97193146, 0.9434881
2.652731, -0.9326986, 0.9457692
2.6118665, -0.8927963, 0.94808924
2.5728898, -0.8544698, 0.95031774
2.5921502, -0.873443, 0.9492146
2.6320543, -0.91254336, 0.94694114
2.470355, -0.75226575, 0.9122643
2.4632723, -0.7451109, 0.9308219
2.8405945, -1.1234212, 0.57730144
2.8588912, -1.1417302, 0.60525787
2.843173, -1.1229082, 0.6159076
2.8312764, -1.1111068, 0.3255157
2.831366, -1.1130854, 0.35813236
2.8666682, -1.1492157, 0.49356773
2.8724885, -1.1532642, 0.4600566
2.8716805, -1.1512572, 0.5309703
2.8695273, -1.150769, 0.5733086
2.8560603, -1.1358562, 0.3450014
2.8133628, -1.0957761, 0.28852504
2.7644253, -1.0449225, 0.2291722
2.8046837, -1.0851456, 0.25302297
2.3896463, -0.67040926, 0.5108751
2.389454, -0.67054844, 0.53127664
2.3876534, -0.6690351, 0.55077916
2.3871794, -0.66895926, 0.5939162
2.3853636, -0.66696537, 0.57006824
2.3855772, -0.66748476, 0.6150906
2.3875513, -0.6695102, 0.63502955
2.3870728, -0.66905385, 0.6655443
2.4124656, -0.69440377, 0.7318107
2.4025018, -0.68432915, 0.74625707
2.4135592, -0.6953948, 0.76764923
2.3858013, -0.66774, 0.69006413
2.3707619, -0.65273577, 0.6492367
2.3703103, -0.6522394, 0.66903377
2.3717432, -0.65371394, 0.62303156
2.3869207, -0.6687778, 0.71242326
2.3926167, -0.6744432, 0.7289947
2.419566, -0.70122564, 0.8217878
2.4277039, -0.70935845, 0.8457823
2.4053817, -0.68704176, 0.78723663
2.4153242, -0.69698393, 0.8108015
2.3878155, -0.66947484, 0.7517649
2.369178, -0.65100855, 0.69305855
2.369159, -0.65086794, 0.71315825
2.3890214, -0.6705748, 0.7706282
2.3885818, -0.6700156, 0.7875319
2.4050555, -0.68648314, 0.8279474
2.4309807, -0.7126008, 0.8665576
2.4122033, -0.693624, 0.849203
2.444162, -0.7258224, 0.91445005
2.4468822, -0.7285406, 0.9323603
2.426671, -0.70814896, 0.8878118
2.4265063, -0.7079278, 0.90685356
2.430238, -0.711658, 0.9296197
2.5145302, -0.79654217, 0.9512745
2.535674, -0.8176115, 0.9524608
2.554069, -0.8358635, 0.95139956
2.499438, -0.7814548, 0.94750357
2.4825783, -0.76453924, 0.95209473
2.593674, -0.8749646, 0.9714849
2.574369, -0.8559474, 0.97210467
2.5555055, -0.8372983, 0.9727124
2.6134362, -0.8943633, 0.9708527
2.537069, -0.819005, 0.9733086
2.6336713, -0.9141574, 0.9702076
2.654397, -0.9343611, 0.9695492
2.5014195, -0.7834372, 0.97446775
2.5190449, -0.8010551, 0.9738936
2.4657578, -0.7475985, 0.95315623
2.4841795, -0.76614, 0.9750315
2.467313, -0.74915326, 0.9755851
2.8142753, -1.0960586, 0.87497365
2.7979884, -1.0808789, 0.93715346
2.819126, -1.1009041, 0.90411764
2.8429203, -1.1268487, 0.8076397
2.8528118, -1.1367583, 0.8460874
2.857759, -1.1417181, 0.86976534
2.840154, -1.1207315, 0.8752272
2.7589788, -1.0394258, 0.96612513
2.7756839, -1.0595863, 0.96546817
2.73569, -1.01703, 0.966855
2.712984, -0.99512357, 0.96756893
2.8733318, -1.1545054, 0.73445463
2.8735142, -1.1532068, 0.6701661
2.8614306, -1.1426125, 0.70632243
2.875276, -1.1581314, 0.6327461
2.8609927, -1.1435947, 0.7778397
2.6692343, -0.9527067, 0.9689513
2.6908388, -0.97368824, 0.9682675
2.6551201, -0.9350798, 0.99170095
2.6915998, -0.97444737, 0.99135154
2.6699731, -0.9534438, 0.991538
2.7137682, -0.9959057, 0.9911611
2.7364984, -1.0178359, 0.9909665
2.6343732, -0.9148551, 0.9918805
2.6141174, -0.89504087, 0.9920563
2.5561302, -0.8379189, 0.9925633
2.575012, -0.8565864, 0.9923976
2.4492965, -0.73095655, 0.95419896
2.4508076, -0.7324666, 0.97612894
2.884981, -1.1662164, 0.596792
2.8482223, -1.1306635, 0.313644
2.8899348, -1.1724871, 0.52232105
2.896385, -1.1771324, 0.4871565
2.8880973, -1.17174, 0.44754243
2.8923087, -1.1718576, 0.55907667
2.8735585, -1.1560111, 0.33337897
2.8671808, -1.1488992, 0.38930988
2.8268604, -1.1098049, 0.24388427
2.837372, -1.1177937, 0.2742293
2.783201, -1.0661087, 0.21798009
2.3662589, -0.6476475, 0.5326713
2.3726523, -0.65375865, 0.5177282
2.369925, -0.65153956, 0.5560988
2.3697953, -0.65157133, 0.57694215
2.370014, -0.65192854, 0.60425305
2.3892756, -0.6705631, 0.80820876
2.3702073, -0.65181416, 0.7289318
2.351976, -0.6338004, 0.6701921
2.3457153, -0.6273811, 0.68637544
2.3466315, -0.6285991, 0.6184163
2.3482075, -0.63014895, 0.6366151
2.3476377, -0.6291453, 0.7079635
2.3484755, -0.63041556, 0.59361327
2.3688006, -0.6502389, 0.7488673
2.3671646, -0.64839363, 0.76945883
2.3886886, -0.6698286, 0.82783836
2.392056, -0.6731024, 0.8494374
2.4085355, -0.68978935, 0.86905396
2.4072497, -0.6883748, 0.8909756
2.3697948, -0.6508934, 0.7889879
2.3518631, -0.6332432, 0.727703
2.3525252, -0.6336894, 0.7503324
2.3399138, -0.6210945, 0.7294066
2.367453, -0.6482597, 0.81458783
2.3704588, -0.6511591, 0.8326262
2.3858786, -0.6666658, 0.8686214
2.4109206, -0.69204706, 0.90894306
2.3911753, -0.67195207, 0.8894403
2.4331841, -0.7146038, 0.95522356
2.4346514, -0.7160701, 0.97666323
2.4145463, -0.69566983, 0.93120086
2.4077969, -0.6887127, 0.9506405
2.4094234, -0.6903385, 0.9712653
2.5376759, -0.81960773, 0.9927258
2.5196345, -0.80164057, 0.9928853
2.4847364, -0.76669246, 0.9931954
2.5019925, -0.7840059, 0.99304175
2.4678543, -0.7496898, 0.99334633
2.5943127, -0.87559927, 1.0069358
2.5749893, -0.8565637, 1.0067852
2.6140938, -0.89501697, 1.0070897
2.5561082, -0.8378969, 1.0066373
2.5376544, -0.81958634, 1.0064923
2.6343489, -0.91483057, 1.0072466
2.5019717, -0.78398556, 1.0062102
2.5196133, -0.80161965, 1.0063498
2.655095, -0.9350545, 1.0074068
2.6699476, -0.9534179, 1.0075523
2.484716, -0.7666726, 1.006073
2.4513338, -0.73298776, 0.9934946
2.4678347, -0.7496706, 1.0059384
2.4513144, -0.73296905, 1.0058061
2.7998314, -1.082722, 0.9611407
2.8229053, -1.1046858, 0.9357692
2.8484902, -1.1290569, 0.93435216
2.8782744, -1.1608888, 0.8389205
2.870314, -1.1529195, 0.80817103
2.884255, -1.1668751, 0.8668957
2.8638556, -1.1478186, 0.90731215
2.8885021, -1.1711202, 0.8912709
2.776536, -1.060438, 0.99058837
2.7598119, -1.0402563, 0.9907675
2.7364712, -1.0178077, 1.0080624
2.7597837, -1.0402272, 1.00824
2.7137415, -0.9958782, 1.0078886
2.6915736, -0.9744208, 1.0077187
2.8881423, -1.1693192, 0.7750219
2.8891566, -1.1688256, 0.7029501
2.8920858, -1.1749524, 0.6639465
2.8970876, -1.178257, 0.80395526
2.6334648, -0.9139545, 1.0333016
2.6541843, -0.9341522, 1.0340376
2.6132355, -0.8941664, 1.0325806
2.5934796, -0.8747735, 1.031874
2.5741801, -0.85576177, 1.0311813
2.536891, -0.81883, 1.0298357
2.5553222, -0.83711815, 1.030502
2.435163, -0.7165763, 0.99364024
2.4351444, -0.7165581, 1.005676
2.419331, -0.70044625, 0.9937834
2.9110425, -1.1936103, 0.55089206
2.901888, -1.183121, 0.6248216
2.9140725, -1.1935854, 0.5917326
2.8732858, -1.1536858, 0.29966855
2.8497834, -1.1314675, 0.27060348
2.9167154, -1.1974471, 0.51215225
2.9112906, -1.1949606, 0.47340935
2.8883348, -1.1700534, 0.40921482
2.8914092, -1.1711593, 0.37521183
2.8910294, -1.174018, 0.28732616
2.8511443, -1.1319838, 0.22877407
2.3497972, -0.6313528, 0.5342435
2.346908, -0.6287803, 0.5715821
2.327269, -0.60913855, 0.6302296
2.329174, -0.6111238, 0.6060492
2.331851, -0.6136784, 0.6461183
2.3321195, -0.61379206, 0.668998
2.3688173, -0.6493108, 0.85063607
2.3454957, -0.6263257, 0.767764
2.3190641, -0.6007378, 0.65358055
2.3191166, -0.6005797, 0.6758873
2.3286424, -0.6098306, 0.71247333
2.3292298, -0.61068475, 0.6887778
2.3284001, -0.60934114, 0.7314589
2.3303266, -0.6122503, 0.57195973
2.3312724, -0.61202264, 0.74980164
2.330811, -0.61261725, 0.54806495
2.3498788, -0.630612, 0.7842845
2.3476458, -0.6280714, 0.80549777
2.3712006, -0.65158856, 0.87159264
2.3754601, -0.6558363, 0.888044
2.391479, -0.6721525, 0.9089801
2.3798625, -0.66023684, 0.9083886
2.3892324, -0.66977084, 0.92561924
2.3519728, -0.63303775, 0.82811415
2.3298123, -0.6102667, 0.76902795
2.326396, -0.60875463, 0.7917601
2.3110456, -0.5921489, 0.7453717
2.306723, -0.58760244, 0.70625985
2.3453798, -0.6284097, 0.85099155
2.3525586, -0.63560283, 0.8747428
2.3572955, -0.640344, 0.8934561
2.365475, -0.6478621, 0.9092699
2.3860953, -0.6664573, 0.9507085
2.3640618, -0.6471275, 0.92913204
2.4038274, -0.6845887, 0.99392414
2.419313, -0.7004287, 1.0055484
2.40381, -0.6845716, 1.0054228
2.387634, -0.6679946, 0.9691992
2.388456, -0.6688129, 0.98723894
2.3886247, -0.66897833, 1.0052992
2.5012512, -0.78327215, 1.02854
2.5188718, -0.8008852, 1.0291817
2.4671545, -0.7489977, 1.0272912
2.4840164, -0.7659799, 1.02791
2.4506536, -0.73231554, 1.0266833
2.5724604, -0.85403717, 1.054236
2.553653, -0.8354435, 1.0530553
2.5352702, -0.81720376, 1.0518969
2.5129018, -0.79491097, 1.0505064
2.4825325, -0.76449037, 1.0485494
2.49931, -0.7813257, 1.0540954
2.668141, -0.95161134, 1.0475435
2.6897113, -0.9725597, 1.0485902
2.4657135, -0.747551, 1.0474737
2.4345021, -0.71592355, 1.0260861
2.449254, -0.7309106, 1.046417
2.4331427, -0.7145591, 1.0453784
2.800869, -1.0837587, 1.0085847
2.8008983, -1.0837892, 0.9903811
2.8259075, -1.1076863, 0.99016905
2.8250015, -1.1067815, 0.96393
2.8504522, -1.1310164, 0.9594074
2.8688848, -1.1528574, 0.9586235
2.8668761, -1.1508465, 0.93308526
2.9036624, -1.184829, 0.828709
2.9158688, -1.1970313, 0.8888653
2.9114828, -1.192652, 0.8639554
2.8957415, -1.1783646, 0.95770806
2.8936677, -1.1762905, 0.9316058
2.7344913, -1.0158317, 1.050752
2.7118216, -0.99396074, 1.0496594
2.757742, -1.0381907, 1.0518692
2.77508, -1.0589834, 1.0446361
2.9153688, -1.1950041, 0.7700801
2.906702, -1.1895782, 0.6942513
2.6099281, -0.89085716, 1.0700026
2.651722, -0.9316895, 1.0645058
2.6664987, -0.94996643, 1.0657712
2.590269, -0.8715603, 1.0684865
2.569821, -0.8513979, 1.0771947
2.55109, -0.8328804, 1.0755157
2.5148811, -0.79688823, 1.0722525
2.5327811, -0.81471443, 1.0738688
2.4067903, -0.68764675, 1.0296998
2.409123, -0.6900661, 1.0489607
2.9358523, -1.2195458, 0.50314903
2.9333181, -1.2158952, 0.58410156
2.929237, -1.2087307, 0.61670053
2.9208045, -1.2020357, 0.65971154
2.9109352, -1.1906544, 0.39320838
2.9007866, -1.1811584, 0.32076997
2.904543, -1.1870128, 0.359409
2.9172678, -1.1980565, 0.27273393
2.9191518, -1.2021608, 0.3086924
2.8682618, -1.1515543, 0.21544074
2.822329, -1.1055743, 0.18903111
2.3087256, -0.59067404, 0.58707607
2.3075783, -0.5890026, 0.6657963
2.3083982, -0.5900659, 0.64180744
2.3111615, -0.592319, 0.69168055
2.346066, -0.62870234, 0.89266
2.3390086, -0.62151045, 0.8792623
2.3281221, -0.61112237, 0.8062074
2.2881727, -0.56923807, 0.6717451
2.2911406, -0.5719519, 0.6915622
2.3285122, -0.6112578, 0.82517093
2.3289907, -0.6114791, 0.846745
2.346506, -0.6290131, 0.9119507
2.3497233, -0.6322362, 0.93076277
2.3664823, -0.64954984, 0.9475474
2.3681502, -0.6512232, 0.9660554
2.3283243, -0.61052006, 0.86726975
2.3084755, -0.5903765, 0.83114326
2.2892313, -0.5718854, 0.750016
2.2912326, -0.5717566, 0.7086164
2.3271132, -0.60901934, 0.889447
2.3325415, -0.6144497, 0.9139892
2.3520753, -0.63458824, 0.9487555
2.3692012, -0.6522733, 0.9875545
2.3514152, -0.63383126, 0.968198
2.3877606, -0.66812074, 1.0288606
2.3857756, -0.66613626, 1.0523448
2.3693643, -0.6524334, 1.0051682
2.3685308, -0.6516036, 1.028147
2.3666165, -0.64968324, 1.0510521
2.493093, -0.77509326, 1.0702881
2.4467316, -0.72838825, 1.0687959
2.4794667, -0.7614229, 1.074798
2.4631166, -0.744954, 1.0703604
2.4306922, -0.7121094, 1.0672584
2.5675232, -0.8491001, 1.0924215
2.587337, -0.8686274, 1.0899342
2.5488591, -0.83064884, 1.0904132
2.530615, -0.8125472, 1.0884429
2.5127773, -0.7947833, 1.0865095
2.4953325, -0.7773459, 1.0846114
2.4723678, -0.754298, 1.0924541
2.6487594, -0.92872983, 1.0877178
2.6848965, -0.9677381, 1.091402
2.7100763, -0.99221474, 1.0686963
2.7074144, -0.9895506, 1.0897207
2.442918, -0.7245791, 1.0926433
2.4144535, -0.6955749, 1.0693808
2.4269867, -0.70840967, 1.090576
2.4107475, -0.6918755, 1.0921581
2.3997138, -0.6804827, 1.0635538
2.8243587, -1.1061407, 1.0466238
2.799397, -1.08229, 1.0456184
2.8258772, -1.1076549, 1.008774
2.8515577, -1.1321187, 1.0089678
2.8515882, -1.1321509, 0.9899519
2.8700473, -1.1540216, 0.98975784
2.8969414, -1.1795654, 0.9895311
2.9340243, -1.2136303, 0.8356793
2.9231377, -1.2027566, 0.79468185
2.9212036, -1.2023658, 0.9300897
2.9401157, -1.2197171, 0.86420697
2.729947, -1.0112875, 1.0916915
2.755886, -1.0363365, 1.0717511
2.7696242, -1.0535147, 1.0955203
2.7731385, -1.0570358, 1.0671272
2.7967553, -1.0796442, 1.0747495
2.934934, -1.217838, 0.7656868
2.934328, -1.2155461, 0.68757695
2.6076438, -0.88857245, 1.0872884
2.6277034, -0.90819305, 1.0892158
2.3898015, -0.6703347, 1.0706055
2.388013, -0.66858864, 1.0890563
2.9468036, -1.2285192, 0.4717753
2.9581485, -1.2418749, 0.53273195
2.9590802, -1.2397825, 0.57135725
2.9488416, -1.2314317, 0.60950184
2.9471498, -1.2266147, 0.64917046
2.9313512, -1.211699, 0.3460867
2.9336262, -1.216109, 0.3859605
2.8971741, -1.180475, 0.23353097
2.9354885, -1.218843, 0.25962123
2.9448066, -1.2255759, 0.29326403
2.945583, -1.228625, 0.3302791
2.8872182, -1.16824, 0.19582362
2.329794, -0.61143535, 0.9321272
2.3070652, -0.5883324, 0.86839235
2.3105612, -0.5917137, 0.88919294
2.3271408, -0.60856277, 0.9471797
2.339284, -0.6211967, 0.96388113
2.3256364, -0.6068975, 0.9683658
2.3476186, -0.6298312, 0.9879827
2.3476708, -0.62988234, 1.0097139
2.3094153, -0.59027517, 0.9092164
2.2922678, -0.57337743, 0.8360151
2.307619, -0.5881887, 0.930672
2.3101158, -0.59067976, 0.94873285
2.3266006, -0.6078583, 0.9884019
2.3538082, -0.63632256, 1.0317917
2.326651, -0.60790724, 1.0093751
2.3646216, -0.6476846, 1.0670592
2.361565, -0.6446273, 1.0858647
2.3396368, -0.6215465, 1.0310535
2.3517828, -0.6342941, 1.053674
2.3497953, -0.6323044, 1.0688243
2.3386953, -0.62060446, 1.0429678
2.3459065, -0.6284136, 1.0909069
2.3589475, -0.6420013, 1.0990821
2.822291, -1.1040704, 1.0701141
2.8499901, -1.1305572, 1.047653
2.8684115, -1.1523861, 1.048573
2.8700156, -1.1539885, 1.009141
2.8969092, -1.1795315, 1.0093434
2.954039, -1.2369559, 0.83252114
2.9428892, -1.2257948, 0.79074913
2.9517267, -1.2313068, 0.9558079
2.9451153, -1.2247038, 0.8933354
2.9495144, -1.2290986, 0.9285354
2.9233453, -1.2045057, 0.9567698
2.9653997, -1.2483238, 0.8912782
2.9617, -1.2446246, 0.86936605
2.9493577, -1.2305634, 0.72239846
2.963927, -1.2456428, 0.492517
2.9666307, -1.2462845, 0.4507925
2.9445987, -1.224289, 0.4268037
2.9908915, -1.2726084, 0.5281328
2.9792213, -1.2629703, 0.56334025
2.9783547, -1.2590505, 0.6024105
2.9688392, -1.2514453, 0.645724
2.9642205, -1.2436589, 0.68393165
2.9234655, -1.204458, 0.21795909
2.905005, -1.1884432, 0.18191643
2.946538, -1.2300142, 0.207126
2.9785223, -1.2592733, 0.3204125
2.9655304, -1.2489113, 0.28180835
2.9633613, -1.2443476, 0.24463344
2.9629693, -1.2432907, 0.37457383
2.8883731, -1.1694232, 0.14219613
2.8632412, -1.1466445, 0.15890491
2.3130002, -0.59355813, 1.0091538
2.3257422, -0.6070007, 1.0303268
2.3294587, -0.61098814, 1.0529542
2.3288457, -0.6104295, 1.0664433
2.31026, -0.5908227, 1.0499957
2.3319585, -0.6138675, 1.0888028
2.8952527, -1.1778785, 1.0496476
2.971703, -1.2529092, 0.78612065
2.953006, -1.2325851, 0.9890605
2.9721725, -1.2551032, 0.95495385
2.9734826, -1.2564154, 0.98884904
2.9699063, -1.252836, 0.9271552
2.9245842, -1.2057444, 0.98929876
2.988991, -1.2701972, 0.85510993
2.9949634, -1.2761621, 0.88885367
2.983223, -1.2644277, 0.82880163
2.9761467, -1.2555618, 0.71121114
2.992801, -1.2724109, 0.48161146
2.9907777, -1.2732873, 0.44526455
2.9928348, -1.2731389, 0.40393278
2.964128, -1.246639, 0.41633967
3.0087123, -1.2904261, 0.5538477
3.0165753, -1.2961572, 0.5123077
2.9981093, -1.2818885, 0.59350157
2.99647, -1.2771499, 0.6347167
2.9831421, -1.2657475, 0.67467415
2.931408, -1.2124263, 0.16540727
2.9742317, -1.2552217, 0.19087726
2.9985356, -1.2819556, 0.30817157
2.9827712, -1.2658405, 0.3632303
2.9924245, -1.2733939, 0.26568955
2.9828753, -1.2664013, 0.23124602
2.3102803, -0.5911983, 1.092329
2.9928536, -1.272253, 0.7552173
2.9734478, -1.2563784, 1.0099521
2.924551, -1.2057095, 1.0095507
2.952972, -1.232549, 1.0097632
2.9996212, -1.2808204, 0.9255281
3.0132518, -1.292618, 0.8249848
3.0192142, -1.2985748, 0.8518729
3.002951, -1.2823312, 0.78663886
3.0134737, -1.2959938, 0.47200364
3.0104628, -1.2935617, 0.39010572
3.0390623, -1.3186078, 0.5441041
3.0378225, -1.3203585, 0.5032017
3.0192666, -1.3030784, 0.631107
3.012959, -1.2936256, 0.66750884
2.9500563, -1.233463, 0.15092626
2.9891398, -1.2725749, 0.17373158
3.0280323, -1.3089882, 0.29358295
3.0102096, -1.2909396, 0.34817708
3.0126154, -1.2961713, 0.25255483
3.0117192, -1.2927015, 0.21528077
3.0139976, -1.296626, 0.750528
2.9512053, -1.2307891, 1.0518777
2.9716384, -1.2545717, 1.0528802
2.9228408, -1.204004, 1.0507487
3.0326245, -1.3119609, 0.9529132
3.0302033, -1.3095441, 0.923858
3.001963, -1.2831607, 0.9539469
3.0243428, -1.3069736, 0.7825387
3.0319524, -1.3145869, 0.80995035
3.025388, -1.304734, 0.88636523
3.0203516, -1.3006159, 0.43335822
3.0601335, -1.3396593, 0.57695544
3.0360196, -1.3198453, 0.6645694
3.05009, -1.3318149, 0.6229719
3.0293906, -1.3100395, 0.7044695
2.9777298, -1.2585423, 0.13366257
2.9282877, -1.209126, 0.10804205
3.0180461, -1.2988222, 0.15668954
3.0033169, -1.2845155, 0.98859966
3.0508833, -1.3335285, 0.9104179
3.0547543, -1.3374032, 0.9520001
3.034024, -1.3133597, 0.98834366
3.0538445, -1.3344848, 0.77219534
3.0448499, -1.3255007, 0.74497247
3.0410094, -1.3236545, 0.84901214
3.046382, -1.3294976, 0.42835867
3.0489554, -1.3327925, 0.6934477
2.9973028, -1.2804734, 0.11856598
3.026338, -1.306731, 0.10049116
3.0385535, -1.3217462, 0.14180514
3.0032809, -1.2844772, 1.0101746
3.033987, -1.3133204, 1.010403
3.0793257, -1.3599486, 0.88155633
3.0662613, -1.350127, 0.73771775
3.0014112, -1.2826121, 1.054062
3.0325317, -1.3118739, 1.0478002
3.0831497, -1.364858, 0.692103
2.512732, -0.79612863, 0.37787366
2.3188047, -0.6005722, 0.5340132
2.4328556, -0.7142903, 0.44440073
2.7692494, -1.0501311, 0.18317278
2.3084579, -0.59142065, 0.7669853
2.3082504, -0.5904372, 0.8127669
2.4585366, -0.7418921, 0.4243625
2.2866201, -0.56955147, 0.7314643
2.307733, -0.5893211, 0.84853065
2.5923133, -0.87365127, 0.3172955
2.4880667, -0.76983345, 0.4011974
2.4618416, -0.74360436, 0.38492745
2.3302822, -0.61189413, 0.5240479
2.7326021, -1.0131309, 0.21195266
2.3318636, -0.61306167, 0.49291182
2.3102849, -0.5921817, 0.60811055
2.612821, -0.892792, 0.30555624
2.736684, -1.0175307, 0.3393289
2.7473018, -1.0301704, 0.1986987
3.0653832, -1.3460202, 0.81323254
2.4045994, -0.6871737, 0.4654929
2.3120146, -0.5925781, 0.96911216
2.7277844, -1.0077527, 0.25659174
2.7846017, -1.0677981, 0.1694307
2.4499516, -0.7313642, 0.43111396
2.807518, -1.0885794, 0.15326634
2.349131, -0.63038665, 0.5096638
2.503831, -0.7846905, 0.3896411
2.3483849, -0.6293461, 0.4904015
2.3909593, -0.67392313, 0.47253004
2.326672, -0.6081218, 0.5076321
2.8643086, -1.1476271, 0.10733718
2.2868416, -0.56744325, 0.8500688
2.9467397, -1.2298638, 0.09274412
2.678699, -0.96041834, 0.254807
2.698919, -0.9789262, 0.24044666
2.4707341, -0.75333047, 0.41131735
2.3859825, -0.666363, 0.48809695
2.5290356, -0.811427, 0.3659191
2.6457467, -0.9266614, 0.28099918
2.30729, -0.5878602, 1.0711311
2.5478606, -0.8291684, 0.35504475
2.5649643, -0.84510326, 0.34265006
2.5780716, -0.8606863, 0.33218953
2.4873433, -0.7706968, 0.36251795
2.427812, -0.70986307, 0.41283655
3.0681162, -1.3488171, 0.4056096
2.658961, -0.94229394, 0.2688698
2.2908578, -0.5734782, 0.95135725
2.3682568, -0.6499668, 0.46807486
2.9060597, -1.1894323, 0.12751895
3.0841749, -1.3647964, 0.91818506
2.3853226, -0.66774213, 0.44768336
2.366907, -0.647691, 0.49386716
2.906948, -1.1900423, 0.07434535
2.5311885, -0.8116517, 0.3286345
2.5029736, -0.785347, 0.3504001
2.491106, -0.7724433, 0.3230905
2.287417, -0.569296, 0.52910656
2.4090366, -0.6904765, 0.42887217
2.7440906, -1.0272391, 0.15031925
2.4470842, -0.729658, 0.39646316
2.5616374, -0.84401345, 0.26037186
2.5929267, -0.8753097, 0.2759875
2.6109576, -0.89189464, 0.2622693
2.5821915, -0.86219996, 0.28857645
2.4769154, -0.75779486, 0.3731898
2.450964, -0.7318764, 0.35864016
2.4608994, -0.7442212, 0.34782213
2.7295654, -1.0104666, 0.1641926
2.710277, -0.9931054, 0.18056296
2.7115648, -0.9939394, 0.22688046
2.3149858, -0.59614146, 0.4775877
2.3474991, -0.6304881, 0.44748896
2.3269362, -0.607775, 0.46739304
3.0892403, -1.3731381, 0.8140828
2.7827282, -1.0660224, 0.12039724
2.76584, -1.0469155, 0.13404389
2.4224248, -0.7049869, 0.38220406
2.8037157, -1.0847889, 0.10271702
2.823567, -1.1069162, 0.13900335
2.3697166, -0.65187377, 0.4287466
2.8893595, -1.1702247, 0.089760005
2.9741898, -1.2546215, 0.07448084
2.6747913, -0.95714307, 0.20829907
2.6628985, -0.9429474, 0.22194964
2.475841, -0.758208, 0.33556518
2.4085925, -0.69187653, 0.39369297
2.4365454, -0.71831775, 0.37052187
2.3598533, -0.6423967, 0.43671656
2.3893666, -0.6706652, 0.4122792
3.0840673, -1.3673146, 0.1699878
2.5336547, -0.8150211, 0.28577858
2.5067046, -0.7869352, 0.3103909
2.5171592, -0.79974014, 0.2987505
2.4778829, -0.75814587, 0.29643083
2.488101, -0.7706467, 0.2848299
2.4630103, -0.74434924, 0.30923426
2.3842764, -0.66751033, 0.3805417
2.7399018, -1.023166, 0.102840304
2.7259834, -1.0070894, 0.117464766
2.4247472, -0.70567286, 0.34512642
2.5591512, -0.8423494, 0.22017293
2.5502043, -0.8302767, 0.27240968
2.5784886, -0.85946125, 0.2463842
2.5907133, -0.8739668, 0.23412308
2.4484503, -0.73079073, 0.32181668
2.422287, -0.7046051, 0.30979002
2.4341931, -0.7174628, 0.33418524
2.705327, -0.98844635, 0.13380209
2.6947947, -0.97535324, 0.19323659
2.691577, -0.9725132, 0.14776468
2.3051553, -0.5880663, 0.4239478
2.286356, -0.56722677, 0.4443616
2.328887, -0.61172545, 0.43230426
2.3284495, -0.61045015, 0.40202135
2.350212, -0.6322253, 0.41328663
2.3388734, -0.6213819, 0.42473942
2.7618744, -1.0429788, 0.086014174
2.4109802, -0.6927426, 0.35712588
2.3985558, -0.6810849, 0.3694678
2.8213768, -1.1046405, 0.08853249
2.3755174, -0.6563545, 0.39089447
2.3414483, -0.6228973, 0.39129528
2.658567, -0.93916976, 0.17698427
2.6717567, -0.95456815, 0.16349033
2.6395347, -0.9218804, 0.1921353
2.4503767, -0.73067343, 0.28425425
2.3865328, -0.6682888, 0.34536436
2.4064217, -0.6890731, 0.32499802
2.3620596, -0.6452414, 0.36946034
3.062509, -1.3432739, 0.18458137
2.5035233, -0.7848908, 0.27161124
2.489814, -0.76996243, 0.24576803
2.4747899, -0.75616133, 0.2592872
2.4443016, -0.725695, 0.24742642
2.3736415, -0.65614605, 0.35725898
2.701302, -0.98450476, 0.08856887
2.7217567, -1.0028627, 0.07157349
2.5425377, -0.82425165, 0.192588
2.5747406, -0.8564607, 0.20519355
2.5263634, -0.8095174, 0.2070213
2.608583, -0.8903122, 0.21979922
2.5921245, -0.87227476, 0.19051787
2.4361851, -0.7175288, 0.2971304
2.4057782, -0.6861373, 0.26675403
2.4257545, -0.7071823, 0.26662484
2.4076858, -0.6890522, 0.28542644
2.6860313, -0.9671463, 0.102476016
2.666448, -0.949517, 0.118836194
2.2891536, -0.5712004, 0.38588893
2.3176541, -0.6001308, 0.4135431
2.328314, -0.60920525, 0.36823082
2.352662, -0.633517, 0.37942573
2.798885, -1.0798094, 0.05317262
2.381537, -0.6647272, 0.31065243
2.3482509, -0.63074404, 0.34589422
2.330772, -0.61379904, 0.3525545
2.6221824, -0.9028084, 0.16218227
2.634653, -0.91742307, 0.14861971
2.6534603, -0.9344101, 0.13285556
2.6268716, -0.90698504, 0.20518845
2.6041074, -0.8864256, 0.17738576
2.428248, -0.7096336, 0.24164471
2.3644052, -0.647195, 0.30627304
2.3667748, -0.64814556, 0.32784817
2.3927255, -0.6748736, 0.29448903
2.3447227, -0.6264788, 0.32748312
3.0424166, -1.3233812, 0.23686412
2.5092661, -0.7909177, 0.22710323
2.4682703, -0.7505894, 0.22161002
2.4830463, -0.7640763, 0.20762357
2.4658756, -0.74690413, 0.20181549
2.448995, -0.7312953, 0.21496508
2.4552698, -0.7354777, 0.23270759
2.4229884, -0.7052772, 0.2066846
2.4337654, -0.71419764, 0.22831032
2.3541884, -0.6355368, 0.31190228
2.69027, -0.97289515, 0.04697259
2.7553806, -1.0363173, 0.03828444
2.7137718, -0.9947249, 0.02559783
2.5675817, -0.8493495, 0.16799507
2.5347977, -0.8170873, 0.15264913
2.5241058, -0.8043531, 0.16585496
2.5084426, -0.79016876, 0.18056472
2.5090446, -0.7892975, 0.1610637
2.5876093, -0.86826026, 0.14947857
2.4104798, -0.69296324, 0.25350535
2.3898504, -0.67097497, 0.27426165
2.3893049, -0.6707146, 0.22895505
2.4086118, -0.69001484, 0.23504502
2.3858545, -0.66780484, 0.24882734
2.6626682, -0.94581693, 0.07573334
2.6481414, -0.9292675, 0.0897178
2.3063498, -0.5887253, 0.3499205
2.3092551, -0.5917101, 0.33040363
2.330957, -0.6133121, 0.33596224
2.3739252, -0.6562216, 0.2902398
2.3670454, -0.6484219, 0.27063692
2.3282409, -0.60956126, 0.31157112
2.311614, -0.5931216, 0.30982104
2.60995, -0.8917906, 0.12852868
2.4100475, -0.6908252, 0.21405572
2.3488019, -0.6315031, 0.28966764
2.3491807, -0.6308597, 0.27034843
2.3754106, -0.6563395, 0.2527352
2.328133, -0.61122847, 0.29093277
2.4931188, -0.77624094, 0.1950084
2.4525578, -0.7342785, 0.19242449
2.468616, -0.75170517, 0.18696767
2.4686246, -0.7503495, 0.16815996
2.4878182, -0.7695371, 0.17391343
2.4457927, -0.72818685, 0.17089844
2.4332027, -0.714265, 0.19171973
2.4280605, -0.7110882, 0.17509086
2.4040427, -0.68511397, 0.18367544
2.4092097, -0.69221175, 0.17015517
2.3306355, -0.61252964, 0.26864997
2.7264981, -1.0128629, 0.007825132
2.5621657, -0.84488034, 0.12382665
2.5510576, -0.8317537, 0.13743955
2.5059972, -0.7877728, 0.14793633
2.530459, -0.8131566, 0.11466117
2.508436, -0.7891705, 0.12512454
2.5289707, -0.8096805, 0.13082056
2.5518594, -0.8332914, 0.105435774
2.509385, -0.79205287, 0.10907708
2.494298, -0.7745945, 0.15664601
2.4879875, -0.7698694, 0.13402042
2.5706358, -0.8516363, 0.10565172
2.3923485, -0.67264, 0.2125402
2.3796718, -0.661072, 0.22608282
2.3672328, -0.6488998, 0.22676499
2.3673902, -0.64965767, 0.19154787
2.379172, -0.65948987, 0.20890667
2.3878062, -0.6700691, 0.19670048
2.619753, -0.90287715, 0.06312626
2.294332, -0.5760858, 0.30937058
2.3502088, -0.63065004, 0.24856865
2.3549895, -0.63742465, 0.23583569
2.5906053, -0.8735998, 0.09404346
2.3879497, -0.67094004, 0.16506346
2.3282802, -0.6087711, 0.24242827
2.3298743, -0.61230373, 0.22909085
2.350212, -0.63085, 0.20570177
2.3112502, -0.59265834, 0.25382423
2.4707942, -0.7511129, 0.15002257
2.4304872, -0.7116353, 0.15032202
2.4502852, -0.7306143, 0.14466964
2.4708061, -0.7530619, 0.13428968
2.4596364, -0.7418711, 0.13149132
2.445096, -0.7273307, 0.1280536
2.422421, -0.70466024, 0.12310112
2.4006975, -0.68243, 0.15076508
2.4110286, -0.69234395, 0.1282444
2.3797119, -0.66081715, 0.1776607
2.3919215, -0.6723277, 0.13178353
2.3794117, -0.6611198, 0.14625698
2.3150082, -0.59598184, 0.23557943
2.5479581, -0.8299598, 0.09089865
2.5670943, -0.8500581, 0.08747627
2.524929, -0.8059622, 0.09343147
2.4881747, -0.7701877, 0.10920882
2.5516076, -0.83279, 0.06325482
2.5086803, -0.79156935, 0.07330957
2.5105526, -0.79159456, 0.089992985
2.5371175, -0.8200454, 0.0798218
2.4870634, -0.7681092, 0.084788
2.5741727, -0.8553572, 0.06871496
2.492868, -0.77574927, 0.070007846
2.4740117, -0.75475943, 0.116403
2.4685493, -0.7511741, 0.09946934
2.587192, -0.86834747, 0.072035216
2.3689456, -0.651435, 0.16445519
2.3510585, -0.6333023, 0.1877332
2.3592649, -0.64035904, 0.1730666
2.3491223, -0.63144475, 0.14874706
2.3397818, -0.62014914, 0.19916482
2.6026638, -0.885754, 0.05854112
2.6081614, -0.88931835, 0.0777428
2.6106663, -0.8923069, 0.03485069
2.5902522, -0.8733431, 0.055408247
2.3318186, -0.6132421, 0.21346195
2.3226223, -0.6044007, 0.18518773
2.366918, -0.647372, 0.12727562
2.306232, -0.58767015, 0.20775935
2.3124382, -0.5933186, 0.19001496
2.3323798, -0.6135096, 0.16772793
2.2808838, -0.56229573, 0.246229
2.4587388, -0.7395086, 0.112919904
2.4286904, -0.7095014, 0.106720254
2.4067302, -0.6882335, 0.11124343
2.444921, -0.7275416, 0.0946269
2.4260488, -0.7086401, 0.09110681
2.3781452, -0.66034794, 0.11478764
2.3988235, -0.68138975, 0.086580604
2.3874605, -0.6691636, 0.09218866
2.3657804, -0.6479082, 0.085602894
2.3674889, -0.64969563, 0.11307436
2.3498878, -0.6309905, 0.1326161
2.4682386, -0.75110984, 0.065297954
2.5506516, -0.83182687, 0.026180126
2.4827087, -0.76393, 0.04934419
2.4924185, -0.77540374, 0.035065994
2.5180993, -0.8010978, 0.03961924
2.5898056, -0.8709854, 0.03442806
2.4499755, -0.7319366, 0.06985737
2.3325813, -0.61549574, 0.15391584
2.3437366, -0.62593335, 0.1095911
2.3307014, -0.61181694, 0.12967205
2.3070097, -0.5881599, 0.16332483
2.6065283, -0.8886167, 4.605191E-4
2.3140306, -0.5969209, 0.1508621
2.355376, -0.63625157, 0.094913185
2.30411, -0.5858364, 0.13390633
2.435243, -0.7163146, 0.07498064
2.40816, -0.68926084, 0.070805565
2.396054, -0.67717046, 0.06913541
2.4265501, -0.7081781, 0.045281246
2.4086933, -0.6914963, 0.05601126
2.3750725, -0.6562022, 0.066532776
2.3829997, -0.66577804, 0.052910984
2.3571382, -0.63987905, 0.05033567
2.349029, -0.630517, 0.067836896
2.3381567, -0.6206734, 0.07883934
2.3331041, -0.6139968, 0.09227452
2.4424078, -0.72531956, 0.027691644
2.3190284, -0.6001981, 0.061380588
2.3283684, -0.6110871, 0.04812732
2.406653, -0.6891296, 0.027431421
2.3924036, -0.6740603, 0.03341294
2.3733292, -0.65499157, 0.031655174
2.3915277, -0.6727947, 0.005348863
2.3258448, -0.6071482, 0.0023842952
2.31046, -0.59296155, 0.07636087
2.3081539, -0.5894569, 0.031453073
2.34977, -0.63220435, 0.015218216
3.072781, -1.353414, 0.84561753
2.3093328, -0.59128135, 0.5638169
2.3149467, -0.59773326, 0.017854067
2.4523854, -0.73361796, 0.011008205
2.5273285, -0.81025934, 0.077531904
2.504168, -0.7862473, 0.010013009
2.2928853, -0.5748253, 0.55080676
2.2908874, -0.571813, 0.35291943
2.517507, -0.80046415, 0.003880075
2.632784, -0.91380876, 0.005075507
2.3082743, -0.58886945, 0.72665787
2.2885418, -0.5712227, 0.40762007
2.5317807, -0.81357193, 0.05330646
2.3068924, -0.5894417, 0.7886152
2.3120573, -0.59272885, 0.44993976
2.3058844, -0.5881472, 0.26809317
2.3060231, -0.5879081, 0.54270506
2.2891612, -0.5704516, 0.47061336
2.6292326, -0.9103869, 0.043957055
2.7340999, -1.0172762, 0.055954985
2.6699586, -0.95094943, 0.013828959
2.299737, -0.5815625, 0.52908957
2.305248, -0.5872518, 0.3909974
2.2914906, -0.57354623, 0.28626305
3.0282254, -1.3099449, 0.5846046
2.9452703, -1.2264845, 0.71246153
2.8251085, -1.1068949, 1.034012
2.9565413, -1.23775, 0.74098974
2.8298888, -1.1137947, 0.7669285
2.8961673, -1.1787916, 0.96547234
2.6729414, -0.9550666, 0.77609307
2.8123517, -1.0929443, 0.7712916
2.617516, -0.8975376, 0.7895802
2.8817837, -1.1629564, 0.756641
2.8454823, -1.1280724, 0.73553336
2.773892, -1.0577928, 0.94040203
3.0085185, -1.2878859, 0.80630034
2.2875376, -0.5692979, 0.20913117
2.8364935, -1.1204182, 0.78651637
2.652769, -0.9327333, 1.053895
2.4397907, -0.7216281, 0.8308206
2.3116446, -0.59287643, 0.37066093
2.7757845, -1.0596931, 1.0325615
2.9088037, -1.1884416, 0.75130796
2.9675953, -1.2505196, 0.90693724
2.8915532, -1.1741714, 0.91261905
2.7248738, -1.0053519, 0.7896211
2.5472796, -0.83031964, 0.045475103
2.6248507, -0.90485716, 0.8106505
2.4165568, -0.69781554, 0.007336751
3.0583203, -1.3378444, 0.573984
2.6880186, -0.9708651, 1.0672182
2.8426166, -1.1231874, 0.88925374
2.948031, -1.2276182, 1.0849946
2.735785, -1.0171311, 1.0312537
2.7326918, -1.0140326, 1.0702069
2.4991632, -0.7809515, 0.75235313
3.0024443, -1.2836428, 0.9624012
2.8455396, -1.1261063, 0.90906537
2.7577095, -1.0415751, 0.8433458
2.8209674, -1.1027446, 0.9179346
2.8390133, -1.1195911, 0.8692214
2.3089252, -0.590971, 0.29152578
2.8937142, -1.1763362, 1.0679709
2.875089, -1.1576936, 0.8258814
2.7561595, -1.0379308, 0.7000969
2.9997404, -1.2791235, 0.77610505
3.0066473, -1.289264, 0.73021
2.7590768, -1.03953, 1.031942
2.9589622, -1.241886, 0.8549362
2.846156, -1.1273403, 0.6742627
2.8444486, -1.1250192, 1.098938
2.8608637, -1.1448232, 0.8871204
2.8507638, -1.1313348, 1.0347629
2.458667, -0.7405013, 0.9022229
2.4719272, -0.7548766, 0.031805154
2.9856794, -1.2650821, 0.73527026
2.9726377, -1.2555699, 0.96322346
2.5991073, -0.8800392, 0.86764103
2.6874597, -0.9703042, 0.9277907
2.7407973, -1.0246364, 0.78558564
2.8001232, -1.0830213, 1.0332783
2.7530556, -1.0335075, 1.0937063
2.657363, -0.9408124, 0.87577343
2.9947197, -1.2773309, 0.700541
2.789089, -1.0719742, 0.87478346
2.9521809, -1.2317615, 0.96392083
2.80587, -1.0876431, 0.83641714
2.755127, -1.0379773, 0.75665534
2.9683864, -1.2513158, 1.0866352
2.6320918, -0.9125771, 1.0527304
2.5921862, -0.873475, 1.050471
2.942891, -1.2224839, 0.8794631
2.2904882, -0.5727967, 0.76981986
2.9786437, -1.259844, 0.8105179
2.4240665, -0.7057284, 0.8345482
2.6964588, -0.97858673, 0.8528193
2.758723, -1.0405037, 0.70544016
2.6956863, -0.9761924, 0.71793586
2.8172143, -1.0989934, 0.89163923
2.9472587, -1.2268425, 0.9086993
2.5978723, -0.8783985, 0.7940672
2.3036394, -0.58455986, 0.089447886
3.0229537, -1.3023046, 0.87159276
2.8309097, -1.111485, 0.83283126
2.6634698, -0.946931, 1.0894368
2.8692966, -1.1532711, 0.9662199
2.6690145, -0.951838, 0.8333924
2.47807, -0.76007736, 0.84094703
2.646094, -0.9295294, 0.8301079
2.892278, -1.1749004, 1.0813446
2.5300224, -0.81180984, 0.8301215
2.9172983, -1.2001828, 0.7186277
2.864932, -1.1475364, 0.7902639
3.047337, -1.3299803, 0.8841664
2.781478, -1.0643468, 0.83992094
2.5167148, -0.7985015, 0.7924627
2.8800197, -1.1626306, 0.8464842
3.027734, -1.3070747, 0.9027285
2.643494, -0.92629415, 0.7592483
2.9237847, -1.204946, 0.9647063
2.3189974, -0.6002626, 0.9167104
2.499392, -0.7813165, 0.79692924
2.6909277, -0.9737833, 1.0299218
2.763524, -1.0474056, 0.8696879
2.7572267, -1.0376775, 0.94153535
2.3185418, -0.6004492, 0.85923
3.0327935, -1.3166122, 0.65780133
3.0249243, -1.3055815, 0.69391793
2.3193066, -0.6005694, 1.0816495
2.7095008, -0.99163705, 0.92620313
2.8002086, -1.0831009, 0.9682752
2.5197284, -0.8016556, 0.85968
2.894245, -1.1754133, 0.79425824
2.4397976, -0.72145313, 0.89149255
2.93883, -1.2184325, 0.8576758
3.0525203, -1.3351686, 0.92477417
2.2982936, -0.5806894, 0.22157194
2.7989628, -1.0807374, 0.8108301
2.8692036, -1.153184, 1.0354342
2.9996717, -1.280871, 1.0740111
2.9520783, -1.2316656, 1.0378458
2.9212513, -1.2024127, 1.0694777
2.3032608, -0.58467853, 0.48763296
2.491035, -0.7729563, 0.77665955
2.7941942, -1.0770812, 1.0947222
2.8554883, -1.1380821, 0.7618461
2.6037455, -0.88467944, 0.88993275
2.9766953, -1.2573892, 0.5996038
2.9197679, -1.2009313, 1.0831469
2.4189382, -0.70006025, 0.97949475
2.8508549, -1.1314195, 0.96685994
2.6511912, -0.9311585, 0.9307039
3.0157614, -1.2995546, 0.62450254
2.5542712, -0.8358505, 0.84722936
2.6300569, -0.910546, 1.0715497
2.5599315, -0.84123605, 0.8027796
2.533741, -0.814934, 0.02303196
2.399242, -0.6800125, 0.93295074
2.9236856, -1.2048533, 1.0370219
3.0372517, -1.3178997, 0.7242177
2.7186525, -0.9999914, 0.8496001
2.9176707, -1.1988909, 0.65358865
2.2859585, -0.5685446, 0.32611927
2.3198829, -0.6011519, 1.0784204
2.8095334, -1.0934068, 0.7158143
3.0780506, -1.3619319, 0.7733944
2.7003694, -0.9825001, 0.87026894
3.0359402, -1.3185775, 0.8258927
3.0614445, -1.3420761, 0.7981501
2.8662262, -1.1501951, 1.0730433
2.9612455, -1.2406857, 0.67753524
3.0331223, -1.3124589, 0.96155715
2.6621888, -0.9435525, 0.6995402
2.6020465, -0.88541704, 0.71805257
2.3594658, -0.64251876, 0.90336436
2.702613, -0.9839597, 0.79409766
2.8981442, -1.1777993, 0.72387534
3.0285783, -1.3079231, 1.0905545
2.7796378, -1.0602565, 0.6936461
2.9020123, -1.1816536, 0.73343194
2.2893128, -0.57077104, 0.81115127
2.7786925, -1.0604693, 0.75138235
2.9190202, -1.2001796, 0.9106835
2.6693213, -0.9527993, 1.029277
2.4588711, -0.7407148, 1.0966264
2.949607, -1.2325145, 0.8146283
2.9990427, -1.2816503, 0.7108738
3.0023353, -1.283541, 1.0394398
2.5797641, -0.8610549, 0.8704963
2.6659565, -0.94942194, 0.9293447
2.6119034, -0.89282924, 1.0515894
2.713076, -0.9952217, 1.0305805
2.3129513, -0.5935106, 0.98867565
2.5608644, -0.8424392, 0.8732961
2.9725327, -1.2554715, 1.0385773
2.7765076, -1.0604084, 1.0083997
3.044842, -1.3274851, 0.86911
2.9642224, -1.2454389, 0.7626951
2.997959, -1.2806623, 0.060599223
2.3594882, -0.640308, 0.7961038
3.0210528, -1.30368, 0.7718068
2.9972324, -1.2784289, 0.90486026
2.8488808, -1.1328156, 0.82962316
2.9282122, -1.2111034, 0.74656576
2.3197298, -0.60098875, 0.9206444
2.9980497, -1.2792507, 1.0885694
2.9655263, -1.2481176, 0.63936496
2.627666, -0.90815836, 0.9104556
2.6390278, -0.9224504, 0.806969
2.4794369, -0.7613955, 0.9249264
2.430396, -0.7133065, 0.02623773
2.633028, -0.91581684, 0.73538095
2.7747822, -1.0576466, 0.8148719
2.9296968, -1.2093034, 0.8181193
2.680898, -0.96302295, 0.79847884
2.7980316, -1.0809201, 1.0624576
2.8960707, -1.1787015, 1.0362184
2.722653, -1.006461, 0.73841226
2.962747, -1.2439584, 0.75834256
2.339598, -0.6220973, 0.88146603
2.594336, -0.87562263, 0.9922287
2.6597092, -0.94252515, 0.8027682
2.9926088, -1.2738096, 0.87440234
2.7339914, -1.0153337, 0.94279426
3.0745635, -1.3584385, 0.76222193
2.418892, -0.70001674, 1.0215096
3.0464675, -1.3281778, 0.61623204
2.8189895, -1.1007701, 1.0968055
2.5616956, -0.8426564, 0.75652015
2.9212573, -1.2041374, 0.7283599
2.856368, -1.1360865, 0.63823074
2.886431, -1.1661017, 0.6969203
2.3383803, -0.6202915, 0.95383835
2.9071085, -1.1882733, 0.8430983
2.747093, -1.0275521, 0.87215793
3.0268934, -1.3067116, 0.04149136
2.7309237, -1.0114849, 0.48961812
2.7181945, -0.999081, 0.32629973
2.5794008, -0.86003494, 0.54646623
2.7139385, -0.9951733, 0.4884916
2.4594932, -0.74026155, 0.113086
3.0689545, -1.3491778, 0.49235815
2.9046218, -1.1853596, 0.4970453
2.476173, -0.7595579, 0.43650118
2.5979135, -0.8806345, 0.51514727
2.697569, -0.97827166, 0.56397253
2.9290059, -1.2123898, 0.13942856
2.652818, -0.9352372, 0.3100853
2.3241131, -0.6063045, 0.10710378
2.7932477, -1.0729381, 0.44239512
2.5179684, -0.7980845, 0.25757647
2.3964295, -0.6789629, 0.36839014
2.6346176, -0.91638297, 0.5237567
2.9657867, -1.2495186, 0.5434903
2.5449953, -0.825128, 0.6498936
2.52741, -0.80919844, 0.24904613
2.2903025, -0.57130516, 0.22980434
2.5549154, -0.83506805, 0.33666912
2.88941, -1.170644, 0.6038818
2.58757, -0.8692889, 0.7058532
3.010052, -1.2934823, 0.3178906
2.8791394, -1.1587057, 0.54084563
2.7578063, -1.0415956, 0.6194546
2.8282316, -1.1090269, 0.41516194
2.3273568, -0.6093288, 0.58911747
3.0469043, -1.3296229, 0.08473319
2.9362419, -1.219595, 0.26015362
2.8430297, -1.1262857, 0.20054652
2.3923912, -0.6743631, 0.6469623
2.8180273, -1.1005336, 0.44057554
2.7485228, -1.0298193, 0.43301028
2.3394268, -0.6208939, 0.39032406
2.6202068, -0.9028601, 0.3591371
2.579599, -0.85962117, 0.28721902
2.706597, -0.989995, 0.29728755
2.9985757, -1.2820292, 0.1795571
2.5177724, -0.79909396, 0.33740696
2.56355, -0.8448954, 0.30114466
2.652609, -0.93261784, 0.40316513
2.8110886, -1.0908697, 0.5677267
2.4657907, -0.7478529, 0.49048036
2.7008383, -0.98334354, 0.5075478
2.9163184, -1.1993284, 0.30647394
2.9459596, -1.2266705, 0.5518378
2.3149, -0.59542763, 0.11972693
3.0298455, -1.3100972, 0.4441184
2.3985531, -0.6795044, 0.33277252
2.5353374, -0.81876373, 0.3925777
2.9647048, -1.2477512, 0.34678867
2.847231, -1.1300586, 0.5871348
2.291173, -0.5729604, 0.60961413
3.0034378, -1.2838478, 0.08870662
2.9751034, -1.2582536, 0.10687381
2.7034097, -0.98518205, 0.6096069
2.3192093, -0.60040444, 0.69932127
2.3996444, -0.680462, 0.4040521
2.3871822, -0.66891146, 0.14785987
2.6234744, -0.9067596, 0.2499737
2.8602223, -1.1398149, 0.51637024
3.048518, -1.3317287, 0.14775154
2.8210115, -1.1034349, 0.29384965
2.734222, -1.0170758, 0.1920925
2.7115717, -0.9915101, 0.4541022
2.8890412, -1.1698061, 0.47860333
2.6484458, -0.93097055, 0.26954338
2.6434262, -0.9261141, 0.3755028
3.0247238, -1.30429, 0.52347964
2.6978374, -0.9810482, 0.0873732
2.7168381, -0.9993528, 0.5255107
2.9181926, -1.201667, 0.189692
2.817765, -1.1010321, 0.087045774
2.4289355, -0.70926744, 0.52172685
2.358944, -0.6407728, 0.67910504
2.4309225, -0.7126095, 0.6303063
2.8264525, -1.1072972, 0.2140248
2.5563445, -0.8395482, 0.21900457
2.84913, -1.1324265, 0.1004644
2.4876668, -0.76974404, 0.45362478
2.8640218, -1.1476275, 0.42269617
2.5713592, -0.8526374, 0.45034412
3.076745, -1.3573711, 0.8661632
2.7276843, -1.0094053, 0.28350985
2.3515983, -0.63329506, 0.55047816
2.2756941, -0.55279875, 0.51556987
3.0527916, -1.3337265, 0.3144823
2.8463547, -1.1274071, 0.17301613
2.6953835, -0.97908, 0.53513616
2.8251226, -1.1047772, 0.4754556
2.458568, -0.74030054, 0.16526699
2.4588187, -0.74134386, 0.27205032
2.6721942, -0.9546266, 0.3223925
2.832657, -1.1137174, 0.11532582
2.9245908, -1.2053179, 0.52237487
2.9450033, -1.2260367, 0.17325898
3.037535, -1.3182551, 0.37409702
2.6831436, -0.9630261, 0.35061228
2.5091085, -0.7917425, 0.43800995
2.7181957, -0.99931604, 0.07037945
2.506444, -0.78854173, 0.4682706
2.399875, -0.6802918, 0.13336226
2.9685469, -1.2493175, 0.31216064
2.9625418, -1.2459223, 0.2795304
2.5464869, -0.82746875, 0.23209837
2.6591942, -0.94235843, 0.07466761
2.8069236, -1.0894287, 0.42967167
2.993267, -1.2740037, 0.33304533
2.843298, -1.1241832, 0.070132084
3.0784192, -1.3601317, 0.6811291
2.739259, -1.0216331, 0.2420735
2.7689764, -1.0509937, 0.46968257
2.5079405, -0.78913414, 0.05396165
2.9234755, -1.207151, 0.48779905
2.8975663, -1.180124, 0.5323582
2.8028831, -1.0857974, 0.22928563
2.5794551, -0.8604549, 0.10820418
3.0174932, -1.2984684, 0.2850996
2.8202157, -1.101415, 0.6273073
2.616785, -0.8985668, 0.5052742
2.5841162, -0.86621743, 0.61391646
2.943912, -1.2276171, 0.5135384
2.3528423, -0.63346374, 0.47474432
2.5045023, -0.78794205, 0.4576077
2.9322102, -1.213206, 0.22360088
3.0414755, -1.3218788, 0.108630724
2.7998064, -1.0807264, 0.05350095
2.9496355, -1.2322992, 0.03909196
2.838981, -1.1200101, 0.16908981
3.022273, -1.3047984, 0.48295417
2.7408345, -1.0245979, 0.5939878
2.9639108, -1.2446103, 0.57885337
2.6074598, -0.88753855, 0.37001258
2.8631837, -1.1460264, 0.6122118
2.848291, -1.1318696, 0.40745354
2.783082, -1.0643599, 0.46697533
2.6302137, -0.91027594, 0.38618279
2.8993716, -1.1789056, 0.5692887
2.7936928, -1.0734974, 0.54450905
2.7673552, -1.0486311, 0.45102954
2.5633082, -0.8447008, 0.5577887
2.8782127, -1.1607566, 0.5074845
2.6525471, -0.935022, 0.4593123
2.5892258, -0.8705187, 0.38209352
2.987208, -1.26751, 0.39819062
2.3798256, -0.6601401, 0.20908017
2.5177772, -0.8003524, 0.2990522
2.8151662, -1.0983787, 0.18513772
2.9392726, -1.2189633, 0.42124048
3.013822, -1.2955364, 0.5616212
2.9384987, -1.219219, 0.5412565
2.8061903, -1.087058, 0.20261323
2.713903, -0.9956774, 0.6253663
2.9212878, -1.203757, 0.37440863
2.7344835, -1.0170143, 0.5467045
2.5521367, -0.83280087, 0.51842284
2.9056563, -1.1889737, 0.23910855
2.621589, -0.9036922, 0.6698374
2.3944163, -0.6764495, 0.43910137
2.942006, -1.2223432, 0.3554053
2.4199188, -0.7017077, 0.62995905
2.7557955, -1.036681, 0.17651911
2.9148724, -1.1973467, 0.3685871
2.5714061, -0.85382724, 0.3939413
2.6075647, -0.88966465, 0.6474571
3.043485, -1.3242085, 0.38002262
3.0382752, -1.3218777, 0.272211
2.834004, -1.1147865, 0.42064658
2.7306805, -1.0113451, 0.60940933
2.6977212, -0.98051673, 0.6417697
2.9639595, -1.2474028, 0.15885139
2.4141903, -0.6962301, 0.4520532
2.8774016, -1.1571828, 0.36288744
2.8349967, -1.1162477, 0.5263699
3.0119727, -1.2951783, 0.12663543
2.6196308, -0.90039694, 0.47933462
2.60717, -0.8877751, 0.57848746
3.0277824, -1.3085619, 0.16257733
2.7763872, -1.0592653, 0.21415503
2.6368043, -0.916728, 0.3199002
2.608235, -0.8894263, 0.29349
2.6473885, -0.92812586, 0.50665694
2.9586773, -1.2411786, 0.41069266
2.981146, -1.2610079, 0.02157815
3.0399234, -1.3208716, 0.30344704
2.579168, -0.86013466, 0.24669495
2.867674, -1.1487046, 0.18463315
2.8454566, -1.1250869, 0.49853522
2.9796114, -1.2592369, 0.46569875
2.4125283, -0.69287354, 0.50818855
2.7547545, -1.0364941, 0.30107135
2.7435994, -1.0244466, 0.34439874
2.3599515, -0.6431473, 0.36847275
2.7493002, -1.0292413, 0.26942995
2.7407563, -1.0240171, 0.10316688
2.8050964, -1.0862991, 0.6031223
2.4287238, -0.71103585, 0.4724986
2.5142965, -0.7953029, 0.21906617
2.3997314, -0.68166864, 0.71076417
2.3478749, -0.6297567, 0.6532736
2.5711303, -0.8537452, 0.32808772
2.3389435, -0.62060404, 0.6774727
3.077581, -1.3577918, 0.50393283
2.3799624, -0.66162235, 0.7378223
3.090026, -1.3707029, 0.43004727
2.6706548, -0.95237696, 0.25046423
2.4993901, -0.78097373, 0.71467245
3.0118878, -1.2921754, 0.4240619
2.898129, -1.1814644, 0.1234983
2.4791942, -0.7609606, 0.3955359
2.8520732, -1.1338056, 0.37575826
2.5390816, -0.82176626, 0.11703459
2.583037, -0.86382556, 0.44718924
3.032852, -1.3159744, 0.4134544
2.3669112, -0.6487472, 0.58483005
2.7294724, -1.0093712, 0.4715824
2.6295557, -0.91257906, 0.10606533
2.669849, -0.9523411, 0.4756676
2.6961956, -0.9786859, 0.5025133
2.5465927, -0.82918286, 0.31414133
2.7720299, -1.0558455, 0.64272696
2.7933838, -1.0744469, 0.1465201
2.9920692, -1.2728957, 0.14166108
2.6906505, -0.9706708, 0.23606692
2.8106909, -1.0915089, 0.39904565
2.9535985, -1.2362671, 0.04077465
2.8046505, -1.0845128, 0.305959
2.9346998, -1.2164313, 0.45782197
2.7588532, -1.0423146, 0.33296394
2.3144286, -0.59620875, 0.530771
2.5077548, -0.78946584, 0.59043926
2.528298, -0.8100185, 0.61540604
2.845096, -1.1258781, 0.43151987
2.8737283, -1.1545962, 0.082853995
2.582339, -0.8650419, 0.4997791
2.9781394, -1.2611926, 0.35890916
2.458415, -0.7391059, 0.57260317
3.0443416, -1.323881, 0.5520301
2.4591541, -0.74114895, 0.74921274
2.9182706, -1.2008382, 0.5612756
3.0483403, -1.3285791, 0.46615475
2.5794742, -0.8630514, 0.52482796
2.6254866, -0.9078921, 0.29381084
2.6692111, -0.9528576, 0.5060236
3.0013933, -1.2809927, 0.49238753
2.885028, -1.1684436, 0.17062223
2.4846556, -0.76599586, 0.65858644
2.7811468, -1.063694, 0.611381
2.847516, -1.1285748, 0.12215659
2.6765075, -0.9582895, 0.57287884
2.4754272, -0.7573517, 0.7437301
2.431982, -0.7130877, 0.4335634
2.659978, -0.9400399, 0.2205374
2.918153, -1.197872, 0.4001133
2.707154, -0.98998815, 0.17912126
2.5935016, -0.87412137, 0.56224555
2.642232, -0.9239498, 0.23575488
2.8163226, -1.0967941, 0.26040986
2.7991776, -1.0800251, 0.1987538
2.538075, -0.81938565, 0.34912634
2.91082, -1.1918473, 0.15400991
2.6867433, -0.9692328, 0.49259517
2.323606, -0.604758, 0.06169403
2.8794296, -1.1602298, 0.24667595
2.8909752, -1.174049, 0.06740182
2.8557074, -1.139075, 0.15494601
2.8218513, -1.1043706, 0.44445604
2.7988043, -1.0800135, 0.593634
3.0309725, -1.3144252, 0.33631873
2.539329, -0.8220368, 0.5883292
2.3595233, -0.6413171, 0.5675471
2.7801077, -1.0599457, 0.5275694
2.7870326, -1.067511, 0.24226561
2.6612592, -0.9449633, 0.6255442
2.362739, -0.64419556, 0.40217808
2.8806136, -1.1616389, 0.13820638
2.900118, -1.1811545, 0.20352393
2.8980157, -1.1783936, 0.31857973
2.399027, -0.6808173, 0.6063092
2.9891505, -1.2718166, 0.05646803
2.7125175, -0.9962467, 0.5559609
3.0949564, -1.3788637, 0.8389359
2.6862617, -0.96963114, 0.28471342
2.449114, -0.7324598, 0.41817534
2.6330783, -0.9140022, 0.2739683
2.7877665, -1.0674744, 0.4370744
2.4192443, -0.7011825, 0.74382406
2.9999692, -1.2824799, 0.4558366
2.3797271, -0.6616999, 0.65611523
2.8623688, -1.1453291, 0.26703918
2.5574462, -0.84074545, 0.643267
3.0490656, -1.3326654, 0.2808052
2.6784976, -0.95963234, 0.05770578
2.7108214, -0.99363285, 0.6637782
2.777158, -1.0570805, 0.2871895
2.7219403, -1.0043961, 0.35723022
2.895381, -1.1778586, 0.35150397
2.9560254, -1.2368495, 0.12206667
2.6865566, -0.96785897, 0.38061237
2.7249384, -1.0086753, 0.57201344
2.738831, -1.0200679, 0.51567525
2.4613495, -0.74385875, 0.27308992
2.2997115, -0.5828096, 0.34284738
2.5688925, -0.85106325, 0.42611104
2.9883268, -1.2717497, 0.29981008
2.7792892, -1.0625874, 0.118923366
2.453995, -0.7366328, 0.5032738
2.4488916, -0.7305831, 0.6531217
2.6630468, -0.9443792, 0.36318624
2.9219015, -1.2022709, 0.33806324
2.7197878, -1.0003247, 0.20539853
2.3199697, -0.6019238, 0.572746
2.4983423, -0.7815624, 0.56969357
2.9841678, -1.2679237, 0.5709647
2.6764488, -0.9601772, 0.64920074
2.3090203, -0.5908372, 0.6218899
2.6924238, -0.97331, 0.3091308
3.0780845, -1.3575747, 0.607738
2.982582, -1.2651026, 0.43612853
3.0172038, -1.3006346, 0.32406148
2.8675964, -1.1483691, 0.45475835
2.9535336, -1.2338519, 0.36581558
3.0532181, -1.3329912, 0.053823914
2.5339646, -0.81494594, 0.70226073
2.7644706, -1.0468706, 0.25691646
2.7418776, -1.02253, 0.62642026
2.763656, -1.0461936, 0.5854302
2.599577, -0.88220286, 0.34551367
3.0234733, -1.3061767, 0.07285729
2.859991, -1.1435802, 0.41869402
2.6156473, -0.89662325, 0.11957648
2.5455167, -0.8273024, 0.44213352
2.597824, -0.88056594, 0.13534363
3.0461693, -1.3287046, 0.5145598
2.617973, -0.8992932, 0.33283475
2.914648, -1.1963761, 0.435927
2.7708654, -1.0540429, 0.16272786
2.9722474, -1.2539643, 0.50309795
2.809132, -1.0924602, 0.13221136
2.706769, -0.98848826, 0.2708028
2.4396489, -0.7216311, 0.7140429
2.4580781, -0.73928756, 0.04531436
2.629054, -0.91118646, 0.59387326
2.5481343, -0.830282, 0.41065407
2.3198907, -0.6017767, 0.5535555
2.439024, -0.7221605, 0.51303273
2.4694958, -0.7506857, 0.6240614
2.451653, -0.73370504, 0.4792058
2.6991029, -0.981468, 0.22037727
2.5698726, -0.85318965, 0.6619109
2.6535993, -0.9349652, 0.68362993
2.494724, -0.775591, 0.3839143
2.8877265, -1.1685288, 0.25219238
2.3617988, -0.64455885, 0.050767194
2.7773962, -1.0601771, 0.49663156
2.6391757, -0.9204994, 0.34661648
2.719524, -1.0012953, 0.6341783
3.0675378, -1.3481698, 0.82198524
2.7541184, -1.0368726, 0.47157872
2.487092, -0.76732594, 0.57753175
2.4987473, -0.7810813, 0.23303087
2.399584, -0.6809975, 0.2321347
3.0623965, -1.3451467, 0.092940755
3.0774016, -1.3571489, 0.06578517
2.8579888, -1.1410373, 0.05387425
3.08183, -1.3613299, 0.61461633
3.074283, -1.3563147, 0.037268683
3.0587103, -1.3429415, 0.0037020633
2.5706077, -0.85179806, 0.030241996
2.3419669, -0.623241, 0.033016954
2.6286016, -0.91166043, 0.025748927
2.6388752, -0.9200296, 0.0464596
2.566072, -0.8520188, 0.008578116
3.0655324, -1.3486656, 0.4505448
2.933176, -1.2136459, 0.055985622
2.2875645, -0.5694617, 0.5860158
2.2779865, -0.5609028, 0.71910346
3.0922008, -1.3912706, 0.8964627
2.6206036, -0.9037259, 0.0633571
2.3107133, -0.59232605, 0.5100572
3.0933967, -1.3731486, 0.074058525
2.360955, -0.6422286, 0.0035569512
2.291862, -0.57429874, 0.15097547
2.285174, -0.5666586, 0.3664604
2.91672, -1.1971964, 0.049014885
3.0589535, -1.3424425, 0.3626129
3.0593004, -1.3431526, 0.7189333
2.2939672, -0.57455504, 0.8714742
3.0650215, -1.348634, 0.29397595
2.7773027, -1.0605333, 0.071186066
3.0914829, -1.3731948, 0.7126467
2.5625618, -0.8456197, 0.048823662
3.081521, -1.3640789, 0.5674383
3.0863464, -1.3672931, 0.2705811
