3.463151, -1.7471033, 0.8054922
3.4678214, -1.7517741, 0.82727504
3.4715726, -1.7555267, 0.84710383
3.4609876, -1.7449359, 0.7961753
3.4544508, -1.738393, 0.7704595
3.4399767, -1.7207586, 0.8501319
3.4434934, -1.7242708, 0.87168103
3.475188, -1.7591436, 0.86908585
3.446833, -1.7276138, 0.8964354
3.451335, -1.7352746, 0.75922143
3.4998105, -1.7803286, 0.76492226
3.4965742, -1.7770946, 0.7534187
3.430735, -1.7115272, 0.8047682
3.4456236, -1.7295489, 0.7398737
3.4218106, -1.7026069, 0.76947457
3.4363296, -1.7171152, 0.8306924
3.447561, -1.7283403, 0.90262216
3.4793715, -1.7633352, 0.90065044
3.450824, -1.7316043, 0.9378521
3.4370844, -1.7210065, 0.7136497
3.5328908, -1.8165327, 0.7601418
3.490641, -1.7711565, 0.7336159
3.5066032, -1.7871162, 0.79124826
3.529562, -1.8132012, 0.7484087
3.508851, -1.7893645, 0.80078727
3.4817715, -1.7622976, 0.7067794
3.5143337, -1.7979574, 0.7008462
3.4766586, -1.7571867, 0.6924259
3.4321623, -1.7160777, 0.69962156
3.4147398, -1.6955316, 0.74498993
3.3966079, -1.680592, 0.8536302
3.4515743, -1.7323536, 0.94925815
3.4827275, -1.766697, 0.9365926
3.483499, -1.7674688, 0.9482296
3.404039, -1.6848407, 0.7123885
3.4216304, -1.7055383, 0.6718531
3.5421932, -1.8258433, 0.796726
3.5234575, -1.8070832, 0.7282125
3.547186, -1.8308358, 0.8194796
3.5398796, -1.8235264, 0.7869952
3.509075, -1.7926928, 0.686211
3.5137038, -1.7942098, 0.8230909
3.5176017, -1.7981029, 0.84339565
3.4990654, -1.7826849, 0.6603286
3.465722, -1.7462595, 0.6640184
3.4106672, -1.6945531, 0.6453996
3.38057, -1.6645412, 0.78021103
3.3668406, -1.6476324, 0.85650074
3.3634224, -1.644218, 0.8378801
3.3701355, -1.6509234, 0.8771395
3.399994, -1.6839796, 0.8746795
3.393095, -1.6770773, 0.83464015
3.4032106, -1.6872045, 0.8988578
3.387706, -1.6716864, 0.8093128
3.4529161, -1.7337015, 0.984613
3.4848785, -1.7688568, 0.98430103
3.3902693, -1.6710734, 0.67536914
3.3925269, -1.6733431, 0.68116254
3.454339, -1.7348722, 0.6369625
3.5776348, -1.8575906, 0.7422494
3.5511966, -1.8348476, 0.8401954
3.5213592, -1.8018557, 0.86590725
3.525318, -1.8058165, 0.89500284
3.4861214, -1.7697114, 0.62967205
3.3993294, -1.6832036, 0.6202878
3.3807306, -1.6615357, 0.6523088
3.392921, -1.6767853, 0.60689247
3.3722978, -1.6562529, 0.7508975
3.3581781, -1.6389802, 0.81304353
3.3512344, -1.6320382, 0.78450274
3.3736062, -1.6543965, 0.903807
3.4039114, -1.6879051, 0.9049003
3.4070547, -1.6910536, 0.93930745
3.4530587, -1.7338414, 1.0012443
3.4526694, -1.7334474, 1.0262204
3.4850256, -1.7690012, 1.0012696
3.4846246, -1.7685951, 1.0267521
3.3696983, -1.6505082, 0.62766355
3.364294, -1.6482457, 0.725756
3.35968, -1.6436251, 0.7123035
3.4425678, -1.7231084, 0.6112857
3.4671807, -1.7507507, 0.5895519
3.435917, -1.7164576, 0.59759164
3.4740167, -1.7575974, 0.6035054
3.5712876, -1.8512402, 0.7215712
3.5810955, -1.8610487, 0.7542638
3.5895677, -1.8695128, 0.7867472
3.5550635, -1.8387151, 0.8631642
3.5591373, -1.8427968, 0.89285266
3.5291946, -1.809693, 0.9350494
3.5199015, -1.7998935, 0.59396386
3.3634598, -1.6442704, 0.6145153
3.377978, -1.6618351, 0.5776548
3.3734584, -1.6573073, 0.5692518
3.3483918, -1.6291983, 0.7739401
3.3431835, -1.6239843, 0.7557508
3.3242633, -1.608022, 0.8507093
3.3166094, -1.6003644, 0.81306255
3.3185112, -1.6022695, 0.8216168
3.3773565, -1.6581461, 0.94596124
3.4077766, -1.691776, 0.95044667
3.4514034, -1.7321932, 1.0532256
3.3489153, -1.6297407, 0.5858113
3.3498042, -1.633742, 0.68566674
3.3212876, -1.6021066, 0.6917534
3.3309019, -1.6117125, 0.7178894
3.335393, -1.616203, 0.73108745
3.339522, -1.6234386, 0.66028094
3.4204075, -1.7009661, 0.56770986
3.496238, -1.7762537, 0.54857594
3.4488258, -1.7323875, 0.554738
3.4157174, -1.6962752, 0.5591237
3.5964577, -1.8794944, 0.6872796
3.5618024, -1.8417684, 0.69355667
3.6163185, -1.8993692, 0.7492039
3.6127563, -1.8958045, 0.73694706
3.606222, -1.8892579, 0.7158533
3.6001348, -1.8800648, 0.8362573
3.5959628, -1.875899, 0.81503636
3.5631263, -1.8467916, 0.93371797
3.5299966, -1.8104938, 0.9469694
3.5128014, -1.7927933, 0.5796954
3.344516, -1.62534, 0.57756037
3.352086, -1.6359179, 0.5321047
3.3290868, -1.6128471, 0.8799731
3.300912, -1.5814569, 0.88230914
3.3056147, -1.5893548, 0.7702285
3.310867, -1.5946149, 0.7894442
3.281838, -1.5624018, 0.7884575
3.2906153, -1.5711757, 0.82507855
3.2887638, -1.569324, 0.81668836
3.294612, -1.5751652, 0.8446887
3.3363845, -1.6201576, 0.95254445
3.3789666, -1.6597607, 0.98526925
3.40907, -1.6930767, 0.98497355
3.447265, -1.7280504, 1.0998499
3.325879, -1.6097792, 0.62973976
3.3260927, -1.6069387, 0.5450861
3.3009229, -1.581741, 0.6431766
3.311277, -1.5920912, 0.6668407
3.4702787, -1.750326, 0.5044941
3.4912317, -1.7712474, 0.5396378
3.4236262, -1.70717, 0.5117258
3.391003, -1.6715719, 0.5170107
3.580123, -1.86316, 0.6449949
3.5908306, -1.873863, 0.67200315
3.5446453, -1.8246266, 0.6489405
3.5563352, -1.8363047, 0.6785773
3.62628, -1.9093359, 0.78743064
3.6238034, -1.906856, 0.7772615
3.6041565, -1.8840808, 0.8597881
3.6359224, -1.9189762, 0.8328683
3.6316261, -1.9146804, 0.8112125
3.563952, -1.8476171, 0.945882
3.5314295, -1.8119335, 0.9839187
3.3213243, -1.6021557, 0.537068
3.325027, -1.6088316, 0.48982513
3.3041682, -1.5847151, 0.9078585
3.3324318, -1.6161995, 0.9060279
3.2978199, -1.578369, 0.8625332
3.2934268, -1.5771542, 0.73077095
3.2756135, -1.5561739, 0.76594955
3.335708, -1.6194804, 0.94187623
3.3076873, -1.588233, 0.9482397
3.3375988, -1.6213778, 0.98560995
3.3377266, -1.6215041, 1.0011637
3.3790994, -1.6598916, 1.0011913
3.3787344, -1.6595222, 1.0251023
3.4092069, -1.6932116, 1.0012152
3.4088314, -1.6928313, 1.025606
3.280965, -1.5646774, 0.6960381
3.2814064, -1.5622399, 0.60296625
3.295063, -1.5758833, 0.63054806
3.28301, -1.5667359, 0.7014754
3.464858, -1.7448919, 0.49582535
3.4967248, -1.7796944, 0.4857694
3.502299, -1.7852898, 0.4945961
3.3947926, -1.6783121, 0.46779227
3.5774775, -1.8604962, 0.63857096
3.5662813, -1.849291, 0.61301935
3.6083946, -1.8883197, 0.89020586
3.6400642, -1.9231174, 0.85688305
3.5654266, -1.8491008, 0.9835888
3.5311656, -1.8116622, 1.0274035
3.5315824, -1.8120836, 1.0013005
3.3091989, -1.5897483, 0.9858906
3.337375, -1.6211475, 1.0245217
3.309323, -1.5898707, 1.001141
3.308981, -1.5895243, 1.0240434
3.336231, -1.6200132, 1.0497787
3.3775477, -1.6583471, 1.0509566
3.4076123, -1.6916217, 1.0519791
3.2723317, -1.5560311, 0.67438656
3.2772737, -1.5581058, 0.5950351
3.4687433, -1.7517065, 0.4445183
3.3704967, -1.6539851, 0.4342541
3.5533383, -1.8363428, 0.5857413
3.546035, -1.8290287, 0.5712003
3.6125438, -1.8924682, 0.9320786
3.6444278, -1.9274883, 0.8879285
3.5655837, -1.8492553, 1.0013272
3.307867, -1.588422, 1.048808
3.3066065, -1.587156, 1.0668986
3.3324952, -1.6162671, 1.093391
3.373671, -1.6544658, 1.0955981
3.4036276, -1.6876261, 1.0975142
3.2845337, -1.5683961, 0.55141675
3.576809, -1.8559843, 0.5283129
3.6134033, -1.8933259, 0.9445432
3.648701, -1.9317666, 0.9306682
3.3042302, -1.5847809, 1.0915716
3.2985067, -1.5793618, 0.50126094
3.5490608, -1.8282796, 0.48242593
3.571456, -1.8506335, 0.51900464
3.6149359, -1.894866, 0.98318267
3.649586, -1.932651, 0.9433913
3.2751331, -1.5559862, 0.46777427
3.2962077, -1.5770571, 0.49781042
3.577165, -1.8592755, 0.462775
3.5432687, -1.8224757, 0.47340804
3.5831246, -1.8652551, 0.47195843
3.6151001, -1.895027, 1.00136
3.6146538, -1.894576, 1.0286577
3.6511638, -1.9342389, 0.9828332
3.5486944, -1.8308139, 0.42185608
3.6119642, -1.8970094, 0.45187205
3.608926, -1.8910469, 0.5139594
3.6508732, -1.9339399, 1.0292531
3.6513333, -1.9344051, 1.0013883
3.3134804, -1.5941018, 0.40893006
3.579718, -1.8647228, 0.40620768
3.5458279, -1.8279397, 0.41792068
3.5826674, -1.8676836, 0.41021317
3.6299171, -1.9120315, 0.55174106
3.6493843, -1.9324609, 1.0593793
3.3357668, -1.6192366, 0.39074585
3.5484545, -1.8334037, 0.3661184
3.637732, -1.9198563, 0.56690156
3.6474953, -1.9325987, 0.5088418
3.6021166, -1.8812592, 0.5756086
3.651594, -1.9337171, 0.5953524
3.6476939, -1.9307625, 1.0813816
3.303047, -1.5864829, 0.3536565
3.6702971, -1.9554256, 0.5502404
3.6650038, -1.9471409, 0.6253688
3.6286006, -1.9077215, 0.63295305
3.6885986, -1.9737543, 0.58697426
3.6778932, -1.9600307, 0.65692055
3.6839242, -1.9660637, 0.6728757
3.6440442, -1.9231458, 0.6717094
3.7009535, -1.9861294, 0.6141648
3.703871, -1.9890703, 0.6210041
3.6943908, -1.9765257, 0.7027281
3.6571326, -1.9362133, 0.70879114
3.6639333, -1.943015, 0.73039633
3.7033076, -1.9854527, 0.731179
3.6676404, -1.9467185, 0.7429518
3.6754334, -1.9544991, 0.7716963
3.6780114, -1.9570762, 0.78211564
3.6835766, -1.9626305, 0.80648464
3.6880493, -1.9670951, 0.8286774
3.6923616, -1.9713997, 0.8532899
3.6969059, -1.9759433, 0.8851111
3.701355, -1.9803903, 0.928923
3.7022772, -1.98131, 0.94196606
3.7039185, -1.9829597, 0.9824008
3.7036166, -1.9826494, 1.0299898
3.7040966, -1.9831333, 1.0014232
3.702067, -1.9811122, 1.0608743
3.7003071, -1.9793469, 1.0834293
3.3880708, -1.668172, 0.39053592
3.3148572, -1.5983051, 0.36664778
3.3237457, -1.6038933, 0.3194591
3.3470106, -1.6304843, 0.40430504
3.6056266, -1.8865793, 0.3616263
3.491341, -1.7706074, 0.40086845
3.3547342, -1.6348644, 0.35216057
3.4467306, -1.7296716, 0.41472012
3.5570076, -1.8419726, 0.37672016
3.3382683, -1.6188661, 0.4402927
3.5237515, -1.8058531, 0.38894212
3.2876353, -1.5682709, 0.37854928
3.3056445, -1.5894201, 0.46217793
3.5252538, -1.8101796, 0.33865365
3.5726204, -1.8535918, 0.32279307
3.3110092, -1.5911701, 0.30677196
3.2801464, -1.5638988, 0.42863196
3.4162223, -1.6962956, 0.42601377
3.2849543, -1.5683688, 0.33453235
3.3453844, -1.6259801, 0.44980687
3.405827, -1.688756, 0.36458847
3.3764114, -1.656528, 0.37671456
3.4178042, -1.700734, 0.3786394
3.4086413, -1.6887183, 0.416142
3.351743, -1.6346294, 0.30641764
3.3270164, -1.6099157, 0.2824412
3.3424938, -1.622632, 0.3389291
3.3386674, -1.6215497, 0.29353642
3.5967348, -1.8776871, 0.35080785
3.515436, -1.7975327, 0.37852046
3.461312, -1.7406188, 0.36406758
3.4832535, -1.7625262, 0.39062363
3.3709917, -1.6538954, 0.3261922
3.2761285, -1.556769, 0.3657621
3.2726595, -1.5560668, 0.32206547
3.5121155, -1.7970293, 0.32384953
3.5336182, -1.8146052, 0.28093562
3.5589685, -1.8399519, 0.30769944
3.5930324, -1.8767861, 0.29384023
3.2996583, -1.5798515, 0.29584122
3.3835618, -1.6664745, 0.3396347
3.425782, -1.7051318, 0.3243161
3.448882, -1.7282093, 0.34974375
3.3731875, -1.6526048, 0.27174056
3.3400526, -1.6195172, 0.24176292
3.3008695, -1.5837511, 0.25850815
3.6070774, -1.8908367, 0.3091857
3.4800987, -1.7622061, 0.3369521
3.4928763, -1.7749791, 0.35151407
3.392783, -1.6721619, 0.29049236
3.4877114, -1.7725853, 0.29758668
3.5522468, -1.8359584, 0.25201857
3.5669544, -1.8506804, 0.2666403
3.6157534, -1.8953086, 0.24895571
3.2741792, -1.5543905, 0.27225438
3.293161, -1.5760299, 0.25170645
3.4127438, -1.6921066, 0.3106247
3.4429622, -1.7250568, 0.29720056
3.4563594, -1.738458, 0.31111008
3.3642051, -1.6463014, 0.2237959
3.3961265, -1.6782353, 0.25199032
3.332066, -1.6115315, 0.23485042
3.3004959, -1.579996, 0.20874803
3.2932026, -1.5726988, 0.20294595
3.4739418, -1.7587937, 0.2834559
3.4085317, -1.6906171, 0.26344568
3.5770903, -1.8566715, 0.2122039
3.6355293, -1.9177785, 0.2186845
3.6004663, -1.880034, 0.23406185
3.4224555, -1.7045401, 0.2767541
3.4528694, -1.7376839, 0.262691
3.4385643, -1.7233611, 0.24918003
3.3972456, -1.6820061, 0.21250638
3.3888264, -1.6735661, 0.2053966
3.3248992, -1.6069798, 0.1916239
3.3183415, -1.6004063, 0.18647967
3.2945912, -1.576658, 0.1685597
3.304137, -1.5862008, 0.175653
3.2775292, -1.5570393, 0.19080822
3.4258199, -1.7106248, 0.23755397
3.595163, -1.8773972, 0.18207087
3.5806346, -1.8628962, 0.16968478
3.5471084, -1.8267506, 0.18579525
3.5612323, -1.8408315, 0.19800152
3.6299999, -1.9148958, 0.16573378
3.6114764, -1.8937114, 0.19648765
3.6512637, -1.9335178, 0.23381473
3.6467881, -1.9317038, 0.18036728
3.430989, -1.71202, 0.1871388
3.321581, -1.6062089, 0.15297624
3.3313751, -1.6160132, 0.16015954
3.3478792, -1.6325455, 0.17261538
3.3058147, -1.5904243, 0.14170136
3.3555615, -1.6402513, 0.17857258
3.279225, -1.5612932, 0.15742242
3.291863, -1.5764712, 0.13203892
3.439721, -1.7207582, 0.19436319
3.6150513, -1.8999584, 0.1531657
3.5815904, -1.8664482, 0.12615302
3.5481055, -1.8303559, 0.14305094
3.642868, -1.9224027, 0.2766765
3.6715453, -1.9565035, 0.20290764
3.4260228, -1.7096323, 0.14382704
3.3304956, -1.6115699, 0.11271462
3.3449469, -1.6259968, 0.122504085
3.3612812, -1.6423209, 0.13393287
3.3714292, -1.6524615, 0.14121737
3.3910239, -1.6720586, 0.15574297
3.2962341, -1.5772948, 0.090443514
3.469366, -1.7503961, 0.21982741
3.4659398, -1.7495906, 0.17509714
3.6307032, -1.9112145, 0.105193995
3.5717425, -1.8565774, 0.118503466
3.5385294, -1.8207686, 0.13550535
3.6791759, -1.9614413, 0.26198786
3.6574764, -1.93699, 0.29232365
3.6877434, -1.9727254, 0.21827815
3.4080372, -1.6916127, 0.13053821
3.4507372, -1.7304373, 0.110583566
3.323105, -1.6066091, 0.07353929
3.358261, -1.6418219, 0.0960587
3.3730936, -1.6566478, 0.10596278
3.3898618, -1.6734259, 0.117529795
3.2825224, -1.5659984, 0.049379073
3.4825926, -1.7635906, 0.23165318
3.469394, -1.7490948, 0.12406442
3.620467, -1.900974, 0.0974241
3.5800934, -1.8606195, 0.06821356
3.5707853, -1.8513021, 0.061748274
3.5007372, -1.782966, 0.10710195
3.5267267, -1.81149, 0.08534163
3.5108182, -1.7904866, 0.15581557
3.694217, -1.9764785, 0.2778966
3.4145021, -1.6942459, 0.08567228
3.4318883, -1.7116104, 0.097393446
3.444344, -1.726551, 0.06823832
3.4630373, -1.742737, 0.11940289
3.4677515, -1.7499566, 0.083881766
3.3991268, -1.6789054, 0.07564156
3.3626986, -1.6424849, 0.05285132
3.5076885, -1.7913702, 0.21059169
3.494205, -1.7764251, 0.10238048
3.489833, -1.7720398, 0.099234745
3.6077259, -1.8907464, 0.045323737
3.584184, -1.8671819, 0.029627414
3.5508058, -1.8313289, 0.04826022
3.4932828, -1.7779942, 0.06238643
3.504686, -1.7894101, 0.070045374
3.428553, -1.7107776, 0.05809355
3.4749343, -1.7596264, 0.050388675
3.458713, -1.7434046, 0.040130056
3.3911529, -1.6733418, 0.035057552
3.5199194, -1.8004675, 0.028348131
3.4226563, -1.7072716, 0.018226387
3.4179542, -1.7025616, 0.015473289
3.4498122, -1.7382548, 4.093271E-4
3.6570692, -1.9355483, 0.021976247
3.5030847, -1.7836637, 0.017964534
3.5329902, -1.8170283, -4.0507893E-4
3.5389676, -1.819499, 0.040499117
3.4354546, -1.7286197, 4.0483815E-4
3.6558456, -1.9389043, 0.07941493
3.6663804, -1.9494545, 0.08729049
3.6654942, -1.9459909, 0.13264844
3.6810436, -1.9614992, 0.14542994
3.702193, -1.9852915, 0.11513169
3.718693, -1.9971085, 0.06497951
3.707732, -1.9861524, 0.056981675
