1.5968369, 1.5172826, 2.0302457E-5
1.6245637, 1.5166906, 4.1046776E-4
1.5559965, 1.5181555, -5.54975E-4
1.5407726, 1.5166668, 4.2619221E-4
1.5695119, 1.5178663, -3.6431104E-4
1.5831249, 1.5175754, -1.7260271E-4
1.6106493, 1.5169877, 2.1466646E-4
1.6477103, 1.5181451, -5.480482E-4
1.6690557, 1.5177139, -2.639279E-4
1.5011712, 1.5175691, -1.6848433E-4
1.5142798, 1.5172696, 2.8880722E-5
1.5274796, 1.5169687, 2.2717244E-4
1.6979152, 1.5171283, 1.2197384E-4
1.6834302, 1.5174226, -7.1919036E-5
1.7125121, 1.5168308, 3.1810222E-4
1.4752232, 1.5181651, -5.612953E-4
1.4881529, 1.5178676, -3.6521634E-4
1.4607666, 1.5167855, 3.4795544E-4
1.7272224, 1.5165296, 5.1663764E-4
1.7518609, 1.518099, -5.177066E-4
1.4291172, 1.5175623, -1.6398416E-4
1.4480395, 1.5170968, 1.4279824E-4
1.774454, 1.5176567, -2.2619004E-4
1.7896768, 1.5173558, -2.7916141E-5
1.3903501, 1.5169036, 2.7012735E-4
1.4103596, 1.5180265, -4.699437E-4
1.8050224, 1.5170503, 1.7344549E-4
1.8282909, 1.5165818, 4.8213932E-4
1.3538254, 1.5178726, -3.684901E-4
1.3719916, 1.5173881, -4.9234197E-5
1.8703378, 1.5179412, -4.137305E-4
1.3107724, 1.517516, -1.3351905E-4
1.3285329, 1.5170109, 1.9934674E-4
1.8863701, 1.5176252, -2.0550167E-4
1.9106889, 1.5171382, 1.1547871E-4
1.2630184, 1.5174401, -8.3433566E-5
1.2861205, 1.516739, 3.7860745E-4
1.2745359, 1.5170895, 1.4756322E-4
1.2990266, 1.5178527, -3.5538492E-4
1.9352828, 1.5166373, 4.4560138E-4
1.9518659, 1.5162938, 6.720599E-4
1.233396, 1.5169349, 2.4950536E-4
1.251567, 1.5177907, -3.144957E-4
1.9715525, 1.5182223, -5.990223E-4
1.9884727, 1.5178807, -3.7381757E-4
1.2109196, 1.5176632, -2.3056973E-4
1.1876535, 1.51707, 1.60435E-4
2.0055401, 1.5175302, -1.4282385E-4
2.0227575, 1.5171708, 9.3981085E-5
1.171159, 1.5176362, -2.1266488E-4
1.1538374, 1.5169253, 2.5572703E-4
1.1322613, 1.517705, -2.5807714E-4
1.1153145, 1.5170639, 1.6446179E-4
1.1047056, 1.5174652, -1.000765E-4
1.0941486, 1.5178666, -3.6454428E-4
1.0827988, 1.5170852, 1.5041065E-4
1.0671649, 1.517704, -2.573723E-4
1.0508386, 1.5171816, 8.689902E-5
1.0405604, 1.5176044, -1.9173227E-4
1.0295749, 1.516916, 2.6192196E-4
1.0143409, 1.5175648, -1.6566915E-4
0.9984916, 1.5171423, 1.1281964E-4
0.9884669, 1.5175834, -1.7787961E-4
0.96788657, 1.5174322, -7.828972E-5
0.97781324, 1.516982, 2.1844699E-4
0.9475275, 1.5173252, -7.701007E-6
0.95736045, 1.516867, 2.941722E-4
0.92738163, 1.5172609, 3.460264E-5
0.9377336, 1.5177816, -3.0858046E-4
0.9074404, 1.5172375, 5.0042792E-5
0.9176763, 1.5177245, -2.708814E-4
0.8876956, 1.5172528, 3.9931914E-5
0.8978204, 1.5177078, -2.5993548E-4
0.87815744, 1.517729, -2.739079E-4
0.86813974, 1.5173055, 5.229044E-6
0.8487649, 1.5173931, -5.2521395E-5
0.8581808, 1.5169044, 2.6962327E-4
0.82956403, 1.5175141, -1.3225627E-4
0.83890647, 1.5170215, 1.923998E-4
0.8198016, 1.5171702, 9.4381554E-5
0.8056948, 1.5175078, -1.2809642E-4
0.7912406, 1.5170523, 1.7215026E-4
0.782074, 1.5175564, -1.6011091E-4
0.76779866, 1.5171576, 1.02797785E-4
0.74458337, 1.5173105, 1.9664303E-6
0.7539878, 1.517541, -1.4999934E-4
0.7352234, 1.5170971, 1.4256587E-4
0.726247, 1.5176117, -1.9656557E-4
0.70771956, 1.5172433, 4.6277917E-5
0.7169626, 1.5174195, -6.9839116E-5
0.6985172, 1.517083, 1.5183417E-4
0.6850896, 1.5175319, -1.4396667E-4
0.6714268, 1.5173335, -1.3218375E-5
0.6623677, 1.5172203, 6.1422026E-5
0.6488504, 1.5170774, 1.5548302E-4
0.6311881, 1.5175228, -1.3796115E-4
0.6089727, 1.5173821, -4.5297384E-5
0.5825502, 1.5172992, 9.423979E-6
0.5913248, 1.5173151, -1.1021722E-6
0.56944513, 1.5172954, 1.1882643E-5
0.5477296, 1.5173318, -1.2136118E-5
0.55639464, 1.51731, 2.232757E-6
0.53048337, 1.5174022, -5.8473306E-5
0.5090454, 1.5175271, -1.4078454E-4
0.49186137, 1.5172279, 5.6341964E-5
0.47491196, 1.5173993, -5.6639772E-5
0.46212918, 1.5171438, 1.1176916E-4
0.4537182, 1.5172522, 4.0327268E-5
0.44532534, 1.517364, -3.3350607E-5
0.428552, 1.5174224, -7.1868104E-5
0.42849073, 1.5172372, 5.0227525E-5
0.41183284, 1.5174967, -1.2079992E-4
0.40343878, 1.5172956, 1.1741117E-5
0.38679966, 1.5172633, 3.306298E-5
0.39515224, 1.517437, -8.1389575E-5
0.37027597, 1.517418, -6.892934E-5
0.37023127, 1.5172648, 3.203436E-5
0.34553182, 1.5174588, -9.5790274E-5
0.35372868, 1.5172961, 1.1470218E-5
0.32909468, 1.5173919, -5.1696916E-5
0.32905993, 1.5172607, 3.4815297E-5
0.3127046, 1.5173553, -2.7621603E-5
0.30452245, 1.5172915, 1.4442704E-5
0.28417224, 1.5173941, -5.316223E-5
0.29635507, 1.5172385, 4.9359915E-5
0.26791328, 1.5173302, -1.1030072E-5
0.25170287, 1.5172985, 9.860392E-6
0.23150341, 1.5172979, 1.0285113E-5
0.2113607, 1.517328, -9.581223E-6
0.19528681, 1.5173702, -3.738424E-5
0.18323535, 1.5172812, 2.1263375E-5
0.1712188, 1.5173333, -1.3074713E-5
0.1592035, 1.5172786, 2.2999146E-5
0.14721563, 1.5173408, -1.800813E-5
0.13522997, 1.5173106, 1.893942E-6
0.12725212, 1.5173541, -2.682449E-5
0.11130313, 1.5173367, -1.540961E-5
0.08741059, 1.5173548, -2.7284404E-5
0.09536838, 1.5173132, 1.6356522E-7
0.07149941, 1.5173324, -1.2472451E-5
0.051624943, 1.5173229, -6.2031136E-6
0.03176418, 1.5173266, -8.700621E-6
0.011910424, 1.5173317, -1.2023822E-5
