1.9504943, -1.7345709, -2.4646334E-4
1.9066042, -1.7380176, 5.458012E-4
1.9755435, -1.7389635, 1.8299831E-6
1.9297574, -1.7349923, -4.8937637E-4
1.9175135, -1.7303344, -5.8670685E-4
1.9673172, -1.7293205, -3.8302488E-7
1.9883342, -1.7337925, 2.0220238E-4
1.8703511, -1.7338831, 1.499595E-4
1.8904729, -1.7334571, 3.9585307E-4
2.0096617, -1.7333477, 4.589366E-4
2.038506, -1.73034, -5.899486E-4
2.0267754, -1.7378949, 6.1630167E-4
1.8504286, -1.7343032, -9.2108334E-5
1.8306873, -1.734718, -3.311714E-4
2.051507, -1.7349877, -4.8673182E-4
2.0690937, -1.7346299, -2.80319E-4
1.8110207, -1.7400336, -6.135987E-4
1.8112612, -1.7302215, -5.2138825E-4
1.7895514, -1.7333841, 4.3774987E-4
2.0913785, -1.7292589, 3.5215344E-5
2.0822773, -1.7392709, -1.7495088E-4
2.1092107, -1.733798, 1.9922756E-4
1.7704122, -1.7338082, 1.9335319E-4
1.7439045, -1.7343955, -1.4548573E-4
1.7553387, -1.7292392, 4.66157E-5
2.1318216, -1.733319, 4.752986E-4
2.1500883, -1.732926, 7.0189737E-4
1.7289093, -1.7347282, -3.373216E-4
1.7007928, -1.7381773, 4.5393832E-4
1.7140214, -1.735059, -5.280591E-4
1.6899147, -1.7335308, 3.534695E-4
1.6716957, -1.7339611, 1.0519852E-4
1.6500361, -1.7344749, -1.911129E-4
1.6285987, -1.7349858, -4.857552E-4
1.6091211, -1.7334943, 3.741806E-4
1.5844742, -1.7390271, -3.479576E-5
1.5951014, -1.73385, 1.6911121E-4
1.5707915, -1.7344711, -1.8892312E-4
1.5535953, -1.7349131, -4.4397108E-4
1.541533, -1.7382649, 4.034983E-4
1.5281619, -1.7337227, 2.4269274E-4
1.5079823, -1.7342768, -7.6883705E-5
1.470007, -1.733561, 3.356869E-4
1.4309564, -1.7347159, -3.3022565E-4
1.3881316, -1.7343454, -1.1644402E-4
1.4103594, -1.7336437, 2.8804975E-4
1.3758004, -1.729822, -2.9040698E-4
1.3524371, -1.7338762, 1.5396057E-4
1.3648856, -1.73346, 3.940542E-4
1.3428543, -1.7391151, -8.538754E-5
1.330818, -1.7346051, -2.6614193E-4
1.3113061, -1.7337154, 2.4691282E-4
1.2901037, -1.73447, -1.8845205E-4
1.2994778, -1.7292166, 5.9675207E-5
1.2710234, -1.7336583, 2.7965213E-4
1.2502058, -1.7344385, -1.7009585E-4
1.2387539, -1.729948, -3.6327014E-4
1.2285881, -1.733817, 1.8814307E-4
1.2110875, -1.7345052, -2.0876716E-4
1.1837367, -1.7391365, -9.766407E-5
1.1927707, -1.7338419, 1.7373238E-4
1.1726816, -1.7346671, -3.018824E-4
1.1462426, -1.7344356, -1.686002E-4
1.1575646, -1.7339525, 1.0999615E-4
1.1205943, -1.7293217, -1.0730872E-6
1.1313347, -1.7337732, 2.1357782E-4
1.1117831, -1.7346377, -2.8513017E-4
1.1021968, -1.7387297, 1.362339E-4
1.0888588, -1.7344123, -1.5516113E-4
1.0976061, -1.7290863, 1.3503543E-4
1.0661881, -1.7342396, -5.5551584E-5
1.0771232, -1.7337253, 2.4101057E-4
1.0491776, -1.7338561, 1.6562032E-4
1.0329732, -1.7346395, -2.8618154E-4
1.023702, -1.738867, 5.72927E-5
1.0108792, -1.7345748, -2.4885457E-4
1.0105639, -1.7340313, 6.449784E-5
0.9890065, -1.7345557, -2.378135E-4
0.9975174, -1.7291961, 7.1575385E-5
0.9673468, -1.7345803, -2.5204942E-4
0.9778536, -1.734036, 6.183442E-5
0.9508265, -1.7338673, 1.5912484E-4
0.93496925, -1.7341969, -3.095109E-5
0.92410946, -1.7337722, 2.1398703E-4
0.9030646, -1.7339426, 1.1565712E-4
0.91381824, -1.7343352, -1.1072242E-4
0.88752496, -1.7343285, -1.0684004E-4
0.86330324, -1.7392075, -1.3850044E-4
0.8716029, -1.733808, 1.9325882E-4
0.8483869, -1.7340008, 8.201398E-5
0.8597073, -1.7295612, -1.3954827E-4
0.83056676, -1.7343674, -1.2922293E-4
0.8303603, -1.7339442, 1.15051815E-4
0.81246895, -1.733921, 1.2807257E-4
0.8016783, -1.7392718, -1.7549313E-4
0.79233277, -1.7342834, -8.0985614E-5
0.78122675, -1.73885, 6.7077715E-5
0.7719916, -1.7338903, 1.4576991E-4
0.76128757, -1.7392625, -1.7010953E-4
0.7521508, -1.7343172, -1.0038363E-4
0.7411645, -1.7389537, 7.4509326E-6
0.72964126, -1.7340057, 7.922077E-5
0.7122713, -1.7338145, 1.8954504E-4
0.70167494, -1.7392128, -1.4151119E-4
0.6903764, -1.7343105, -9.6481825E-5
0.6624614, -1.738964, 1.5695043E-6
0.6732489, -1.7341974, -3.1254873E-5
0.6489676, -1.7341089, 1.9764484E-5
0.6272819, -1.7340891, 3.119991E-5
0.60813344, -1.7341187, 1.4161774E-5
