0.3876974, 1.4316194, 1.5729645E-5
0.436015, 1.4315784, 4.4327422E-5
0.41183078, 1.4317391, -6.7941E-5
0.37175477, 1.431742, -6.987232E-5
0.4279497, 1.431684, -2.9409297E-5
0.395764, 1.4318092, -1.16894014E-4
0.3557857, 1.4315907, 3.5807774E-5
0.4117719, 1.4315642, 5.426166E-5
0.37170753, 1.4315889, 3.7019636E-5
0.46044412, 1.4316744, -2.2707247E-5
0.4523196, 1.4317601, -8.25812E-5
0.47266996, 1.4315555, 6.032645E-5
0.339927, 1.4316201, 1.5191263E-5
0.30444247, 1.4317117, -4.8799557E-5
0.509785, 1.4317198, -5.441917E-5
0.4891835, 1.4318376, -1.3675525E-4
0.28871632, 1.4315908, 3.565951E-5
0.55142444, 1.4316201, 1.5169374E-5
0.5346852, 1.4316328, 6.3568687E-6
0.5263583, 1.4316534, -8.062984E-6
0.24966538, 1.4316338, 5.6405233E-6
0.5682525, 1.4316376, 2.9834102E-6
0.57671267, 1.4316621, -1.4142513E-5
0.20697951, 1.431642, -9.181742E-8
0.2147191, 1.4316288, 9.0848725E-6
0.23022865, 1.4316185, 1.642071E-5
0.6065603, 1.4318333, -1.3371275E-4
0.61921465, 1.4313725, 1.881243E-4
0.16069113, 1.4316723, -2.1273312E-5
0.19152759, 1.43168, -2.6578366E-5
0.6321877, 1.4315009, 9.848089E-5
0.6495993, 1.4317147, -5.0813473E-5
0.14530997, 1.4316431, -8.600324E-7
0.12995364, 1.4316342, 5.365309E-6
0.15299177, 1.4316038, 2.6601023E-5
0.12996018, 1.4316785, -2.5623061E-5
0.6627472, 1.4319088, -1.864531E-4
0.6712623, 1.4314183, 1.5614343E-4
0.6801056, 1.4315695, 5.0553466E-5
0.693449, 1.4318264, -1.2883914E-4
0.11461864, 1.43164, 1.2618392E-6
0.09164735, 1.4316367, 3.6392305E-6
0.09165091, 1.4316659, -1.6724363E-5
0.7110336, 1.4315321, 7.6684504E-5
0.72456837, 1.4318503, -1.4556559E-4
0.7332829, 1.431369, 1.9067705E-4
0.06870968, 1.4316548, -9.01892E-6
0.04961067, 1.4316459, -2.7723286E-6
0.7515587, 1.4318647, -1.5566447E-4
0.7423979, 1.431608, 2.3694522E-5
0.7742579, 1.4318188, -1.2360673E-4
0.03052483, 1.4316496, -5.3889034E-6
0.0114457095, 1.4316542, -8.645864E-6
0.7878143, 1.4315004, 9.879218E-5
0.8061735, 1.4313598, 1.9702516E-4
0.8156474, 1.4317106, -4.803167E-5
0.8294811, 1.4314387, 1.4193219E-4
0.8530591, 1.4315783, 4.44543E-5
0.87203336, 1.4315636, 5.4705757E-5
0.8627886, 1.4320071, -2.55119E-4
0.8911965, 1.4315857, 3.927749E-5
0.88187, 1.4320232, -2.6633733E-4
0.9058504, 1.4318616, -1.5346265E-4
0.92983294, 1.4312682, 2.609823E-4
0.9301208, 1.4317471, -7.3455594E-5
0.94989836, 1.4318899, -1.7326353E-4
0.9747627, 1.4318722, -1.609365E-4
0.999959, 1.4319094, -1.8688598E-4
0.98940223, 1.4312601, 2.6665608E-4
1.0098363, 1.4315107, 9.161288E-5
1.0255256, 1.4320035, -2.5259797E-4
1.0405494, 1.4314196, 1.5525034E-4
1.0514563, 1.4321568, -3.596758E-4
1.0616015, 1.4317786, -9.542935E-5
1.0717961, 1.4313992, 1.6946561E-4
1.0880818, 1.4320045, -2.5323516E-4
1.1254616, 1.431939, -2.0757824E-4
1.1360102, 1.431583, 4.1063424E-5
1.1466151, 1.4312272, 2.8966725E-4
1.1798404, 1.4314494, 1.3446792E-4
1.1907, 1.4311056, 3.7458746E-4
1.2082344, 1.4319195, -1.9386678E-4
1.2539835, 1.4319844, -2.3929377E-4
1.2709826, 1.4315078, 9.3616996E-5
1.2952052, 1.432314, -4.6947584E-4
1.282407, 1.4311903, 3.1549984E-4
1.3126266, 1.4318573, -1.5049381E-4
1.330194, 1.4314, 1.6898908E-4
1.3553286, 1.4323071, -4.6463578E-4
1.3420053, 1.431095, 3.8202546E-4
1.3733541, 1.431869, -1.586526E-4
1.3915381, 1.4314297, 1.4815958E-4
1.4037688, 1.4311363, 3.5320086E-4
1.417661, 1.4324377, -5.558353E-4
1.430086, 1.4321569, -3.5971715E-4
1.4551938, 1.431593, 3.42059E-5
1.4425966, 1.4318753, -1.6309232E-4
1.4678786, 1.4313091, 2.3245852E-4
1.4806527, 1.4310241, 4.3153824E-4
1.4952826, 1.4324287, -5.496199E-4
1.5082709, 1.432156, -3.5904377E-4
1.5213526, 1.4318814, -1.6729035E-4
1.5345294, 1.431605, 2.5771378E-5
1.5478027, 1.4313266, 2.2018183E-4
1.5766145, 1.4325534, -6.366695E-4
1.5902206, 1.4322836, -4.4824457E-4
1.6316636, 1.4314593, 1.2751837E-4
1.6527591, 1.4310364, 4.2295994E-4
1.6763049, 1.4325126, -6.082486E-4
1.6907028, 1.432237, -4.1571964E-4
1.7125297, 1.4318154, -1.2120436E-4
1.7345909, 1.4313853, 1.7927698E-4
1.7494574, 1.4310921, 3.839639E-4
1.7644455, 1.4307944, 5.9199793E-4
1.7897182, 1.432372, -5.099783E-4
1.8127642, 1.4319276, -1.995137E-4
1.8283002, 1.4316232, 1.3001592E-5
1.8518677, 1.4311538, 3.4090376E-4
1.8757039, 1.4306709, 6.782712E-4
1.8946227, 1.4324908, -5.929502E-4
1.9108821, 1.432168, -3.6750978E-4
1.9272838, 1.4318374, -1.3656233E-4
1.9438293, 1.4314984, 1.0024413E-4
0.44409794, 1.4314764, 1.1560068E-4
1.5611744, 1.4310466, 4.1579115E-4
0.10696068, 1.4316812, -2.7415892E-5
0.32808846, 1.4317236, -5.7127967E-5
1.169041, 1.4317931, -1.05616375E-4
0.17223567, 1.4316225, 1.3542278E-5
0.9595317, 1.4314735, 1.1760034E-4
0.7603677, 1.4313891, 1.7655917E-4
0.8438931, 1.4320276, -2.6936532E-4
0.34788197, 1.431739, -6.7843954E-5
0.2691763, 1.4316962, -3.789173E-5
0.58946127, 1.43172, -5.4520053E-5
1.1583009, 1.4321367, -3.4561832E-4
0.31622076, 1.4315866, 3.8566082E-5
1.230371, 1.4312578, 2.682822E-4
1.6108367, 1.4318743, -1.6232426E-4
0.7971957, 1.4318248, -1.2773354E-4
