1.129234, 1.7353228, 1.4850132E-4
1.1705458, 1.7362113, -3.6336354E-4
1.0895288, 1.7358391, -1.4892807E-4
1.1469476, 1.7358621, -1.6218702E-4
1.100578, 1.7353339, 1.4211141E-4
1.1582767, 1.7353785, 1.16440686E-4
1.1124672, 1.7360646, -2.7883553E-4
1.2118323, 1.7359316, -2.0221964E-4
1.1935042, 1.7352679, 1.8019765E-4
1.181998, 1.73574, -9.1802154E-5
1.0777858, 1.7351514, 2.4732368E-4
1.0668442, 1.7356663, -4.933857E-5
1.049823, 1.7352822, 1.7193658E-4
1.2293435, 1.7352425, 1.9478715E-4
1.248023, 1.7359757, -2.2764772E-4
1.0336087, 1.7360663, -2.7988758E-4
1.0221988, 1.7354715, 6.291015E-5
1.0115012, 1.7360017, -2.4262366E-4
1.0002187, 1.7354448, 7.827144E-5
1.2718049, 1.7350838, 2.8627922E-4
1.2908969, 1.735896, -1.817426E-4
0.98961514, 1.7359827, -2.3166521E-4
0.9679422, 1.7360076, -2.4600577E-4
0.9784555, 1.7354628, 6.786512E-5
1.309078, 1.7352486, 1.9129374E-4
1.328563, 1.736135, -3.194454E-4
0.9514117, 1.7352939, 1.6518436E-4
0.9355447, 1.7356238, -2.4898229E-5
0.9246784, 1.7351989, 2.1993504E-4
1.3532686, 1.7353017, 1.6067483E-4
1.3408817, 1.7357183, -7.932647E-5
1.379525, 1.7360717, -2.8293056E-4
1.3657244, 1.7348849, 4.0086597E-4
0.9143808, 1.7357625, -1.0477924E-4
0.9036205, 1.7353694, 1.21648925E-4
0.8827421, 1.7355746, 3.4533102E-6
0.89340067, 1.7359369, -2.0527089E-4
1.3921468, 1.7356704, -5.172775E-5
1.4112263, 1.7350688, 2.948891E-4
0.86203563, 1.7358116, -1.3309362E-4
0.8721395, 1.735235, 1.9916389E-4
0.84630084, 1.7353555, 1.2969846E-4
1.4318359, 1.7361418, -3.2335066E-4
1.4447824, 1.7357564, -1.0130707E-4
1.4578068, 1.7353712, 1.2064444E-4
0.8207123, 1.7355312, 2.8462502E-5
0.831078, 1.7357944, -1.2319833E-4
0.8005014, 1.7358762, -1.7030525E-4
0.8103955, 1.7352874, 1.6892074E-4
1.4709102, 1.7349857, 3.4277723E-4
1.4922366, 1.7361637, -3.3595334E-4
0.7800798, 1.735455, 7.237561E-5
0.7902676, 1.735656, -4.3478158E-5
0.76016986, 1.7358665, -1.6477401E-4
0.76993656, 1.7352719, 1.7788548E-4
1.51226, 1.7356095, -1.666475E-5
1.5324945, 1.7350545, 3.0317347E-4
0.74007654, 1.7355589, 1.25076E-5
0.75010234, 1.7357043, -7.128008E-5
0.7251184, 1.7353728, 1.19758544E-4
1.5545499, 1.736339, -4.3691965E-4
1.5683029, 1.7359847, -2.3281714E-4
0.7102384, 1.7352172, 2.0935854E-4
0.7006448, 1.7358172, -1.3628046E-4
0.6859, 1.7357008, -6.924129E-5
1.5960814, 1.7352747, 1.762648E-4
1.5821462, 1.7356299, -2.8384802E-5
1.6101096, 1.7349187, 3.8140264E-4
0.6614889, 1.7355689, 6.7314318E-6
0.6712259, 1.7356113, -1.7660102E-5
0.64694923, 1.7355301, 2.9051247E-5
1.6260437, 1.7364961, -5.2749884E-4
1.6474695, 1.7359848, -2.3285445E-4
0.6276684, 1.735517, 3.6664795E-5
0.6085082, 1.7355466, 1.9597339E-5
1.6690927, 1.7354712, 6.302724E-5
1.6909678, 1.7349541, 3.6092324E-4
0.58946216, 1.7356153, -1.9959029E-5
0.57052386, 1.735719, -7.973124E-5
1.7299708, 1.736153, -3.2982812E-4
0.55638444, 1.735817, -1.3614446E-4
0.54683447, 1.7353953, 1.067488E-4
0.5374706, 1.7354876, 5.3628974E-5
0.5281295, 1.7355856, -2.8406039E-6
1.7449684, 1.7358133, -1.3403938E-4
0.50474495, 1.7354076, 9.9651166E-5
0.5188107, 1.7356896, -6.278852E-5
0.4862429, 1.7356638, -4.788938E-5
0.4631133, 1.7356002, -1.12909975E-5
0.47230276, 1.7354531, 7.3444164E-5
0.4446893, 1.73552, 3.4953093E-5
0.45394164, 1.73575, -9.756367E-5
0.4355556, 1.735682, -5.843763E-5
0.42634898, 1.7354834, 5.5997316E-5
0.4172507, 1.7356558, -4.331519E-5
0.40808666, 1.7354858, 5.465565E-5
0.38994145, 1.7356867, -6.107996E-5
0.38989678, 1.7355217, 3.3928172E-5
0.36270577, 1.7354815, 5.7127247E-5
0.37177414, 1.7355866, -3.468762E-6
0.34919608, 1.7356334, -3.037032E-5
0.33115822, 1.735487, 5.3925953E-5
0.3132285, 1.7356349, -3.130322E-5
0.29083806, 1.7355517, 1.662699E-5
0.26852387, 1.7355204, 3.472407E-5
0.25072718, 1.735529, 2.9738432E-5
0.23297223, 1.7355604, 1.1603025E-5
0.21525487, 1.7356093, -1.652067E-5
0.20197116, 1.7355076, 4.20402E-5
0.19313863, 1.7355472, 1.9289499E-5
0.18431327, 1.7355878, -4.175514E-6
0.17107658, 1.735529, 2.97837E-5
0.14906481, 1.735596, -8.801156E-6
0.14905731, 1.7355422, 2.2141536E-5
0.13146803, 1.7355496, 1.7910132E-5
0.12268433, 1.7355995, -1.0901977E-5
0.10950971, 1.7355572, 1.3502431E-5
0.09634842, 1.7355936, -7.4699556E-6
0.087576926, 1.7355773, 1.907484E-6
0.07004573, 1.7355615, 1.1034791E-5
0.04814559, 1.7355585, 1.27311905E-5
0.030634651, 1.7355638, 9.68993E-6
0.013128284, 1.7355683, 7.1220593E-6
1.767694, 1.7353094, 1.5626955E-4
1.8083522, 1.7366272, -6.030083E-4
1.8318202, 1.7361352, -3.195646E-4
1.8555261, 1.7356367, -3.234056E-5
1.8714916, 1.7353, 1.6172246E-4
1.8875805, 1.7349594, 3.5791812E-4
1.9037946, 1.7346148, 5.564721E-4
1.9558535, 1.735903, -1.8573164E-4
1.9726322, 1.7355586, 1.2661964E-5
1.7150738, 1.7364842, -5.2058697E-4
1.9895462, 1.735209, 2.1415247E-4
2.0237885, 1.7344921, 6.271863E-4
2.044013, 1.7365817, -5.767713E-4
2.070373, 1.7360461, -2.681958E-4
2.0970275, 1.7354962, 4.8688224E-5
2.1149976, 1.7351195, 2.6568808E-4
