1.2663345, 1.21683, 3.6649956E-4
1.1893766, 1.2173142, -3.134968E-5
1.0692291, 1.2169514, 2.6674176E-4
0.9668649, 1.2170557, 1.8105429E-4
0.97690374, 1.2177262, -3.6979167E-4
0.9020611, 1.21749, -1.756378E-4
0.87494254, 1.2176318, -2.9218066E-4
0.8655919, 1.2171195, 1.287069E-4
0.8569016, 1.2174734, -1.6208664E-4
0.8129211, 1.2176328, -2.9304117E-4
0.76954347, 1.2172091, 5.5074128E-5
0.7272483, 1.2170237, 2.073038E-4
0.7106864, 1.2171432, 1.0918342E-4
0.6536325, 1.217441, -1.354328E-4
0.46733817, 1.2172989, -1.8670022E-5
0.40062085, 1.2171246, 1.244443E-4
0.39332932, 1.2172116, 5.3026743E-5
0.32813606, 1.2172215, 4.480286E-5
0.32816193, 1.2173417, -5.387497E-5
0.27463782, 1.2173256, -4.0647777E-5
0.20768957, 1.2172467, 2.4130593E-5
0.1727773, 1.2172991, -1.8905626E-5
0.11031537, 1.2172956, -1.602876E-5
0.0103252, 1.2172785, -1.991835E-6
1.3013607, 1.2174581, -1.495509E-4
0.19020742, 1.2172613, 1.22433885E-5
0.08267523, 1.217263, 1.0804553E-5
1.1736283, 1.2177029, -3.5056684E-4
0.37145966, 1.2171997, 6.2765066E-5
0.25691113, 1.2172017, 6.115454E-5
0.6859269, 1.2170486, 1.8682919E-4
0.030979149, 1.2172732, 2.441794E-6
0.22522344, 1.2172596, 1.3484767E-5
0.31382462, 1.2173487, -5.9596387E-5
0.9386775, 1.2170733, 1.6659101E-4
0.98620844, 1.2174138, -1.1305911E-4
0.9955603, 1.2171009, 1.4393358E-4
0.6373658, 1.2170851, 1.5690381E-4
0.34974205, 1.2172465, 2.4285006E-5
0.11031454, 1.2172632, 1.0518896E-5
0.4898818, 1.2172494, 2.2009515E-5
0.9251244, 1.2175696, -2.4109887E-4
1.3127244, 1.2172178, 4.785873E-5
1.0497444, 1.217536, -2.1348079E-4
1.1999638, 1.217055, 1.8165896E-4
0.28526303, 1.2172192, 4.6713165E-5
0.8837209, 1.2172852, -7.4659374E-6
0.34978873, 1.2173841, -8.868589E-5
1.0049605, 1.2167882, 4.0084164E-4
0.6095341, 1.2171383, 1.1318113E-4
0.4748278, 1.2172748, 1.1289046E-6
1.3488884, 1.2179284, -5.358975E-4
0.6454799, 1.2172561, 1.641841E-5
0.58206064, 1.2172751, 8.2474384E-7
0.5279194, 1.2173147, -3.1688345E-5
0.5702963, 1.2171445, 1.081573E-4
1.3665051, 1.2175796, -2.4930952E-4
0.5471778, 1.2174273, -1.2419774E-4
0.23577315, 1.2172847, -6.999816E-6
1.2900751, 1.2176976, -3.4629295E-4
0.95309234, 1.217539, -2.1591394E-4
0.12415922, 1.2173011, -2.0559517E-5
0.8039471, 1.2172152, 5.0006605E-5
1.1517024, 1.2170117, 2.1717898E-4
0.37151277, 1.2173483, -5.9381327E-5
1.0152762, 1.2175144, -1.9573995E-4
0.1449597, 1.2172928, -1.3710814E-5
1.2106184, 1.2167953, 3.9494858E-4
0.41170222, 1.2173294, -4.378656E-5
0.2959689, 1.2173356, -4.887123E-5
1.2280455, 1.2177017, -3.4956296E-4
0.24634978, 1.2173265, -4.142899E-5
0.8476659, 1.2169911, 2.342019E-4
0.15537405, 1.2172505, 2.1038102E-5
0.9109713, 1.2171507, 1.030206E-4
1.2788664, 1.2179363, -5.423707E-4
0.78666013, 1.2171966, 6.533577E-5
1.0899448, 1.2174972, -1.8164414E-4
0.8390604, 1.2173522, -6.242512E-5
0.6656052, 1.2171333, 1.1735237E-4
0.42639565, 1.2171918, 6.925322E-5
0.55859333, 1.2170355, 1.9763938E-4
0.7357946, 1.2173219, -3.7600137E-5
