3.0729983, -1.4103662, 1.2176663
3.0921178, -1.3909359, 1.1852742
3.0701222, -1.4132411, 1.1882453
3.080424, -1.401797, 1.186721
3.0758905, -1.4074714, 1.2436621
3.0923157, -1.3905289, 1.217158
3.090808, -1.3918309, 1.2301803
3.1035056, -1.3803779, 1.1800705
3.0890892, -1.3933468, 1.241216
3.069987, -1.4208705, 1.2459817
3.1138365, -1.3687989, 1.17856
3.1121082, -1.3711448, 1.2141356
3.1010852, -1.3827972, 1.1505165
3.0893416, -1.3937114, 1.1517045
3.111425, -1.3712054, 1.1492548
3.109354, -1.3738999, 1.1867864
3.1146922, -1.3685627, 1.2369261
3.0737624, -1.4091696, 1.2741178
3.0692265, -1.413278, 1.2845993
3.1020985, -1.3809526, 1.2733572
3.0898294, -1.3924016, 1.270856
3.0922184, -1.3900168, 1.2881775
3.081955, -1.4014001, 1.2905374
3.1137764, -1.3700881, 1.2712066
3.1314662, -1.351288, 1.1837122
3.1307895, -1.35197, 1.1763647
3.1290321, -1.3543857, 1.2115184
3.1108127, -1.3726444, 1.2927482
3.1217372, -1.3616832, 1.1271746
3.1097007, -1.3729259, 1.1244814
3.093479, -1.3899877, 1.1260284
3.128981, -1.3537725, 1.1551735
3.1325407, -1.3495474, 1.1325744
3.1315973, -1.351821, 1.2340279
3.131631, -1.3504533, 1.1187633
3.127005, -1.3558269, 1.268393
3.0715184, -1.4109918, 1.3009267
3.070682, -1.4123514, 1.3305757
3.0924745, -1.3903215, 1.3254193
3.108932, -1.3741153, 1.3198819
3.1205742, -1.3632779, 1.317359
3.1269314, -1.3557112, 1.2891368
3.1094718, -1.3735791, 1.3232449
3.1311126, -1.3515261, 1.3163389
3.1211092, -1.3627429, 1.3206948
3.0926638, -1.3906842, 1.3586891
3.0811362, -1.4013803, 1.3614478
3.088334, -1.394603, 1.368196
3.1086788, -1.3739678, 1.3543775
3.114613, -1.3682406, 1.3704534
3.128037, -1.3556085, 1.3510916
3.1310303, -1.3528154, 1.3772026
3.1113846, -1.3710732, 1.3856245
3.0932946, -1.3897128, 1.3897333
3.1014519, -1.3818884, 1.4059367
3.0891352, -1.3933899, 1.4047797
3.1116493, -1.3706061, 1.4026225
3.1215339, -1.3615183, 1.3910943
3.1303458, -1.3532263, 1.3945876
3.09153, -1.3913376, 1.4345306
3.0727382, -1.4099643, 1.437262
3.1283598, -1.3546902, 1.4245806
3.1117663, -1.3710393, 1.4297047
3.085956, -1.3975809, 1.4426309
3.1290624, -1.3535988, 1.4556665
3.080236, -1.4024789, 1.4721212
3.0916066, -1.3919317, 1.4685707
3.1131709, -1.370168, 1.4612443
3.0701044, -1.4135466, 1.475847
3.1221945, -1.3611504, 1.4995099
3.1323204, -1.349977, 1.4954095
3.071879, -1.4109128, 1.1454375
3.122632, -1.3607911, 1.140271
3.0732298, -1.4098926, 1.4095737
3.0738738, -1.4105673, 1.3933094
3.0700264, -1.413948, 1.4478146
3.1212716, -1.3621483, 1.1197919
3.101751, -1.3807882, 1.4648194
