1.7496482, 1.8641251, 0.2517294
1.750523, 1.8324753, 0.2644338
1.7510874, 1.9157935, 0.23098938
1.7500916, 1.8482295, 0.25810996
1.7487243, 1.8963488, 0.23879461
1.7496442, 1.8432405, 0.20167872
1.7491927, 1.8801643, 0.2452912
1.7505217, 1.8537129, 0.31973135
1.7506131, 1.9323268, 0.22435282
1.750124, 1.9490126, 0.21765505
1.7500875, 1.8275231, 0.20848608
1.7487196, 1.8751025, 0.18787909
1.7491884, 1.8590996, 0.19481003
1.750519, 1.8119454, 0.21523286
1.7666512, 1.7500861, 0.24202462
1.7509394, 1.7965056, 0.22191998
1.7494942, 1.7681569, 0.29025158
1.7509419, 1.8379172, 0.32552803
1.75009, 1.8696496, 0.31388298
1.7488743, 1.8117275, 0.33513904
1.7496201, 1.9658539, 0.21089488
1.7501187, 1.9271759, 0.16532572
1.7491002, 1.9828519, 0.20407182
1.7506078, 1.910677, 0.17247151
1.7510824, 1.8943291, 0.1795519
1.7509428, 1.8554568, 0.37539124
1.7491904, 1.9019536, 0.3020282
1.749615, 1.9438283, 0.15811338
1.7488277, 1.9691195, 0.1471596
1.7510862, 1.868871, 0.1230978
1.7505227, 1.8714035, 0.37002307
1.7500911, 1.8874923, 0.36460707
1.7488753, 1.8290172, 0.3842917
1.7500908, 1.8986226, 0.39868313
1.7490855, 1.8319464, 0.41980028
1.750943, 1.8663988, 0.40888882
1.7486659, 1.8476607, 0.41482338
1.7494944, 1.8057194, 0.39213455
1.7489576, 1.928369, 0.35084656
1.7510842, 1.9379948, 0.2888019
1.7506095, 1.9547193, 0.2826644
1.7496476, 1.9037253, 0.35914245
1.7509931, 1.9981357, 0.13459247
1.7506112, 1.8849987, 0.11553046
1.7487234, 1.8499029, 0.13199794
1.7498698, 1.9094896, 0.10403891
1.7505238, 1.884212, 0.40946087
1.7496473, 1.9149514, 0.3935116
1.7498713, 1.9103786, 0.40754813
1.7491925, 1.9332464, 0.3940928
1.7490872, 1.8353965, 0.43080175
1.7498945, 1.7903663, 0.3973029
1.7486676, 1.8511401, 0.4259193
1.7500889, 1.9108287, 0.43868446
1.7509451, 1.869914, 0.42009708
1.7502865, 1.7856141, 0.4344743
1.7498969, 1.8043165, 0.44044036
1.7488735, 1.8516309, 0.45607406
1.7506638, 1.8913572, 0.4526013
1.7506112, 1.9733745, 0.33569622
1.751085, 1.9680269, 0.37670192
1.751086, 1.9564904, 0.34138
1.7487236, 1.9498874, 0.38887727
1.7501203, 1.9715984, 0.2764702
1.7496159, 1.9886341, 0.2702185
1.7485614, 1.9510226, 0.084551044
1.7496455, 1.9272624, 0.43385696
1.7496485, 1.9324353, 0.45179957
1.7491896, 1.9438444, 0.4289859
1.7510878, 1.9717344, 0.38852027
1.7502878, 1.7889764, 0.44519767
1.7498952, 1.814086, 0.47300982
1.7490879, 1.8469448, 0.46946755
1.748667, 1.86453, 0.4710632
1.7509427, 1.8858318, 0.47417772
1.7503068, 1.9102157, 0.46737885
1.749192, 1.9502999, 0.45147
1.7506698, 1.7737671, 0.44991446
1.7504749, 1.7894537, 0.47433895
1.7501885, 1.8069272, 0.49179846
1.7486649, 1.8675241, 0.48170426
1.7505188, 1.9091727, 0.49595
1.7501221, 1.9904147, 0.3299599
1.75061, 1.9850103, 0.3713231
1.7508459, 1.9892257, 0.4156549
1.7506129, 1.9887499, 0.38324338
1.748723, 1.9622893, 0.4299569
1.7509427, 1.7723618, 0.16838142
1.748723, 1.9683369, 0.45117307
1.750087, 1.925586, 0.49161667
1.7487191, 1.9757185, 0.47838095
1.7510879, 1.9841399, 0.43005842
1.7510858, 1.9885194, 0.4455456
1.7510818, 1.9959766, 0.4730325
1.7489574, 1.9702221, 0.49183494
1.7510858, 1.9989538, 0.48442435
1.7495942, 1.8313777, 0.489356
1.7504764, 1.7675989, 0.4049672
1.761293, 1.9409508, 0.49999803
1.750941, 1.8783976, 0.44821122
1.7500933, 1.9141669, 0.4501581
1.749648, 1.9355402, 0.4628277
