1.9497217, 1.7495662, 0.4110376
1.9315896, 1.7496941, 0.44969344
1.9331554, 1.7499455, 0.4109099
1.9698014, 1.7487838, 0.4519006
1.9085824, 1.750499, 0.41072357
1.9104171, 1.7508591, 0.35747626
1.8656363, 1.7489302, 0.41125166
1.9078816, 1.7499459, 0.49163747
1.9523689, 1.7489135, 0.49004057
1.8674418, 1.7492955, 0.3580501
1.8497883, 1.749294, 0.4111292
1.9291636, 1.7494371, 0.4936821
1.851573, 1.7496539, 0.35791856
1.8842813, 1.751038, 0.41054213
1.8875252, 1.7506849, 0.4513048
1.9085423, 1.7501972, 0.4533795
1.9516011, 1.749944, 0.3578121
1.9683251, 1.7495643, 0.35795143
1.9770907, 1.7510061, 0.4913295
1.9350175, 1.7503159, 0.35767558
1.9851912, 1.7491763, 0.35809383
1.989669, 1.7510082, 0.45120347
2.0032837, 1.7510078, 0.4105523
1.8340693, 1.7496521, 0.41100863
1.8714797, 1.7510424, 0.45119274
1.8529623, 1.7489355, 0.4518531
1.8047258, 1.7506958, 0.3575362
1.8280243, 1.7501801, 0.35772544
1.8107432, 1.7501786, 0.41083145
1.8916693, 1.7503177, 0.49152946
1.7893572, 1.7510331, 0.35741243
2.0749216, 1.7497914, 0.3578681
2.0553143, 1.7497964, 0.41096008
2.0111737, 1.7502075, 0.49156147
2.0291212, 1.7500718, 0.4534186
2.05726, 1.7502058, 0.35771605
2.0713074, 1.7490784, 0.44988704
2.0501003, 1.7495823, 0.45164964
2.029148, 1.7504122, 0.41075277
2.0310745, 1.7508072, 0.3574953
2.002202, 1.74878, 0.35823926
2.0729642, 1.749372, 0.41110292
1.8302859, 1.7491757, 0.49375775
2.092739, 1.7493663, 0.3580241
2.110715, 1.7489301, 0.35818416
2.090771, 1.7489364, 0.41124958
2.0458574, 1.749368, 0.49180534
2.1322181, 1.7512476, 0.3573337
2.0844524, 1.7512494, 0.49125877
2.1120718, 1.7512546, 0.41046923
2.150573, 1.7508087, 0.35749477
2.1157708, 1.7508118, 0.451265
2.130254, 1.7508162, 0.4106168
2.1078162, 1.7506604, 0.49332795
2.1486008, 1.7503651, 0.41076863
2.1339922, 1.7503601, 0.45140654
2.1690943, 1.7503572, 0.35766047
2.2122297, 1.7513213, 0.4511053
2.1857982, 1.7494233, 0.41108567
2.167115, 1.7499012, 0.4109248
2.204654, 1.7489315, 0.41125122
2.2313657, 1.7508202, 0.45126235
2.1896615, 1.7489245, 0.4518565
2.1877842, 1.7498925, 0.357831
2.206645, 1.7494142, 0.3580065
2.2486193, 1.7513186, 0.35730764
2.248565, 1.7503033, 0.4571911
2.1963322, 1.751322, 0.49693507
2.2466457, 1.7508287, 0.41061255
2.2115605, 1.7509856, 0.48943627
2.2364542, 1.7503023, 0.49153394
1.8325881, 1.749418, 0.44978032
2.12963, 1.7501266, 0.4915842
2.0067444, 1.7506137, 0.4513271
1.9530663, 1.7491803, 0.45177633
2.17582, 1.7489234, 0.49193448
1.8708174, 1.7508012, 0.48949018
2.097713, 1.751251, 0.45112738
2.1516864, 1.7495748, 0.4898477
1.9940581, 1.7506117, 0.49144405
2.0284393, 1.7497932, 0.49168184
2.170935, 1.7494171, 0.45170218
2.1523793, 1.7498953, 0.4515522
1.8504397, 1.7499862, 0.4916292
