2.2908335, -1.363124, 1.1130256E-4
2.3185506, -1.3491514, -9.0491003E-4
2.2740505, -1.3477511, 1.3392662E-4
2.3003554, -1.4097635, -6.7008764E-4
2.2762911, -1.407749, 7.5974176E-4
2.3109655, -1.3625678, 5.1926286E-4
2.3356624, -1.3645406, -9.2782074E-4
2.339011, -1.3485799, -4.809201E-4
2.294035, -1.347201, 5.4204307E-4
2.2709012, -1.3636614, -2.8296106E-4
2.2511659, -1.3641809, -6.639686E-4
2.2542646, -1.3482827, -2.6042678E-4
2.3562741, -1.3639627, -5.0391676E-4
2.3596804, -1.3479881, -4.185749E-5
2.2346737, -1.3487962, -6.41449E-4
2.227616, -1.3622316, 7.6585275E-4
2.3205223, -1.4092269, -2.8925118E-4
2.2638922, -1.453145, -2.952816E-4
2.2565835, -1.4082681, 3.9137568E-4
2.2443516, -1.4536296, -6.288329E-4
2.2370667, -1.40877, 3.510845E-5
2.3770962, -1.3633642, -6.48981E-5
2.211297, -1.3468692, 7.8819314E-4
2.20833, -1.3627338, 3.9743885E-4
2.3614624, -1.4080969, 5.128704E-4
2.3981316, -1.3627445, 3.8972008E-4
2.3805616, -1.3473753, 4.1275562E-4
2.189231, -1.3632197, 4.1093637E-5
2.192152, -1.3473659, 4.1977054E-4
2.348227, -1.4536682, -6.5537816E-4
2.252641, -1.4818176, 7.8085274E-4
2.2761643, -1.4839014, -6.243153E-4
2.295982, -1.4834069, -2.9082905E-4
2.233262, -1.4822991, 4.5619026E-4
2.2020493, -1.45206, 4.516455E-4
2.1985965, -1.4097254, -6.4306566E-4
2.3866997, -1.410136, -9.344682E-4
2.4193838, -1.3621027, 8.603734E-4
2.4016578, -1.3467407, 8.835099E-4
2.1703162, -1.3636895, -3.035895E-4
2.1731932, -1.3478463, 6.334524E-5
2.3688133, -1.4531147, -2.7437642E-4
2.4276838, -1.3487011, -5.7084416E-4
2.1544173, -1.3483111, -2.8148355E-4
2.1515837, -1.3641444, -6.3725223E-4
2.1758742, -1.4077454, 7.624044E-4
2.3361967, -1.4823672, 4.1026357E-4
2.3565993, -1.4818207, 7.787605E-4
2.2730765, -1.5399216, 1.4636648E-4
2.2140665, -1.4827657, 1.4153356E-4
2.3159916, -1.4828955, 5.3994994E-5
2.2927837, -1.5394369, 4.610901E-4
2.312679, -1.538937, 7.857253E-4
2.1950507, -1.4832177, -1.6327681E-4
2.1831212, -1.4525168, 1.3717753E-4
2.1643717, -1.4529598, -1.6776207E-4
2.4290388, -1.4089203, -7.155347E-5
2.445602, -1.3640856, -5.940354E-4
2.4492965, -1.3480386, -7.9328216E-5
2.135822, -1.3487608, -6.151778E-4
2.1293476, -1.3622286, 7.680526E-4
2.3815126, -1.483941, -6.5102364E-4
2.4711359, -1.3473525, 4.2968773E-4
2.4673748, -1.363416, -1.028579E-4
2.1110291, -1.3626713, 4.4338108E-4
2.1137493, -1.3468668, 7.8995543E-4
2.138614, -1.4086459, 1.2318003E-4
2.120246, -1.4090751, -1.8149735E-4
2.1457973, -1.4533892, -4.6329384E-4
2.234214, -1.5408461, -4.5391085E-4
2.276765, -1.562885, -1.7841301E-4
2.2535543, -1.5403912, -1.5855294E-4
2.2964888, -1.5624087, 1.2640412E-4
2.2572258, -1.5633465, -4.7374787E-4
2.176213, -1.4836559, -4.5879514E-4
2.1924572, -1.5391781, 6.290982E-4
2.3163993, -1.5619172, 4.4095746E-4
2.3368294, -1.541101, -6.193765E-4
2.357175, -1.5405873, -2.85861E-4
2.3364995, -1.5614097, 7.6568656E-4
2.1737072, -1.5396119, 3.4743728E-4
2.1575499, -1.4840806, -7.451308E-4
2.127395, -1.4538051, -7.495959E-4
2.457867, -1.4534354, -4.9517583E-4
2.4505339, -1.4082799, 3.8296753E-4
2.4722512, -1.4076171, 8.53442E-4
2.4363666, -1.4540514, -9.191079E-4
2.4932058, -1.346642, 9.567753E-4
2.4893756, -1.362722, 4.06144E-4
2.092884, -1.3631, 1.288217E-4
2.0955653, -1.3473045, 4.6525963E-4
2.1020498, -1.4094913, -4.7687526E-4
2.419408, -1.5389401, 7.8372576E-4
2.423477, -1.4827913, 1.2426176E-4
2.3984613, -1.5395074, 4.153398E-4
2.4023907, -1.483376, -2.7001806E-4
2.5116084, -1.3620034, 9.332291E-4
2.4990423, -1.4096663, -6.0106954E-4
2.0749092, -1.3635157, -1.7607627E-4
2.077553, -1.3477286, 1.5063905E-4
2.0840228, -1.4098947, -7.6320017E-4
2.1355398, -1.4820497, 6.2435557E-4
2.1960945, -1.5620936, 3.280506E-4
2.2378678, -1.5637939, -7.600747E-4
2.2150543, -1.5412875, -7.4050424E-4
2.2150383, -1.5616539, 6.0943415E-4
2.1773236, -1.5625206, 5.480006E-5
2.155128, -1.5400331, 7.402634E-5
2.3608992, -1.5636059, -6.397765E-4
2.3777177, -1.5400562, 5.897193E-5
2.3814545, -1.5630848, -3.062682E-4
2.1367173, -1.5404421, -1.9159117E-4
2.149507, -1.5631373, -3.398373E-4
2.1172764, -1.4824673, 3.427333E-4
2.0876842, -1.4522246, 3.3832598E-4
2.4709017, -1.4843322, -9.148378E-4
2.4795868, -1.4527978, -5.619223E-5
2.4447749, -1.4821863, 5.3223205E-4
2.520553, -1.348605, -4.99527E-4
2.539158, -1.3639891, -5.232889E-4
2.0627625, -1.4079652, 6.0640415E-4
2.0508718, -1.3483388, -3.020182E-4
2.0571024, -1.3639185, -4.715622E-4
2.4231665, -1.5619894, 3.946881E-4
2.4449852, -1.541142, -6.459767E-4
2.402209, -1.5625461, 3.845044E-5
2.521291, -1.4089742, -1.0985267E-4
2.5431752, -1.3478608, 5.2572588E-5
2.039461, -1.3643088, -7.578596E-4
2.0245218, -1.3489242, -7.3629676E-4
2.0451212, -1.4083616, 3.25027E-4
2.0698402, -1.4526217, 6.49898E-5
2.0812466, -1.4832666, -1.9621282E-4
2.0991793, -1.4828726, 6.9443166E-5
2.1220238, -1.563731, -7.1978377E-4
2.1006234, -1.5616616, 6.044968E-4
2.1094327, -1.541033, -5.7526E-4
2.0827334, -1.562051, 3.55282E-4
2.0634758, -1.4836493, -4.543076E-4
2.052158, -1.4530076, -2.0061649E-4
2.514734, -1.4830524, -5.180209E-5
2.4880674, -1.5399477, 1.2944716E-4
2.4927063, -1.4837034, -4.907719E-4
2.5660403, -1.3470901, 6.2434975E-4
2.5619473, -1.3632364, 2.8814307E-5
2.543773, -1.4082574, 3.9894722E-4
2.027641, -1.4087467, 5.159696E-5
2.0038688, -1.3470782, 6.3311367E-4
2.0100234, -1.3626337, 4.7088083E-4
2.444329, -1.5614138, 7.6309236E-4
2.47017, -1.5636482, -6.668531E-4
2.4664192, -1.540555, -2.6488132E-4
2.4918253, -1.5630529, -2.858741E-4
2.5510464, -1.4535666, -5.8538E-4
2.5664916, -1.4075148, 9.260859E-4
2.5944662, -1.3490554, -8.3367754E-4
2.584981, -1.3624569, 6.006354E-4
1.9842848, -1.3631983, 5.681905E-5
2.0103192, -1.4091208, -2.1394488E-4
1.9867313, -1.3474578, 3.5161135E-4
2.0346358, -1.4533826, -4.5881525E-4
2.0458646, -1.4840215, -7.0532714E-4
2.0703566, -1.5393791, 4.9866433E-4
2.0650015, -1.5624309, 1.1225214E-4
2.0474243, -1.5628008, -1.2450485E-4
2.025232, -1.4820577, 6.1893754E-4
2.0172703, -1.4537472, -7.0973E-4
2.509933, -1.5393194, 5.3737557E-4
2.5594704, -1.4816803, 8.734467E-4
2.5369873, -1.4823781, 4.0284844E-4
2.5367558, -1.5415478, -9.0948574E-4
2.513697, -1.5624369, 1.0836429E-4
2.6179132, -1.3482463, -2.3347235E-4
2.6136174, -1.364445, -8.576545E-4
2.5946436, -1.4095669, -5.3052994E-4
2.5737574, -1.4528525, -9.390553E-5
1.9931537, -1.4094843, -4.7190188E-4
1.9673337, -1.3635604, -2.0885575E-4
1.9697503, -1.3478262, 7.816377E-5
2.5357878, -1.5617995, 5.1623944E-4
2.596707, -1.4521133, 4.149504E-4
2.6179311, -1.4087894, 2.1311098E-5
2.637238, -1.363627, -2.576369E-4
1.9529233, -1.3481843, -1.8743974E-4
1.9761425, -1.4098377, -7.228288E-4
1.9505353, -1.3639122, -4.6689078E-4
1.9969267, -1.4518236, 6.143804E-4
2.0079849, -1.4824277, 3.694597E-4
2.026554, -1.5403101, -1.05872496E-4
2.0300004, -1.5631617, -3.554818E-4
2.0127273, -1.5635139, -5.8089563E-4
2.009308, -1.5406661, -3.3697023E-4
1.9908891, -1.4827878, 1.2655428E-4
1.9714917, -1.4523623, 2.4360241E-4
2.5591419, -1.5408949, -4.8554532E-4
2.5872064, -1.483837, -5.809144E-4
2.5628874, -1.5640609, -9.3091605E-4
2.6416159, -1.3474082, 3.8833474E-4
2.6198986, -1.4513477, 9.419662E-4
1.9562132, -1.4079721, 6.014468E-4
1.9338881, -1.3642545, -7.179209E-4
1.9362483, -1.3485324, -4.456654E-4
2.6102395, -1.4831083, -8.95267E-5
2.6414683, -1.4079839, 5.930547E-4
2.6655786, -1.3465401, 0.0010323633
2.6611156, -1.3627793, 3.641295E-4
1.919723, -1.3488709, -6.967745E-4
1.9003631, -1.3470861, 6.273291E-4
1.914385, -1.362449, 6.063523E-4
1.9312966, -1.4084942, 2.307861E-4
1.9463543, -1.4528829, -1.1481734E-4
1.973943, -1.483139, -1.1026999E-4
1.9926295, -1.5615277, 6.9019914E-4
1.9922111, -1.5410134, -5.6248036E-4
1.9757005, -1.5618819, 4.6350594E-4
1.9723183, -1.539056, 7.0849125E-4
1.9488181, -1.483649, -4.5412075E-4
1.9297904, -1.4532185, -3.457725E-4
2.5855045, -1.5633986, -5.070567E-4
2.5817564, -1.5402185, -4.6394573E-5
2.6335144, -1.4823536, 4.194094E-4
2.604603, -1.5395186, 4.080845E-4
2.6083522, -1.5627126, -6.806763E-5
2.695497, -1.3484886, -4.131957E-4
2.685255, -1.3619013, 0.0010081956
2.6486359, -1.4534634, -5.143934E-4
1.9066713, -1.408999, -1.2745577E-4
1.8900015, -1.3629547, 2.3544111E-4
1.884179, -1.3474222, 3.7794985E-4
2.6570344, -1.481572, 9.464586E-4
2.6948676, -1.4091933, -2.653144E-4
2.6724076, -1.4526615, 3.759083E-5
2.715395, -1.3638722, -4.3754323E-4
1.8681376, -1.3477498, 1.3490573E-4
1.8659028, -1.3634431, -1.2277698E-4
1.8904454, -1.4093245, -3.585E-4
1.9133704, -1.4535462, -5.7139184E-4
1.921115, -1.4819312, 7.0420693E-4
1.9555619, -1.539405, 4.8184913E-4
1.9505928, -1.5623977, 1.3344566E-4
1.9224735, -1.5400809, 4.297405E-5
1.9257665, -1.5628994, -1.8762388E-4
1.9389474, -1.5397464, 2.6017253E-4
1.9047937, -1.4822675, 4.774896E-4
1.8942647, -1.4516997, 6.996504E-4
2.6314344, -1.5620024, 3.864073E-4
2.65616, -1.5410335, -5.7555933E-4
2.6547546, -1.5612673, 8.5690606E-4
2.7200835, -1.3475755, 2.6417096E-4
2.7192674, -1.4083173, 3.5638286E-4
2.6964343, -1.4518307, 6.094565E-4
1.8743597, -1.4096421, -5.8391015E-4
1.8522364, -1.3480691, -1.0197649E-4
1.8500239, -1.3637582, -3.539102E-4
2.6861792, -1.4837317, -5.099158E-4
2.7401633, -1.362949, 2.3965459E-4
2.7449439, -1.3466297, 9.658595E-4
1.8286605, -1.3485326, -4.4577842E-4
1.8342822, -1.3640655, -5.793228E-4
1.8556436, -1.4078513, 6.8713725E-4
1.870193, -1.45219, 3.621393E-4
1.8886106, -1.4825962, 2.558128E-4
1.9061375, -1.5404084, -1.6968045E-4
1.9093993, -1.5632248, -3.958603E-4
1.8931681, -1.5635442, -6.002534E-4
1.8899376, -1.5407295, -3.7815524E-4
1.8725642, -1.4829181, 3.870215E-5
1.8463923, -1.4526664, 3.424801E-5
2.679807, -1.5402766, -8.4098596E-5
2.6835234, -1.56354, -5.975386E-4
2.7652078, -1.3619926, 9.412103E-4
2.7760828, -1.3485649, -4.6979028E-4
2.7439346, -1.4074101, 0.0010003741
2.7263052, -1.4539491, -8.48742E-4
2.710288, -1.4829131, 4.2058145E-5
1.8320624, -1.4083266, 3.4978264E-4
1.8026661, -1.3469715, 7.1229227E-4
1.8082523, -1.3624873, 5.783328E-4
2.7346554, -1.4820652, 6.1384967E-4
2.7037022, -1.5394927, 4.248404E-4
2.7965765, -1.3639499, -4.944987E-4
1.7852409, -1.362944, 2.4333032E-4
1.787351, -1.347277, 4.8560434E-4
1.8087467, -1.4087884, 2.2024919E-5
1.8307028, -1.4529753, -1.784185E-4
1.8487625, -1.483388, -2.78097E-4
1.8738717, -1.5410441, -5.8243686E-4
1.874436, -1.5616628, 6.0374406E-4
1.8506172, -1.562148, 2.932487E-4
1.8553306, -1.5391898, 6.215004E-4
1.8252239, -1.4838455, -5.866105E-4
1.8151438, -1.4532781, -3.8679084E-4
2.7074144, -1.5627723, -1.06253334E-4
2.7315557, -1.561977, 4.0263883E-4
2.8016016, -1.3475688, 2.692753E-4
2.7758512, -1.452174, 3.7318078E-4
2.750944, -1.4530773, -2.4863222E-4
1.7933768, -1.4090879, -1.9054601E-4
1.7700728, -1.36324, 2.6214499E-5
1.7721657, -1.3475759, 2.6392163E-4
2.7649498, -1.4842277, -8.44343E-4
2.7577698, -1.5409237, -5.0426886E-4
2.8000433, -1.4084932, 2.3158424E-4
2.822285, -1.3629427, 2.442381E-4
2.827411, -1.3465372, 0.0010344903
1.7421778, -1.3481553, -1.6589735E-4
1.7705772, -1.4095252, -5.009682E-4
1.7571088, -1.3478687, 4.670145E-5
1.7475736, -1.3636718, -2.905517E-4
1.7997139, -1.453575, -5.911951E-4
1.7819064, -1.4518257, 6.128729E-4
1.8071643, -1.4820602, 6.1727426E-4
1.8317547, -1.5396682, 3.1091456E-4
1.8270541, -1.5626223, -1.0334069E-5
1.8115137, -1.5629324, -2.0870192E-4
1.8084323, -1.5401361, 7.0902547E-6
1.7918134, -1.4823687, 4.091753E-4
1.7667701, -1.4521283, 4.0467997E-4
2.755952, -1.5611537, 9.295981E-4
2.8482847, -1.3618996, 0.0010094135
2.8598387, -1.3484513, -3.854821E-4
1.745575, -1.4079728, 6.009877E-4
1.7253236, -1.3640925, -5.9909077E-4
1.7273716, -1.3484364, -3.743849E-4
2.786182, -1.5634297, -5.2700815E-4
2.8576899, -1.4095278, -5.028005E-4
2.825635, -1.4075049, 9.331032E-4
2.8324704, -1.4533385, -4.284536E-4
1.7126875, -1.3487116, -5.786631E-4
1.7082523, -1.3624511, 6.048875E-4
1.7307472, -1.4082661, 3.928087E-4
1.7517567, -1.4524257, 1.9986756E-4
1.7690353, -1.482822, 1.03608116E-4
1.7930504, -1.5404419, -1.9137772E-4
1.7884488, -1.5633881, -5.0035684E-4
1.7702208, -1.5408912, -4.83113E-4
1.763296, -1.5617719, 5.3393067E-4
1.7465005, -1.4832653, -1.953712E-4
1.7294775, -1.4528625, -1.008016E-4
2.8863435, -1.3473636, 4.214291E-4
2.8809521, -1.3638356, -4.1064149E-4
1.7014506, -1.408838, -1.3210099E-5
1.6885393, -1.3472294, 5.210159E-4
1.6937417, -1.3627349, 3.9667028E-4
2.8386397, -1.5414387, -8.386356E-4
2.8364635, -1.5616739, 5.9663615E-4
2.8583064, -1.4523546, 2.4887506E-4
2.88396, -1.4084871, 2.3593036E-4
2.840735, -1.4814606, 0.001021608
1.6650716, -1.3632885, -9.44064E-6
1.6793487, -1.363014, 1.9197247E-4
1.6670499, -1.3476458, 2.1207149E-4
1.6869782, -1.4091173, -2.1143173E-4
1.7074347, -1.4532903, -3.952756E-4
1.7316368, -1.483555, -3.9073598E-4
1.7453246, -1.5392984, 5.510197E-4
1.7482786, -1.5620823, 3.3530372E-4
1.7304603, -1.5396043, 3.5238953E-4
1.7333769, -1.5623888, 1.3915006E-4
1.700014, -1.4821645, 5.4691744E-4
1.7168906, -1.4838408, -5.8344204E-4
1.6928945, -1.4535702, -5.879589E-4
2.9076529, -1.3627356, 3.9618742E-4
2.9197164, -1.3492697, -9.926562E-4
1.6726211, -1.4093927, -4.0688907E-4
1.6528773, -1.3479173, 1.0660024E-5
1.6509088, -1.363559, -2.0778914E-4
2.8642933, -1.5405143, -2.3843857E-4
2.8726199, -1.4836044, -4.2408856E-4
2.9171522, -1.4534212, -4.8533853E-4
2.8988225, -1.4826002, 2.5310405E-4
1.629889, -1.3639567, -4.9953687E-4
1.6318449, -1.3483166, -2.8552883E-4
1.6583773, -1.409664, -5.9948873E-4
1.6420755, -1.4080712, 5.3111574E-4
1.6691157, -1.4520724, 4.431624E-4
1.6855353, -1.482459, 3.4838237E-4
1.7157106, -1.5399066, 1.5610638E-4
1.701074, -1.5402055, -3.7912803E-5
1.7112522, -1.5628419, -1.5081998E-4
1.6865491, -1.5405014, -2.3002313E-4
1.6893512, -1.563289, -4.369914E-4
1.6711687, -1.48275, 1.5205158E-4
1.6478117, -1.4525017, 1.4761803E-4
2.9412725, -1.3646637, -0.001018116
2.946945, -1.3481219, -1.4114629E-4
1.6280905, -1.4083511, 3.3248856E-4
1.6069664, -1.3625468, 5.3464435E-4
1.6110342, -1.3487079, -5.7592103E-4
2.8938043, -1.5630151, -2.616925E-4
1.6004423, -1.4089005, -5.75741E-5
1.5932804, -1.3628176, 3.3601E-4
1.5884053, -1.3473182, 4.5514805E-4
1.6142131, -1.4086273, 1.3644011E-4
1.6337541, -1.4527835, -4.6342455E-5
1.649838, -1.48318, -1.3795108E-4
1.672134, -1.5407944, -4.2028152E-4
1.6748965, -1.563583, -6.2514E-4
1.6415914, -1.5394634, 4.4392885E-4
1.6578268, -1.5410842, -6.0844095E-4
1.6513915, -1.5620916, 3.2936886E-4
1.628723, -1.4836046, -4.241129E-4
1.6128817, -1.4532007, -3.3354966E-4
2.9744914, -1.3469331, 7.4077956E-4
2.968702, -1.3635027, -1.665293E-4
2.9439096, -1.4094099, -4.1909458E-4
1.5867765, -1.4091711, -2.49583E-4
1.5681313, -1.3477165, 1.5961897E-4
1.5796998, -1.3630849, 1.3991402E-4
1.5662237, -1.3633497, -5.4287622E-5
1.5922184, -1.4536123, -6.169322E-4
1.5732138, -1.4094387, -4.3960012E-4
1.55285, -1.3636115, -2.4629838E-4
1.5481161, -1.3481077, -1.3056592E-4
1.6147875, -1.4838837, -6.124422E-4
1.6275314, -1.5397651, 2.4802645E-4
1.6301881, -1.5625482, 3.7143556E-5
1.6135745, -1.5400646, 5.355331E-5
1.6092412, -1.5629996, -2.5175017E-4
1.5921261, -1.4824684, 3.4201803E-4
1.5698738, -1.4522258, 3.3751852E-4
2.971089, -1.451236, 0.0010188327
1.5597532, -1.4097041, -6.279309E-4
1.5329909, -1.3639989, -5.304894E-4
1.5283031, -1.3484936, -4.1686438E-4
1.5716838, -1.4829018, 4.9690138E-5
1.5497172, -1.4526504, 4.522508E-5
1.5312495, -1.408497, 2.2887302E-4
1.5152267, -1.3487474, -6.0514716E-4
1.5114561, -1.3626925, 4.2777814E-4
1.500388, -1.347329, 4.4710655E-4
1.5928411, -1.5405097, -2.3545168E-4
1.5884951, -1.5634475, -5.3839746E-4
1.5723066, -1.5409513, -5.221618E-4
1.5729531, -1.5619143, 4.4277188E-4
1.5514886, -1.4833302, -2.3920968E-4
1.5298045, -1.4530704, -2.438394E-4
3.005165, -1.4532992, -4.0131094E-4
2.9585016, -1.4836886, -4.8084883E-4
2.9856982, -1.482593, 2.579311E-4
1.518118, -1.4087708, 3.4524888E-5
1.505082, -1.4090427, -1.5845012E-4
1.4920855, -1.3630921, 1.3468546E-4
1.4875373, -1.3475928, 2.5134932E-4
1.5314872, -1.4837555, -5.259085E-4
1.5502071, -1.5395936, 3.5939593E-4
1.5100825, -1.4534867, -5.304545E-4
1.4921403, -1.409313, -3.5029437E-4
1.4665706, -1.3636186, -2.5159513E-4
1.474781, -1.3478552, 5.6717483E-5
1.4621173, -1.3481156, -1.3639234E-4
1.5526447, -1.5623801, 1.4469813E-4
1.5301528, -1.5400523, 6.157335E-5
1.5325247, -1.5628436, -1.519095E-4
1.5099614, -1.4824481, 3.5563682E-4
1.4888575, -1.4522061, 3.5108585E-4
3.0055492, -1.410266, -0.0010268238
3.013203, -1.4814581, 0.0010232441
1.4648175, -1.4081991, 4.403405E-4
1.4476635, -1.3640094, -5.381323E-4
1.449545, -1.348374, -3.282085E-4
1.4904277, -1.4828898, 5.781127E-5
1.5103297, -1.540508, -2.3435292E-4
1.469597, -1.4526387, 5.32426E-5
1.4521804, -1.4084799, 2.4102993E-4
1.4230026, -1.3473088, 4.62121E-4
1.4370629, -1.3486311, -5.1894906E-4
1.4273161, -1.3628075, 3.4339583E-4
1.5126348, -1.5633042, -4.467079E-4
1.4912764, -1.5620368, 3.6443415E-4
1.4906875, -1.5409619, -5.2900857E-4
1.4711192, -1.4833286, -2.3809193E-4
1.4505582, -1.4530685, -2.426061E-4
3.0477622, -1.4835641, -3.9692855E-4
1.4396311, -1.4087591, 4.2811796E-5
1.4271685, -1.409037, -1.5438854E-4
1.4088515, -1.3632135, 4.558245E-5
1.4107261, -1.3475773, 2.6289467E-4
1.4519868, -1.4837655, -5.32641E-4
1.4696494, -1.5397198, 2.7739748E-4
1.4782836, -1.5623575, 1.5915216E-4
1.4653769, -1.5626771, -4.542503E-5
1.4316932, -1.4534965, -5.3716626E-4
1.408646, -1.4094524, -4.4932298E-4
1.3864288, -1.3481108, -1.3291667E-4
1.3905997, -1.363617, -2.502526E-4
1.3985353, -1.3478446, 6.456914E-5
1.4525553, -1.5629966, -2.4984733E-4
1.4504441, -1.5401931, -2.9883306E-5
1.4314947, -1.4825695, 2.738699E-4
1.4114876, -1.4523249, 2.6927752E-4
3.068086, -1.4541813, -0.0010086226
1.3887559, -1.4083097, 3.6186777E-4
1.3725146, -1.3640186, -5.449016E-4
1.3684349, -1.3485084, -4.278044E-4
1.4066074, -1.4831767, -1.3565736E-4
1.4314489, -1.5406649, -3.3620623E-4
1.4398168, -1.563315, -4.536457E-4
1.4256631, -1.5619922, 3.9298937E-4
1.3869481, -1.4529198, -1.4023628E-4
1.3766564, -1.4085988, 1.5664795E-4
1.3646369, -1.408887, -4.7995065E-5
1.3491131, -1.3474153, 3.8303508E-4
1.3531442, -1.3629191, 2.616309E-4
1.400648, -1.5626582, -3.3247998E-5
1.4131159, -1.5623255, 1.7968654E-4
1.4111352, -1.5395181, 4.0839924E-4
1.3881457, -1.4836309, -4.4190462E-4
1.3687445, -1.4533647, -4.4646792E-4
1.3467653, -1.4093184, -3.5420177E-4
1.337359, -1.3476919, 1.7784286E-4
1.3256829, -1.347968, -2.6987906E-5
1.3296189, -1.3634773, -1.4791469E-4
1.3684514, -1.4825335, 2.981283E-4
1.3863751, -1.5401747, -1.7930231E-5
1.3882583, -1.5629907, -2.4601276E-4
1.3493253, -1.4522896, 2.936011E-4
1.3276533, -1.4082693, 3.905124E-4
1.3121675, -1.3638946, -4.539552E-4
1.3083215, -1.3483809, -3.333228E-4
1.3680185, -1.5406665, -3.3723513E-4
1.3623496, -1.5620961, 3.2644355E-4
1.3759459, -1.563323, -4.5869566E-4
1.3503824, -1.4830074, -2.1461392E-5
1.331509, -1.452754, -2.6084863E-5
1.3043579, -1.4088697, -3.5743113E-5
1.3159685, -1.4085696, 1.7733972E-4
1.2935512, -1.3628857, 2.8603242E-4
1.2897551, -1.3473772, 4.1132307E-4
1.3325024, -1.4834809, -3.407685E-4
1.3484676, -1.5396212, 3.4139826E-4
1.3502132, -1.562443, 1.0442024E-4
1.3138788, -1.4532179, -3.4537213E-4
1.287087, -1.4093194, -3.5485465E-4
1.267125, -1.347952, -1.5137688E-5
1.278404, -1.3476647, 1.9806696E-4
1.2708256, -1.3634666, -1.4002944E-4
1.3245146, -1.5403051, -1.0264105E-4
1.3321545, -1.5629632, -2.2852191E-4
1.3364549, -1.5399634, 1.1926854E-4
1.3076086, -1.4826391, 2.2688982E-4
1.2893329, -1.452393, 2.2233282E-4
1.2686924, -1.408363, 3.239925E-4
1.2415686, -1.3628315, 3.2588298E-4
1.2539594, -1.3639017, -4.592373E-4
1.2503474, -1.3483825, -3.3440554E-4
1.2901276, -1.4831328, -1.060251E-4
1.3126458, -1.540647, -3.2458588E-4
1.3070701, -1.5621703, 2.7895079E-4
1.266397, -1.4530381, -2.2164409E-4
1.2573903, -1.4086758, 1.01939106E-4
1.2305083, -1.3631344, 1.03652135E-4
1.2269884, -1.3476174, 2.3311083E-4
1.2937517, -1.5396948, 2.936605E-4
1.289399, -1.5627121, -6.774827E-5
1.2785671, -1.483462, -3.2800672E-4
1.2658646, -1.4823738, 4.0574517E-4
1.2481723, -1.4521333, 4.0122514E-4
1.22272, -1.4082673, 3.9198066E-4
1.2349895, -1.409301, -3.4182818E-4
1.2105854, -1.3480662, -9.97927E-5
1.2140505, -1.3635881, -2.2913524E-4
1.2544624, -1.4827164, 1.7472611E-4
1.2431265, -1.4830594, -5.6501427E-5
1.2649264, -1.5620044, 3.8513733E-4
1.2704749, -1.5404067, -1.685513E-4
1.2777083, -1.563073, -2.9875032E-4
1.2257521, -1.4528048, -6.104699E-5
1.2369297, -1.452469, 1.7012119E-4
1.2007567, -1.4089181, -7.0052956E-5
1.2117065, -1.4085927, 1.6092381E-4
1.1878183, -1.3473765, 4.1192689E-4
1.1911902, -1.3628964, 2.7815474E-4
1.1997375, -1.3483655, -3.218826E-4
1.246328, -1.5397164, 2.7962384E-4
1.241917, -1.5627546, -9.495384E-5
1.2533896, -1.5623795, 1.4510991E-4
1.2318554, -1.4834019, -2.8749843E-4
1.2146387, -1.4531405, -2.9216066E-4
1.2024876, -1.452147, 3.9179472E-4
1.1898699, -1.4092437, -3.0115905E-4
1.1697587, -1.3635266, -1.8407048E-4
1.1771191, -1.347688, 1.8081846E-4
1.1664822, -1.3479997, -5.046585E-5
1.2139709, -1.4825658, 2.7632393E-4
1.2305074, -1.5631298, -3.3503416E-4
1.2292628, -1.5402713, -8.061845E-5
1.1915206, -1.4524959, 1.5158212E-4
1.1806142, -1.4528446, -8.8475725E-5
1.1725948, -1.4084492, 2.6281574E-4
1.1559061, -1.348311, -2.8142903E-4
1.147526, -1.3629155, 2.6416653E-4
1.1443428, -1.3473895, 4.022737E-4
1.2179693, -1.5406407, -3.205328E-4
1.2056818, -1.5396625, 3.1465595E-4
1.2124603, -1.5623313, 1.759368E-4
1.1918485, -1.4832779, -2.0387367E-4
1.1697677, -1.4531934, -3.2856048E-4
1.1512265, -1.4091258, -2.1738496E-4
1.1266146, -1.3635702, -2.1602455E-4
1.133906, -1.3477131, 1.6209179E-4
1.1235269, -1.3480368, -7.7945406E-5
1.1689491, -1.4826983, 1.8691998E-4
1.1956211, -1.5629144, -1.9718951E-4
1.1834389, -1.5404288, -1.8291808E-4
1.183473, -1.5619818, 3.995943E-4
1.1526115, -1.4524512, 1.8234341E-4
1.1291072, -1.4085748, 1.7358878E-4
1.110102, -1.3628678, 2.9916473E-4
1.1132052, -1.3483604, -3.1812658E-4
1.1019745, -1.3475043, 3.1705145E-4
1.1613901, -1.5627851, -1.14482806E-4
1.1659361, -1.5397079, 2.850965E-4
1.1724032, -1.5623837, 1.4244465E-4
1.1527144, -1.4832517, -1.8617681E-4
1.1410022, -1.4823668, 4.1052644E-4
1.1366037, -1.4529933, -1.9080249E-4
1.1250553, -1.4521266, 4.058221E-4
1.1134256, -1.4091003, -1.9937601E-4
1.0896223, -1.363546, -1.9825362E-4
1.0998348, -1.3632069, 5.04999E-5
1.0816449, -1.348175, -1.8056035E-4
1.0917827, -1.3478397, 6.8236666E-5
1.1303297, -1.4827482, 1.5334299E-4
1.1495566, -1.5403016, -1.0033995E-4
1.1504325, -1.5631862, -3.7111132E-4
1.1145321, -1.4525002, 1.4859691E-4
1.1040624, -1.4528735, -1.0827559E-4
1.0918039, -1.4086219, 1.4023102E-4
1.0815479, -1.4089838, -1.16644864E-4
1.0735071, -1.362908, 2.6975689E-4
1.0656476, -1.3475442, 2.875012E-4
1.1277801, -1.562739, -8.497146E-5
1.1387111, -1.5406973, -3.572607E-4
1.1386104, -1.5623254, 1.7973327E-4
1.1144297, -1.4833195, -2.3195347E-4
1.0824072, -1.452446, 1.859265E-4
1.093646, -1.4532466, -3.6515456E-4
1.0713438, -1.4093456, -3.735051E-4
1.0603342, -1.4085693, 1.7751454E-4
1.0457207, -1.3482368, -2.264465E-4
1.0534331, -1.3636084, -2.4406513E-4
1.0977498, -1.4826932, 1.9043054E-4
1.0873082, -1.4830856, -7.4191696E-5
1.1170025, -1.563152, -3.4928604E-4
1.1109556, -1.5404601, -2.032823E-4
1.1054158, -1.5623475, 1.655251E-4
1.0669891, -1.453023, -2.1121319E-4
1.0452302, -1.4091284, -2.1937447E-4
1.0202714, -1.3480244, -6.87877E-5
1.0277961, -1.3633935, -8.645845E-5
1.0376661, -1.3630326, 1.7836627E-4
1.0300691, -1.3476675, 1.9600068E-4
1.0894554, -1.5629847, -2.4225182E-4
1.0836049, -1.5402901, -9.284511E-5
1.0941532, -1.5398711, 1.7921565E-4
1.0657467, -1.4827144, 1.7605734E-4
1.0769175, -1.4834778, -3.386819E-4
1.0407207, -1.4528624, -1.00691075E-4
1.0508517, -1.4524674, 1.7116907E-4
1.0294217, -1.4085895, 1.6323326E-4
1.017974, -1.3637539, -3.507554E-4
1.0105214, -1.3483809, -3.3327934E-4
1.0000392, -1.347687, 1.8145879E-4
1.0074146, -1.3630522, 1.6392789E-4
1.061858, -1.5399691, 1.15557305E-4
1.0503589, -1.483319, -2.3162391E-4
1.0731059, -1.5407082, -3.6433397E-4
1.0727881, -1.562447, 1.019124E-4
1.0622951, -1.5628823, -1.7667536E-4
1.0306373, -1.453257, -3.7230097E-4
1.0145584, -1.409164, -2.445077E-4
0.99286914, -1.3636081, -2.43816E-4
0.98560035, -1.3482368, -2.2636532E-4
1.0510803, -1.5621737, 2.767365E-4
1.0514721, -1.5403984, -1.6319675E-4
1.0406971, -1.5626196, -8.544232E-6
1.0403717, -1.5397, 2.9025762E-4
1.0241736, -1.4832222, -1.6632158E-4
1.0342901, -1.4828091, 1.1223246E-4
1.0098596, -1.4529647, -1.7106098E-4
1.0198346, -1.4525598, 1.0755867E-4
0.9990371, -1.408679, 9.9678735E-5
0.9892655, -1.4090716, -1.789908E-4
0.9705221, -1.3477731, 1.1764361E-4
0.9610294, -1.3481486, -1.6096269E-4
0.96811694, -1.3635188, -1.7835884E-4
0.9776796, -1.3631389, 1.0030265E-4
1.0083561, -1.4827614, 1.4445663E-4
1.0303594, -1.5630643, -2.9314376E-4
0.9893277, -1.4527204, -2.947288E-6
0.9991984, -1.4523059, 2.8240748E-4
0.9788216, -1.4084325, 2.7463544E-4
0.96915215, -1.4088346, -1.0700596E-5
0.9578964, -1.3629007, 2.750909E-4
0.94618714, -1.3477298, 1.4973352E-4
0.9484338, -1.3632898, -1.03283855E-5
1.0198618, -1.5405779, -2.7975053E-4
1.0193478, -1.5624067, 1.2770406E-4
1.0091138, -1.562861, -1.6306718E-4
0.99338406, -1.4833952, -2.8295338E-4
0.9827675, -1.4827708, 1.3803624E-4
0.9690323, -1.4525226, 1.3322437E-4
0.97950023, -1.453134, -2.8759576E-4
0.94927055, -1.4086425, 1.2555152E-4
0.9595251, -1.4092355, -2.9533225E-4
0.9221765, -1.3477387, 1.4307942E-4
0.93901247, -1.3636777, -2.948775E-4
0.92897725, -1.3631041, 1.259014E-4
0.93213814, -1.3483058, -2.7758174E-4
0.96241516, -1.4826148, 2.4327298E-4
0.9729008, -1.4832021, -1.5277205E-4
0.9988328, -1.5403777, -1.4975881E-4
0.9881035, -1.5627053, -6.341852E-5
0.99823767, -1.5622418, 2.331817E-4
0.9593035, -1.4529451, -1.5762247E-4
0.9489643, -1.4523696, 2.3854467E-4
0.9299572, -1.408982, -1.1544503E-4
0.9296117, -1.408494, 2.3100231E-4
0.9030788, -1.3475968, 2.4841126E-4
0.9100768, -1.3634326, -1.15107854E-4
0.90973866, -1.3629603, 2.3135453E-4
0.9129181, -1.3481308, -1.4774248E-4
0.97233856, -1.5623596, 1.5789774E-4
0.9674005, -1.5396513, 3.219265E-4
0.97803676, -1.5402246, -5.0288825E-5
0.9526447, -1.4830546, -5.33304E-5
0.94228446, -1.4825025, 3.190022E-4
0.92911494, -1.4522597, 3.1424165E-4
0.93933046, -1.4528005, -5.812959E-5
0.905493, -1.4086, 1.5578522E-4
0.8861358, -1.3630631, 1.5592451E-4
0.89391077, -1.3479967, -4.8240578E-5
0.88418937, -1.347495, 3.2394927E-4
0.9326067, -1.4829506, 1.6834023E-5
0.9229669, -1.4833966, -2.839472E-4
0.9475679, -1.5405797, -2.808589E-4
0.95732105, -1.5630656, -2.9405075E-4
0.9467529, -1.5625296, 4.9053095E-5
0.9100674, -1.4531355, -2.887109E-4
0.90979666, -1.4526678, 3.3256256E-5
0.88166624, -1.4087532, 4.706409E-5
0.8915078, -1.4092366, -2.960337E-4
0.8628184, -1.3632114, 4.7141242E-5
0.8660627, -1.3483076, -2.7889523E-4
0.87244964, -1.3636792, -2.959734E-4
0.8751081, -1.347902, 2.198672E-5
0.9263952, -1.5625055, 6.4427666E-5
0.92730063, -1.5405222, -2.4359413E-4
0.9368449, -1.563007, -2.5648365E-4
0.91277796, -1.4828877, 5.920209E-5
0.9032256, -1.4833411, -2.4645845E-4
0.89060205, -1.4530811, -2.5127592E-4
0.88066816, -1.452615, 6.962625E-5
0.8724394, -1.4091836, -2.584865E-4
0.8627079, -1.4087313, 6.25485E-5
0.8565021, -1.3478452, 6.413173E-5
0.8537889, -1.3636281, -2.5856573E-4
0.8442656, -1.3631907, 6.240368E-5
0.8475387, -1.3482572, -2.4152688E-4
0.8931509, -1.4828652, 7.4432915E-5
0.8836824, -1.4833249, -2.3556063E-4
0.91657424, -1.5629898, -2.4551153E-4
0.9072364, -1.5405052, -2.3253354E-4
0.906238, -1.5625215, 5.424173E-5
0.87133205, -1.4530654, -2.4039541E-4
0.84393656, -1.4087458, 5.232026E-5
0.8535622, -1.409168, -2.4743285E-4
0.82589555, -1.3632047, 5.2106854E-5
0.8292004, -1.3482424, -2.3057782E-4
0.8353154, -1.3636132, -2.476083E-4
0.8380851, -1.3478247, 7.938685E-5
0.89650065, -1.5630119, -2.5961848E-4
0.8873675, -1.5405272, -2.4681582E-4
0.8862737, -1.5625757, 1.949993E-5
0.8737172, -1.4828805, 6.4137115E-5
0.8643293, -1.483346, -2.4976698E-4
0.84252715, -1.4526803, 2.4592975E-5
0.8522494, -1.4530859, -2.5458608E-4
0.8348686, -1.4091879, -2.6155345E-4
0.8253447, -1.4087946, 1.7638873E-5
0.8108191, -1.3478622, 5.151708E-5
0.8170214, -1.3636324, -2.6169716E-4
0.8110405, -1.3482618, -2.4493443E-4
0.8077011, -1.3632519, 1.7403032E-5
0.84956837, -1.4827361, 1.6142684E-4
0.86649424, -1.562666, -3.833313E-5
0.8761068, -1.5621626, 2.838418E-4
0.8237242, -1.4527647, -3.3486995E-5
0.8328622, -1.4522966, 2.8879914E-4
0.80692506, -1.4088762, -4.0246254E-5
0.81587684, -1.4084225, 2.8181565E-4
0.7894695, -1.3629446, 2.4293613E-4
0.7896753, -1.363331, -4.057022E-5
0.7838947, -1.3479639, -2.3919174E-5
0.79259086, -1.3475295, 2.9835518E-4
0.85642976, -1.5622833, 2.0668314E-4
0.84689224, -1.5627906, -1.1802941E-4
0.8576669, -1.5401868, -2.5765043E-5
0.83539975, -1.4830179, -2.856436E-5
0.8256965, -1.4826547, 2.1633918E-4
0.8050898, -1.4528805, -1.13189824E-4
0.7975525, -1.4085311, 2.0473193E-4
0.78867066, -1.4089885, -1.19975084E-4
0.7747897, -1.3476337, 2.2105704E-4
0.7627287, -1.3631312, 1.06006475E-4
0.7661614, -1.3480716, -1.03764134E-4
0.7718112, -1.3634397, -1.2030999E-4
0.81650126, -1.4831363, -1.0836624E-4
0.80689275, -1.4828005, 1.1804955E-4
0.8382647, -1.5403095, -1.055336E-4
0.83692604, -1.5624367, 1.08451924E-4
0.82746047, -1.5629474, -2.1837205E-4
0.7866173, -1.4530265, -2.1367459E-4
0.7956156, -1.4525516, 1.1321198E-4
0.7793897, -1.4086695, 1.0642883E-4
0.7659781, -1.4089828, -1.15887524E-4
0.7485821, -1.348207, -2.042534E-4
0.7571452, -1.3477662, 1.2273453E-4
0.7496039, -1.3634346, -1.1645806E-4
0.8175885, -1.5626212, -9.578056E-6
0.80776846, -1.5623153, 1.86166E-4
0.819031, -1.5404643, -2.0596845E-4
0.7930081, -1.4831305, -1.0449109E-4
0.76789737, -1.452439, 1.9077184E-4
0.77723265, -1.4527233, -4.930653E-6
0.7522365, -1.4085599, 1.8425778E-4
0.74352175, -1.4090279, -1.4801581E-4
0.7352092, -1.3477937, 1.0237362E-4
0.7223013, -1.3481097, -1.3210371E-4
0.73615617, -1.3630255, 1.8353993E-4
0.7276277, -1.3634784, -1.4871094E-4
0.7995396, -1.5398413, 1.9852447E-4
0.7697594, -1.4831784, -1.367504E-4
0.7695792, -1.4827989, 1.19109674E-4
0.7886785, -1.5625544, 3.317728E-5
0.7902769, -1.5403532, -1.338266E-4
0.7984104, -1.5628346, -1.4615007E-4
0.7590011, -1.4529215, -1.4141458E-4
0.7451471, -1.4525399, 1.2123286E-4
0.72995013, -1.4086576, 1.1487586E-4
0.7014969, -1.3634648, -1.3870858E-4
0.7091171, -1.3477556, 1.3065152E-4
0.71434623, -1.3631201, 1.1413091E-4
0.76956594, -1.5624373, 1.0812314E-4
0.76973754, -1.5628189, -1.36133E-4
0.7618962, -1.5403378, -1.238578E-4
0.7710596, -1.5398197, 2.12529E-4
0.7510409, -1.4826646, 2.0972786E-4
0.7421155, -1.4831635, -1.2674593E-4
0.7226168, -1.4526865, 2.0351239E-5
0.73174375, -1.4529073, -1.3163134E-4
0.70787925, -1.4087995, 1.409636E-5
0.71682006, -1.4090137, -1.3792419E-4
0.68767625, -1.3478917, 2.969236E-5
0.6963619, -1.3480965, -1.2226292E-4
0.688393, -1.3631617, 8.364227E-5
0.7429352, -1.5398875, 1.6850288E-4
0.728253, -1.4828341, 9.541956E-5
0.75058126, -1.5623618, 1.5637677E-4
0.74141735, -1.5628917, -1.827273E-4
0.70482147, -1.4529752, -1.7833928E-4
0.71353304, -1.4524826, 1.6076895E-4
0.6860335, -1.4089903, -1.2126086E-4
0.6989808, -1.4086019, 1.5447168E-4
0.66645414, -1.3480744, -1.0585529E-4
0.6790318, -1.3477024, 1.7007884E-4
0.67136824, -1.3634418, -1.21852616E-4
0.72250307, -1.5625126, 5.9911217E-5
0.7319391, -1.562694, -5.6113557E-5
0.7291738, -1.5403124, -1.073487E-4
0.7102426, -1.483139, -1.1020024E-4
0.6958111, -1.4527913, -5.1812323E-5
0.6868409, -1.4526229, 6.4140295E-5
0.66845846, -1.4086633, 1.1089094E-4
0.64938074, -1.3477616, 1.2619498E-4
0.64164406, -1.3635203, -1.7936181E-4
0.65416884, -1.3631252, 1.1040851E-4
0.6920475, -1.4827948, 1.2186966E-4
0.7040626, -1.562883, -1.7717591E-4
0.7131084, -1.5623475, 1.6550947E-4
0.6648785, -1.4528993, -1.2610455E-4
0.67791003, -1.4524696, 1.6970291E-4
0.6513183, -1.4090056, -1.321624E-4
0.62891483, -1.3633354, -4.381024E-5
0.62011135, -1.3479131, 1.3705377E-5
0.6327299, -1.3480895, -1.170038E-4
0.6947381, -1.5627367, -8.355346E-5
0.68545216, -1.5626056, 3.863316E-7
0.69227576, -1.5403295, -1.1844336E-4
0.66085494, -1.4829615, 9.4223415E-6
0.6743026, -1.4831554, -1.2126069E-4
0.64722294, -1.4526553, 4.1830073E-5
0.6383291, -1.4088215, -1.4211194E-6
0.6254273, -1.4086701, 1.0603324E-4
0.6075779, -1.3477685, 1.20971294E-4
0.6120576, -1.3631318, 1.0559801E-4
0.66019785, -1.5399125, 1.5232636E-4
0.647498, -1.4828024, 1.1673541E-4
0.6715981, -1.5624379, 1.077356E-4
0.67389274, -1.5400708, 4.951288E-5
0.62970865, -1.4524648, 1.730152E-4
0.60431844, -1.4090309, -1.5009579E-4
0.58724624, -1.3634484, -1.2665632E-4
0.58707154, -1.348114, -1.3527746E-4
0.59511, -1.347648, 2.103905E-4
0.59949774, -1.3630097, 1.9510905E-4
0.6489308, -1.5628381, -1.4836046E-4
0.6578163, -1.5622978, 1.973499E-4
0.64232045, -1.5403574, -1.3656759E-4
0.6511154, -1.539825, 2.091064E-4
0.63421077, -1.4826696, 2.0628839E-4
0.62564415, -1.4831823, -1.3939218E-4
0.6125675, -1.4528913, -1.2061244E-4
0.59160066, -1.4089361, -8.2806844E-5
0.57069165, -1.3633404, -4.739758E-5
0.57061833, -1.3480003, -5.0912557E-5
0.628803, -1.5402539, -6.9382855E-5
0.61247766, -1.4830827, -7.2196126E-5
0.6307438, -1.562706, -6.384299E-5
0.5910076, -1.4527569, -2.8068838E-5
0.5747447, -1.4088461, -1.8964265E-5
0.55834895, -1.3632852, -6.9880066E-6
0.55019724, -1.3479097, 1.6321928E-5
0.5460763, -1.3632548, 1.5390557E-5
0.61535054, -1.5401747, -1.7957118E-5
0.61266476, -1.5626141, -5.008883E-6
0.60367715, -1.5625873, 1.2114375E-5
0.60642403, -1.540137, 6.474859E-6
0.5863471, -1.4829574, 1.2278245E-5
0.59937435, -1.4830061, -2.061299E-5
0.5696226, -1.4526854, 2.113538E-5
0.5496764, -1.4087875, 2.2725913E-5
0.52995896, -1.3478819, 3.685408E-5
0.52980167, -1.363244, 2.3221291E-5
0.59025496, -1.562568, 2.4481098E-5
0.5930947, -1.5401027, 2.8789444E-5
0.56907403, -1.4829264, 3.312582E-5
0.5526463, -1.4526743, 2.8779366E-5
0.5207296, -1.4088204, -6.3953763E-7
0.53309894, -1.4087942, 1.7930806E-5
0.5055789, -1.3632903, -1.0727469E-5
0.5098701, -1.347904, 2.0588188E-5
0.5176598, -1.3632574, 1.344081E-5
0.5710231, -1.5400959, 3.3192355E-5
0.57245386, -1.5625758, 1.950604E-5
0.5519117, -1.4829338, 2.8227521E-5
0.53577614, -1.4526991, 1.1762478E-5
0.52318686, -1.4527383, -1.5253971E-5
0.48994064, -1.3479763, -3.313804E-5
0.48954862, -1.3633583, -6.052899E-5
0.545954, -1.562655, -3.126549E-5
0.5591713, -1.5626047, 1.011668E-6
0.5534756, -1.5401282, 1.2269516E-5
0.5447455, -1.5401587, -7.581815E-6
0.53910583, -1.4829613, 9.600445E-6
0.52636284, -1.4830093, -2.2769644E-5
0.5106577, -1.4527965, -5.5264172E-5
0.4615711, -1.3631475, 9.4056566E-5
0.47360688, -1.3634523, -1.2954102E-4
0.47014117, -1.3480875, -1.1563166E-4
0.52841353, -1.5627484, -9.101247E-5
0.53170013, -1.5402205, -4.7602603E-5
0.50945187, -1.483098, -8.255527E-5
0.49402863, -1.4528968, -1.24399E-4
0.44252065, -1.3479342, -1.9188064E-6
0.4536672, -1.3632197, 4.105408E-5
0.44578266, -1.363297, -1.5569409E-5
0.4542705, -1.3478222, 8.127589E-5
0.47989082, -1.4090292, -1.4894888E-4
0.5153177, -1.5628363, -1.4726407E-4
0.5143858, -1.5403268, -1.1676508E-4
0.5064725, -1.5624566, 9.5713025E-5
0.50131375, -1.5399826, 1.0680531E-4
0.4882982, -1.4828212, 1.0408631E-4
0.496826, -1.4831816, -1.3893454E-4
0.4650047, -1.4527315, -1.0597723E-5
0.43791682, -1.3633785, -7.5397365E-5
0.42604417, -1.3631568, 8.71937E-5
0.45150155, -1.4088835, -4.5434215E-5
0.4268108, -1.3477479, 1.3629177E-4
0.43471238, -1.3480148, -6.174107E-5
0.48483267, -1.5626748, -4.386542E-5
0.48416594, -1.5401516, -2.9600715E-6
0.49779975, -1.5625396, 4.267065E-5
0.47993672, -1.4829, 5.0949147E-5
0.46743494, -1.4830283, -3.5574907E-5
0.45679978, -1.4528186, -7.055404E-5
0.4444152, -1.4525827, 9.184334E-5
0.41042688, -1.3633578, -6.017314E-5
0.41904256, -1.3478441, 6.49221E-5
0.40742373, -1.3479948, -4.6906054E-5
0.42337343, -1.4088508, -2.227337E-5
0.43535072, -1.4086967, 8.715273E-5
0.4756228, -1.5402437, -6.2772655E-5
0.46748957, -1.5624676, 8.8695015E-5
0.46697763, -1.5399387, 1.3526545E-4
0.4507142, -1.4828317, 9.695758E-5
0.4281246, -1.4527969, -5.5657303E-5
0.4154112, -1.4089577, -9.8138946E-5
0.38703287, -1.3633665, -6.659917E-5
0.40736863, -1.408733, 6.132891E-5
0.384201, -1.3480039, -5.3579206E-5
0.3986602, -1.363192, 6.143895E-5
0.39574322, -1.3478311, 7.457292E-5
0.44576603, -1.5402207, -4.7786358E-5
0.45847833, -1.5400486, 6.3899846E-5
0.45035303, -1.5626979, -5.8608188E-5
0.4217447, -1.4828703, 7.0921116E-5
0.43419263, -1.4830503, -5.045101E-5
0.40775964, -1.452744, -1.9169594E-5
0.41585067, -1.4526207, 6.567319E-5
0.3954873, -1.4089135, -6.673024E-5
0.36495277, -1.3480092, -5.7517627E-5
0.3835516, -1.4087874, 2.2796325E-5
0.36764273, -1.3633716, -7.033622E-5
0.37260592, -1.3478833, 3.5880843E-5
0.37535232, -1.3632444, 2.2931523E-5
0.42456192, -1.5401646, -1.1349156E-5
0.42468327, -1.562708, -6.515981E-5
0.4329863, -1.5400337, 7.359297E-5
0.43744174, -1.5625079, 6.294081E-5
0.40944406, -1.4830601, -5.707178E-5
0.39158994, -1.4528407, -8.574057E-5
0.39153767, -1.4526764, 2.7345366E-5
0.3756736, -1.4089189, -7.053557E-5
0.36773273, -1.4087576, 4.3952197E-5
0.35216418, -1.3632163, 4.3583266E-5
0.35219187, -1.3633506, -5.4971475E-5
0.349615, -1.3479886, -4.2291995E-5
0.3495875, -1.3478558, 5.6285524E-5
0.40340692, -1.5627141, -6.900479E-5
0.4161537, -1.5402973, -9.753156E-5
0.41186646, -1.5625682, 2.4354315E-5
0.3888986, -1.4829118, 4.2979016E-5
0.38893119, -1.4830661, -6.100069E-5
0.37538943, -1.4526455, 4.8548423E-5
0.36737856, -1.4527897, -5.065947E-5
0.3519811, -1.4087591, 4.2812222E-5
0.3520236, -1.4089012, -5.8005164E-5
0.33434048, -1.3479966, -4.814182E-5
0.32914072, -1.3633747, -7.268288E-5
0.32910305, -1.3632452, 2.2324391E-5
0.3266951, -1.3478845, 3.4915774E-5
0.38645297, -1.56269, -5.36283E-5
0.3909076, -1.5402253, -5.077418E-5
0.39487982, -1.5625352, 4.5478213E-5
0.36440262, -1.4828981, 5.2214175E-5
0.3725857, -1.4830436, -4.582573E-5
0.35132793, -1.4527981, -5.641838E-5
0.33629203, -1.4087883, 2.211105E-5
0.30615166, -1.3632133, 4.5759654E-5
0.31531745, -1.3479822, -3.748616E-5
0.30391172, -1.3478533, 5.8105084E-5
0.3138061, -1.363296, -1.4919136E-5
0.36580497, -1.5402225, -4.8986843E-5
0.3695417, -1.5625532, 3.400946E-5
0.369569, -1.5626992, -5.9469705E-5
0.37411582, -1.5400625, 5.4850258E-5
0.34815988, -1.4829289, 3.1449545E-5
0.34819978, -1.4830699, -6.35847E-5
0.33133832, -1.4527824, -4.5647437E-5
0.31283927, -1.4087553, 4.5501623E-5
0.30508363, -1.4089134, -6.664312E-5
0.28124955, -1.3478812, 3.7468206E-5
0.28332236, -1.363241, 2.5503503E-5
0.29259193, -1.3479713, -2.9400268E-5
0.29474837, -1.3633323, -4.1521864E-5
0.3485415, -1.5626822, -4.8601847E-5
0.35744014, -1.5400946, 3.4061657E-5
0.34499168, -1.540206, -3.8269067E-5
0.32387954, -1.4828945, 5.4664575E-5
0.33197725, -1.4829847, -6.109651E-6
0.31935307, -1.4526435, 5.0018705E-5
0.3074581, -1.4527702, -3.730615E-5
0.29729012, -1.4088433, -1.6878927E-5
0.27370638, -1.3478342, 7.226125E-5
0.2662146, -1.3479906, -4.3731605E-5
0.27572364, -1.3631935, 6.0252907E-5
0.26438886, -1.3633332, -4.2184438E-5
0.3276058, -1.562708, -6.517444E-5
0.33593398, -1.5625328, 4.699401E-5
0.3242693, -1.5402317, -5.494096E-5
0.3325126, -1.5400589, 5.730612E-5
0.31181598, -1.4830241, -3.2719865E-5
0.2915762, -1.4526477, 4.706058E-5
0.27016425, -1.4088794, -4.254581E-5
0.24743825, -1.3479159, 1.1666055E-5
0.24548592, -1.3632652, 7.736027E-6
0.25303775, -1.3632863, -7.751417E-6
0.2586946, -1.3479545, -1.6972013E-5
0.3159857, -1.5401552, -5.288597E-6
0.30671492, -1.5625374, 4.399882E-5
0.3077177, -1.5400903, 3.682514E-5
0.319237, -1.5626304, -1.5492531E-5
0.2837056, -1.4830453, -4.7040125E-5
0.29570895, -1.482899, 5.1639203E-5
0.27184263, -1.4527547, -2.654406E-5
0.25856513, -1.4088309, -8.106211E-6
0.2469956, -1.4088019, 1.242353E-5
0.22873247, -1.3478864, 3.3593213E-5
0.23041816, -1.3632455, 2.216933E-5
0.29010856, -1.5626705, -4.1091873E-5
0.29946467, -1.5400368, 7.156381E-5
0.287154, -1.5401947, -3.0991978E-5
0.27569145, -1.4830054, -2.0134126E-5
0.26769012, -1.4829745, 7.187112E-7
0.24820913, -1.4526863, 2.0524305E-5
0.22776671, -1.4087868, 2.3127215E-5
0.20788488, -1.3632549, 1.5197917E-5
0.21008465, -1.3478905, 3.0551462E-5
0.27072448, -1.5401301, 1.1037556E-5
0.26522955, -1.5625846, 1.38217465E-5
0.2776532, -1.5626166, -6.6502885E-6
0.25172725, -1.4829388, 2.4830802E-5
0.22858858, -1.4526758, 2.768411E-5
0.20859456, -1.4088037, 1.1209058E-5
0.18406999, -1.3479419, -7.614462E-6
0.19520772, -1.3479148, 1.2486205E-5
0.18916515, -1.3632915, -1.1567618E-5
0.25025833, -1.5400962, 3.3017855E-5
0.2487036, -1.562567, 2.5139105E-5
0.2318286, -1.4829283, 3.18691E-5
0.20122199, -1.452717, -5.763307E-7
0.21293789, -1.4526932, 1.5799487E-5
0.18947943, -1.4088473, -1.9814901E-5
0.16553146, -1.3478892, 3.1586016E-5
0.1766546, -1.3479635, -2.356734E-5
0.17795649, -1.363323, -3.4647594E-5
0.16675135, -1.3632475, 2.0669087E-5
0.23222044, -1.5625746, 2.0238098E-5
0.22985557, -1.5401008, 3.0011332E-5
0.21199542, -1.4829541, 1.4426176E-5
0.18952617, -1.452749, -2.2576227E-5
0.17039382, -1.4087911, 2.0121304E-5
0.14703658, -1.3478715, 4.456561E-5
0.15557438, -1.3632948, -1.4036251E-5
0.15443625, -1.3479359, -3.1717789E-6
0.14440161, -1.3632483, 2.0046624E-5
0.21357861, -1.5401286, 1.1974013E-5
0.2075671, -1.5626233, -1.0878872E-5
0.20139271, -1.5401595, -8.05676E-6
0.2198826, -1.5625937, 8.0425925E-6
0.18035075, -1.4829162, 3.997101E-5
0.1922125, -1.4830031, -1.8604715E-5
0.16228288, -1.4527307, -1.0035031E-5
0.14755586, -1.408792, 1.9425514E-5
0.13227452, -1.3479047, 1.9977388E-5
0.12581566, -1.3632587, 1.2478035E-5
0.13227594, -1.3479453, -1.0151236E-5
0.13325077, -1.363304, -2.0795633E-5
0.18706311, -1.562555, 3.281752E-5
0.19327949, -1.5401841, -2.410425E-5
0.1851582, -1.5400817, 4.2397452E-5
0.195268, -1.562659, -3.379174E-5
0.17246372, -1.4829501, 1.7204919E-5
0.16458306, -1.4829847, -6.1690184E-6
0.15062833, -1.4526813, 2.3985533E-5
0.12857036, -1.4088464, -1.9136305E-5
0.11015711, -1.3479064, 1.8787823E-5
0.110162154, -1.3479424, -7.943152E-6
0.110968955, -1.3632643, 8.390182E-6
0.11097402, -1.3633006, -1.8251048E-5
0.17070855, -1.562627, -1.3248868E-5
0.16896743, -1.5400969, 3.2600925E-5
0.1689701, -1.5401517, -3.0336312E-6
0.17070588, -1.5625714, 2.2249995E-5
0.14096674, -1.4829949, -1.3013665E-5
0.1527633, -1.4829345, 2.7715083E-5
0.13124755, -1.4527373, -1.4569559E-5
0.11339285, -1.4088085, 7.771881E-6
0.10581678, -1.408849, -2.0973523E-5
0.091758184, -1.3479123, 1.4369086E-5
0.08073031, -1.3479404, -6.505041E-6
0.08872911, -1.363261, 1.0756261E-5
0.088732556, -1.3632886, -9.5363985E-6
0.1462133, -1.5626377, -2.01363E-5
0.1527965, -1.5401205, 1.728023E-5
0.14472432, -1.5401623, -9.921519E-6
0.15436856, -1.5625955, 6.8707595E-6
0.1331011, -1.4829457, 2.0117728E-5
0.12524883, -1.4829884, -8.665557E-6
0.10801973, -1.4527061, 6.85019E-6
0.10802022, -1.4527401, -1.6461534E-5
0.09066719, -1.4088054, 1.0002227E-5
0.09067071, -1.408834, -1.03060665E-5
0.06970741, -1.3479238, 5.8842697E-6
0.070221215, -1.3632815, -4.2472825E-6
0.12858647, -1.5401142, 2.1319567E-5
0.12858744, -1.5401552, -5.285947E-6
0.12991036, -1.5626305, -1.557027E-5
0.12990938, -1.5625889, 1.1087077E-5
0.10955123, -1.4829947, -1.28982765E-5
0.10955074, -1.4829602, 1.03882285E-5
0.092555195, -1.4526949, 1.4610712E-5
0.08483215, -1.4527347, -1.2797922E-5
0.06041438, -1.4088169, 1.8220597E-6
0.051728334, -1.3632706, 3.7239606E-6
0.05134979, -1.3479133, 1.3594577E-5
0.11247143, -1.5401616, -9.466907E-6
0.10956032, -1.562623, -1.0789594E-5
0.10441792, -1.5401343, 8.305359E-6
0.08603447, -1.4829895, -9.452293E-6
0.09386698, -1.4829487, 1.8114499E-5
0.0771091, -1.4527211, -3.4764416E-6
0.065530926, -1.4527092, 4.701792E-6
0.049079977, -1.4088144, 3.558253E-6
0.029336488, -1.3479164, 1.1385622E-5
0.03324759, -1.3632724, 2.4513859E-6
0.0221634, -1.3632758, -3.8309683E-8
0.088327855, -1.5401562, -5.9202957E-6
0.088327855, -1.540128, 1.2421493E-5
0.09736053, -1.5625886, 1.1279727E-5
0.08517446, -1.562624, -1.1443928E-5
0.07820192, -1.4829756, -1.900133E-9
0.066459626, -1.4829638, 7.921175E-6
0.050102115, -1.4527044, 8.1062235E-6
0.022647314, -1.4088206, -8.146825E-7
0.03397364, -1.408817, 1.7256962E-6
0.01099997, -1.3479209, 7.900401E-6
0.011081258, -1.363278, -1.7009066E-6
0.07299186, -1.562607, -5.132707E-7
0.068231285, -1.5401294, 1.1458978E-5
0.06487436, -1.5626013, 3.1240713E-6
0.050812103, -1.4829587, 1.13715505E-5
0.030827204, -1.4527081, 5.5174496E-6
0.011323076, -1.408823, -2.525337E-6
0.048647564, -1.5625993, 4.410604E-6
0.048152346, -1.5401248, 1.4481923E-5
0.03126395, -1.4829628, 8.626751E-6
0.0115590915, -1.452713, 2.159944E-6
0.028084455, -1.5401297, 1.1257556E-5
0.028373167, -1.5626042, 1.2797047E-6
0.0117226895, -1.4829679, 5.1711895E-6
0.012035415, -1.5401337, 8.7186545E-6
0.012158981, -1.5626081, -1.2405725E-6
3.033017, -1.452127, 4.055687E-4
3.0760088, -1.4823676, 4.099534E-4
3.0966985, -1.4529445, -1.572183E-4
3.0315, -1.3641932, -6.7298586E-4
3.0375943, -1.3475487, 2.8409212E-4
