1.0034759, 1.6206493, 3.0129284E-4
1.0360808, 1.6214148, -1.708425E-4
1.0145092, 1.6212533, -7.123026E-5
0.9720531, 1.6210701, 4.1720894E-5
0.9618804, 1.6215657, -2.6393103E-4
1.0578942, 1.6216258, -3.0096676E-4
1.0465883, 1.6209433, 1.19952245E-4
1.024914, 1.6207724, 2.2545768E-4
0.98803663, 1.6213827, -1.5108974E-4
1.0685083, 1.6211643, -1.636336E-5
1.079169, 1.6207019, 2.6891267E-4
0.95115125, 1.6210451, 5.718291E-5
0.92045784, 1.6215705, -2.6685267E-4
0.9410679, 1.6215476, -2.5275027E-4
0.9304556, 1.6210619, 4.6809288E-5
1.0906836, 1.6214371, -1.8460194E-4
1.1131243, 1.6217635, -3.8595224E-4
1.1014571, 1.6209857, 9.381176E-5
0.90995765, 1.6211181, 1.2188268E-5
0.8896496, 1.6212118, -4.5651886E-5
0.8995191, 1.6206896, 2.7646066E-4
1.124015, 1.6213235, -1.1454478E-4
1.1349568, 1.6208827, 1.5734295E-4
1.152386, 1.6215029, -2.2518034E-4
0.8695237, 1.6213409, -1.252344E-4
0.87931615, 1.6208144, 1.9944103E-4
0.85929126, 1.6209738, 1.0119111E-4
0.8495728, 1.6215036, -2.2565818E-4
1.1690385, 1.6208596, 1.7157193E-4
1.1868017, 1.6215446, -2.509362E-4
0.8293544, 1.6208477, 1.7898814E-4
0.8394368, 1.6211648, -1.6647798E-5
0.80975425, 1.6210954, 2.6168467E-5
0.8197462, 1.6213863, -1.532475E-4
1.2094173, 1.6207118, 2.6279167E-4
1.2275728, 1.6214707, -2.0536371E-4
1.2390786, 1.6210679, 4.3165168E-5
0.79013085, 1.6209738, 1.0114447E-4
0.7903071, 1.6213698, -1.4309768E-4
0.76123, 1.6214451, -1.8953388E-4
0.7706388, 1.6208955, 1.4948825E-4
1.2506456, 1.6206645, 2.9195563E-4
1.269249, 1.6215, -2.2344911E-4
0.7514984, 1.6212399, -6.297739E-5
0.74181026, 1.6210518, 5.3054802E-5
0.7321645, 1.6208805, 1.5877296E-4
0.7228769, 1.6214359, -1.8387876E-4
1.292808, 1.6207218, 2.5662268E-4
1.3118541, 1.6216359, -3.072817E-4
0.70853627, 1.6212162, -4.830922E-5
0.6895448, 1.620974, 1.01077334E-4
1.3359295, 1.6208869, 1.547783E-4
1.3238572, 1.6212615, -7.627992E-5
1.3480722, 1.6205124, 3.8581507E-4
0.6753948, 1.6208286, 1.9070279E-4
0.6662718, 1.6213889, -1.5489543E-4
0.6522503, 1.62128, -8.764007E-5
1.3677554, 1.6215222, -2.3715358E-4
1.3925276, 1.620803, 2.0655213E-4
0.63366634, 1.6211765, -2.3809971E-5
0.6106215, 1.6211151, 1.397015E-5
1.4127175, 1.6218957, -4.6751506E-4
1.4317193, 1.6213784, -1.4846165E-4
0.5877511, 1.6211164, 1.3161347E-5
0.5695858, 1.6211624, -1.5227857E-5
1.4508809, 1.6208609, 1.7078024E-4
1.4637635, 1.6205152, 3.8403954E-4
1.4782957, 1.6218879, -4.626971E-4
0.55152607, 1.6212434, -6.507897E-5
0.5200066, 1.6209928, 8.946204E-5
0.53356606, 1.621355, -1.3404735E-4
1.4913743, 1.6215574, -2.587746E-4
1.504539, 1.6212264, -5.465241E-5
1.5177907, 1.6208947, 1.5001412E-4
0.5022192, 1.6211703, -2.0016727E-5
0.51110196, 1.6210785, 3.656041E-5
0.48438993, 1.6209459, 1.18342985E-4
0.49335763, 1.6212674, -7.997498E-5
1.5311308, 1.6205622, 3.5508806E-4
1.5530598, 1.621877, -4.5594905E-4
0.47557366, 1.6210614, 4.7103196E-5
0.4667766, 1.6211811, -2.6686823E-5
0.44919533, 1.6212436, -6.5247994E-5
0.44913107, 1.6210456, 5.689886E-5
1.5734816, 1.6213992, -1.6123019E-4
1.5872215, 1.6210792, 3.615752E-5
0.4316708, 1.6213229, -1.1418188E-4
0.4228723, 1.6211078, 1.8520925E-5
0.40543178, 1.6210735, 3.966876E-5
0.41418672, 1.6212591, -7.484062E-5
1.608024, 1.6205966, 3.338514E-4
1.6309477, 1.6220257, -5.4770894E-4
0.39677978, 1.6212343, -5.949405E-5
0.38806534, 1.6210753, 3.8547536E-5
0.37081036, 1.621263, -7.726146E-5
0.3707678, 1.6211088, 1.7926855E-5
1.6522485, 1.6215613, -2.612178E-4
1.6737553, 1.621093, 2.7606791E-5
0.34491077, 1.6210709, 4.131225E-5
0.3535343, 1.6211694, -1.9480964E-5
0.33206382, 1.6212124, -4.5983663E-5
1.6882331, 1.6207781, 2.2188951E-4
1.719659, 1.6221671, -6.349008E-4
1.7028178, 1.6204607, 4.176698E-4
0.30212805, 1.6212351, -6.0050825E-5
0.3149109, 1.6210754, 3.846676E-5
0.28933305, 1.6211746, -2.2695092E-5
1.7344998, 1.6218619, -4.4665253E-4
1.7494528, 1.6215539, -2.5664584E-4
0.272317, 1.6211243, 8.3335635E-6
0.2511168, 1.6211069, 1.90608E-5
1.7645197, 1.6212426, -6.463031E-5
1.7797023, 1.620928, 1.2938156E-4
1.7950027, 1.6206105, 3.25302E-4
0.22997919, 1.6211262, 7.245111E-6
0.20890443, 1.6211762, -2.3725186E-5
1.8104216, 1.6202885, 5.238771E-4
1.8283944, 1.6221212, -6.0663995E-4
0.18786223, 1.6211114, 1.6260825E-5
0.17527027, 1.6211678, -1.8515671E-5
0.16687238, 1.6210904, 2.9261711E-5
1.8520133, 1.6216509, -3.1652005E-4
1.875884, 1.6211712, -2.0590014E-5
0.15012045, 1.6211786, -2.5180756E-5
0.15011883, 1.6211298, 4.9491855E-6
0.1333819, 1.6211712, -2.0621148E-5
0.12501773, 1.6211313, 4.015047E-6
1.8919687, 1.6208446, 1.8083492E-4
1.9081842, 1.620513, 3.8540806E-4
0.112488106, 1.6211636, -1.5889933E-5
0.0999623, 1.6211275, 6.4022524E-6
0.08745063, 1.6211643, -1.6402591E-5
1.9245323, 1.6201758, 5.934328E-4
1.9437652, 1.6221278, -6.106821E-4
0.07077531, 1.6211436, -3.6149327E-6
0.04994804, 1.6211388, -5.6703004E-7
0.04994706, 1.6211379, 9.328293E-9
1.9688327, 1.6216278, -3.0226208E-4
1.9941806, 1.6211145, 1.439878E-5
0.029131584, 1.6211435, -3.4760628E-6
0.012484155, 1.6211475, -6.007085E-6
2.0112696, 1.6207628, 2.3131173E-4
2.0285037, 1.6204035, 4.52967E-4
2.0458853, 1.6200362, 6.7952316E-4
2.0665205, 1.6220969, -5.9163163E-4
2.0842555, 1.6217315, -3.662538E-4
2.1021452, 1.6213572, -1.3534723E-4
