0.7708012, 1.0781837, 1.5453037E-4
0.816796, 1.0786703, -2.966154E-4
0.7505186, 1.078301, 4.5795336E-5
0.7913321, 1.0781026, 2.2977199E-4
0.7507803, 1.0786507, -2.7854423E-4
0.83322215, 1.0780556, 2.7331876E-4
0.82499105, 1.0783633, -1.2011247E-5
0.85077566, 1.0786532, -2.8087193E-4
0.7104881, 1.0783141, 3.3632452E-5
0.8678474, 1.0784689, -1.0997552E-4
0.8897525, 1.0785884, -2.2070858E-4
0.6711862, 1.0781839, 1.5437111E-4
0.69451535, 1.0780478, 2.8061762E-4
0.9026098, 1.0781604, 1.7614964E-4
0.9119817, 1.0787545, -3.7483466E-4
0.92066795, 1.0784776, -1.1804698E-4
0.6329231, 1.0785114, -1.4928426E-4
0.6403415, 1.078153, 1.8301496E-4
0.95668745, 1.0782988, 4.7846755E-5
0.96561825, 1.0780305, 2.966383E-4
0.9754594, 1.0787156, -3.3871148E-4
0.6100573, 1.0782372, 1.0493255E-4
0.58398616, 1.0784825, -1.2250646E-4
0.59500754, 1.0781851, 1.5328797E-4
0.6101933, 1.0785005, -1.3919504E-4
0.98450416, 1.0784568, -9.8657554E-5
1.0027443, 1.077939, 3.8144295E-4
0.5690254, 1.078232, 1.09689776E-4
0.5507492, 1.0784471, -8.9769404E-5
1.0408407, 1.0779291, 3.9065623E-4
1.0512853, 1.0787205, -3.4323102E-4
0.52875346, 1.0782051, 1.3466002E-4
0.5072088, 1.078465, -1.0635057E-4
1.0751643, 1.0781223, 2.115566E-4
0.48925167, 1.0783721, -2.0230891E-5
0.44327125, 1.0783523, -1.8051685E-6
0.45380068, 1.0783323, 1.674941E-5
0.41196463, 1.0784912, -1.3057943E-4
0.38434088, 1.0784006, -4.6634304E-5
0.36039677, 1.0783756, -2.338234E-5
0.34682238, 1.0784173, -6.2052364E-5
0.34677273, 1.0782856, 6.0120146E-5
0.32649848, 1.0783271, 2.1613801E-5
0.2929464, 1.0783165, 3.1400334E-5
0.2563855, 1.0783967, -4.292177E-5
0.24644667, 1.0783243, 2.41094E-5
0.27629894, 1.0784056, -5.120154E-5
0.23983692, 1.0782868, 5.898705E-5
0.22668622, 1.078385, -3.218008E-5
0.20697856, 1.0783343, 1.4850949E-5
0.18735322, 1.0783291, 1.9629744E-5
0.17430736, 1.0783443, 5.5737114E-6
0.16454446, 1.0783645, -1.312498E-5
0.1353257, 1.0783672, -1.5640166E-5
0.12560712, 1.0783306, 1.8295988E-5
0.109445706, 1.078372, -2.0122403E-5
0.08685176, 1.0783644, -1.3086873E-5
0.10944021, 1.0783387, 1.0804163E-5
0.94780403, 1.0785669, -2.0080988E-4
1.0128771, 1.0786766, -3.025085E-4
0.39462024, 1.0783073, 3.9930732E-5
0.93378615, 1.078062, 2.6738003E-4
0.9935989, 1.078198, 1.4137053E-4
0.4293141, 1.0784024, -4.8262238E-5
0.85043055, 1.0782442, 9.841093E-5
0.6713561, 1.0784811, -1.2123507E-4
0.7343804, 1.0782844, 6.122422E-5
0.29296803, 1.0784173, -6.2086925E-5
0.26630458, 1.0783024, 4.4459688E-5
0.048211507, 1.0783485, 1.7078307E-6
0.025706107, 1.0783503, -1.4220325E-8
0.012852236, 1.0783534, -2.8944942E-6
0.03534922, 1.0783482, 2.0716418E-6
