0.66722107, 1.974923, -9.622327E-6
0.69367397, 1.9748755, 1.4385016E-5
0.6305199, 1.9751046, -1.016167E-4
0.6777765, 1.9748949, 4.5735333E-6
0.7096382, 1.9748807, 1.1798139E-5
0.6514497, 1.9749866, -4.185427E-5
0.73105127, 1.9749354, -1.5907572E-5
0.72032696, 1.9749013, 1.3111054E-6
0.61489344, 1.9752156, -1.5780302E-4
0.6043391, 1.9747357, 8.517682E-5
0.5836671, 1.9749519, -2.4281144E-5
0.5939905, 1.9748404, 3.2178603E-5
0.7472116, 1.9750149, -5.621623E-5
0.76888674, 1.9751717, -1.3557667E-4
0.5733683, 1.9750701, -8.412287E-5
0.5629464, 1.9746788, 1.14001276E-4
0.5527003, 1.9748194, 4.2815256E-5
0.5424766, 1.9749651, -3.0987052E-5
0.7904022, 1.9745922, 1.5787213E-4
0.8179037, 1.974925, -1.0708047E-5
0.8068683, 1.9747778, 6.3891835E-5
0.5219693, 1.9748, 5.2636733E-5
0.53227437, 1.9751148, -1.0678728E-4
0.50674546, 1.9750526, -7.527931E-5
0.8289839, 1.9750907, -9.459182E-5
0.8509042, 1.9745994, 1.542598E-4
0.84011036, 1.9752759, -1.8833335E-4
0.4813578, 1.9750601, -7.9083366E-5
0.49145207, 1.9748759, 1.419931E-5
0.47118297, 1.9748337, 3.5570603E-5
0.46112785, 1.9750296, -6.3643536E-5
0.87337345, 1.975037, -6.733132E-5
0.86211413, 1.9748077, 4.8698505E-5
0.8956181, 1.9746175, 1.4506641E-4
0.88468343, 1.9752872, -1.9407428E-4
0.45100015, 1.974836, 3.439671E-5
0.44098133, 1.9750409, -6.93591E-5
0.4308974, 1.9748769, 1.373287E-5
0.42091233, 1.9750885, -9.346013E-5
0.90701985, 1.9748949, 4.6123655E-6
0.918476, 1.9751952, -1.474878E-4
0.9295226, 1.974531, 1.8883163E-4
0.40084693, 1.9748305, 3.719787E-5
0.410869, 1.9749506, -2.3615557E-5
0.38591653, 1.975003, -5.012029E-5
0.9410771, 1.9748611, 2.1689706E-5
0.95268947, 1.9752153, -1.5767028E-4
0.9755735, 1.9749457, -2.1111206E-5
0.96385586, 1.9745591, 1.7460424E-4
0.36598185, 1.9748363, 3.4286204E-5
0.3461666, 1.9750042, -5.0789764E-5
0.9986478, 1.974713, 9.671797E-5
0.98735315, 1.9753582, -2.3004616E-4
1.0105398, 1.9751602, -1.2976136E-4
0.32636064, 1.974921, -8.628345E-6
0.30661383, 1.9748799, 1.2188149E-5
1.0339296, 1.9750028, -5.0046245E-5
1.0219202, 1.9745189, 1.9499402E-4
1.0514654, 1.9746277, 1.398303E-4
0.28692076, 1.9748743, 1.4983465E-5
0.26237077, 1.9749064, -1.2361899E-6
0.27218166, 1.9748887, 7.726884E-6
1.0697342, 1.9754399, -2.7140946E-4
1.0936868, 1.9754122, -2.5738066E-4
1.0813533, 1.9748203, 4.2367436E-5
0.24767551, 1.9749436, -2.007241E-5
0.23299988, 1.9749887, -4.2930475E-5
0.22320959, 1.9748574, 2.3547254E-5
1.1054054, 1.9748001, 5.2584473E-5
1.1178746, 1.9754342, -2.6846392E-4
1.1296971, 1.9748307, 3.7082897E-5
0.2036948, 1.974948, -2.2332242E-5
0.21344821, 1.9749018, 1.0784267E-6
0.19393498, 1.9748536, 2.5483796E-5
0.18419744, 1.9749082, -2.154258E-6
1.1482726, 1.9752114, -1.5562175E-4
1.166216, 1.974318, 2.9669967E-4
1.1790384, 1.9750535, -7.573846E-5
0.16473147, 1.9748958, 4.129748E-6
0.17446633, 1.9749615, -2.913194E-5
0.1550132, 1.9749526, -2.4610365E-5
0.14529255, 1.9749038, 9.337498E-8
1.1911308, 1.9744676, 2.2092424E-4
1.2041086, 1.9752502, -1.7536987E-4
1.2163202, 1.974676, 1.1541586E-4
0.13073091, 1.9749429, -1.9729681E-5
0.1064799, 1.974953, -2.4858304E-5
0.11617375, 1.9748992, 2.44403E-6
1.2294595, 1.9755074, -3.055216E-4
1.2541846, 1.9743818, 2.6437236E-4
1.2417951, 1.9749453, -2.0964406E-5
0.09194121, 1.9749286, -1.24580465E-5
0.072568856, 1.9749132, -4.7083995E-6
1.2675667, 1.9752778, -1.8931326E-4
1.2936468, 1.9756753, -3.9058743E-4
1.2800871, 1.9747274, 8.940894E-5
0.0532083, 1.9749124, -4.331834E-6
0.033856012, 1.9749184, -7.2828207E-6
1.3063034, 1.975139, -1.1905041E-4
1.3190199, 1.9746022, 1.5277154E-4
1.3328456, 1.975619, -3.620272E-4
0.014508776, 1.9749231, -9.750876E-6
1.3586289, 1.9745742, 1.669898E-4
1.3457056, 1.9750968, -9.763395E-5
1.3727353, 1.975662, -3.8382653E-4
1.3858104, 1.9751554, -1.2728044E-4
1.3989518, 1.974648, 1.2960062E-4
1.4121605, 1.9741402, 3.86719E-4
1.4266562, 1.9753188, -2.1004846E-4
1.4467494, 1.9745822, 1.6290184E-4
1.4682839, 1.9755913, -3.4806848E-4
1.4955881, 1.9746435, 1.3192353E-4
1.4818984, 1.9751174, -1.0810892E-4
1.5093541, 1.9741695, 3.7189916E-4
1.5315809, 1.9752921, -1.9651104E-4
1.5525857, 1.9746075, 1.5013732E-4
1.5666978, 1.9741515, 3.8103177E-4
1.5895734, 1.9753817, -2.4193231E-4
1.6111219, 1.9747245, 9.083784E-5
1.6256036, 1.9742862, 3.128276E-4
1.6491728, 1.9756267, -3.659324E-4
1.6713024, 1.9749964, -4.6854773E-5
1.6861795, 1.9745759, 1.6609693E-4
1.7011516, 1.9741548, 3.7929634E-4
1.7180405, 1.9758271, -4.674291E-4
1.7332401, 1.9754244, -2.635167E-4
1.7507235, 1.9510832, 0.012061758
1.7485398, 1.9750212, -5.9378865E-5
1.749101, 1.906195, 0.03479104
