1.5490731, -1.6467309, 3.7153935E-4
1.5919199, -1.6475813, -1.4467433E-4
1.571259, -1.648067, -4.3951126E-4
1.5221698, -1.6474061, -3.829933E-5
1.508851, -1.6477427, -2.4260562E-4
1.5355766, -1.647069, 1.6639385E-4
1.6093187, -1.6471746, 1.0231738E-4
1.6303892, -1.6466837, 4.003159E-4
1.4809169, -1.6466839, 4.001116E-4
1.4956193, -1.6480787, -4.4658015E-4
1.4678833, -1.6470352, 1.8685851E-4
1.6500592, -1.6482177, -5.3097075E-4
1.4484975, -1.6475614, -1.3256996E-4
1.4292729, -1.648087, -4.5159558E-4
1.6933682, -1.6472697, 4.449847E-5
1.7080154, -1.6469495, 2.3884527E-4
1.4088464, -1.6469767, 2.2239322E-4
1.3900123, -1.6475252, -1.10537585E-4
1.7227709, -1.646627, 4.3466742E-4
1.7389733, -1.6472719, -6.252721E-4
1.7510684, -1.648128, -4.7651475E-4
1.769952, -1.6477375, -2.3941754E-4
1.7996914, -1.6460141, 1.3878968E-4
1.7851955, -1.6474211, -4.737766E-5
1.3079588, -1.6468949, 2.720473E-4
1.8121636, -1.6468592, 2.9374444E-4
1.2653027, -1.646837, 3.0717455E-4
1.2781978, -1.6478835, -3.2810797E-4
1.8657062, -1.6479962, -3.9650348E-4
1.2419596, -1.6476564, -1.9028632E-4
1.2536, -1.6472468, 5.8430232E-5
1.2293407, -1.6466737, 4.0638848E-4
1.8857546, -1.6475928, -1.5160284E-4
1.914137, -1.647016, 1.9850288E-4
1.2064018, -1.6475203, -1.07621076E-4
1.2178419, -1.6470971, 1.4926384E-4
1.1950197, -1.6479433, -3.6431086E-4
1.1827393, -1.6470358, 1.8654647E-4
1.9305422, -1.6466787, 4.0323206E-4
1.9470816, -1.6463358, 6.1140384E-4
1.9876485, -1.6478971, -3.3628364E-4
2.0175452, -1.6472893, 3.2657306E-5
2.0348346, -1.6469319, 2.4957134E-4
1.070293, -1.647815, -2.8649747E-4
2.0522704, -1.6465666, 4.713101E-4
2.0698557, -1.6461933, 6.979136E-4
2.0907323, -1.6482872, -5.7315256E-4
2.108675, -1.6479158, -3.476812E-4
1.0100236, -1.6470721, 1.644854E-4
0.98344636, -1.6472514, 5.566328E-5
2.1267743, -1.6475353, -1.16771844E-4
2.1450324, -1.6471453, 1.20029756E-4
0.95209795, -1.6477365, -2.3884745E-4
2.1634517, -1.6467452, 3.62946E-4
2.1820345, -1.6463344, 6.1234186E-4
0.9312464, -1.6477598, -2.529552E-4
0.9100622, -1.6468647, 2.903911E-4
2.2042646, -1.6485159, -7.119472E-4
2.2232394, -1.6481025, -4.6106594E-4
0.8896226, -1.646992, 2.1317549E-4
0.86936307, -1.6471539, 1.1488055E-4
2.2423863, -1.6476773, -2.0291252E-4
0.8569683, -1.6476064, -1.5979956E-4
0.7995707, -1.647557, -1.2985537E-4
0.7871151, -1.6472487, 5.7256388E-5
0.7265074, -1.6475475, -1.2410933E-4
0.70721525, -1.6472707, 4.3916054E-5
0.6361014, -1.6462452, -1.6177828E-6
0.59004176, -1.647311, 1.9415584E-5
0.5261023, -1.6471756, 1.0161991E-4
0.5352903, -1.6475759, -1.4136752E-4
0.5170934, -1.6472629, 4.8616013E-5
0.5081066, -1.6473563, -8.008295E-6
0.48560852, -1.6471871, 9.463231E-5
0.49914107, -1.647455, -6.7963374E-5
0.46780786, -1.6474301, -5.281552E-5
0.4543962, -1.6472299, 6.868002E-5
0.4455552, -1.6473699, -1.623647E-5
0.43673125, -1.647512, -1.02492355E-4
0.42782962, -1.6472933, 3.0171042E-5
0.41018462, -1.6472585, 5.133221E-5
0.41023672, -1.6474346, -5.5565804E-5
0.39261466, -1.6472607, 5.005627E-5
0.38389286, -1.6474316, -5.376916E-5
0.3664219, -1.6474712, -7.7782504E-5
0.37511438, -1.6472946, 2.9373528E-5
0.3489911, -1.6473988, -3.3889788E-5
0.3316101, -1.6473594, -9.890033E-6
0.31427214, -1.6472325, 6.709544E-5
0.29488128, -1.6473708, -1.6818582E-5
0.2497767, -1.6472937, 3.0021552E-5
0.20709357, -1.6473765, -2.034245E-5
0.19006465, -1.6472987, 2.6916387E-5
0.16459022, -1.6473, 2.6149983E-5
0.17732506, -1.647356, -7.842673E-6
0.1434058, -1.6473125, 1.8541461E-5
0.1518804, -1.6473672, -1.47073915E-5
0.12648338, -1.6473193, 1.4347119E-5
0.1349456, -1.6473598, -1.0179563E-5
0.10535757, -1.6473265, 1.0064332E-5
0.118032694, -1.6473666, -1.4337733E-5
0.08847582, -1.6473532, -6.129091E-6
0.07160498, -1.6473322, 6.6155944E-6
0.050533198, -1.647327, 9.7331285E-6
0.029473009, -1.6473323, 6.4995525E-6
0.012630386, -1.6473365, 3.990186E-6
1.3400178, -1.6485343, -5.5079563E-5
1.9665396, -1.6483192, -5.9255806E-4
1.3638703, -1.6466815, 4.0150894E-4
1.8987741, -1.6484345, 5.457971E-6
0.9731544, -1.6477549, -2.4996605E-4
2.2617073, -1.6472398, 6.267842E-5
1.3775566, -1.6478908, -3.3252974E-4
1.0482241, -1.6476007, -1.5644098E-4
1.3302627, -1.6477287, -2.3406188E-4
1.1597337, -1.6468146, -3.4745724E-4
0.9622996, -1.6472259, 7.108213E-5
0.2885549, -1.6484433, 1.181386E-7
2.0013602, -1.6487257, -1.7123538E-4
1.1686893, -1.6475809, -1.4431163E-4
2.344706, -1.6481104, -4.6578777E-4
2.3650026, -1.6476238, -1.7039216E-4
2.3854904, -1.6471217, 1.3444622E-4
2.4061728, -1.6466036, 4.4894044E-4
1.8316345, -1.6464511, 5.4145185E-4
1.0588546, -1.6471217, 1.3439084E-4
1.8498182, -1.6483135, -5.891246E-4
0.99442387, -1.6478163, -2.872913E-4
1.0369265, -1.6469481, 2.3976064E-4
0.9413613, -1.647243, 6.074159E-5
1.2900498, -1.6474881, -8.8073764E-5
