0.09437384, -1.208988, -1.20818695E-5
0.072028264, -1.2089837, -8.673895E-6
0.08437437, -1.258888, 1.0505293E-5
0.084055364, -1.2089596, 1.1286207E-5
0.10986545, -1.208956, 1.43241505E-5
0.05494517, -1.2119365, -2.7458952E-7
0.109866284, -1.2089882, -1.2330445E-5
0.11258179, -1.2588882, 1.0256677E-5
0.11258264, -1.2589219, -1.6357257E-5
0.06506832, -1.2060027, 6.2842273E-6
0.12365379, -1.2089936, -1.6847953E-5
0.070294484, -1.258912, -8.504814E-6
0.09494692, -1.2589159, -1.158356E-5
0.046284653, -1.2089639, 7.662955E-6
0.13400152, -1.2089442, 2.3980327E-5
0.03085814, -1.208966, 5.9909357E-6
0.024030712, -1.2119387, -2.1004184E-6
0.049189452, -1.2588968, 3.488287E-6
0.11405407, -1.2856458, -1.615527E-5
0.13377854, -1.2588936, 6.077726E-6
0.08726467, -1.2856154, 7.4520894E-6
0.12671106, -1.2589276, -2.093556E-5
0.06418185, -1.2888137, 3.4521083E-6
0.10690191, -1.2856141, 8.477973E-6
0.07299861, -1.2856381, -1.0079868E-5
0.09797646, -1.2856455, -1.5842752E-5
0.15474159, -1.2089434, 2.4780657E-5
0.14436963, -1.2089853, -1.0042913E-5
0.010298207, -1.2119417, -4.516115E-6
0.021075455, -1.2589015, -1.6916105E-7
0.031615674, -1.2588983, 2.3051325E-6
0.0102679115, -1.2060002, 8.266887E-6
0.14793909, -1.258919, -1.4135416E-5
0.12836713, -1.2856517, -2.0678313E-5
0.12836574, -1.285613, 9.417065E-6
0.14793676, -1.2588742, 2.1419115E-5
0.1703424, -1.208996, -1.8855713E-5
0.17874856, -1.2060018, 7.045736E-6
0.048054233, -1.2856199, 4.0648315E-6
0.05686812, -1.2824342, -1.7461674E-6
0.010537187, -1.2589035, -1.8282531E-6
0.028513703, -1.2888105, 6.031231E-6
0.028425595, -1.2824353, -2.6297544E-6
0.14987023, -1.2855972, 2.1642856E-5
0.14987259, -1.2856429, -1.39245485E-5
0.17277446, -1.258935, -2.6759004E-5
0.16211225, -1.2588611, 3.192063E-5
0.19117036, -1.2089518, 1.7707516E-5
0.010658421, -1.2824395, -5.9120375E-6
0.010691611, -1.2888147, 2.7304209E-6
0.16423097, -1.2855837, 3.209938E-5
0.19411692, -1.2588866, 1.1619864E-5
0.17503253, -1.2856592, -2.6558542E-5
0.18343653, -1.2589071, -4.690718E-6
0.20858483, -1.2089391, 2.8210507E-5
0.18554711, -1.2824438, -9.214602E-6
0.19304103, -1.2856166, 6.567324E-6
0.21195841, -1.2588716, 2.3486253E-5
0.22605526, -1.2089567, 1.3753203E-5
0.2351571, -1.2119495, -1.0997045E-5
0.20929754, -1.2855963, 2.2418917E-5
0.2298527, -1.2588851, 1.2740076E-5
0.24534705, -1.2090188, -3.769022E-5
0.25586542, -1.2088947, 6.49079E-5
0.22922789, -1.2856039, 1.6485352E-5
0.24781533, -1.25894, -3.0769592E-5
0.26291692, -1.2089369, 3.0017227E-5
0.27351996, -1.2090179, -3.6891448E-5
0.2510541, -1.2856644, -3.0621508E-5
0.2658047, -1.2588472, 4.2881482E-5
0.27665654, -1.2589221, -1.6609276E-5
0.28410196, -1.2089123, 5.0434246E-5
0.29476422, -1.2090279, -4.514966E-5
0.26927856, -1.2855698, 4.302158E-5
0.2798398, -1.2824595, -2.151397E-5
0.29115722, -1.2589524, -4.0633735E-5
0.2911265, -1.2588435, 4.5813875E-5
0.30895707, -1.2089342, 3.2327924E-5
0.31254733, -1.2090409, -5.593227E-5
0.28577995, -1.2856942, -5.3849584E-5
0.2949313, -1.2855661, 4.5942816E-5
0.3056995, -1.2590078, -8.467766E-5
0.31295148, -1.2588729, 2.2476488E-5
0.33037144, -1.2089143, 4.877409E-5
0.31704152, -1.2855961, 2.2557102E-5
0.306, -1.2856889, -4.965109E-5
0.32755166, -1.258847, 4.3099E-5
0.32759124, -1.2589741, -5.7834768E-5
0.33187255, -1.2856991, -5.7671336E-5
0.33183253, -1.2855694, 4.3225577E-5
0.34957054, -1.2588589, 3.360004E-5
0.34959984, -1.2589898, -7.0396476E-5
0.35416877, -1.2857153, -7.0150694E-5
0.34668243, -1.285568, 4.4364868E-5
0.3680383, -1.258985, -6.6504144E-5
0.37909502, -1.2588238, 6.1543076E-5
0.37284827, -1.2857105, -6.639817E-5
0.3615958, -1.2855954, 2.3094946E-5
0.3902842, -1.2589768, -6.0054746E-5
0.39538485, -1.285702, -5.990188E-5
0.3840495, -1.2855458, 6.157268E-5
0.416425, -1.2589959, -7.519262E-5
0.40513504, -1.2587913, 8.728513E-5
0.41042978, -1.2855127, 8.7420914E-5
0.43516046, -1.258816, 6.7646084E-5
0.41002658, -1.2090218, -4.022045E-5
0.4239048, -1.2589206, -1.5398165E-5
0.43704045, -1.285572, 4.1302206E-5
0.4256561, -1.2856832, -4.521067E-5
0.4503635, -1.2590641, -1.2936331E-4
0.42466027, -1.2088852, 7.281304E-5
0.43580797, -1.209147, -1.4367487E-4
0.4446547, -1.2855039, 9.4318006E-5
0.45433187, -1.285804, -1.3909194E-4
0.4505883, -1.2090598, -7.1576374E-5
0.46933013, -1.2589604, -4.7011315E-5
0.46968246, -1.2857132, -6.849778E-5
0.46730366, -1.2089854, -1.0155715E-5
0.48458824, -1.258902, -6.114824E-7
0.49609908, -1.2588786, 1.7957102E-5
0.47593766, -1.2059846, 2.121432E-5
0.49674314, -1.285612, 1.0174414E-5
0.48511076, -1.2856449, -1.5402455E-5
0.4897632, -1.2089403, 2.7192506E-5
0.5115259, -1.2588725, 2.2785069E-5
0.5103846, -1.2855948, 2.3516171E-5
0.5086416, -1.2089522, 1.7392678E-5
0.51889414, -1.2119495, -1.0952983E-5
0.5231578, -1.258888, 1.0526559E-5
0.5348544, -1.258925, -1.8920402E-5
0.52606285, -1.2856048, 1.5708098E-5
0.5378857, -1.2856338, -6.7712967E-6
0.5295887, -1.2090235, -4.157192E-5
0.55054045, -1.2590053, -8.2751896E-5
0.549776, -1.2856857, -4.711014E-5
0.55631995, -1.2087301, 2.0111566E-4
0.54495096, -1.2091193, -1.20785255E-4
0.57405186, -1.2586907, 1.6720599E-4
0.5623755, -1.2590901, -1.5003914E-4
0.5775263, -1.2853737, 1.9557327E-4
0.56572384, -1.2857875, -1.2631327E-4
0.5699252, -1.2088599, 9.369409E-5
0.5940257, -1.258903, -1.4135816E-6
0.5860109, -1.2588091, 7.318014E-5
0.58962595, -1.2854888, 1.0592514E-4
0.589519, -1.2090998, -1.0470212E-4
0.60611343, -1.2590675, -1.3215715E-4
0.6179931, -1.2586951, 1.6370449E-4
0.611997, -1.2857671, -1.1042297E-4
0.6027169, -1.2888125, 4.4066755E-6
0.6190061, -1.2090364, -5.2226955E-5
0.60705346, -1.2088323, 1.1657055E-4
0.6261347, -1.2588282, 5.8048157E-5
0.63431215, -1.2589743, -5.8068683E-5
0.63019377, -1.2854826, 1.10751425E-4
0.63477194, -1.2087795, 1.602864E-4
0.6270219, -1.2091894, -1.788484E-4
0.65460837, -1.2587953, 8.414818E-5
0.6425262, -1.2591336, -1.8459716E-4
0.658969, -1.2854266, 1.5432778E-4
0.6467628, -1.2857811, -1.21389254E-4
0.65082735, -1.2088377, 1.1202704E-4
0.667069, -1.259075, -1.3804805E-4
0.6750919, -1.2586515, 1.9833341E-4
0.6673581, -1.2856072, 1.3864635E-5
0.6757871, -1.2858026, -1.3812674E-4
0.6752213, -1.2091451, -1.421735E-4
0.6919176, -1.2590878, -1.4824377E-4
0.6834837, -1.258862, 3.1174113E-5
0.68816555, -1.2854776, 1.1463939E-4
0.69987977, -1.28263, -1.543866E-4
0.6852087, -1.2088023, 1.4123638E-4
0.7128153, -1.2590474, -1.16076255E-4
0.7000274, -1.2586695, 1.8410053E-4
0.7135819, -1.2856841, -4.5861627E-5
0.7091763, -1.2853885, 1.839874E-4
0.7077943, -1.2088373, 1.1239979E-4
0.725296, -1.2587674, 1.0629712E-4
0.73393285, -1.2590524, -1.20130746E-4
0.73477507, -1.2854886, 1.0616882E-4
0.7264648, -1.2859087, -2.2062496E-4
0.7328002, -1.2090147, -3.4265897E-5
0.7509203, -1.2589521, -4.0436684E-5
0.75072455, -1.2585952, 2.4305804E-4
0.7478206, -1.2857543, -1.0045551E-4
0.7518983, -1.2853622, 2.0438255E-4
0.7581768, -1.2092822, -2.5550555E-4
0.74737513, -1.2088647, 8.9657406E-5
0.7680616, -1.2588793, 1.7386947E-5
0.77692443, -1.2592306, -2.6169373E-4
0.7736367, -1.285433, 1.4932857E-4
0.7619069, -1.2888626, -3.4403285E-5
0.7664118, -1.2089027, 5.836217E-5
0.7943206, -1.259213, -2.4760797E-4
0.78536314, -1.2588357, 5.2045383E-5
0.7870784, -1.2859619, -2.6197458E-4
0.7956273, -1.2855585, 5.183272E-5
0.81188774, -1.259227, -2.5881172E-4
0.80283165, -1.2588228, 6.228704E-5
0.8047019, -1.2859437, -2.4789368E-4
0.81332415, -1.2855453, 6.204329E-5
0.8093593, -1.2089343, 3.217969E-5
0.81173, -1.2092326, -2.1463427E-4
0.8293859, -1.2588689, 2.5664764E-5
0.8296327, -1.2592742, -2.9631314E-4
0.82698584, -1.2859701, -2.6842614E-4
0.83119714, -1.2855651, 4.663936E-5
0.846997, -1.2585155, 3.0636802E-4
0.85630953, -1.2589841, -6.586929E-5
0.83564603, -1.2090449, -5.9343256E-5
0.85585994, -1.2853286, 2.3077421E-4
0.8448578, -1.2858135, -1.461757E-4
0.85341454, -1.2091655, -1.5899476E-4
0.84421647, -1.2086864, 2.3727675E-4
0.87451744, -1.2591096, -1.6553287E-4
0.8650921, -1.258611, 2.3058956E-4
0.86750096, -1.2857101, -6.616088E-5
0.87639815, -1.2853287, 2.3048562E-4
0.8713819, -1.2093226, -2.889376E-4
0.88338655, -1.2587438, 1.2510282E-4
0.8929293, -1.2592734, -2.9567155E-4
0.86657655, -1.2088549, 9.7832744E-5
0.88594687, -1.2858384, -1.6585464E-4
0.8949318, -1.2854645, 1.2490802E-4
0.9108865, -1.2585559, 2.742665E-4
0.9018883, -1.2589152, -1.11370955E-5
0.90913737, -1.2858226, -1.5368167E-4
0.92969906, -1.2587763, 9.921516E-5
0.93007624, -1.2592537, -2.7998176E-4
0.93263733, -1.285856, -1.7964005E-4
0.92279124, -1.2852728, 2.739661E-4
0.94873935, -1.2590387, -1.0922771E-4
0.92584497, -1.2090969, -1.0225655E-4
0.9579749, -1.2586963, 1.627367E-4
0.95415086, -1.2860279, -3.1312442E-4
0.9418496, -1.2854979, 9.8948076E-5
0.97268623, -1.259178, -2.1989908E-4
0.9492139, -1.2092307, -2.1288014E-4
0.970495, -1.2854161, 1.6249368E-4
0.9708882, -1.2859217, -2.3099707E-4
0.99698734, -1.259372, -3.7397555E-4
0.9729285, -1.2094169, -3.6689528E-4
0.98674196, -1.2586784, 1.7697974E-4
0.96293044, -1.2087507, 1.8402145E-4
0.9877605, -1.2858233, -1.5404612E-4
0.9980979, -1.2822142, 1.6978745E-4
1.0064832, -1.2590487, -1.1716575E-4
0.9938463, -1.2087184, 2.1100757E-4
0.9821953, -1.2091064, -1.1011274E-4
1.0160276, -1.2587254, 1.396143E-4
1.0124185, -1.2860239, -3.1001584E-4
1.001178, -1.2885814, 1.8376911E-4
1.0256208, -1.2584018, 3.9672395E-4
1.0107319, -1.2086947, 2.2997604E-4
1.0361488, -1.2591531, -2.0006298E-4
1.0111449, -1.2092063, -1.9280752E-4
1.0212082, -1.2889605, -1.1038509E-4
1.0317323, -1.2853634, 2.0366936E-4
1.0507418, -1.2586834, 1.730257E-4
1.0277641, -1.2086802, 2.4249667E-4
1.0391198, -1.2063929, -3.1731089E-4
1.0492612, -1.2853386, 2.2240543E-4
1.0496905, -1.2858825, -2.0027075E-4
1.0584432, -1.2058139, 1.6280796E-4
1.0713258, -1.2591755, -2.179144E-4
1.0478816, -1.2091554, -1.5057874E-4
1.0669433, -1.2853233, 2.3493786E-4
1.0786546, -1.282875, -3.4544335E-4
1.0789791, -1.2063488, -2.80725E-4
1.0673139, -1.208575, 3.2954972E-4
1.0912111, -1.2585711, 2.6212743E-4
1.0878277, -1.2858286, -1.5817187E-4
1.0987133, -1.2822593, 1.3456847E-4
1.0879779, -1.2091198, -1.2102983E-4
1.0987805, -1.2057914, 1.814666E-4
1.112353, -1.2591357, -1.8628346E-4
1.1080009, -1.2852114, 3.218706E-4
1.1198936, -1.2063975, -3.2117649E-4
1.1078947, -1.208561, 3.4114555E-4
1.1327329, -1.258554, 2.758723E-4
1.1268907, -1.2858648, -1.8650616E-4
1.1291432, -1.2091773, -1.6853966E-4
1.1544715, -1.2591928, -2.3163532E-4
1.147537, -1.2852707, 2.7562515E-4
1.1470162, -1.2087073, 2.1988158E-4
1.1701216, -1.2587737, 1.0127654E-4
1.1695596, -1.285923, -2.31848E-4
1.1688528, -1.2093937, -3.4782957E-4
1.1806394, -1.2584943, 3.2322787E-4
1.1924219, -1.2594825, -4.6174464E-4
1.1907418, -1.2853525, 2.1204696E-4
1.1950811, -1.2087504, 1.8437451E-4
1.1845369, -1.2090079, -2.8648943E-5
1.2084608, -1.2590809, -1.4279128E-4
1.2107043, -1.2861509, -4.0889494E-4
1.2056925, -1.2084926, 3.9757823E-4
1.2176623, -1.2095162, -4.4902595E-4
1.2300711, -1.2585447, 2.8327268E-4
1.2269697, -1.2857407, -8.983813E-5
1.238729, -1.2822158, 1.6851752E-4
1.231142, -1.209208, -1.9403848E-4
1.2532935, -1.259348, -3.5493157E-4
1.2488971, -1.285193, 3.3623763E-4
1.2529354, -1.2087119, 2.1631949E-4
1.2410978, -1.2120008, -5.3326454E-5
1.2699249, -1.2589625, -4.873332E-5
1.2696733, -1.2860818, -3.551839E-4
1.2630334, -1.2115042, 3.5647405E-4
1.2736616, -1.2096246, -5.387985E-4
1.2867401, -1.2585758, 2.5847313E-4
1.2865219, -1.285688, -4.89871E-5
1.2978532, -1.2854247, 1.5575743E-4
1.2904444, -1.2092686, -2.44254E-4
1.3108795, -1.2594677, -4.5001035E-4
1.3092605, -1.2851613, 3.6074457E-4
1.3102266, -1.2088511, 1.01148114E-4
1.3281167, -1.2590967, -1.5528941E-4
1.3397139, -1.2588481, 4.2241747E-5
1.3280118, -1.2862041, -4.503116E-4
1.3273811, -1.2084908, 3.991379E-4
1.3513924, -1.2585987, 2.4030615E-4
1.3454742, -1.285825, -1.5556361E-4
1.3572233, -1.2855713, 4.1856627E-5
1.3492327, -1.2095014, -4.3682303E-4
1.3631526, -1.2583479, 4.3950995E-4
1.3766218, -1.2595834, -5.418856E-4
1.3720281, -1.2852526, 2.898228E-4
1.3668199, -1.2091541, -1.4963362E-4
1.3766321, -1.2059406, 5.7733476E-5
1.388579, -1.2593431, -3.5108693E-4
1.3946133, -1.2863219, -5.420225E-4
1.3830941, -1.2882416, 4.4738108E-4
1.3875977, -1.2087445, 1.892652E-4
1.4127539, -1.2588589, 3.361595E-5
1.4006227, -1.2591019, -1.5939446E-4
1.4097725, -1.2860153, -3.0350234E-4
1.4025967, -1.2084491, 4.3356974E-4
1.4164681, -1.2097213, -6.1869615E-4
1.4311293, -1.2584912, 3.2574305E-4
1.421112, -1.2890131, -1.5124028E-4
1.4312177, -1.2855821, 3.3351676E-5
1.431767, -1.2094362, -3.8280844E-4
1.4514993, -1.2596929, -6.28836E-4
1.4498332, -1.2852066, 3.2557565E-4
1.4703363, -1.2593361, -3.4542094E-4
1.4704695, -1.2864337, -6.2904134E-4
1.4690709, -1.2087379, 1.948682E-4
1.4893646, -1.2589749, -5.8542257E-5
1.4895527, -1.2860696, -3.457587E-4
1.4880481, -1.20838, 4.909436E-4
1.5086367, -1.2586071, 2.3354663E-4
1.5194701, -1.2822697, 1.2652857E-4
1.5088296, -1.2857006, -5.8751968E-5
1.5092608, -1.2096283, -5.4167246E-4
1.5281084, -1.2582339, 5.30106E-4
1.5316193, -1.2852623, 2.822561E-4
1.528741, -1.2092764, -2.5068733E-4
1.5499064, -1.259536, -5.042042E-4
1.5480797, -1.2849438, 5.299119E-4
1.5494907, -1.2058749, 1.12237314E-4
1.54742, -1.2119586, -1.8531084E-5
1.5698949, -1.2591689, -2.1262263E-4
1.5701625, -1.2862736, -5.0446147E-4
1.5684091, -1.2085484, 3.514993E-4
1.5833627, -1.2589192, -1.4337273E-5
1.5969392, -1.2586657, 1.8711045E-4
1.5904121, -1.2858987, -2.1281566E-4
1.5987058, -1.206707, -5.777559E-4
1.5852187, -1.2082348, 6.108531E-4
1.6106259, -1.258408, 3.918038E-4
1.6040561, -1.2856438, -1.4541017E-5
1.6153209, -1.2822039, 1.7784124E-4
1.6113505, -1.2095052, -4.3985917E-4
1.6244247, -1.258146, 5.99843E-4
1.628204, -1.2851877, 3.4034354E-4
1.6286287, -1.2091913, -1.8037725E-4
1.6476916, -1.2595332, -5.020573E-4
1.6456548, -1.2848542, 5.9959735E-4
1.6595436, -1.283219, -6.13701E-4
1.6496246, -1.2088032, 1.4068467E-4
1.668909, -1.2591426, -1.9173138E-4
1.672783, -1.2862054, -4.5128318E-4
1.6708579, -1.2084038, 4.7104753E-4
1.6904242, -1.2587384, 1.2931447E-4
1.6907206, -1.2858719, -1.9196322E-4
1.6851748, -1.2081299, 6.9764093E-4
1.6996676, -1.2066827, -5.576278E-4
1.7121829, -1.2583228, 4.594399E-4
1.708858, -1.2855289, 7.486982E-5
1.713122, -1.2094622, -4.0424283E-4
1.7268541, -1.2580376, 6.8603316E-4
1.73087, -1.2851061, 4.0384842E-4
1.7315149, -1.2091147, -1.16976495E-4
1.751756, -1.2594959, -4.7237086E-4
1.7494228, -1.2847433, 6.858434E-4
1.7501233, -1.208755, 1.8069375E-4
1.7743405, -1.2590632, -1.2873115E-4
1.770853, -1.2863052, -5.289585E-4
1.7895732, -1.2587652, 1.08008244E-4
1.7898695, -1.2859397, -2.4448865E-4
1.7946033, -1.209834, -7.119499E-4
1.8049403, -1.2584594, 3.5094534E-4
1.8129616, -1.2854865, 1.0786241E-4
1.8002945, -1.288972, -1.19312484E-4
1.83899, -1.2598127, -7.240186E-4
1.8204441, -1.2581457, 6.0011755E-4
1.8100519, -1.2095306, -4.610105E-4
1.8285297, -1.2851743, 3.5066484E-4
1.8256403, -1.2092186, -2.0291985E-4
1.8386605, -1.2059147, 7.913841E-5
1.854821, -1.259497, -4.7330654E-4
1.844236, -1.2848537, 5.9992296E-4
1.8707949, -1.2591721, -2.1520388E-4
1.8532705, -1.2086498, 2.6774578E-4
1.8670275, -1.2864758, -6.6159817E-4
1.8732656, -1.2082267, 6.175256E-4
1.8869145, -1.2588378, 5.0317838E-5
1.8911929, -1.285985, -2.7990525E-4
1.9113901, -1.2583168, 4.6430324E-4
1.8925726, -1.2098823, -7.519537E-4
1.9115753, -1.2855608, 4.9991766E-5
1.9089435, -1.2095361, -4.6554834E-4
1.9393836, -1.259864, -7.6473673E-4
1.928055, -1.2852094, 3.23317E-4
1.9392887, -1.2058274, 1.5165721E-4
1.9561595, -1.2595034, -4.7835053E-4
1.925468, -1.2091789, -1.7014012E-4
1.9446864, -1.2848475, 6.047572E-4
1.9505548, -1.2086205, 2.920737E-4
1.9730928, -1.2591317, -1.830289E-4
1.9689722, -1.2865167, -6.9331337E-4
1.9901856, -1.2587479, 1.2177809E-4
1.9902892, -1.286051, -3.3093843E-4
1.9966198, -1.2097363, -6.312515E-4
2.0074408, -1.2583522, 4.3617596E-4
2.0019524, -1.289041, -1.7288336E-4
2.0161958, -1.2854688, 1.2156399E-4
2.0140035, -1.2093332, -2.977302E-4
2.0248601, -1.2579434, 7.608524E-4
2.0336766, -1.2850645, 4.3607675E-4
2.0315557, -1.2089164, 4.701554E-5
2.0460055, -1.2597127, -6.4460054E-4
2.0513234, -1.2846471, 7.606986E-4
2.0638192, -1.259293, -3.1115205E-4
2.0727453, -1.2864541, -6.44811E-4
2.0908868, -1.2586348, 2.1168061E-4
2.0907917, -1.2860253, -3.1133348E-4
2.1183078, -1.2579468, 7.5812027E-4
2.1090136, -1.2855822, 3.3310112E-5
2.1274128, -1.2851241, 3.896437E-4
2.150086, -1.2595072, -4.8138484E-4
2.1459928, -1.2846506, 7.579055E-4
2.1686797, -1.286489, -6.719609E-4
2.1784236, -1.2587712, 1.0331782E-4
2.1975682, -1.2582577, 5.111698E-4
2.1445227, -1.2083383, 5.252152E-4
2.1876922, -1.2859994, -2.911536E-4
2.2068944, -1.2854927, 1.0304064E-4
2.2210536, -1.2600796, -9.3608996E-4
2.2262888, -1.2849681, 5.109792E-4
2.250081, -1.2868288, -9.362876E-4
2.240654, -1.259546, -5.122152E-4
2.2699378, -1.2862837, -5.1240524E-4
2.2604544, -1.2589935, -7.3266034E-5
2.2899969, -1.2857195, -7.348956E-5
2.280458, -1.2584213, 3.8118853E-4
2.310262, -1.2851353, 3.8094772E-4
2.3006678, -1.2578291, 8.5169735E-4
2.3307357, -1.2845304, 8.5151044E-4
2.3256, -1.2596602, -6.0295884E-4
2.310083, -1.208475, 4.1213818E-4
2.3559937, -1.2864004, -6.0310855E-4
2.3463042, -1.2590417, -1.11604226E-4
2.3307147, -1.2078379, 9.391183E-4
2.3733177, -1.2825904, -1.2350532E-4
2.35628, -1.2095985, -5.1725307E-4
2.367226, -1.2584012, 3.9724715E-4
2.3806202, -1.2889476, -1.0037663E-4
2.3944802, -1.2819377, 3.853831E-4
2.3883681, -1.2577379, 9.2411815E-4
2.373923, -1.2059455, 5.365296E-5
2.4088569, -1.2847769, 6.6040765E-4
2.3880997, -1.2085866, 3.2059703E-4
2.414566, -1.2595714, -5.3239206E-4
2.4232986, -1.2876123, 9.3562383E-4
2.4023397, -1.2112242, 5.8747025E-4
2.4362378, -1.2588769, 1.9323192E-5
2.446123, -1.2863098, -5.326632E-4
2.425377, -1.2100031, -8.518177E-4
2.4581413, -1.258157, 5.911434E-4
2.4680777, -1.2856004, 1.9152587E-5
2.4472961, -1.2092776, -2.51774E-4
2.4902673, -1.2848654, 5.909259E-4
2.4694543, -1.2085259, 3.699774E-4
2.485373, -1.2599931, -8.6731504E-4
2.5139885, -1.2835599, -8.7954674E-4
2.4918551, -1.2077473, 0.0010140452
2.5292153, -1.2863557, -5.675963E-4
2.5078347, -1.2592379, -2.6739828E-4
2.5161073, -1.2065072, -4.120896E-4
2.5305412, -1.2584552, 3.54285E-4
2.5445113, -1.2891474, -2.5537546E-4
2.5596771, -1.2819935, 3.419082E-4
2.5235405, -1.212483, -4.512588E-4
2.5390575, -1.2056903, 2.6527612E-4
2.5675497, -1.288346, 3.6631184E-4
2.5534966, -1.2576447, 9.981367E-4
2.5465593, -1.2116625, 2.2579881E-4
2.5868688, -1.2843419, 9.980695E-4
2.566049, -1.2078283, 9.471484E-4
2.6159048, -1.2862009, -4.4790842E-4
2.5821576, -1.2594647, -4.476725E-4
2.595159, -1.2095641, -4.88703E-4
2.635713, -1.2821538, 2.1682947E-4
2.605711, -1.2586123, 2.2949872E-4
2.615151, -1.2056842, 2.703353E-4
2.6518111, -1.2848806, 5.7991996E-4
2.6295269, -1.2577293, 9.309106E-4
2.6310608, -1.2082093, 6.328795E-4
2.667982, -1.2876025, 9.4323186E-4
2.6593568, -1.259537, -5.049751E-4
2.6470425, -1.2107301, 9.952177E-4
2.6941133, -1.2862747, -5.052668E-4
2.6734571, -1.2094626, -4.0476702E-4
2.7147062, -1.2821488, 2.20803E-4
2.683804, -1.258607, 2.3365137E-4
2.694253, -1.2055007, 4.2250266E-4
2.7085283, -1.2576438, 9.988192E-4
2.731384, -1.2848343, 6.160076E-4
2.702217, -1.2114737, 3.8163466E-4
2.7395937, -1.2594321, -4.2165123E-4
2.7481384, -1.2875148, 0.0010113316
2.775398, -1.2861671, -4.2174754E-4
2.7548873, -1.2091675, -1.6070332E-4
2.7649846, -1.2584163, 3.8517162E-4
2.796955, -1.2601969, -0.0010292832
2.796822, -1.2819548, 3.720803E-4
2.80542, -1.2883054, 3.9791447E-4
2.784744, -1.2110876, 7.0022943E-4
2.776534, -1.2051154, 7.419529E-4
2.8230393, -1.2591251, -1.7788968E-4
2.833509, -1.2869486, -0.001029458
2.855546, -1.2826773, -1.9127886E-4
2.8131623, -1.2097797, -6.6707894E-4
2.8354375, -1.2056663, 2.8522406E-4
2.8494287, -1.2580153, 7.037287E-4
2.8643231, -1.2890308, -1.649786E-4
2.8866687, -1.2847205, 7.035424E-4
2.8827567, -1.259763, -6.8459066E-4
2.9159517, -1.2833273, -6.9822517E-4
2.9098797, -1.2585909, 2.4650292E-4
2.9249132, -1.2896836, -6.7143864E-4
2.9442046, -1.2603221, -0.0011286696
1.7727172, -1.2083087, 5.49893E-4
1.9717293, -1.2081358, 6.928472E-4
2.729433, -1.210197, -0.0010121765
