1.9287721, -1.9974965, -3.3355117E-4
1.9121633, -1.9978774, -5.2429334E-4
1.8986083, -1.9801323, -5.5183755E-4
1.9391906, -1.9671972, 3.21373E-5
1.8895943, -1.9683288, -5.4315233E-4
1.9455009, -1.9971133, -1.4169129E-4
1.9105536, -1.9738545, -3.569224E-4
1.9522033, -1.9729047, 1.2477777E-4
1.9690788, -1.9725198, 3.198816E-4
1.9271247, -1.9734764, -1.6525201E-4
1.8934547, -1.9959184, 4.5675616E-4
1.9708381, -1.9965336, 1.4862773E-4
1.8674593, -1.9724915, 3.3422868E-4
1.8690084, -1.9965136, 1.5861266E-4
1.8447888, -1.9971058, -1.3793967E-4
1.8513348, -1.9728835, 1.3556049E-4
1.957789, -1.9254023, -6.2961294E-4
1.9055288, -1.9241273, 3.2925094E-5
1.9303133, -1.9235651, 3.2513766E-4
1.889166, -1.9244987, -1.6004524E-4
1.8729216, -1.9248677, -3.5184162E-4
1.9923744, -1.9685009, -6.305953E-4
1.9964247, -1.9959488, 4.414872E-4
1.9746845, -1.9250398, -4.4121494E-4
1.9917082, -1.9246739, -2.5113777E-4
2.0143619, -1.9740317, -4.4666632E-4
2.0090237, -1.9891776, -6.249589E-4
1.8567934, -1.9252346, -5.42447E-4
1.8389335, -1.96718, 4.085891E-5
1.8287907, -1.9974989, -3.347621E-4
1.8273627, -1.9734676, -1.6084216E-4
1.8115152, -1.9738555, -3.574088E-4
1.8064754, -1.9890175, -5.4439367E-4
1.8306952, -1.9235381, 3.3916446E-4
1.9354699, -1.8974829, -6.2515377E-4
1.9521729, -1.8971256, -4.3675824E-4
1.9690024, -1.8967651, -2.466564E-4
1.9083078, -1.8956724, 3.2953123E-4
1.8838056, -1.8962266, 3.7305777E-5
1.8676298, -1.8965929, -1.5582232E-4
1.8515702, -1.8969562, -3.4746178E-4
2.0317276, -1.9736567, -2.565955E-4
2.0088613, -1.9243046, -5.9154736E-5
2.0335686, -1.997674, -4.2243087E-4
1.9859604, -1.8964013, -5.479065E-5
2.0030482, -1.8960333, 1.3923598E-4
2.0261464, -1.9239311, 1.3489215E-4
2.0492258, -1.973278, -6.4747015E-5
2.0510998, -1.9972943, -2.3231051E-4
1.8070122, -1.924111, 4.144274E-5
1.8356261, -1.8973179, -5.381757E-4
1.7951363, -1.9960755, 3.780271E-4
1.791503, -1.9683406, -5.491498E-4
1.779496, -1.996485, 1.7297237E-4
1.7639596, -1.996894, -3.1833326E-5
1.7913698, -1.924491, -1.560587E-4
1.7704136, -1.9726515, 2.5312832E-4
1.8098254, -1.8956462, 3.4339662E-4
1.9091737, -1.8539729, -5.270147E-4
1.9505616, -1.8530906, -5.0846655E-5
1.9339063, -1.8534465, -2.4288635E-4
1.9673449, -1.852731, 1.4322708E-4
1.8502282, -1.8529204, 4.1031435E-5
1.8343406, -1.853278, -1.5201244E-4
2.0687644, -1.9969108, -4.0235926E-5
2.043565, -1.9235538, 3.3101402E-4
2.0712898, -1.9727988, 1.7826288E-4
2.028945, -1.8954729, 4.3477118E-4
2.02985, -1.8539157, -4.960821E-4
2.0578506, -1.8974286, -5.9655536E-4
2.0611193, -1.9231719, 5.2947685E-4
2.0865648, -1.9965235, 1.537326E-4
2.0935593, -1.9723132, 4.2456685E-4
1.76812, -1.9250579, -4.506852E-4
1.7864125, -1.8962108, 4.5630284E-5
1.8107376, -1.8538103, -4.392394E-4
1.7584914, -1.9669555, 1.549285E-4
1.7485253, -1.9973019, -2.36104E-4
1.7472957, -1.9732568, -5.3998287E-5
1.7282009, -1.9737608, -3.0922255E-4
1.7331917, -1.9977093, -4.4012908E-4
1.7709483, -1.8965852, -1.51802E-4
1.7431546, -1.9234977, 3.6020039E-4
1.9372274, -1.8160269, 1.4629072E-4
1.8880239, -1.8170731, -4.2971616E-4
1.920701, -1.8163792, -4.7711073E-5
1.9043005, -1.8167279, -2.3966932E-4
1.9538814, -1.8156704, 3.425654E-4
1.9706649, -1.8153096, 5.411879E-4
1.9902284, -1.8173628, -5.892525E-4
1.8297832, -1.816036, 1.4127785E-4
1.8535383, -1.8155038, 4.3425246E-4
1.8718697, -1.8174151, -6.180557E-4
1.8062592, -1.8165631, -1.489306E-4
2.118354, -1.9684455, -6.0242804E-4
2.1045027, -1.9961315, 3.5001754E-4
2.0905206, -1.9251623, -5.048948E-4
2.0755255, -1.8970634, -4.039407E-4
2.056028, -1.8533753, -2.044509E-4
2.0245526, -1.8166581, -2.0124706E-4
2.0594292, -1.815932, 1.984734E-4
2.0073228, -1.8170131, -3.9674705E-4
2.0736663, -1.8530078, -6.1661826E-6
2.041921, -1.8162979, -2.9459407E-6
2.093341, -1.896693, -2.0859837E-4
2.117481, -1.924601, -2.1320656E-4
2.136549, -1.9680669, -4.0999218E-4
2.1225803, -1.9957352, 5.485089E-4
2.1284597, -1.98025, -6.112821E-4
1.727967, -1.9238921, 1.5520582E-4
1.7479637, -1.8971442, -4.4653966E-4
1.7698659, -1.8525379, 2.4743663E-4
1.7907276, -1.8169115, -3.407108E-4
1.7127331, -1.9681611, -4.5786717E-4
1.7086022, -1.9962318, 2.9980225E-4
1.6887112, -1.972707, 2.2481788E-4
1.7128804, -1.924286, -4.94918E-5
1.686042, -1.99687, -1.9825102E-5
1.7545713, -1.8529052, 4.9229697E-5
1.7232827, -1.8956062, 3.645382E-4
1.7753074, -1.8172579, -5.314482E-4
2.1356463, -1.9242194, -1.4862163E-5
2.150815, -1.9737759, -3.1671688E-4
2.1436517, -1.9979923, -5.8184005E-4
2.1112995, -1.896317, -1.0369085E-5
2.0914466, -1.8526345, 1.9529574E-4
2.0770798, -1.8155603, 4.0317822E-4
2.0948746, -1.8151822, 6.113512E-4
2.1093714, -1.852255, 4.001113E-4
2.1294029, -1.895935, 1.9107923E-4
2.1539586, -1.923832, 1.8642336E-4
2.1620634, -1.9976076, -3.8917523E-4
2.169272, -1.9733877, -1.20007855E-4
1.7082686, -1.8959953, 1.5930511E-4
1.690448, -1.9248751, -3.5567879E-4
1.7318407, -1.8534534, -2.4664326E-4
1.7503548, -1.8156568, 3.5005325E-4
1.6711279, -1.997295, -2.3265279E-4
1.6701132, -1.973232, -4.1434185E-5
1.6664587, -1.923442, 3.891036E-4
1.6516609, -1.973757, -3.0730065E-4
1.6563067, -1.9977198, -4.4537976E-4
1.6933539, -1.8963833, -4.5328776E-5
1.7277111, -1.8161976, 5.2282685E-5
1.7093173, -1.8539991, -5.4112193E-4
2.1724193, -1.9234382, 3.910811E-4
2.147653, -1.895547, 3.9569824E-4
2.1993291, -1.9968215, 4.448589E-6
2.1806216, -1.9972173, -1.9375641E-4
2.183743, -1.9790901, -2.5176454E-5
2.1920106, -1.9668965, 1.8491247E-4
2.127443, -1.8518693, 6.082334E-4
2.1158097, -1.8173691, -5.926858E-4
2.1339498, -1.8169978, -3.8827513E-4
2.1487033, -1.8541003, -5.9573783E-4
2.1660526, -1.8951521, 6.039281E-4
2.1910312, -1.9230378, 5.991664E-4
2.2181869, -1.9964191, 2.0601928E-4
2.2066326, -1.9725928, 2.828043E-4
1.6711774, -1.8969642, -3.5162264E-4
1.6925672, -1.8523148, 3.6780347E-4
1.651792, -1.9238522, 1.7593022E-4
1.7127552, -1.8165563, -1.452392E-4
1.6244466, -1.972522, 3.1840906E-4
1.6326358, -1.9963739, 2.2859246E-4
1.6367549, -1.9681703, -4.625224E-4
1.6474615, -1.8955519, 3.9310873E-4
1.6299775, -1.924467, -1.4357426E-4
1.6099752, -1.97296, 9.644976E-5
1.61081, -1.9970391, -1.044813E-4
1.6631716, -1.8530742, -4.196427E-5
1.6778204, -1.8526949, 1.6272902E-4
1.690526, -1.817092, -4.4005533E-4
2.212927, -1.9253547, -6.048906E-4
2.187699, -1.8974354, -6.001689E-4
2.1671257, -1.8537219, -3.914759E-4
2.2255416, -1.9721859, 4.891325E-4
2.2371979, -1.9960103, 4.1071375E-4
2.1522415, -1.8166194, -1.799672E-4
2.1706865, -1.8162332, 3.2728192E-5
2.1857016, -1.8533356, -1.8304573E-4
2.2064557, -1.897048, -3.9586335E-4
2.2319002, -1.9249617, -4.0063256E-4
2.2520216, -1.9684536, -6.065972E-4
2.2563643, -1.9955945, 6.189133E-4
1.6486193, -1.8534528, -2.4629472E-4
1.632962, -1.895956, 1.799932E-4
1.6666561, -1.8156188, 3.709744E-4
1.6083442, -1.9250809, -4.625903E-4
1.5920081, -1.9735076, -1.8094631E-4
1.5963757, -1.9974821, -3.2634533E-4
1.5805155, -1.9960166, 4.0757592E-4
1.6113961, -1.8965619, -1.3945208E-4
1.6341618, -1.8538308, -4.5026978E-4
1.5924515, -1.92357, 3.225994E-4
1.5662794, -1.9964782, 1.7640203E-4
1.5655825, -1.9723872, 3.8672148E-4
1.5775305, -1.9679352, -3.430514E-4
1.6521354, -1.8159915, 1.6573152E-4
2.225369, -1.896653, -1.8759795E-4
2.2510314, -1.9245607, -1.9226233E-4
2.189288, -1.815839, 2.4968028E-4
2.2713296, -1.9680519, -4.023356E-4
2.270839, -1.9891284, -6.002274E-4
2.2080474, -1.8154364, 4.7141116E-4
2.244441, -1.8962499, 2.505292E-5
2.2703238, -1.9241519, 2.0193322E-5
2.2864823, -1.9737482, -3.0269657E-4
2.298452, -1.9975907, -3.8075072E-4
1.610977, -1.8524594, 2.897899E-4
1.630546, -1.8165488, -1.4109378E-4
1.5900095, -1.8971668, -4.5850847E-4
1.5641644, -1.9244243, -1.2138237E-4
1.5782652, -1.9239973, 1.00544785E-4
1.5411189, -1.9791977, -7.957042E-5
1.5514808, -1.9728432, 1.5565412E-4
1.5521257, -1.9969398, -5.4760516E-5
1.5672858, -1.8958887, 2.155265E-4
1.5897061, -1.8530519, -2.9957379E-5
1.6091449, -1.8171048, -4.472083E-4
1.5501481, -1.9248513, -3.432918E-4
1.5304742, -1.9735277, -1.9090727E-4
1.5226667, -1.9960355, 3.9809025E-4
1.5380532, -1.9974011, -2.858214E-4
2.2636743, -1.8958384, 2.420688E-4
2.2897787, -1.9237342, 2.3725761E-4
2.2269673, -1.8150249, 6.979846E-4
2.3181534, -1.9971745, -1.7230415E-4
2.3017275, -1.9794419, -2.0293899E-4
2.3104327, -1.9672245, 1.8218261E-5
2.2494285, -1.8173332, -5.729309E-4
2.2830713, -1.895418, 4.6367873E-4
2.3093996, -1.9233078, 4.5886313E-4
2.3380206, -1.9967499, 4.031555E-5
2.3258429, -1.9729095, 1.2238532E-4
1.5933266, -1.815567, 3.9947202E-4
1.5686569, -1.8536432, -3.4907434E-4
1.5463336, -1.8965201, -1.1744177E-4
1.5278351, -1.9236614, 2.751142E-4
1.5087794, -1.996515, 1.5796324E-4
1.5082797, -1.9724052, 3.7764822E-4
1.5198957, -1.9678546, -3.0207343E-4
1.5324769, -1.8969407, -3.392471E-4
1.5793037, -1.8159546, 1.8613038E-4
1.5653696, -1.8163413, -2.6806987E-5
1.5071793, -1.9243283, -7.149326E-5
1.4843671, -1.9792514, -1.0667839E-4
1.4945234, -1.9728787, 1.3765396E-4
1.488102, -1.9972341, -2.0219576E-4
2.3026342, -1.8949884, 6.9028046E-4
2.2844, -1.854064, -5.761539E-4
2.329188, -1.9228718, 6.8541436E-4
2.3580558, -1.9963167, 2.5727434E-4
2.3457735, -1.972477, 3.4159538E-4
2.288206, -1.8165042, -1.16553296E-4
2.3040047, -1.8536464, -3.507519E-4
2.3258586, -1.8973987, -5.807586E-4
2.352681, -1.9253179, -5.858047E-4
2.3782613, -1.9958738, 4.7904826E-4
2.365874, -1.9720349, 5.656392E-4
1.5515231, -1.8167279, -2.396628E-4
1.532464, -1.8527973, 1.0750027E-4
1.5104184, -1.895768, 2.7914956E-4
1.4935141, -1.9247727, -3.024823E-4
1.4662911, -1.9962053, 3.1302907E-4
1.4706318, -1.9737078, -2.8235125E-4
1.5119677, -1.853414, -2.2540256E-4
1.489998, -1.8964255, -6.757939E-5
1.5225677, -1.8156884, 3.3262634E-4
1.5377626, -1.8171142, -4.523845E-4
1.4718306, -1.9236879, 2.613507E-4
1.4527298, -1.9967023, 6.4140004E-5
1.4490697, -1.9726952, 2.3083526E-4
2.3237803, -1.8532183, -1.1972466E-4
2.3458192, -1.8969712, -3.553729E-4
2.3078501, -1.8160741, 1.202841E-4
2.3728714, -1.9248842, -3.6039233E-4
2.39864, -1.9954214, 7.0561684E-4
2.3942451, -1.9684169, -5.878904E-4
2.3276677, -1.8156329, 3.631753E-4
2.365954, -1.8965334, -1.2447096E-4
2.3932383, -1.9244398, -1.2940663E-4
2.4056668, -1.9802212, -5.967329E-4
2.4147925, -1.9679735, -3.625132E-4
1.5090039, -1.8160917, 1.1064207E-4
1.490209, -1.8522599, 3.9751315E-4
1.4764886, -1.8968636, -2.9856683E-4
1.4617182, -1.8955668, 3.8524257E-4
1.4516776, -1.9243808, -9.874271E-5
1.4256406, -1.9735534, -2.0427193E-4
1.4355787, -1.9671648, 4.8566675E-5
1.4246169, -1.9960074, 4.1213317E-4
1.4392402, -1.9971988, -1.8447224E-4
1.4634411, -1.8531163, -6.467851E-5
1.4888213, -1.8166963, -2.222935E-4
1.4767863, -1.8526882, 1.6635701E-4
1.4483864, -1.8960218, 1.4530485E-4
1.4238297, -1.9236199, 2.966786E-4
1.4383407, -1.9248425, -3.38714E-4
1.4112916, -1.9965209, 1.5500172E-4
1.4078476, -1.9725032, 3.281812E-4
2.347661, -1.8151801, 6.1253237E-4
2.3862653, -1.8960842, 1.1241756E-4
2.4137838, -1.9239839, 1.0748085E-4
2.4228325, -1.9979593, -5.65304E-4
2.430916, -1.9736475, -2.5161405E-4
2.371578, -1.8175851, -7.1163394E-4
2.4067562, -1.8956236, 3.553338E-4
2.4345112, -1.9235166, 3.5032345E-4
2.447138, -1.9793183, -1.4050589E-4
2.4436247, -1.9975089, -3.3978006E-4
2.4564288, -1.9670539, 1.04923674E-4
1.4673959, -1.815565, 4.0057584E-4
1.4501727, -1.8535445, -2.9574998E-4
1.4285367, -1.8967047, -2.1481443E-4
1.4106609, -1.9240985, 4.794363E-5
1.3946295, -1.9669857, 1.3962496E-4
1.3848238, -1.97339, -1.2147188E-4
1.3914392, -1.9972901, -2.3023474E-4
1.4291184, -1.8524997, 2.6804928E-4
1.4410378, -1.8164045, -6.1624836E-5
1.4541785, -1.8159847, 1.695094E-4
1.4075987, -1.8957275, 3.0050336E-4
1.383362, -1.9234289, 3.959305E-4
1.397562, -1.9245771, -2.0077787E-4
1.371758, -1.9738961, -3.7799764E-4
1.3706133, -1.9964467, 1.9217379E-4
2.4084487, -1.8543211, -7.1488967E-4
2.4274294, -1.8951511, 6.044894E-4
2.4554226, -1.9230369, 5.996342E-4
2.4728346, -1.972713, 2.2197927E-4
2.464599, -1.9970475, -1.08760694E-4
2.4125936, -1.8166606, -2.0262877E-4
2.452159, -1.897662, -7.1963883E-4
2.4291813, -1.8538562, -4.639887E-4
2.4908228, -1.9918679, 0.0024851898
2.494072, -1.9722276, 4.6806646E-4
1.4279723, -1.8168242, -2.9269664E-4
1.4095504, -1.8531672, -9.212653E-5
1.3816307, -1.8966709, -1.9698453E-4
1.3945801, -1.8961992, 5.1761293E-5
1.3704226, -1.9239235, 1.3887302E-4
1.3447475, -1.9733312, -9.1729395E-5
1.3510895, -1.9972392, -2.047376E-4
1.354431, -1.9669119, 1.7712468E-4
1.3966007, -1.853612, -3.3216117E-4
1.4072404, -1.8158001, 2.7115145E-4
1.3675925, -1.8955393, 3.9977566E-4
1.351145, -1.9246647, -2.4633776E-4
1.3306552, -1.9964753, 1.7782192E-4
1.3318965, -1.9738529, -3.560856E-4
2.4333813, -1.8161783, 6.2928244E-5
2.4501014, -1.8533777, -2.0576852E-4
2.473268, -1.8971863, -4.6876346E-4
2.480438, -1.9255854, -7.2477956E-4
2.4543595, -1.8156818, 3.3625978E-4
2.4945683, -1.896697, -2.1073666E-4
2.528637, -1.9955915, 6.204177E-4
2.5363023, -1.9804971, -7.361563E-4
2.5242605, -1.9686912, -7.273586E-4
2.5017905, -1.9251026, -4.7391455E-4
1.387972, -1.8164544, -8.908572E-5
1.3697243, -1.8528956, 5.4384323E-5
1.3548005, -1.8960268, 1.4264295E-4
1.3420739, -1.896514, -1.1428366E-4
1.330922, -1.9238516, 1.7622906E-4
1.3114426, -1.9972897, -2.2996798E-4
1.3053733, -1.9733737, -1.13160015E-4
1.3149443, -1.9669397, 1.6302982E-4
1.3752204, -1.8168902, -3.2902337E-4
1.3570055, -1.8533565, -1.9429935E-4
1.3613464, -1.8157363, 3.0624995E-4
1.3432177, -1.8522508, 4.0236366E-4
1.3294117, -1.8970009, -3.7098638E-4
1.3119636, -1.9246154, -2.2070925E-4
1.2927256, -1.9739091, -3.8459388E-4
1.2913796, -1.9966028, 1.14014954E-4
2.4755306, -1.8151705, 6.177513E-4
2.5160625, -1.8961934, 5.4810313E-5
2.5233364, -1.9246062, -2.1593196E-4
2.537753, -1.895675, 3.282656E-4
2.567917, -1.9676903, -2.1857697E-4
2.5763867, -1.9977347, -4.5281975E-4
2.5459902, -1.9681978, -4.7651865E-4
2.5562668, -1.9891183, -5.945795E-4
2.5450785, -1.9240953, 4.9617018E-5
1.3487556, -1.8161882, 5.7430738E-5
1.3306538, -1.8527273, 1.4522084E-4
1.3032352, -1.8964581, -8.476772E-5
1.3157502, -1.895956, 1.7998694E-4
1.2921209, -1.9238791, 1.6193488E-4
1.2787486, -1.9971591, -1.6463148E-4
1.266664, -1.9735119, -1.8325998E-4
1.2652484, -1.9962534, 2.8900988E-4
1.2761321, -1.9670646, 9.947177E-5
1.3362316, -1.81664, -1.9128901E-4
1.3226547, -1.8155562, 4.054498E-4
1.3119358, -1.8534412, -2.4005977E-4
1.2907808, -1.8969593, -3.490854E-4
1.2734646, -1.9246635, -2.4570752E-4
1.2532915, -1.9726169, 2.703661E-4
1.2403055, -1.9973916, -2.8104376E-4
1.2438631, -1.9790778, -1.9019848E-5
1.2527497, -1.9968232, 3.606665E-6
2.5010452, -1.8176581, -7.51806E-4
2.5596445, -1.8951415, 6.095372E-4
2.5399284, -1.8543954, -7.549653E-4
2.5670197, -1.9235694, 3.2291518E-4
2.607386, -1.9727979, 1.7905871E-4
2.5900433, -1.9671681, 4.6926532E-5
2.5801673, -1.9794902, -2.2735294E-4
2.5891628, -1.9230278, 6.043808E-4
2.5985746, -1.9972191, -1.946428E-4
1.3102832, -1.8160232, 1.4832322E-4
1.2922996, -1.8526584, 1.824267E-4
1.2800076, -1.8531489, -8.2280116E-5
1.2773916, -1.8959832, 1.6568409E-4
1.2650765, -1.8964988, -1.0622257E-4
1.2417171, -1.9245375, -1.8023346E-4
1.2539824, -1.9240015, 9.835521E-5
1.2270504, -1.9965515, 1.3967285E-4
1.2316582, -1.9736012, -2.2830098E-4
1.2918518, -1.8167231, -2.3702404E-4
1.2677754, -1.8536389, -3.467322E-4
1.2528193, -1.8970138, -3.7779158E-4
1.2286079, -1.9236646, 2.7346527E-4
1.2147311, -1.9971322, -1.510912E-4
1.2154537, -1.9729105, 1.215294E-4
1.203251, -1.9734845, -1.693195E-4
1.201639, -1.9963412, 2.450004E-4
2.5226793, -1.8171377, -4.6532694E-4
2.561899, -1.8538647, -4.6855543E-4
2.586026, -1.8977387, -7.600682E-4
2.615849, -1.9256635, -7.6535554E-4
2.629871, -1.9722507, 4.563828E-4
2.6435604, -1.996143, 3.4424025E-4
2.6209652, -1.996689, 7.083492E-5
2.6384764, -1.9251124, -4.7897233E-4
2.6083953, -1.8971957, -4.737104E-4
1.2725163, -1.8159558, 1.8546966E-4
1.2604125, -1.8164366, -7.934456E-5
1.2425293, -1.853189, -1.0395492E-4
1.2546247, -1.8526851, 1.6804114E-4
1.2275623, -1.8966321, -1.7648256E-4
1.2396877, -1.8961036, 1.021588E-4
1.2104292, -1.9244877, -1.5433805E-4
1.1902823, -1.9727023, 2.2704368E-4
1.1810019, -1.9791862, -7.375096E-5
1.1894399, -1.9969333, -5.153919E-5
1.2483673, -1.8169167, -3.4360815E-4
1.2304906, -1.8536922, -3.7548703E-4
1.2146027, -1.8957721, 2.7703083E-4
1.2026042, -1.8963132, -8.334775E-6
1.1915158, -1.9239516, 1.2429398E-4
1.1704626, -1.9964914, 1.6978286E-4
1.1653854, -1.9725528, 3.028122E-4
1.1753951, -1.9673889, -6.532703E-5
2.5665596, -1.8160475, 1.3487441E-4
2.5840757, -1.8533174, -1.7320919E-4
2.5888116, -1.8154763, 4.494332E-4
2.630974, -1.8966353, -1.7820176E-4
2.662065, -1.9687719, -7.6836435E-4
2.6747642, -1.9805781, -7.770763E-4
2.6663635, -1.9955809, 6.2573503E-4
2.695873, -1.9891634, -6.1725E-4
2.6850922, -1.9682088, -4.82083E-4
2.661316, -1.9245441, -1.8362296E-4
2.6537664, -1.8960574, 1.2653839E-4
1.2235078, -1.8164759, -1.00923105E-4
1.2354181, -1.815982, 1.7102246E-4
1.2175931, -1.8528031, 1.0434423E-4
1.2056838, -1.8533193, -1.7426125E-4
1.1906581, -1.896853, -2.9299103E-4
1.1795533, -1.924511, -1.6641915E-4
1.1668402, -1.9237486, 2.2979504E-4
1.150185, -1.9793442, -1.5361958E-4
1.1506714, -1.9672502, 5.139479E-6
1.152385, -1.9973936, -2.8202054E-4
1.2116534, -1.8169692, -3.7248307E-4
1.1929551, -1.8524789, 2.7931493E-4
1.1811705, -1.8530077, -6.080741E-6
1.1779332, -1.8960546, 1.2803271E-4
1.1661073, -1.8966062, -1.6288308E-4
1.1549942, -1.924319, -6.670256E-5
1.1424334, -1.9236027, 3.0561138E-4
1.1277369, -1.9973191, -2.4473795E-4
1.1387776, -1.967842, -2.9567067E-4
1.1396637, -1.9967086, 6.0962935E-5
1.1288924, -1.9730649, 4.3312848E-5
2.611276, -1.8148867, 7.740346E-4
2.6385443, -1.817439, -6.311453E-4
2.6767747, -1.8954611, 4.4103674E-4
2.7083356, -1.9676278, -1.8676082E-4
2.684371, -1.9239577, 1.21134435E-4
2.7171466, -1.9977436, -4.5732176E-4
2.7212555, -1.9794271, -1.9547998E-4
2.731798, -1.9670283, 1.1798818E-4
2.7076447, -1.9233525, 4.3562552E-4
2.6795652, -1.8541719, -6.3435175E-4
1.1989534, -1.8160976, 1.07370885E-4
1.1872264, -1.8166037, -1.7126022E-4
1.1694373, -1.853535, -2.907008E-4
1.1418283, -1.8964173, -6.320664E-5
1.153539, -1.8958547, 2.3346364E-4
1.1306998, -1.9241836, 3.6800536E-6
1.1170783, -1.9736676, -2.6221387E-4
1.1046181, -1.9730344, 5.8795595E-5
1.115158, -1.9966781, 7.6250515E-5
1.1033357, -1.9972969, -2.3362573E-4
1.1746926, -1.81578, 2.821952E-4
1.1630883, -1.8162982, -3.0962801E-6
1.1453242, -1.8532944, -1.6077713E-4
1.1569393, -1.8527551, 1.3022264E-4
1.1294106, -1.8957112, 3.0913114E-4
1.1190125, -1.9247627, -2.9725366E-4
1.1066594, -1.9241025, 4.5851597E-5
1.0908937, -1.9966989, 6.589849E-5
1.0929077, -1.9736457, -2.5109612E-4
2.7000022, -1.8948454, 7.657019E-4
2.7501566, -1.972617, 2.7075614E-4
2.7311404, -1.922728, 7.602003E-4
2.7406669, -1.9971535, -1.618126E-4
2.759661, -1.9254322, -6.4516446E-4
2.7740111, -1.9719867, 5.902277E-4
2.7644088, -1.9965446, 1.431335E-4
2.7281976, -1.8975103, -6.396279E-4
2.6847124, -1.816207, 4.7098732E-5
2.7028952, -1.8535539, -3.0087202E-4
1.1515347, -1.816815, -2.8766043E-4
1.1214778, -1.8531096, -6.10796E-5
1.1329799, -1.8525599, 2.3556231E-4
1.1062566, -1.8968543, -2.9370157E-4
1.1178106, -1.8962837, 7.1749787E-6
1.095078, -1.9246904, -2.5968024E-4
1.0828631, -1.9240726, 6.135605E-5
1.0791723, -1.9973255, -2.479441E-4
1.0668614, -1.9967681, 3.1188654E-5
1.0780118, -1.9671564, 5.283977E-5
1.0689721, -1.9736733, -2.6504375E-4
1.1392283, -1.8160509, 1.3304302E-4
1.1277908, -1.8165792, -1.5783205E-4
1.1092817, -1.8524197, 3.1118604E-4
1.0940442, -1.8962034, 4.9529433E-5
1.082595, -1.8967831, -2.5616112E-4
1.0713835, -1.924669, -2.4857695E-4
1.0430517, -1.9968836, -2.667541E-5
1.0507162, -1.9728616, 1.4626863E-4
1.054623, -1.9962407, 2.9533444E-4
2.7519507, -1.8968779, -3.0611226E-4
2.7883763, -1.9959167, 4.576007E-4
2.7836883, -1.9247906, -3.1175255E-4
2.7759347, -1.8962244, 3.847279E-5
2.8125722, -1.9952683, 7.822999E-4
2.8084188, -1.9685363, -6.4858084E-4
2.708134, -1.8155597, 4.0345767E-4
2.7317855, -1.8148907, 7.7179493E-4
1.1043097, -1.8163983, -5.818286E-5
1.1156355, -1.8158593, 2.3853603E-4
1.0865403, -1.853537, -2.916885E-4
1.0978886, -1.8529795, 9.1027405E-6
1.0705194, -1.8961744, 6.485493E-5
1.0479194, -1.9246961, -2.6261547E-4
1.0593015, -1.9240924, 5.107581E-5
1.0309366, -1.9963946, 2.1822489E-4
1.0331929, -1.9732364, -4.365856E-5
1.0866907, -1.8159963, 1.6312348E-4
1.0633005, -1.8534675, -2.5420822E-4
1.074546, -1.8529016, 5.1209103E-5
1.0472263, -1.8961937, 5.4668537E-5
1.0591705, -1.896762, -2.4504063E-4
1.0300232, -1.9239049, 1.4850733E-4
1.0074588, -1.996591, 1.1992345E-4
1.0095365, -1.9728502, 1.5224548E-4
1.0098197, -1.9733937, -1.2329205E-4
1.0194558, -1.9970433, -1.0657454E-4
2.8328707, -1.9678804, -3.1516358E-4
2.8218162, -1.9803412, -6.5736036E-4
2.8079486, -1.9241273, 3.295344E-5
2.8324454, -1.9234416, 3.8927392E-4
2.800152, -1.8955486, 3.948454E-4
2.8463852, -1.9796815, -3.2405904E-4
2.8419428, -1.9980744, -6.229555E-4
2.8575604, -1.9672027, 2.9316117E-5
1.0699068, -1.8168169, -2.8869673E-4
1.0402936, -1.8534471, -2.4319772E-4
1.0514402, -1.8528728, 6.670912E-5
1.024156, -1.8962597, 1.9908575E-5
1.035974, -1.8967888, -2.5916685E-4
1.012845, -1.9242707, -4.155225E-5
1.0010805, -1.9237989, 2.036575E-4
0.98418117, -1.9968268, 1.8090146E-6
0.99556184, -1.9670495, 1.07210326E-4
0.99606466, -1.9972438, -2.0699251E-4
0.9866495, -1.9735916, -2.2358613E-4
1.058096, -1.8161939, 5.4285527E-5
1.0470228, -1.8167489, -2.5123233E-4
1.0285624, -1.8528919, 5.6385867E-5
1.0012994, -1.8963693, -3.797408E-5
1.0124074, -1.8957585, 2.8417227E-4
0.98993224, -1.9244239, -1.2117034E-4
0.96109533, -1.9970996, -1.3483291E-4
0.9748783, -1.9731795, -1.474803E-5
0.97236025, -1.9964361, 1.9745214E-4
0.96316904, -1.9727931, 1.8103921E-4
2.8666863, -1.9974084, -2.8946044E-4
2.8571827, -1.9227331, 7.5755717E-4
2.8246076, -1.8948504, 7.630706E-4
2.854468, -1.8975616, -6.666343E-4
2.828163, -1.8535156, -2.8022396E-4
2.8035846, -1.8542216, -6.612005E-4
2.8916698, -1.9967198, 5.5361255E-5
2.889366, -1.9723983, 3.8111414E-4
1.024368, -1.8167288, -2.4018707E-4
1.035344, -1.8161659, 6.973525E-5
1.0175107, -1.8534734, -2.5741718E-4
1.0059032, -1.8529563, 2.1644222E-5
0.989669, -1.8959045, 2.0713094E-4
0.97828263, -1.9239879, 1.0544593E-4
0.96721846, -1.9246169, -2.2152315E-4
0.9493806, -1.9967417, 4.4472916E-5
0.9520105, -1.9734485, -1.5115963E-4
1.0019338, -1.8167546, -2.543654E-4
1.0128167, -1.816185, 5.9237096E-5
0.9943642, -1.8524668, 2.8581498E-4
0.9834541, -1.8530637, -3.6301255E-5
0.9786478, -1.8965206, -1.17718104E-4
0.9671311, -1.896091, 1.0885353E-4
0.95567906, -1.9242151, -1.2640501E-5
0.9442004, -1.9238385, 1.8308492E-4
0.92000514, -1.9793272, -1.450311E-4
0.9377242, -1.9964081, 2.1150752E-4
0.9317398, -1.972847, 1.5355744E-4
0.92658013, -1.9970796, -1.2480916E-4
2.9076648, -1.9657775, 7.537711E-4
2.9168968, -1.9960083, 4.1172863E-4
2.879493, -1.8968394, -2.8581804E-4
2.8873885, -1.9254845, -6.7241315E-4
2.8339994, -1.8153387, 5.2513205E-4
2.8093107, -1.8160797, 1.1720764E-4
2.9384046, -1.9685909, -6.76337E-4
2.921536, -1.9775661, 7.4487156E-4
2.9127014, -1.9247515, -2.9142198E-4
0.9905044, -1.8162482, 2.4462264E-5
0.9612062, -1.8532114, -1.1602297E-4
0.97203106, -1.8526095, 2.0878276E-4
0.9504891, -1.8965129, -1.1364693E-4
0.92188597, -1.9241323, 3.0325042E-5
0.93326163, -1.9244777, -1.4911659E-4
0.90927184, -1.9966359, 9.7362754E-5
0.9156376, -1.9675295, -1.3684951E-4
0.9063735, -1.9731286, 1.1057502E-5
0.9683987, -1.8163531, -3.331706E-5
0.9791417, -1.8157679, 2.8885924E-4
0.9498949, -1.852792, 1.1032384E-4
0.9334373, -1.8959435, 1.8657075E-4
0.9226234, -1.8965739, -1.458173E-4
0.9105672, -1.923811, 1.9734692E-4
0.8840529, -1.9735203, -1.8754508E-4
0.8949798, -1.9728513, 1.51532E-4
0.88678473, -1.9970467, -1.08288565E-4
2.9382672, -1.9239931, 1.0272259E-4
2.952422, -1.980396, -6.85058E-4
2.9423714, -1.9952728, 7.8008446E-4
2.9047668, -1.8960917, 1.0847058E-4
2.8642857, -1.817967, -9.21899E-4
2.9734771, -1.9981276, -6.496367E-4
2.9712353, -1.9737419, -2.9978633E-4
2.9302948, -1.8953184, 5.162886E-4
0.9464915, -1.816498, -1.1313625E-4
0.95715064, -1.8159082, 2.1165983E-4
0.9335494, -1.853204, -1.1208142E-4
0.9057826, -1.8960752, 1.1711228E-4
0.8885235, -1.9241658, 1.295849E-5
0.89974594, -1.9244583, -1.3905109E-4
0.8697213, -1.9966887, 7.096133E-5
0.872751, -1.9732703, -6.0827486E-5
0.9353533, -1.8160868, 1.13315E-4
0.9247744, -1.8166802, -2.1340357E-4
0.90618044, -1.8532639, -1.4430692E-4
0.91680163, -1.8526479, 1.8805507E-4
0.8894897, -1.8965547, -1.3568129E-4
0.8666425, -1.9245479, -1.8564859E-4
0.87735415, -1.9238955, 1.5345338E-4
0.84752345, -1.9971622, -1.6617514E-4
0.8415089, -1.9794078, -1.8571329E-4
0.8530915, -1.9728847, 1.3451562E-4
0.85841244, -1.9964778, 1.7654145E-4
2.9640896, -1.9232084, 5.1055325E-4
2.9901826, -1.9670663, 9.86521E-5
2.934486, -1.8539251, -5.0118886E-4
2.908816, -1.8547106, -9.250931E-4
2.8895621, -1.817197, -4.979516E-4
3.0104544, -1.9725633, 2.9814607E-4
2.9957666, -1.9259931, -9.3666505E-4
2.9616103, -1.8980625, -9.3079504E-4
0.9137416, -1.8163012, -4.7350823E-6
0.9027666, -1.8159456, 1.910242E-4
0.8896398, -1.8527768, 1.18584285E-4
0.87287426, -1.8961334, 8.647521E-5
0.8555632, -1.9243042, -5.8980226E-5
0.8445335, -1.924081, 5.7040244E-5
0.83629894, -1.9969753, -7.2579E-5
0.831166, -1.9733701, -1.1146195E-4
0.8251209, -1.9968077, 1.1362118E-5
0.88143164, -1.8162236, 3.7989565E-5
0.89230806, -1.8165493, -1.4136914E-4
0.86274064, -1.8529637, 1.7657425E-5
0.8736373, -1.8532451, -1.3421748E-4
0.8512872, -1.896523, -1.1902122E-4
0.8229785, -1.9245372, -1.8004369E-4
0.8335521, -1.9238777, 1.6266822E-4
0.8084439, -1.9965935, 1.1868431E-4
0.80629313, -1.973011, 7.0581984E-5
0.8173207, -1.9731584, -4.0511914E-6
3.0258725, -1.9965795, 1.2563996E-4
2.9604175, -1.8531117, -6.2208244E-5
2.9408934, -1.8155742, 3.9553948E-4
3.052464, -1.9957649, 5.336508E-4
3.0222037, -1.9251775, -5.127663E-4
3.0486982, -1.9691111, -9.4078365E-4
3.0141487, -1.8964264, -6.807623E-5
0.86026317, -1.8165313, -1.3142757E-4
0.87060964, -1.8159204, 2.0493483E-4
0.8414946, -1.8533318, -1.8101656E-4
0.8518955, -1.8527036, 1.580479E-4
0.8294786, -1.8960829, 1.1312975E-4
0.8066519, -1.9242764, -4.4472457E-5
0.791854, -1.9964148, 2.0815743E-4
0.78115803, -1.997105, -1.3751152E-4
0.7898387, -1.9728255, 1.646404E-4
0.8495332, -1.8162551, 2.0624924E-5
0.8200272, -1.8528821, 6.168158E-5
0.8307368, -1.853097, -5.4278098E-5
0.8082097, -1.8965437, -1.298849E-4
0.79041433, -1.9240519, 7.218123E-5
0.7701852, -1.9970102, -9.003508E-5
0.7683385, -1.9734044, -1.2877642E-4
3.0632424, -1.9809198, -9.497756E-4
3.0756028, -1.9682776, -5.170596E-4
2.9669557, -1.8147193, 8.6621125E-4
3.08768, -1.9893677, -7.196522E-4
3.0408218, -1.8955646, 3.864516E-4
3.0758915, -1.9234583, 3.8059964E-4
3.0489104, -1.9243327, -7.379082E-5
0.8286125, -1.8166162, -1.7817451E-4
0.8388541, -1.8160001, 1.6103586E-4
0.80936456, -1.8526868, 1.6713254E-4
0.786748, -1.896225, 3.8150836E-5
0.774284, -1.923871, 1.6613613E-4
0.75380534, -1.9968996, -3.4619883E-5
0.7493702, -1.9732637, -5.747454E-5
0.8074738, -1.8161755, 6.4456886E-5
0.8180194, -1.816386, -5.1455147E-5
0.7938062, -1.853235, -1.2872502E-4
0.765458, -1.8959761, 1.694088E-4
0.7532072, -1.9244356, -1.2726571E-4
0.732093, -1.9968019, 1.4270752E-5
0.733212, -1.9731803, -1.52134535E-5
3.110183, -1.9733135, -8.2682134E-5
3.1123104, -1.997808, -4.8952736E-4
3.13024, -1.9665204, 3.7612568E-4
3.1398132, -1.9969312, -5.0495797E-5
3.0677698, -1.8946722, 8.57059E-4
3.0457344, -1.8540925, -5.9149216E-4
3.07285, -1.8531821, -1.0016948E-4
3.1031506, -1.9225531, 8.510931E-4
0.7868646, -1.816606, -1.7259017E-4
0.7969743, -1.8159837, 1.700544E-4
0.772727, -1.8529238, 3.9207345E-5
0.7498885, -1.8965781, -1.4799832E-4
0.73197436, -1.9242835, -4.8241145E-5
0.71052647, -1.9967604, 3.506986E-5
0.70912814, -1.9731169, 1.6940205E-5
0.7660655, -1.8162836, 4.9270166E-6
0.7764434, -1.816436, -7.897059E-5
0.75181633, -1.8526804, 1.7052228E-4
0.7341071, -1.8964502, -8.058268E-5
0.71614355, -1.9242059, -7.885051E-6
0.70563775, -1.9241724, 9.52541E-6
0.6890981, -1.9967701, 3.019144E-5
0.6905199, -1.9731097, 2.0583175E-5
3.151577, -1.9719541, 6.069211E-4
3.1367788, -1.9253519, -6.034308E-4
3.167598, -1.9960235, 4.0410124E-4
3.1010146, -1.8974304, -5.9749745E-4
3.0258083, -1.8164687, -9.697962E-5
3.1002498, -1.852239, 4.0875922E-4
3.0800533, -1.8145871, 9.389638E-4
3.1286223, -1.8964988, -1.0620242E-4
0.7505821, -1.8160889, 1.1214989E-4
0.7313513, -1.8532245, -1.2308026E-4
0.71319103, -1.8963294, -1.686468E-5
0.6899487, -1.9241489, 2.1731303E-5
0.66249204, -1.996847, -8.291468E-6
0.6683317, -1.9790537, -6.8391405E-6
0.6731092, -1.9968073, 1.1544635E-5
0.6746625, -1.9731346, 7.937955E-6
0.73517966, -1.8159264, 2.0159032E-4
0.7252492, -1.8165543, -1.4407508E-4
0.7107345, -1.8530779, -4.3963766E-5
0.6924186, -1.8962634, 1.790183E-5
0.66914093, -1.9241583, 1.6863729E-5
0.64662683, -1.9969268, -4.8245172E-5
0.6509851, -1.9732194, -3.5019515E-5
3.1956694, -1.9950837, 8.7473E-4
3.192204, -1.9684569, -6.0819695E-4
3.164705, -1.9244066, -1.1219024E-4
3.15652, -1.8955339, 4.0261608E-4
3.207432, -1.9802611, -6.169211E-4
3.1138382, -1.8172324, -5.1744946E-4
0.70998645, -1.8164322, -7.68937E-5
0.69536316, -1.8530034, -3.7741745E-6
0.68516225, -1.8529712, 1.3600537E-5
0.67178273, -1.896249, 2.5453515E-5
0.64846015, -1.9242132, -1.1638668E-5
0.6300702, -1.9733372, -9.464893E-5
0.62557006, -1.997065, -1.17425414E-4
0.6897576, -1.8163164, -1.3047207E-5
0.6699285, -1.8529487, 2.5731155E-5
0.65127575, -1.8962811, 8.56786E-6
0.6278996, -1.924309, -6.1497245E-5
0.60390806, -1.9729685, 9.2169175E-5
0.61445487, -1.973448, -1.5085418E-4
0.6096724, -1.9966185, 1.06142215E-4
3.2302997, -1.9979879, -5.796198E-4
3.228306, -1.9733899, -1.2143901E-4
3.1929245, -1.9234277, 3.965768E-4
3.1622484, -1.8539611, -5.2062556E-4
3.2493417, -1.9664896, 3.917886E-4
3.2590582, -1.9970065, -8.8220855E-5
0.66966784, -1.8162537, 2.1449468E-5
0.6497245, -1.8529578, 2.0814789E-5
0.6308909, -1.8963559, -3.084722E-5
0.6074526, -1.924442, -1.3056438E-4
0.58881813, -1.9968376, -3.586793E-6
0.5992325, -1.9967245, 5.3053154E-5
0.5935669, -1.973073, 3.914557E-5
0.5832509, -1.9731846, -1.7409964E-5
0.6497098, -1.8162396, 2.9207848E-5
0.6246386, -1.8530289, -1.7515633E-5
0.63464916, -1.8529923, 2.2344984E-6
0.6106217, -1.8964691, -9.059126E-5
0.5869466, -1.9240628, 6.647146E-5
0.56791455, -1.9965615, 1.3466462E-4
0.57842845, -1.9969572, -6.34935E-5
0.5625448, -1.9729116, 1.2096828E-4
0.5729594, -1.9733028, -7.726133E-5
3.271603, -1.9718678, 6.507427E-4
3.221441, -1.9224136, 9.2356966E-4
3.256777, -1.9252163, -5.329885E-4
3.219644, -1.8972965, -5.269226E-4
3.2881188, -1.9959906, 4.2056412E-4
0.6298768, -1.8162705, 1.2161751E-5
0.60967994, -1.8531032, -5.7574365E-5
0.58526707, -1.896115, 9.6196716E-5
0.59548837, -1.8965758, -1.4683898E-4
0.56672055, -1.9242802, -4.6480494E-5
0.55757815, -1.9967041, 6.327029E-5
0.54208964, -1.9731977, -2.3977016E-5
0.5472642, -1.9968514, -1.0531146E-5
0.55230606, -1.973052, 4.978614E-5
0.6101618, -1.8163422, -2.734214E-5
0.58982635, -1.8532314, -1.2679331E-4
0.56524754, -1.8963228, -1.3454239E-5
0.57524514, -1.8962159, 4.2975193E-5
0.54644823, -1.924025, 8.6113454E-5
0.5318947, -1.9733472, -9.980674E-5
0.536972, -1.9970031, -8.6438486E-5
0.521597, -1.9730327, 5.963385E-5
0.526576, -1.9966847, 7.2974915E-5
3.317485, -1.9949381, 9.476443E-4
3.3143234, -1.9683189, -5.380711E-4
3.2860074, -1.9241544, 1.8882934E-5
3.248541, -1.8962499, 2.5042911E-5
3.277748, -1.8951658, 5.9670967E-4
3.3301349, -1.9801227, -5.4697273E-4
0.5905585, -1.8164507, -8.704023E-5
0.5699154, -1.8528662, 7.026759E-5
0.5451807, -1.8960605, 1.2492193E-4
0.5552738, -1.8964365, -7.332733E-5
0.5264174, -1.9243088, -6.129782E-5
0.506384, -1.9732852, -6.831103E-5
0.51121795, -1.9969406, -5.5160366E-5
0.5759224, -1.8165529, -1.4329689E-4
0.56603706, -1.8161116, 9.964998E-5
0.55027634, -1.8530757, -4.285052E-5
0.535258, -1.8961957, 5.3650234E-5
0.52535695, -1.8963358, -2.0262403E-5
0.5013767, -1.9242381, -2.4604213E-5
0.51132536, -1.9240749, 6.022221E-5
0.4821589, -1.9791905, -7.593834E-5
0.49110147, -1.9731083, 2.1262356E-5
0.49578944, -1.9967617, 3.4434688E-5
0.4856062, -1.9969482, -5.902577E-5
3.353874, -1.9978462, -5.087164E-4
3.344071, -1.9672334, 1.3713821E-5
3.3155515, -1.9230545, 5.905168E-4
3.314059, -1.8979311, -8.615603E-4
3.25498, -1.8545811, -8.5520704E-4
3.2843966, -1.8534691, -2.551347E-4
3.3670805, -1.9725697, 2.950948E-4
0.5563444, -1.8162081, 4.650492E-5
0.5466753, -1.816311, -1.0139495E-5
0.5305922, -1.8528302, 8.9717665E-5
0.5054969, -1.8961774, 6.3292224E-5
0.51547676, -1.8964797, -9.617381E-5
0.49144718, -1.9244038, -1.1075081E-4
0.4814304, -1.9241489, 2.1712018E-5
0.46519777, -1.996918, -4.381111E-5
0.4753416, -1.9967196, 5.5478835E-5
0.47088262, -1.9732772, -6.434596E-5
0.47084686, -1.9730663, 4.258335E-5
0.5370293, -1.8164198, -7.007839E-5
0.52726793, -1.8160601, 1.2800602E-4
0.5111426, -1.8531033, -5.7677727E-5
0.49075347, -1.89642, -6.463952E-5
0.47154203, -1.9243284, -7.156672E-5
0.4615746, -1.9241078, 4.3114935E-5
0.45067838, -1.9730685, 4.1494575E-5
0.45070887, -1.9732676, -5.942861E-5
0.44487342, -1.9969294, -4.9572078E-5
0.45498064, -1.996722, 5.4277334E-5
3.383976, -1.9967442, 4.3183136E-5
3.3522818, -1.9258609, -8.679508E-4
3.234116, -1.81675, -2.518798E-4
3.2930017, -1.8144513, 0.0010137446
3.382578, -1.9247061, -2.6783603E-4
3.4143996, -1.9956021, 6.1514636E-4
3.4115164, -1.968978, -8.7316066E-4
0.50809544, -1.8163233, -1.693227E-5
0.5176712, -1.8161894, 5.6817837E-5
0.49648863, -1.8528783, 6.370489E-5
0.48682868, -1.8530357, -2.1174841E-5
0.47594267, -1.8962501, 2.4893687E-5
0.46616703, -1.8964273, -6.849216E-5
0.4517246, -1.9242989, -5.622397E-5
0.4418034, -1.9241103, 4.181208E-5
0.43058997, -1.973109, 2.0896456E-5
0.42462727, -1.9969776, -7.367419E-5
0.43061545, -1.9732968, -7.4200165E-5
0.43470055, -1.9967637, 3.34336E-5
0.48888806, -1.816172, 6.6376335E-5
0.49853998, -1.8164616, -9.302338E-5
0.4674612, -1.85295, 2.5075507E-5
0.47718734, -1.8531955, -1.0748919E-4
0.44657552, -1.8963982, -5.3169377E-5
0.45631334, -1.8962102, 4.595592E-5
0.4221106, -1.92415, 2.1155074E-5
0.4319889, -1.92431, -6.1944775E-5
0.4130789, -1.9732172, -3.394462E-5
0.41449532, -1.9968381, -3.8594335E-6
0.40438488, -1.9967171, 5.676282E-5
3.4277916, -1.980786, -8.8213803E-4
3.3742874, -1.8956146, 3.600475E-4
3.329963, -1.8170773, -4.3204273E-4
3.4132044, -1.92351, 3.5379658E-4
3.452224, -1.9985138, -8.4301305E-4
3.4505591, -1.9736981, -2.7768448E-4
0.47462907, -1.8164043, -6.157701E-5
0.4603049, -1.8162419, 2.7948452E-5
0.4481816, -1.8529105, 4.6362322E-5
0.4578597, -1.8531227, -6.8178895E-5
0.43676743, -1.8962123, 4.4830005E-5
0.42706478, -1.896409, -5.8912618E-5
0.40740985, -1.924289, -5.109158E-5
0.3893227, -1.9968915, -3.060216E-5
0.39960787, -1.9671656, 4.817659E-5
0.38812995, -1.9732594, -5.5383774E-5
0.44132054, -1.8162036, 4.8992217E-5
0.4508505, -1.8164116, -6.553131E-5
0.4289841, -1.852913, 4.4986242E-5
0.4386174, -1.8530947, -5.3047002E-5
0.4076291, -1.8964548, -8.30528E-5
0.4172991, -1.8962516, 2.415473E-5
0.39267293, -1.924105, 4.4503624E-5
0.38293812, -1.9243208, -6.76084E-5
0.37974608, -1.9672884, -1.4252621E-5
0.3692121, -1.996723, 5.3762677E-5
0.36820027, -1.9730856, 3.274515E-5
3.473517, -1.9665754, 3.4817876E-4
3.3603373, -1.8158473, 2.4518854E-4
3.444167, -1.922271, 9.976835E-4
3.4834235, -1.9973156, -2.430057E-4
0.4224169, -1.8162061, 4.7637044E-5
0.43190268, -1.8163838, -5.0260107E-5
0.40990973, -1.8531277, -7.0846596E-5
0.40986267, -1.8529512, 2.4424902E-5
0.39790276, -1.8963225, -1.3256903E-5
0.388197, -1.8962075, 4.741983E-5
0.37315583, -1.9242253, -1.7977736E-5
0.36339194, -1.9241444, 2.4098095E-5
0.349222, -1.9968934, -3.1534295E-5
0.34591958, -1.9732363, -4.3610566E-5
0.3598913, -1.9671369, 6.278666E-5
0.40358818, -1.8162434, 2.7090775E-5
0.41303298, -1.8163943, -5.5988592E-5
0.3908121, -1.8530209, -1.322064E-5
0.37373778, -1.896373, -3.991136E-5
0.3439658, -1.9243003, -5.6924135E-5
0.35364562, -1.924077, 5.9068887E-5
0.3211874, -1.9731377, 6.3588186E-6
0.33106804, -1.9731683, -9.112808E-6
0.32924125, -1.9968095, 1.0517697E-5
3.4828253, -1.9250532, -4.4821625E-4
3.514963, -1.9960742, 3.7870693E-4
3.5050266, -1.9653089, 9.919832E-4
3.4431133, -1.8971349, -4.416445E-4
3.4745202, -1.895851, 2.3541361E-4
0.38953257, -1.8163749, -4.5327535E-5
0.36707774, -1.8530703, -3.98408E-5
0.35443217, -1.896213, 4.445862E-5
0.3400451, -1.8963999, -5.405825E-5
0.329399, -1.9242284, -1.9570081E-5
0.30932015, -1.996768, 3.126477E-5
0.306395, -1.973112, 1.9412917E-5
0.37544233, -1.8162013, 5.0271134E-5
0.36613473, -1.8164052, -6.202641E-5
0.34811622, -1.8529141, 4.440917E-5
0.32564428, -1.8963289, -1.6658343E-5
0.31002656, -1.9241688, 1.1407357E-5
0.2894532, -1.9967625, 3.3996665E-5
0.28671592, -1.9731063, 2.2325992E-5
3.5145938, -1.9237502, 2.289826E-4
3.5443685, -1.9681536, -4.5404324E-4
3.5468476, -1.994788, 0.0010227775
3.4828365, -1.8539084, -4.921951E-4
0.3474462, -1.8162384, 2.9808332E-5
0.35678166, -1.8163149, -1.2315983E-5
0.3292683, -1.8530718, -4.0694984E-5
0.3064927, -1.8962702, 1.434815E-5
0.29070935, -1.9241468, 2.2832788E-5
0.26708543, -1.9731296, 1.0478791E-5
0.26963535, -1.9967865, 2.2006981E-5
0.32887253, -1.8163859, -5.1373685E-5
0.3381276, -1.8161752, 6.459418E-5
0.3057267, -1.8529795, 9.094076E-6
0.3151317, -1.853008, -6.2986337E-6
0.28739572, -1.8962488, 2.565083E-5
0.27144223, -1.9241564, 1.7867784E-5
0.25479993, -1.9968193, 5.5753717E-6
0.24492337, -1.9968472, -8.394636E-6
0.2474987, -1.9731756, -1.2825292E-5
3.5467167, -1.9224005, 9.30401E-4
3.5766985, -1.9668213, 2.2315388E-4
3.5866578, -1.9976748, -4.2288663E-4
3.5612767, -1.979956, -4.6277355E-4
0.30104634, -1.8162713, 1.1738438E-5
0.31494492, -1.816318, -1.4069098E-5
0.29164636, -1.8529555, 2.2109001E-5
0.2683482, -1.8962579, 2.078459E-5
0.25702053, -1.9241798, 5.707307E-6
0.24742015, -1.9242023, -6.031246E-6
0.23505646, -1.9968791, -2.4370784E-5
0.2230502, -1.9730893, 3.0906867E-5
0.22517973, -1.9967461, 4.225747E-5
0.23283352, -1.9732207, -3.5671495E-5
0.27291465, -1.8529506, 2.4737881E-5
0.24459992, -1.8963034, -3.201359E-6
0.2540909, -1.8962814, 8.446861E-6
0.23303911, -1.9242449, -2.8096933E-5
0.21533225, -1.9967917, 1.9402594E-5
0.20354936, -1.97318, -1.5100222E-5
0.20549272, -1.9968382, -3.8971802E-6
0.2132958, -1.9731338, 8.354582E-6
3.5460522, -1.8972433, -4.988347E-4
3.60939, -1.965442, 9.2435407E-4
0.26873654, -1.8162428, 2.739E-5
0.2542291, -1.8529725, 1.2865303E-5
0.24024135, -1.853003, -3.5484247E-6
0.23038283, -1.8963454, -2.5302536E-5
0.21387671, -1.9241538, 1.9221945E-5
0.18893117, -1.9731127, 1.9039075E-5
0.19073498, -1.9967705, 2.9999781E-5
0.22627757, -1.8530438, -2.5583304E-5
0.25033706, -1.8162645, 1.545298E-5
0.21143885, -1.8962557, 2.1992419E-5
0.19954102, -1.9242204, -1.5455951E-5
0.18521073, -1.9241552, 1.8433577E-5
0.17600621, -1.9968519, -1.0753084E-5
0.17434171, -1.9731932, -2.1695389E-5
0.16618544, -1.9967858, 2.2375114E-5
0.16461378, -1.9731275, 1.15603625E-5
3.6199265, -1.9237422, 2.3310179E-4
0.2319786, -1.816307, -7.941144E-6
0.20767123, -1.8529563, 2.1617732E-5
0.19726656, -1.8963214, -1.2662636E-5
0.18781474, -1.896231, 3.498836E-5
0.16137218, -1.9241697, 1.09349285E-5
0.17090854, -1.9242337, -2.2313854E-5
0.15638137, -1.996843, -6.3181988E-6
0.14518873, -1.9731355, 7.474806E-6
0.15490243, -1.9731841, -1.7135726E-5
0.14657491, -1.996794, 1.8238847E-5
0.21823303, -1.8163486, -3.0844803E-5
0.1937515, -1.8530207, -1.3108756E-5
0.1844681, -1.8529322, 3.4631907E-5
0.20906326, -1.8162282, 3.547957E-5
0.17838444, -1.8962829, 7.640702E-6
0.16896045, -1.8963344, -1.9544274E-5
0.15185207, -1.9242249, -1.7755776E-5
0.14232965, -1.9241776, 6.8307368E-6
0.13678189, -1.9968516, -1.06025E-5
0.13305712, -1.9731833, -1.6719718E-5
0.1269876, -1.996816, 7.173763E-6
0.12548728, -1.9672596, 3.425682E-7
0.19078225, -1.816247, 2.5078814E-5
0.19078523, -1.8163115, -1.0397269E-5
0.16594984, -1.8530337, -2.0110581E-5
0.17520587, -1.8529832, 7.1276186E-6
0.15012005, -1.8962753, 1.16356405E-5
0.1501212, -1.896326, -1.5087946E-5
0.12806492, -1.9242157, -1.2959E-5
0.10640377, -1.9731846, -1.7429446E-5
0.10741965, -1.9968444, -6.9820035E-6
0.116090685, -1.9731305, 1.0004133E-5
0.11719907, -1.9967897, 2.0403897E-5
0.16340916, -1.8163242, -1.740077E-5
0.17252353, -1.816275, 9.685802E-6
0.14744629, -1.8530252, -1.5518763E-5
0.1566902, -1.8529721, 1.3070344E-5
0.12660518, -1.8963166, -1.0181163E-5
0.10430843, -1.924226, -1.836651E-5
0.113804586, -1.924173, 9.21188E-6
0.08682685, -1.9672567, 1.8671377E-6
0.09429038, -1.9731632, -6.587048E-6
0.09275259, -1.9968197, 5.3738345E-6
0.14518887, -1.8163159, -1.2832118E-5
0.15429124, -1.8162637, 1.5882659E-5
0.13820018, -1.8529799, 8.94274E-6
0.12896667, -1.8530328, -1.9652072E-5
0.1125074, -1.8962748, 1.1879075E-5
0.10311947, -1.8963269, -1.5594032E-5
0.090066165, -1.924202, -5.848743E-6
0.07234426, -1.9672478, 6.341454E-6
0.073209226, -1.9968047, 1.2882231E-5
0.072689585, -1.9790423, -1.0130947E-6
0.1360843, -1.8162715, 1.156971E-5
0.12699215, -1.8163235, -1.7061382E-5
0.110507086, -1.853013, -9.013699E-6
0.1105028, -1.8529756, 1.1241072E-5
0.093731515, -1.8963091, -6.228585E-6
0.08434758, -1.8962972, 8.3509214E-8
0.07108883, -1.9241872, 1.8456567E-6
0.05367775, -1.9968041, 1.3165052E-5
0.05329682, -1.9790413, -5.658239E-7
0.053043537, -1.967247, 6.78814E-6
0.11335491, -1.8162795, 7.199417E-6
0.08745317, -1.8530035, -3.815684E-6
0.07027854, -1.8962889, 4.453558E-6
0.052123047, -1.9241865, 2.1786116E-6
0.033751052, -1.9672527, 3.876018E-6
0.03391233, -1.979047, -3.4210425E-6
0.034154594, -1.9968101, 1.017823E-5
0.09519169, -1.816309, -9.026989E-6
0.08157632, -1.8162891, 1.9188333E-6
0.06902648, -1.8529894, 3.7400455E-6
0.05152893, -1.8962882, 4.817966E-6
0.028426692, -1.924194, -1.7007027E-6
0.03790402, -1.9241906, 4.474046E-8
0.01453291, -1.9790516, -5.7747284E-6
0.014463607, -1.9672575, 1.427512E-6
0.014636544, -1.9968152, 7.5915405E-6
0.067969516, -1.816281, 6.3989896E-6
0.050611, -1.8529892, 3.9169154E-6
0.032787323, -1.8962938, 1.923454E-6
0.014212616, -1.9241972, -3.3379247E-6
0.04983593, -1.8162804, 6.7037463E-6
0.032203373, -1.8529947, 9.166456E-7
0.014050616, -1.8962986, -6.8241366E-7
0.031710092, -1.8162861, 3.5705048E-6
0.013800548, -1.8529994, -1.5909404E-6
0.013588981, -1.8162909, 9.570504E-7
2.5445166, -1.8166013, -1.6995097E-4
0.28718153, -1.8162475, 2.4798526E-5
