1.791274, 1.8944349, 0.499841
1.7683208, 1.894967, 0.49970055
1.8288164, 1.9368719, 0.49982452
1.8488741, 1.941313, 0.4999047
1.8727776, 1.9407495, 0.5000499
1.8684137, 1.9359307, 0.5000676
1.8252124, 1.9418691, 0.49976146
1.8524781, 1.9363104, 0.49996954
1.8053917, 1.9374259, 0.49968147
1.8888772, 1.9403683, 0.5001481
1.8844727, 1.9355474, 0.5001666
1.9028792, 1.9375708, 0.50025713
1.9195201, 1.937343, 0.49970287
1.8882322, 1.8947558, 0.49975628
1.9360034, 1.9369665, 0.4998001
1.9240142, 1.9421762, 0.49968237
1.9125875, 1.8942072, 0.49990115
1.9488671, 1.9416118, 0.49982774
1.9526248, 1.9365916, 0.49989688
1.9289975, 1.8938339, 0.4999997
1.9739848, 1.9410362, 0.49997604
1.9693797, 1.9362112, 0.49999514
1.9862694, 1.9358246, 0.500095
1.9909102, 1.9406447, 0.5000769
2.0079727, 1.9402467, 0.5001794
2.0032966, 1.9354318, 0.5001964
1.9988103, 1.8949604, 0.49970227
2.0228188, 1.937437, 0.50029165
2.0159495, 1.8945755, 0.4998039
2.0454123, 1.942178, 0.4996819
2.0494094, 1.9371724, 0.49974692
2.0332325, 1.8941834, 0.4999074
2.075805, 1.9365765, 0.49990082
2.0629482, 1.9417807, 0.49978423
2.0895462, 1.941169, 0.4999418
2.0935993, 1.9361687, 0.50000614
2.1115444, 1.9357524, 0.5001136
2.1164432, 1.9405406, 0.5001037
2.1296415, 1.9353267, 0.5002236
2.1345775, 1.9401094, 0.50021476
2.1503806, 1.9372804, 0.500332
2.1250598, 1.8949405, 0.49970755
2.1432996, 1.8945159, 0.49981964
2.17458, 1.942135, 0.49969298
2.1695638, 1.9373581, 0.49969894
2.1932416, 1.9416968, 0.49980587
2.1616988, 1.8940809, 0.49993446
2.188187, 1.9369252, 0.49981076
2.2069733, 1.9364821, 0.4999252
2.2120655, 1.9412476, 0.4999216
2.2259245, 1.9360275, 0.50004256
2.231055, 1.9407872, 0.5000402
2.2502124, 1.9403149, 0.5001618
2.2450428, 1.935561, 0.5001631
2.2404745, 1.8952187, 0.49963406
1.81446, 1.8938963, 0.4999832
1.7877156, 1.935393, 0.5002065
