1.102313, 1.8626087, -4.912896E-6
1.0788759, 1.8625295, 3.757354E-5
1.137546, 1.862187, 2.2140672E-4
1.113752, 1.862046, 2.9716323E-4
1.0675855, 1.863099, -2.6818382E-4
1.1499399, 1.8629252, -1.7486916E-4
1.0909189, 1.8631687, -3.0558906E-4
1.1259975, 1.8627397, -7.528515E-5
1.032707, 1.8625197, 4.281105E-5
1.0444856, 1.8630779, -2.568791E-4
1.0556772, 1.8625007, 5.3024225E-5
1.0216106, 1.8631041, -2.709532E-4
1.1741505, 1.8631676, -3.0505608E-4
1.1616021, 1.8623837, 1.15847084E-4
1.185931, 1.8626375, -2.0450458E-5
1.1977632, 1.8621062, 2.6485053E-4
0.9983709, 1.8620921, 2.7238045E-4
1.0099566, 1.8625845, 8.020113E-6
0.9874167, 1.8626919, -4.9639537E-5
1.2105433, 1.862951, -1.887783E-4
1.2225007, 1.8624324, 8.971542E-5
1.2354501, 1.8633262, -3.9018763E-4
0.94293565, 1.8630272, -2.2964267E-4
0.9650792, 1.8628404, -1.2936666E-4
0.9537222, 1.8624185, 9.715473E-5
0.97594774, 1.8622357, 1.9532282E-4
1.2596817, 1.8623139, 1.5331725E-4
1.2475374, 1.8628204, -1.18582786E-4
1.2728853, 1.8632728, -3.6146826E-4
0.9098314, 1.8628925, -1.5733807E-4
0.92049545, 1.8622736, 1.7497143E-4
0.93168604, 1.8626384, -2.0855377E-5
1.285167, 1.8627803, -9.7111246E-5
1.2975087, 1.8622874, 1.6753121E-4
1.3109809, 1.8633138, -3.8350007E-4
0.8932241, 1.8624027, 1.0559263E-4
0.8662164, 1.8625906, 4.7772546E-6
0.87715715, 1.8628738, -1.4728903E-4
1.3234675, 1.8628355, -1.2671151E-4
1.3360177, 1.8623571, 1.3013178E-4
1.3486325, 1.8618784, 3.871033E-4
0.84488475, 1.8629605, -1.9380673E-4
0.8553274, 1.8623286, 1.4540588E-4
0.83408356, 1.8627242, -6.699027E-5
0.82333076, 1.8625082, 4.8982984E-5
1.3752459, 1.8625265, 3.9134502E-5
1.3624758, 1.8629897, -2.0950014E-4
1.388084, 1.8620633, 2.8785726E-4
0.812625, 1.8623114, 1.5469646E-4
0.8023169, 1.8629498, -1.8810615E-4
0.7864002, 1.8626972, -5.2476404E-5
1.4087318, 1.8630234, -2.2757472E-4
1.4283065, 1.8623526, 1.3255319E-4
0.76532173, 1.862419, 9.6903415E-5
0.74961656, 1.8622519, 1.8663431E-4
1.4414532, 1.8619055, 3.7261695E-4
1.4560192, 1.8631796, -3.1146486E-4
1.4693412, 1.8627491, -8.0308564E-5
0.7342973, 1.8628514, -1.3520602E-4
0.71359736, 1.8627038, -5.6034958E-5
1.4894786, 1.8621035, 2.6626015E-4
1.5112313, 1.8632554, -3.5212835E-4
0.6879221, 1.8625966, 1.5339623E-6
0.6981639, 1.8626286, -1.5597527E-5
0.67262685, 1.8625736, 1.3862595E-5
1.5248961, 1.8628424, -1.3045082E-4
1.5386426, 1.8624289, 9.155876E-5
1.5524728, 1.8620152, 3.1363443E-4
0.6523414, 1.8625826, 9.064881E-6
0.63217986, 1.8626355, -1.9351788E-5
1.5679665, 1.8634778, -4.7155662E-4
1.5890567, 1.8628837, -1.525734E-4
0.6121354, 1.8627282, -6.912428E-5
0.59220177, 1.8628567, -1.3812642E-4
1.6103239, 1.8622888, 1.6678283E-4
1.6246223, 1.8618917, 3.7996424E-4
0.57221055, 1.8624897, 5.8985454E-5
0.5524924, 1.8627, -5.4012555E-5
1.6480095, 1.8632791, -3.6485255E-4
1.6698786, 1.8627086, -5.860003E-5
0.5327289, 1.862453, 7.86419E-5
0.513201, 1.8627275, -6.8733076E-5
1.6919897, 1.8621366, 2.4853658E-4
1.7162108, 1.8636389, -5.5805803E-4
0.4984879, 1.862501, 5.2828385E-5
0.48878905, 1.8626592, -3.2069773E-5
0.4693435, 1.8625728, 1.4302615E-5
0.4791088, 1.8628197, -1.18202704E-4
1.7312527, 1.8632737, -3.6202915E-4
1.7463975, 1.8629072, -1.6520686E-4
1.750121, 1.850353, 0.0065749586
0.4500434, 1.8627322, -7.123834E-5
0.44998634, 1.8625333, 3.548779E-5
0.42114323, 1.8627284, -6.922397E-5
0.4307114, 1.8625354, 3.4435292E-5
1.7506102, 1.8345119, 0.015079753
1.749904, 1.8095863, 0.028461926
0.40197703, 1.8627732, -9.3251736E-5
0.41151297, 1.8625737, 1.3832772E-5
0.38281435, 1.8625299, 3.735829E-5
0.39238557, 1.8626431, -2.3456016E-5
1.7496473, 1.7697644, 0.049841654
0.3685556, 1.8626926, -5.001759E-5
0.3495177, 1.8625355, 3.439287E-5
1.7680608, 1.7494185, 0.060765047
1.7500906, 1.7546735, 0.057943728
1.7932266, 1.7510891, 0.05986815
0.33059388, 1.8626938, -5.060694E-5
0.31167895, 1.8626153, -8.486168E-6
1.8087021, 1.7507594, 0.06004514
0.29282045, 1.8625765, 1.2324043E-5
0.27401328, 1.8625714, 1.5107424E-5
1.8479223, 1.7499211, 0.06049522
0.24588804, 1.8626125, -7.016498E-6
0.25993726, 1.862585, 7.787995E-6
0.22718841, 1.8626646, -3.4979974E-5
1.8878715, 1.7490608, 0.06095716
1.8717927, 1.7494079, 0.060770765
0.20850712, 1.8625764, 1.2404517E-5
0.18521063, 1.8625523, 2.532151E-5
0.19453138, 1.8626411, -2.2339811E-5
0.17126444, 1.8626285, -1.5595384E-5
0.14803974, 1.8626451, -2.4529541E-5
0.15732086, 1.8625919, 4.085389E-6
0.12484984, 1.8626363, -1.9747777E-5
0.13875641, 1.8625993, 1.0877317E-7
0.110947534, 1.8625947, 2.559616E-6
0.10168979, 1.8626459, -2.4913905E-5
0.087805115, 1.8626225, -1.234514E-5
0.06930427, 1.8626084, -4.7687986E-6
0.050814666, 1.8626075, -4.3476803E-6
0.03233296, 1.8626131, -7.2918247E-6
0.013856083, 1.8626177, -9.777306E-6
1.7535869, 1.7492571, 0.11425712
1.8327627, 1.7497606, 0.11400217
1.8093696, 1.7502682, 0.11374512
1.7496501, 1.7920593, 0.09258409
1.7491945, 1.8074782, 0.08477669
