2.3345437, -0.49442354, 0.8275572
2.323539, -0.50488496, 0.8088739
2.3066907, -0.5224692, 0.83062893
2.3026924, -0.5253558, 0.8092208
2.3271194, -0.50186217, 0.85645914
2.3144684, -0.5141774, 0.8298859
2.3326604, -0.49555564, 0.80857897
2.3141527, -0.5137955, 0.8712214
2.3147302, -0.5142728, 0.80929816
2.341601, -0.48735654, 0.80416703
2.3240852, -0.5048952, 0.87022954
2.3137233, -0.5148772, 0.78948176
2.3139238, -0.5143476, 0.8528881
2.3249893, -0.50373083, 0.79051363
2.3346639, -0.49389452, 0.8458046
2.341483, -0.48678243, 0.8334937
2.3229277, -0.50503284, 0.83376515
2.3327415, -0.4955194, 0.8690649
2.3354628, -0.4926163, 0.7878822
2.3413436, -0.48787132, 0.87460506
2.304348, -0.523949, 0.7894404
2.2929895, -0.5355538, 0.8132118
2.2945051, -0.5342922, 0.7908578
2.305612, -0.52292573, 0.7723583
2.3253713, -0.50375354, 0.7702819
2.3153372, -0.5127269, 0.76989985
2.3342156, -0.4943615, 0.770526
2.2949452, -0.5332658, 0.82714844
2.3429115, -0.48507798, 0.7712914
2.3062477, -0.5223371, 0.86908054
2.2852376, -0.5437588, 0.81035006
2.292921, -0.5351185, 0.8469473
2.2857575, -0.5424038, 0.87134206
2.2842648, -0.544279, 0.84829086
2.2752576, -0.5525416, 0.8110004
2.2815597, -0.5462424, 0.78902185
2.2810435, -0.54795706, 0.8262376
2.2945862, -0.5339085, 0.76661587
2.312716, -0.51548886, 0.89196694
2.3020382, -0.5265484, 0.89211977
2.33457, -0.49425167, 0.8883835
2.322948, -0.5058552, 0.88680613
2.3255343, -0.5027229, 0.9087365
2.3073277, -0.5206121, 0.91112685
2.2934084, -0.53577816, 0.89441216
2.2840757, -0.5439553, 0.89280057
2.3160725, -0.5127449, 0.90624416
2.3349795, -0.49425238, 0.9102743
2.3429844, -0.48541826, 0.91187805
2.3244147, -0.5036592, 0.74569035
2.3339634, -0.49514496, 0.74765265
2.3038254, -0.52514434, 0.7524005
2.3150933, -0.513386, 0.74939466
2.3410962, -0.48747745, 0.75263524
2.2862864, -0.5419053, 0.7484566
2.284904, -0.54361, 0.7282362
2.3026304, -0.5253489, 0.7322508
2.3130684, -0.5158342, 0.731474
2.323499, -0.5049597, 0.72928536
2.3324058, -0.495929, 0.73255175
2.27772, -0.5542442, 0.87251806
2.2815716, -0.54645437, 0.9100851
2.3145776, -0.51442, 0.9300858
2.3051271, -0.52281183, 0.92894524
2.2951174, -0.533624, 0.9274696
2.3228207, -0.5054355, 0.9292474
2.3335614, -0.49553728, 0.9313813
2.288124, -0.54107326, 0.93622285
2.3406024, -0.48780078, 0.92947656
2.3345628, -0.4942608, 0.9488699
2.3210185, -0.50723827, 0.94752735
2.3032918, -0.52464557, 0.94811225
2.3127697, -0.5162321, 0.94894433
2.2867484, -0.54245144, 0.952917
2.2779973, -0.55287397, 0.92976916
2.3421054, -0.4859838, 0.7049892
2.333634, -0.49474865, 0.70969975
2.3220153, -0.5069271, 0.7076769
2.3040886, -0.5239378, 0.7143756
2.2946713, -0.5337138, 0.7131982
2.2841372, -0.5448941, 0.6857829
2.2951338, -0.53351843, 0.69234276
2.3275218, -0.5014087, 0.69562566
2.3154209, -0.5126165, 0.68882215
2.3416648, -0.48686564, 0.6861594
2.3290143, -0.500232, 0.9709145
2.335907, -0.49263746, 0.96837366
2.315569, -0.5130613, 0.96785104
2.2763915, -0.5516333, 0.9679258
2.3284776, -0.50076926, 0.98706263
2.3148968, -0.51373273, 0.9867277
2.3365633, -0.49184036, 0.9872933
2.2933044, -0.5352878, 0.9861709
2.3259249, -0.5020429, 0.67205024
2.3353472, -0.49306285, 0.66887385
2.31528, -0.5130787, 0.66926205
2.3044798, -0.5242907, 0.66203463
2.293594, -0.53530335, 0.6750504
2.2815733, -0.5462629, 0.6683975
2.2743208, -0.5536989, 0.66388357
2.2935925, -0.53474104, 0.6522434
2.2818148, -0.5462135, 0.6479028
2.3134499, -0.5152573, 0.64892983
2.3240194, -0.50441444, 0.64737153
2.314807, -0.51382065, 1.0079246
2.3283892, -0.5008554, 1.0077245
2.3364758, -0.49192524, 1.0075868
2.2757165, -0.55230516, 1.0085181
2.328845, -0.5004018, 1.0250018
2.335782, -0.49276057, 1.0290834
2.301899, -0.5260352, 1.0298436
2.3154287, -0.5131998, 1.0291154
2.2938535, -0.53473777, 1.0303373
2.2763736, -0.551649, 1.0312967
2.3227892, -0.5059621, 0.62675405
2.3143446, -0.51457894, 0.62865
2.3040113, -0.52442306, 0.63336647
2.2946262, -0.5333761, 0.6271261
2.28392, -0.5442357, 0.6291863
2.2851934, -0.54309034, 0.60807574
2.2955112, -0.5326476, 0.6070608
2.3128095, -0.5161903, 1.051491
2.3208563, -0.5073987, 1.0506141
2.3030982, -0.52483636, 1.0495715
2.2950666, -0.5335232, 1.0503919
2.334404, -0.4944181, 1.0493193
2.3410208, -0.4873822, 1.0738717
2.3046756, -0.52326465, 1.0669061
2.333801, -0.4952968, 1.0705355
2.323111, -0.5051455, 1.0730802
2.2966619, -0.53193086, 1.0680141
2.3069174, -0.5210216, 1.0857797
2.3253083, -0.5029477, 1.0897939
2.3352716, -0.4939586, 1.091635
2.2949367, -0.5339516, 1.0879084
2.3170543, -0.5119382, 1.0894207
2.3427649, -0.485637, 1.0867033
2.2761388, -0.5524085, 0.8911347
2.2756128, -0.5533954, 0.8497654
2.2761636, -0.5523546, 0.7521155
2.3012648, -0.52666795, 1.0081227
2.2767544, -0.5532311, 0.7285917
2.2821765, -0.5462854, 0.57310104
2.3053203, -0.523037, 0.69042695
2.2952619, -0.53332984, 0.94725335
2.3132377, -0.5148016, 0.7078919
2.2964363, -0.53195083, 0.5679681
2.3042479, -0.5237186, 0.6136402
2.3021321, -0.52703804, 0.8492584
2.275044, -0.5532683, 0.62304485
2.2944236, -0.5337249, 0.7297491
2.2870393, -0.5421589, 1.0512075
2.2852635, -0.542643, 0.77049464
2.3245683, -0.5043857, 0.60584414
2.3157241, -0.5124152, 0.576155
2.2773228, -0.5507014, 0.9522009
2.3337336, -0.49520612, 0.59038955
2.301356, -0.52657825, 0.9863959
2.2939982, -0.5345948, 0.9665017
2.2950087, -0.5337878, 0.8676015
2.3146663, -0.5134019, 0.6071702
2.281577, -0.5464489, 1.0899659
2.2951884, -0.53312427, 0.58531725
2.340549, -0.48818454, 0.5961974
2.2932122, -0.5353787, 1.0082572
2.334125, -0.49451673, 0.61414564
2.2852569, -0.5439459, 0.98594713
2.2752953, -0.553206, 0.5676928
2.2845774, -0.5441826, 0.709141
2.3259277, -0.50198495, 0.58478236
2.2860208, -0.54235184, 0.5884453
2.2754908, -0.55410236, 0.5912347
2.302042, -0.52589405, 0.967047
2.2766323, -0.55301523, 0.68621576
2.311135, -0.5168979, 0.5954546
2.2740092, -0.5550289, 1.0913776
2.3124516, -0.5159162, 0.5478909
2.2760913, -0.55802643, 0.5384282
2.2851505, -0.54334843, 0.5505685
2.282368, -0.5461489, 0.52139735
2.2923875, -0.53612536, 0.53018117
2.322493, -0.50572824, 0.55681884
2.3149757, -0.513471, 0.5234877
2.3435583, -0.48536792, 0.574661
2.332539, -0.49547437, 0.5658046
2.3359184, -0.49223703, 0.54429865
2.3248515, -0.50349396, 0.53274655
2.3171182, -0.5113737, 0.5002779
2.3240857, -0.50437295, 0.50593054
2.295243, -0.5332642, 0.5051193
2.3435202, -0.48471427, 0.52518773
2.3338015, -0.49456674, 0.5155364
2.2976975, -0.530777, 0.48131666
2.3046722, -0.52382815, 0.4868728
2.3127568, -0.5157451, 0.49479455
2.3327062, -0.49577123, 0.48586616
2.3419275, -0.4864943, 0.4924118
2.3338203, -0.4946707, 0.46897107
2.3229022, -0.5056027, 0.47247615
2.313653, -0.5148411, 0.46608996
2.2933626, -0.5350863, 0.4758485
2.342403, -0.48607028, 0.47264445
2.3039021, -0.5245286, 0.45273095
2.3149958, -0.5134587, 0.44880205
2.2753863, -0.5565585, 0.45481193
2.324522, -0.50396836, 0.45488328
2.334126, -0.4943732, 0.44834334
2.3410766, -0.48742577, 0.45172888
2.333251, -0.49522603, 0.43446657
2.3245335, -0.5039153, 0.43088186
2.3155704, -0.5128349, 0.42774314
2.295335, -0.53293824, 0.42874497
2.2849398, -0.5432812, 0.43316644
2.2773073, -0.552855, 0.4266681
2.2839286, -0.54415536, 0.41142687
2.3236873, -0.504701, 0.4144971
2.3121781, -0.5161453, 0.41278538
2.3341007, -0.49431345, 0.40978903
2.2757206, -0.55310404, 0.4071256
2.3435955, -0.48486915, 0.41872382
2.32554, -0.5027899, 0.3972399
2.3160312, -0.51219535, 0.38843834
2.304149, -0.5239927, 0.3902562
2.2928472, -0.5353438, 0.39293462
2.3048217, -0.5235915, 0.37230226
2.342246, -0.4860917, 0.37653428
2.316959, -0.51115084, 0.36390966
2.3326, -0.4956562, 0.37011918
2.322873, -0.50532025, 0.3711654
2.3233871, -0.5048797, 0.35242367
2.3057113, -0.5229005, 0.34928805
2.2925048, -0.53598493, 0.35151517
2.2853177, -0.5431756, 0.32405713
2.3267288, -0.50186074, 0.3234322
2.2938988, -0.5344696, 0.3348911
2.3124375, -0.5160943, 0.33353692
2.3033676, -0.5250275, 0.32658213
2.3427582, -0.48538673, 0.33276868
2.335407, -0.4931437, 0.33099383
2.3080454, -0.52020645, 0.30265075
2.341138, -0.48744944, 0.30658698
2.331923, -0.49665865, 0.31727386
2.322975, -0.50547874, 0.3099255
2.3167295, -0.51166934, 0.31019825
2.2934184, -0.53506386, 0.31372178
2.284933, -0.5436454, 0.30271497
2.2770875, -0.5555313, 0.3086813
2.2809768, -0.5474391, 0.29305956
2.3029323, -0.52573895, 0.29123083
2.2942243, -0.5342753, 0.28379107
2.333774, -0.49465376, 0.292553
2.3244004, -0.50387925, 0.283215
2.3117347, -0.51663375, 0.29469687
2.3164716, -0.5121559, 0.2714411
2.2936516, -0.5347172, 0.2700231
2.3416858, -0.48671404, 0.27765262
2.3325915, -0.49588796, 0.26688123
2.302561, -0.52575487, 0.25209618
2.2973893, -0.5312686, 0.24425276
2.323214, -0.5053109, 0.2529427
2.3122208, -0.5162605, 0.23380172
2.3341408, -0.4942865, 0.2300436
2.3405926, -0.48792878, 0.23695292
2.3184752, -0.51001656, 0.2055572
2.2949162, -0.5334096, 0.2114092
2.3237984, -0.50480413, 0.21367663
2.2759433, -0.5547614, 0.21082696
2.3118362, -0.5165229, 0.19541442
2.3356204, -0.49288714, 0.19012067
2.32833, -0.50005615, 0.18057004
2.3239808, -0.5043244, 0.17133354
2.2746282, -0.55682874, 0.1735932
2.3426707, -0.48571244, 0.1651397
2.3078883, -0.5204303, 0.14718343
2.312593, -0.51578766, 0.1524923
2.3178246, -0.51062953, 0.12231126
2.3252153, -0.5031489, 0.13516933
2.3037677, -0.5247011, 0.13785197
2.296134, -0.5323145, 0.12534231
2.3127995, -0.51559126, 0.11378285
2.335323, -0.4931149, 0.10359335
2.3400939, -0.48825938, 0.11241995
2.2978835, -0.53049695, 0.08816243
2.3256598, -0.5027953, 0.085995905
2.2767062, -0.55281013, 0.09166637
2.3207917, -0.5076253, 0.07721565
2.3159342, -0.51245636, 0.0684336
2.3366904, -0.49173364, 0.06397248
2.2755966, -0.55284584, 0.049748376
2.3260531, -0.50236773, 0.04373698
2.3418617, -0.48658425, 0.0134756435
2.2858124, -0.54338884, 1.0308282
2.307908, -0.5205803, 0.10520759
2.29463, -0.5337308, 0.44650063
2.2852943, -0.54308975, 0.4680047
2.295073, -0.5335625, 0.36549872
2.3131814, -0.5155139, 0.35090145
2.2788446, -0.54946876, 0.46175596
2.2918344, -0.53668594, 0.23654637
2.2750387, -0.55347264, 0.3723778
2.3190422, -0.5094497, 0.16291192
2.2919383, -0.53652227, 0.5562148
2.27464, -0.5535385, 0.64318097
2.276094, -0.55334973, 0.24929467
2.2942014, -0.5342151, 0.02887952
2.295034, -0.53279734, 0.74879223
2.2758102, -0.552212, 0.9857336
2.3050108, -0.523357, 0.43448502
2.3044538, -0.52408874, 0.22518164
2.3040183, -0.5244896, 0.17977732
2.2846637, -0.54371464, 0.106604815
2.2762103, -0.55390775, 0.289543
2.2762046, -0.5520686, 0.1838238
2.2779655, -0.55369556, 1.070796
2.2886522, -0.5405463, 1.0691159
2.2847342, -0.54386413, 0.2523834
2.3307724, -0.4976408, 0.05273472
2.3038683, -0.52454734, 0.046453983
2.2740617, -0.55504876, 0.9086725
2.296194, -0.5319904, 0.40786195
2.2841349, -0.54422224, 0.34756953
2.2944062, -0.53453255, 0.9109602
2.3028445, -0.52535456, 0.58945775
2.2855148, -0.5429193, 0.06681058
2.2947834, -0.53363633, 0.07053149
2.282987, -0.5454399, 0.19363129
2.2855778, -0.56832093, 1.0935633
2.277836, -0.55238044, 0.54795843
2.2795334, -0.5539471, 0.22638997
2.2731137, -0.5561285, 0.333296
2.2853906, -0.5430829, 0.49600753
2.275549, -0.55285114, 0.48694247
2.3040838, -0.52417415, 0.41039318
2.2851644, -0.54403794, 1.0083907
2.3335464, -0.49468634, 0.53981465
2.283317, -0.5452613, 0.264912
2.2776175, -0.5504057, 1.0519865
2.3403125, -0.48827466, 0.19552712
2.34013, -0.48797816, 0.54605496
2.2917154, -0.5367053, 0.05279562
2.3333807, -0.49498335, 0.12642868
2.284526, -0.54390097, 0.15277603
2.3349292, -0.49312633, 0.64997196
2.3299658, -0.49843222, 0.1787917
2.2893658, -0.5390575, 0.11185823
2.313797, -0.51463795, 0.09174128
2.3031504, -0.52585244, 0.6454072
2.3235939, -0.50481606, 0.109075464
2.3409166, -0.48757493, 0.612698
2.2847543, -0.543977, 0.38811415
2.2948701, -0.5334747, 0.16901685
2.341179, -0.48726964, 0.06975958
2.340834, -0.48762605, 0.13941321
2.3276575, -0.5006685, 0.22319297
2.313125, -0.5152742, 0.24921794
2.3335795, -0.49533978, 0.6830041
2.3341122, -0.4942478, 0.63332874
2.273922, -0.55448127, 0.60642135
2.3408175, -0.48827195, 0.7311711
2.3039532, -0.52444214, 0.07443833
2.2762892, -0.556909, 0.823399
2.284905, -0.5434463, 0.22692454
2.3028903, -0.52553856, 0.096685134
2.275563, -0.5529616, 0.14205828
2.311884, -0.51654667, 0.016747072
2.2859094, -0.5426208, 0.20088995
2.275823, -0.5559081, 0.7107086
2.28583, -0.5433732, 0.9684061
