1.0858343, 1.2868661, -2.2375354E-4
1.0649713, 1.286363, 1.6727521E-4
1.0201135, 1.2867365, -1.230087E-4
1.0346487, 1.2862406, 2.6244714E-4
0.9858587, 1.2868686, -2.2563316E-4
0.9615874, 1.286726, -1.1487391E-4
0.97094816, 1.2863762, 1.5699244E-4
0.9522706, 1.2870753, -3.86373E-4
0.9422893, 1.2864578, 9.357521E-5
0.92322206, 1.2862327, 2.685272E-4
0.93307275, 1.2868164, -1.8507514E-4
0.88636047, 1.2867985, -1.712385E-4
0.8953495, 1.2864244, 1.1957395E-4
0.845259, 1.2867732, -1.5160991E-4
0.8584673, 1.2861912, 3.0075168E-4
0.8679059, 1.2866702, -7.153106E-5
0.82288253, 1.2869184, -2.6442407E-4
0.83158535, 1.2865254, 4.1082385E-5
0.79599875, 1.2865185, 4.642052E-5
0.7610895, 1.2866374, -4.602853E-5
0.77399784, 1.2863932, 1.4387218E-4
0.75224936, 1.2863222, 1.9894619E-4
0.743872, 1.2867401, -1.2577463E-4
0.7351181, 1.2864486, 1.00779915E-4
0.7095074, 1.2863486, 1.7849237E-4
0.70971036, 1.2866883, -8.554625E-5
0.68848693, 1.2864377, 1.09192486E-4
0.67610264, 1.286763, -1.435755E-4
0.6470648, 1.2867415, -1.268955E-4
0.63048816, 1.2864428, 1.05241714E-4
0.5899012, 1.286449, 1.004869E-4
0.55003273, 1.2866458, -5.2539974E-5
0.56598806, 1.2867478, -1.3179795E-4
0.577796, 1.2863337, 1.9008075E-4
0.510623, 1.286555, 1.8004182E-5
0.5381369, 1.2865939, -1.2236576E-5
0.5263085, 1.2865651, 1.0225502E-5
0.48727703, 1.2865986, -1.5848771E-5
0.4989206, 1.2865676, 8.293221E-6
0.4679825, 1.286684, -8.222348E-5
0.4526316, 1.2867768, -1.5432862E-4
0.44486234, 1.2864639, 8.88488E-5
0.4258549, 1.2866434, -5.066923E-5
0.41062152, 1.2864728, 8.188144E-5
0.39556953, 1.2866623, -6.535297E-5
0.37302244, 1.2866707, -7.186552E-5
0.3617647, 1.2865554, 1.768017E-5
0.34684438, 1.2865282, 3.8875187E-5
0.33198753, 1.2865297, 3.7710037E-5
0.3171896, 1.2865561, 1.7135224E-5
0.29506907, 1.2865261, 4.047458E-5
0.28407857, 1.2866385, -4.6807567E-5
0.87680733, 1.2862887, 2.2500598E-4
1.0001047, 1.2863578, 1.7130902E-4
0.6102377, 1.2866993, -9.406803E-5
0.9095618, 1.286783, -1.5911157E-4
0.7874459, 1.2869223, -2.6747616E-4
