4.1284657, 6.27812, 9.428609E-5
4.1538143, 6.2997723, -1.9760286E-4
4.1031117, 6.256971, -1.0551621E-4
4.111589, 6.263908, 9.189094E-5
4.0863085, 6.2428646, -1.5103901E-4
4.1199627, 6.2711525, -9.420718E-5
4.1453924, 6.292419, 5.4149947E-5
4.0947604, 6.249774, 5.2321204E-5
4.1368628, 6.285417, -1.230794E-4
4.1623726, 6.306812, -3.4108245E-5
4.1794086, 6.3213067, -1.7539461E-4
4.170946, 6.3138666, 1.2744666E-4
4.0696087, 6.228713, -6.761634E-5
4.0696573, 6.228584, 9.673501E-5
4.196632, 6.3355203, 1.0915827E-4
4.188012, 6.328405, -3.101006E-5
4.2052674, 6.3426547, 2.4441804E-4
4.2137904, 6.350221, -1.3185151E-4
4.0363603, 6.20051, 1.2400749E-4
4.0446453, 6.2075567, 5.7677364E-5
4.0529385, 6.2146244, -2.2111632E-5
4.2224593, 6.3574057, -1.8011213E-5
4.2354975, 6.3682246, 1.3997145E-4
4.2484393, 6.37955, -2.715271E-4
4.0197186, 6.186668, -4.5418557E-5
4.0032063, 6.172689, 2.3406019E-5
4.027986, 6.193684, -9.6538606E-5
4.011459, 6.17967, -5.819534E-6
4.2571797, 6.386835, -1.9717636E-4
4.265939, 6.394145, -1.3119183E-4
4.274718, 6.4014807, -7.437764E-5
3.9867227, 6.158774, 5.351277E-5
3.994961, 6.165724, 4.2857733E-5
3.9743786, 6.1483765, 5.3345604E-5
4.292335, 6.4162316, 1.0726078E-5
3.9538357, 6.1311064, 2.1826918E-5
3.9456303, 6.124218, -5.0381914E-7
3.9620478, 6.1380053, 3.923377E-5
3.9333344, 6.1139045, -4.2699372E-5
3.8966403, 6.0828795, 7.17562E-5
3.9047546, 6.0898075, -1.8812887E-5
3.8640482, 6.055526, -2.347086E-5
3.8722017, 6.0623374, 3.110689E-5
3.8884718, 6.076053, 1.9410103E-5
3.880309, 6.069231, -3.2013857E-5
3.8478, 6.041848, -3.141755E-5
3.8356495, 6.0315666, 1.4859108E-5
3.8559442, 6.048652, 2.3000655E-5
3.8234675, 6.0213466, -2.4940131E-5
3.7991803, 6.000852, 1.17200025E-5
3.8153713, 6.0145087, -7.049584E-6
3.8072755, 6.007678, 4.6215882E-6
3.7668068, 5.9735866, 9.524714E-6
3.7748988, 5.980399, 1.2575913E-5
3.7870388, 5.9906225, 1.4640733E-5
3.7587159, 5.966775, 6.0860007E-6
3.9211159, 6.103498, 6.885635E-5
