1.3305684, -0.54805654, 0.20903587
1.4084411, -0.5432552, 0.19072355
1.3313626, -0.54705185, 0.19242227
1.3890874, -0.53217536, 0.17151485
1.3301133, -0.5451724, 0.17284364
1.4085722, -0.5477344, 0.20955935
1.4108673, -0.54427755, 0.17116374
1.3896858, -0.5344541, 0.19093828
1.3886399, -0.5528297, 0.24952668
1.329178, -0.5515076, 0.23054022
1.4114238, -0.5492485, 0.23107854
1.2877064, -0.5495612, 0.19245712
1.2852762, -0.56954145, 0.22669926
1.3119946, -0.5535995, 0.21101356
1.3296813, -0.5639465, 0.25371477
1.3307434, -0.5555775, 0.2475466
1.310122, -0.55157775, 0.18990475
1.3136259, -0.5448543, 0.17081302
1.2875848, -0.5605795, 0.17501757
1.41051, -0.5498382, 0.24879906
1.4071516, -0.5612896, 0.25016922
1.2904364, -0.5689418, 0.24783386
1.3261989, -0.5659182, 0.2703042
1.2678497, -0.56656873, 0.22858873
1.2682481, -0.55072784, 0.16965654
1.2685372, -0.55205786, 0.18999192
1.2646694, -0.57048297, 0.2483902
1.2702342, -0.5718087, 0.26972106
1.3262172, -0.5681596, 0.29075104
1.4698997, -0.53180873, 0.20786639
1.467259, -0.547121, 0.24884877
1.4697961, -0.5341841, 0.22898214
1.4498993, -0.55199, 0.27040035
1.371951, -0.5688933, 0.31349444
1.4085578, -0.5716231, 0.31004822
1.3717084, -0.56972986, 0.33072826
1.3280807, -0.57265174, 0.30766913
1.2554594, -0.5721396, 0.26711616
1.2678554, -0.58688843, 0.2907726
1.2274022, -0.55151093, 0.18687724
1.2271688, -0.54935324, 0.15035726
1.2282457, -0.5867352, 0.2735083
1.252295, -0.58546513, 0.31113398
1.2687848, -0.5839045, 0.3109831
1.3119328, -0.57319885, 0.33080032
1.3490119, -0.56990683, 0.34951657
1.4515706, -0.55443877, 0.33114213
1.2893355, -0.5745785, 0.34740153
1.208729, -0.5486971, 0.14979783
1.2108313, -0.55193937, 0.21194878
1.1900587, -0.56777406, 0.25076675
1.1925114, -0.5865141, 0.2705704
1.3684881, -0.5704159, 0.39075524
1.3687242, -0.5701099, 0.37041074
1.3916006, -0.56956947, 0.34770292
1.3872699, -0.57183456, 0.37154493
1.3701462, -0.5535166, 0.24975201
1.4108299, -0.53235805, 0.16972867
1.1482649, -0.55498224, 0.18966152
1.232594, -0.5863605, 0.41151333
1.1916035, -0.58752286, 0.39105153
1.1737348, -0.5870644, 0.36989352
1.193905, -0.5894767, 0.37049532
1.1704153, -0.5879234, 0.32994547
1.2295059, -0.55098087, 0.17039724
1.1888388, -0.5882601, 0.35230047
1.3068229, -0.5697352, 0.27221912
1.1505401, -0.5513047, 0.1509282
1.1896275, -0.58606213, 0.29043177
1.209119, -0.5728827, 0.27130505
1.4510459, -0.5474412, 0.249745
1.3708196, -0.5719742, 0.40731108
1.2491283, -0.5858795, 0.36920875
1.3898572, -0.5665618, 0.27272242
1.3864722, -0.570232, 0.30662724
1.4690595, -0.526658, 0.187059
1.2515876, -0.5863996, 0.33162987
1.4527241, -0.5299978, 0.17169662
1.4510218, -0.55434424, 0.28850165
1.4498789, -0.5469274, 0.23006217
1.4493203, -0.5428811, 0.21318486
1.2674493, -0.5657733, 0.20637217
1.3938223, -0.5548577, 0.2053528
1.3883555, -0.5492803, 0.229941
1.452918, -0.53129995, 0.15393914
1.2485381, -0.5636518, 0.21177688
1.2475097, -0.58527434, 0.2897462
1.2916422, -0.54778534, 0.17252217
1.2309842, -0.58553016, 0.39041108
1.1893946, -0.5725707, 0.2695663
1.3909421, -0.5412841, 0.14746806
1.1879565, -0.54860836, 0.17007016
1.3879874, -0.56915945, 0.41191763
1.3848813, -0.54270464, 0.16901925
1.4305075, -0.5679519, 0.37186548
1.2095134, -0.58624, 0.368955
1.2707477, -0.54890966, 0.15114722
1.2489009, -0.5868949, 0.35188693
1.387986, -0.5628881, 0.2566682
1.3112913, -0.57282543, 0.2860787
1.4676721, -0.53620297, 0.25004375
1.2510769, -0.5860791, 0.3891401
1.250728, -0.5689887, 0.25083157
1.2283087, -0.56760776, 0.22855362
1.3874049, -0.54740083, 0.1930622
1.2673824, -0.58679986, 0.33076292
1.3303584, -0.57190263, 0.3288111
1.4704313, -0.54474306, 0.23085421
1.1499151, -0.57120144, 0.25164843
1.2530466, -0.57336456, 0.28800496
1.4705975, -0.54427886, 0.2122661
1.3883371, -0.5708122, 0.39202166
1.2281221, -0.5554656, 0.20927842
1.2906194, -0.57174444, 0.26917714
1.4123977, -0.58105963, 0.2888807
1.1479387, -0.570502, 0.22828637
1.2120261, -0.5577673, 0.22742504
1.2262193, -0.56367475, 0.17073295
1.2083421, -0.58727807, 0.3920015
1.4484173, -0.5684798, 0.33160934
1.2944716, -0.58330804, 0.27177754
1.2913394, -0.5636151, 0.21346897
1.4101992, -0.5693563, 0.33184126
1.1507225, -0.58685315, 0.34855098
1.4274255, -0.5479559, 0.23326744
1.4283395, -0.5526357, 0.26897782
1.3517299, -0.5517449, 0.23018545
1.2065617, -0.5661679, 0.22950923
1.2490634, -0.5663053, 0.2314169
1.1706008, -0.5885969, 0.3072976
1.2304968, -0.5862971, 0.28990507
1.2116885, -0.5698714, 0.24996512
1.2075611, -0.58764786, 0.35113057
1.2485733, -0.54854155, 0.15073481
1.1695776, -0.58729637, 0.2863125
1.408637, -0.5711051, 0.4264239
1.1483861, -0.5872614, 0.32927582
1.469776, -0.5657233, 0.28919592
1.3326733, -0.5697747, 0.3469358
1.1726406, -0.58531845, 0.27080727
1.3335234, -0.57098156, 0.37003627
1.1716046, -0.567296, 0.23379724
1.3696238, -0.55263424, 0.2301146
1.4486094, -0.567323, 0.34837314
1.2121129, -0.5867627, 0.27418315
1.3077209, -0.5642984, 0.22817501
1.2515031, -0.55343145, 0.18908724
1.1465417, -0.582144, 0.23395011
1.1879365, -0.5771935, 0.28393108
1.1913973, -0.5498109, 0.14748776
1.368983, -0.54467064, 0.17123115
1.2120345, -0.58757913, 0.31145823
1.2476346, -0.54900676, 0.16981995
1.1918566, -0.56911683, 0.22632329
1.2103603, -0.56474984, 0.20849097
1.1318152, -0.59348845, 0.30939034
1.232057, -0.58575726, 0.31143492
1.1122084, -0.5936459, 0.3307345
1.4285159, -0.56612676, 0.27366573
1.2320528, -0.58581996, 0.35038733
1.2089565, -0.5865353, 0.3311247
1.3501804, -0.57157534, 0.32930702
1.1498419, -0.566165, 0.210248
1.3121374, -0.5672561, 0.2516507
1.1493026, -0.56630754, 0.1895844
1.2513791, -0.5635582, 0.19310331
1.1913992, -0.5517367, 0.18814741
1.4298891, -0.528783, 0.17078848
1.3684411, -0.5492359, 0.20981334
1.1914942, -0.55141366, 0.20771694
1.4101521, -0.56979847, 0.2883557
1.1492176, -0.5865707, 0.27248988
1.3325284, -0.57123864, 0.38942167
1.1471409, -0.5641094, 0.16862172
1.1883593, -0.56395817, 0.1948441
1.3503082, -0.5694306, 0.288995
1.4278153, -0.5462622, 0.20997052
1.2287724, -0.58854634, 0.36987907
1.1902603, -0.5685661, 0.2103163
1.3707271, -0.5460698, 0.18916325
1.4285843, -0.5528058, 0.25002646
1.2931149, -0.5619071, 0.19756097
1.190119, -0.5574258, 0.23104893
1.1106368, -0.59455156, 0.34883833
1.1670964, -0.58885014, 0.35146287
1.2294575, -0.5869509, 0.32849854
1.4293791, -0.56904566, 0.29095554
1.4309956, -0.545296, 0.19296768
1.4521357, -0.53252214, 0.20835733
1.2887613, -0.5494255, 0.15166879
1.2691664, -0.58411926, 0.34771106
1.3102828, -0.5842831, 0.2888913
1.1302437, -0.58970886, 0.33317354
1.2296824, -0.5751046, 0.28526366
1.3112295, -0.5734537, 0.34958413
1.2285208, -0.5682702, 0.24843924
1.1889148, -0.58823884, 0.31118754
1.2093191, -0.5500149, 0.16819252
1.3301729, -0.56331927, 0.22855683
1.3321204, -0.5604645, 0.20755345
1.3083308, -0.5642087, 0.21052724
1.1296029, -0.56421006, 0.19279772
1.3113875, -0.58367735, 0.3463335
1.3277596, -0.5841246, 0.3298161
1.2518177, -0.55457914, 0.2076699
1.1309234, -0.5912163, 0.29021922
1.1463681, -0.5901941, 0.30911213
1.150634, -0.55383205, 0.16940294
1.3691933, -0.5708139, 0.28861612
1.2703273, -0.5739162, 0.28953654
1.1878104, -0.58667666, 0.32972658
1.3268561, -0.58178604, 0.29289007
1.2710773, -0.5527666, 0.22728442
1.251261, -0.5835298, 0.26882154
1.4432776, -0.5450497, 0.17787525
1.4101794, -0.5516882, 0.267839
1.4892688, -0.5494748, 0.26663935
1.1687299, -0.5495443, 0.17095274
1.2512059, -0.57528025, 0.3720473
1.3805827, -0.58047235, 0.33519706
1.2683402, -0.5575885, 0.24749415
1.4271896, -0.570499, 0.32769206
1.1306745, -0.56948006, 0.21053536
1.3044891, -0.58344007, 0.30981278
1.3498944, -0.55001163, 0.21047784
1.3693397, -0.5671309, 0.35162827
1.1699221, -0.55191046, 0.18888567
1.3682235, -0.5611926, 0.2136862
1.2710888, -0.549835, 0.21047147
1.4518112, -0.56759214, 0.31085792
1.2673712, -0.5630641, 0.1965667
1.3508191, -0.54708004, 0.18823722
1.3489258, -0.56557417, 0.25079867
1.3695046, -0.56835425, 0.27107257
1.34685, -0.5654179, 0.2732238
1.3524368, -0.5630433, 0.23272799
1.2159572, -0.57258433, 0.28745168
1.2685364, -0.5733284, 0.33020395
1.2487466, -0.55489177, 0.23195767
1.3294967, -0.5818333, 0.3908711
1.3502353, -0.5804539, 0.3074658
1.1730045, -0.5715252, 0.250186
1.2870543, -0.55247986, 0.21188635
1.334103, -0.54286116, 0.14918791
1.2908382, -0.58326447, 0.30969152
1.3702211, -0.53067464, 0.17065561
1.4281682, -0.56150293, 0.2562713
1.1433165, -0.5822159, 0.25366446
1.2901754, -0.5856368, 0.36586714
1.4909308, -0.5464044, 0.23267084
1.230317, -0.55594206, 0.2328773
1.3758082, -0.5816289, 0.3649733
1.1683576, -0.5623806, 0.19187568
1.1893555, -0.57499266, 0.39190647
1.2269405, -0.5670978, 0.21528915
1.1506013, -0.5870587, 0.39103365
1.171564, -0.57321024, 0.27015746
1.4318398, -0.56926465, 0.4083367
1.3000324, -0.5879785, 0.39605245
1.469864, -0.5497233, 0.27021185
1.4528822, -0.5433088, 0.19171605
1.1494561, -0.57229745, 0.26910937
1.4909993, -0.5441744, 0.2088529
1.2904326, -0.586075, 0.34883016
1.2099992, -0.5611435, 0.1937382
1.2685239, -0.58749944, 0.27239275
1.2489918, -0.5751685, 0.33129156
1.2512221, -0.57462233, 0.3122605
1.351567, -0.54436225, 0.16976999
1.2762009, -0.5829226, 0.38673985
1.3508022, -0.55491436, 0.27139798
1.3116289, -0.5734788, 0.3128657
1.3541507, -0.5434474, 0.14896673
1.1531254, -0.5880229, 0.3701553
1.3518946, -0.57158196, 0.31109032
1.3290073, -0.58214927, 0.35089234
1.3089831, -0.57299775, 0.39015317
1.1704326, -0.58711404, 0.39056966
1.3521409, -0.5515533, 0.25196534
1.2274532, -0.5720799, 0.2692839
1.491467, -0.53440416, 0.24625921
1.3667334, -0.5809363, 0.29102266
1.1645836, -0.5622348, 0.17061959
1.4300947, -0.55494195, 0.3329
1.4266673, -0.5698177, 0.3508048
1.4053252, -0.57333165, 0.40819243
1.169545, -0.5734276, 0.21506765
1.3899083, -0.570721, 0.33395746
1.350857, -0.582011, 0.37026426
1.4505397, -0.53153425, 0.18832247
1.4100626, -0.53239703, 0.20659496
1.3678092, -0.56258637, 0.23310065
1.430048, -0.5517426, 0.2898576
1.4309752, -0.56663406, 0.39031658
1.2696545, -0.55730695, 0.2671367
1.2904925, -0.5831492, 0.2915789
1.3709497, -0.55470985, 0.28883913
1.2909101, -0.583376, 0.38986677
1.3498615, -0.58183473, 0.38588324
1.3510942, -0.58079416, 0.2929571
1.4115472, -0.53092533, 0.19120428
1.2711653, -0.53546685, 0.17012796
1.4285661, -0.5309361, 0.15234582
1.4916952, -0.5483294, 0.24911487
1.272365, -0.5837912, 0.3697111
1.4700388, -0.5509377, 0.28808638
1.3076967, -0.58349895, 0.27077752
1.3695275, -0.58095413, 0.3098542
1.3053135, -0.5851036, 0.32784382
1.2098097, -0.57716763, 0.34996897
1.4295886, -0.53125197, 0.19320334
1.4285431, -0.5727468, 0.30755678
1.1290917, -0.5754951, 0.24891052
1.4912518, -0.5294362, 0.19250105
1.4876707, -0.5428808, 0.19437812
1.1862937, -0.55833906, 0.24496576
1.3687791, -0.53224796, 0.19176476
1.2102346, -0.5509917, 0.18973926
1.2531844, -0.56542444, 0.09061183
1.1470234, -0.55261457, 0.13216223
1.2529082, -0.5745195, 0.3494872
1.269506, -0.57605946, 0.30631766
1.4091725, -0.570595, 0.34904402
1.289094, -0.5572202, 0.23074545
1.4717209, -0.56955886, 0.37065348
1.3087723, -0.5579132, 0.24855658
1.2961583, -0.57093406, 0.31217104
1.3086296, -0.539614, 0.18875635
1.3336608, -0.58472276, 0.36651266
1.3122925, -0.5620266, 0.18746156
1.3406185, -0.5820021, 0.26699898
1.2511728, -0.576157, 0.3884992
1.3508633, -0.57027984, 0.3680473
1.1681889, -0.5523675, 0.13057333
1.2916212, -0.55660427, 0.24901536
1.4906648, -0.531186, 0.1709197
1.5049758, -0.5475106, 0.20790029
1.2470963, -0.5639312, 0.17478487
1.130477, -0.5906466, 0.35080636
1.2859812, -0.5850402, 0.33263662
1.4932834, -0.5302549, 0.14501412
1.4686292, -0.55492646, 0.30630106
1.3472635, -0.5602595, 0.2128786
1.1773863, -0.5817707, 0.25996685
1.4505779, -0.5675139, 0.40848657
1.3146669, -0.58286345, 0.36601198
1.1919477, -0.58162105, 0.25464377
1.4096586, -0.5695656, 0.36847237
1.4488521, -0.5671534, 0.27218354
1.3250571, -0.5822749, 0.31070888
1.3121027, -0.5540024, 0.22996826
1.3735857, -0.55452585, 0.26824757
1.3888531, -0.5696695, 0.28907683
1.2923224, -0.5752926, 0.28861707
1.1333876, -0.58872473, 0.27103013
1.2472081, -0.58312994, 0.250058
1.1688695, -0.5472882, 0.15319139
1.1316187, -0.58653575, 0.24987057
1.4096794, -0.5654871, 0.27162582
1.489579, -0.55370075, 0.28884393
1.5028673, -0.5499303, 0.26755494
1.3857847, -0.5634555, 0.22684476
1.3046018, -0.5616278, 0.17823818
1.2921946, -0.5657052, 0.08489586
1.4917578, -0.55626315, 0.3302347
1.3902528, -0.5525111, 0.27093312
1.2312208, -0.5620334, 0.19541802
1.4716855, -0.52699375, 0.16894701
1.1700839, -0.556167, 0.23064296
1.1704133, -0.5548357, 0.20876136
1.3064419, -0.5663746, 0.08533107
1.3936654, -0.5541059, 0.28664127
1.5034828, -0.5470399, 0.25456125
1.1660179, -0.5736033, 0.2831093
1.3098506, -0.53391933, 0.15875772
1.4948843, -0.5131966, 0.16716711
1.4720795, -0.53156316, 0.1328452
1.1304857, -0.5654846, 0.16972893
1.1330531, -0.5575845, 0.18805958
1.3664372, -0.56502634, 0.25324818
1.3035425, -0.55598533, 0.26056194
1.2660619, -0.57064646, 0.3510255
1.2987816, -0.5543597, 0.27754843
1.3321301, -0.532884, 0.15013216
1.4707249, -0.5549147, 0.41052198
1.2650077, -0.57602394, 0.36841196
1.3352911, -0.53639364, 0.18388218
1.3931394, -0.53014207, 0.15385856
1.4708195, -0.5529556, 0.38828236
1.3483081, -0.533803, 0.16569054
1.1688471, -0.5861443, 0.42387953
1.3931277, -0.5586064, 0.3267247
1.332886, -0.528678, 0.17465311
1.4292518, -0.5338123, 0.20725983
1.1651908, -0.5630765, 0.14657292
1.3469396, -0.5805043, 0.32618707
1.2932955, -0.57238656, 0.32920408
1.499425, -0.5178619, 0.18206136
1.4902165, -0.55474067, 0.31578523
1.4893752, -0.55712295, 0.34570274
1.3502054, -0.57312423, 0.42623055
1.3557429, -0.5399716, 0.22782695
1.3524377, -0.5581571, 0.2903041
1.2672706, -0.5581157, 0.116995856
1.4079297, -0.5680174, 0.38974565
1.2517982, -0.55777687, 0.24362081
1.36784, -0.5828912, 0.3323186
1.2370614, -0.5759392, 0.35102385
1.1809858, -0.5794641, 0.3197449
1.4699326, -0.57041633, 0.32919496
1.2571068, -0.53555703, 0.16955861
1.3697374, -0.5350645, 0.20874435
1.2261176, -0.57124484, 0.389907
1.4090539, -0.55849123, 0.36301875
1.4229743, -0.5594671, 0.3078923
1.4506719, -0.5663019, 0.38984773
1.173617, -0.57899547, 0.35307944
1.1179671, -0.57338774, 0.22604862
1.1499163, -0.5777454, 0.38809475
1.4078156, -0.5565168, 0.28187674
1.3310139, -0.5528412, 0.2884692
1.1282195, -0.58343554, 0.23205319
1.4026814, -0.5579157, 0.30740494
1.4846944, -0.5701577, 0.3517984
1.34501, -0.53971046, 0.19384286
1.1327183, -0.57301193, 0.23005243
1.338619, -0.5572496, 0.26690266
1.2049772, -0.57585645, 0.315202
1.4509473, -0.565156, 0.3710616
