1.4302963, -0.5413295, 0.13509323
1.3868363, -0.54504853, 0.12752138
1.4118505, -0.5455317, 0.12688233
1.4291111, -0.5459428, 0.109625265
1.3518634, -0.5476799, 0.11298133
1.412013, -0.55079544, 0.09335502
1.437953, -0.5404979, 0.15932252
1.3269746, -0.549168, 0.126279
1.3311551, -0.5667328, 0.08645759
1.3634794, -0.56277955, 0.08958649
1.4469588, -0.5431861, 0.12274985
1.4508495, -0.5518693, 0.090786606
1.403066, -0.5610652, 0.083167866
1.4617128, -0.5494422, 0.106072575
1.395262, -0.5605938, 0.08855738
1.4494703, -0.5522909, 0.06771708
1.3910339, -0.5648165, 0.068332724
1.346419, -0.5556797, 0.074876636
1.3693024, -0.5541145, 0.070432864
1.3478504, -0.56808466, 0.070100695
1.3936588, -0.5521311, 0.07233769
1.3737913, -0.56502867, 0.07025969
1.4278791, -0.5500982, 0.069800414
1.2728615, -0.56977034, 0.08261168
1.2925283, -0.5691064, 0.06926989
1.2602282, -0.56078154, 0.11608279
1.3479599, -0.5690257, 0.050716124
1.4694636, -0.5655457, 0.05244842
1.469165, -0.55472404, 0.06839871
1.4898568, -0.5521435, 0.07505215
1.2321829, -0.5512202, 0.13410646
1.2296343, -0.56796134, 0.06841914
1.2700853, -0.56888825, 0.07093063
1.2291589, -0.570466, 0.08586314
1.2502025, -0.5731708, 0.06942278
1.2114687, -0.5707358, 0.06574361
1.2089812, -0.54849476, 0.13034321
1.1964016, -0.56436074, 0.110505685
1.1926479, -0.56727487, 0.08937222
1.2047651, -0.56175125, 0.10936281
1.1895775, -0.57030857, 0.06876339
1.1697544, -0.57270503, 0.06702578
1.1748967, -0.56874144, 0.089567825
1.1652008, -0.5649504, 0.10659319
1.2718533, -0.5471096, 0.13213761
1.5080053, -0.5490747, 0.090164274
1.2697581, -0.53695464, 0.14728582
1.3913484, -0.54910654, 0.11965084
1.4627341, -0.54277706, 0.0936072
1.3537023, -0.54672885, 0.13040465
1.4082063, -0.5530839, 0.073171526
1.3130538, -0.5628236, 0.101458296
1.2470251, -0.5596991, 0.08782215
1.1850984, -0.5805353, 0.02683109
1.1500344, -0.572756, 0.046800993
1.3704628, -0.54654706, 0.1283288
1.3317897, -0.550593, 0.10244611
1.3782805, -0.54978305, 0.11157967
1.4297743, -0.53342927, 0.1344499
1.3746028, -0.52800345, 0.15582135
1.358314, -0.55175877, 0.086750634
1.4099469, -0.56461173, 0.049078997
1.5181417, -0.54196143, 0.122105695
