1.731736, -0.00482275, 0.060881883
1.714153, -0.049789716, 0.06368358
1.7138673, -0.049797878, 0.05654007
1.7079852, -0.030325256, 0.06679004
1.7122495, -0.013425583, 0.06995832
1.7269784, -0.048277956, 0.067887224
1.7331066, -0.027307907, 0.054145332
1.7512317, -0.027496267, 0.06259546
1.7503351, 0.009679271, 0.053541437
1.7087046, 0.008147596, 0.06519325
1.6908975, 0.016433693, 0.072849356
1.7182683, -0.028876118, 0.05239593
1.7336024, 0.012095816, 0.061287697
1.7142541, 0.030940512, 0.054424122
1.718401, -0.063339666, 0.055387616
1.7120199, -0.073283955, 0.06775807
1.7110672, -0.09158401, 0.070918806
1.72113, -0.0793598, 0.07943807
1.6998004, 0.03695598, 0.061023347
1.7317896, 0.05042934, 0.051006377
1.7755414, 0.010008067, 0.039825216
1.712434, 0.046767853, 0.055306084
1.7052118, 0.04932681, 0.06517361
1.709012, 0.06941541, 0.056608792
1.7072318, 0.0753692, 0.06397234
1.7285376, -0.10814131, 0.067471944
1.6955671, 0.09349869, 0.057509612
1.6909065, 0.11279668, 0.05978823
1.6834854, 0.13954486, 0.0684702
1.6973704, 0.12360775, 0.056808524
1.7113274, 0.14978446, 0.05284531
1.6958104, 0.15093052, 0.055137895
1.7098243, 0.16662396, 0.052858006
1.6934733, 0.1680661, 0.055013746
1.6914145, 0.17059906, 0.0672559
1.7483839, 0.14804623, 0.04839667
1.6950611, 0.19145374, 0.052056532
1.6906936, 0.21044181, 0.06156644
1.6938664, 0.20877014, 0.052128583
1.67431, 0.21997775, 0.059580434
1.7132796, 0.22607985, 0.039410576
1.6712583, 0.22795334, 0.06687876
1.692677, 0.23061532, 0.05409673
1.6799495, 0.2389576, 0.058611486
1.6906308, 0.22841488, 0.062209494
1.6907235, 0.25205958, 0.05572592
1.6925865, 0.26858866, 0.0521697
1.6786025, 0.27237326, 0.056358688
1.6924586, 0.29128233, 0.050198175
1.6735994, 0.30614746, 0.05872286
1.691772, 0.31047773, 0.05264864
1.6887316, 0.33139515, 0.05044919
1.6695744, 0.3398437, 0.05747389
1.6756744, 0.34742913, 0.05649622
1.6683489, 0.35001913, 0.06071878
1.6750584, 0.37088862, 0.053492855
1.6748657, 0.39372683, 0.048623536
1.6577232, 0.42690808, 0.05558806
1.6680082, 0.43156874, 0.051393304
1.6544675, 0.47315496, 0.058296457
