0.6032101, 2.2239559, 0.33670804
0.62619585, 2.187931, 0.31016338
0.5716132, 2.1525273, 0.2877642
0.6065445, 2.1037102, 0.23166767
0.5904825, 2.0707211, 0.20961836
0.6526567, 2.066495, 0.1937205
0.61051667, 2.0493183, 0.18847966
0.66860837, 2.028504, 0.15433511
0.6502414, 2.00555, 0.13506164
0.65033, 1.9852462, 0.11486941
0.6297191, 1.9068398, 0.051712677
0.6669381, 2.006332, 0.13309035
0.66820055, 2.0684636, 0.1914972
0.5678419, 2.18807, 0.3246747
0.6746337, 1.9010257, 0.039271824
0.688996, 1.9827188, 0.11257672
0.6310693, 2.0485225, 0.17319782
0.6081527, 2.0323281, 0.16934417
0.62857306, 2.0492246, 0.190266
0.6491464, 2.0870903, 0.21320337
0.5920557, 2.1854153, 0.3099344
0.61425227, 1.9511002, 0.0920187
0.57968843, 2.1388278, 0.28907245
0.59051263, 2.117035, 0.26259387
0.6508507, 2.1276379, 0.25064075
0.67441666, 1.9650941, 0.09423272
0.61103696, 2.111225, 0.24618326
0.62765014, 2.066545, 0.19527304
0.61075896, 2.1501927, 0.2711284
0.62912977, 2.0089257, 0.14803681
0.689327, 1.9102979, 0.048258897
0.6598277, 2.0402324, 0.15974613
0.6099822, 2.010308, 0.14763197
0.5949762, 2.0501587, 0.18866363
0.5895684, 2.0901172, 0.22976193
0.65177816, 2.048371, 0.17428298
0.67157125, 1.9877884, 0.112664506
0.5900398, 2.1077027, 0.24733107
0.6130147, 1.9894105, 0.13039164
0.6297325, 2.185635, 0.2977237
0.5918163, 2.1326609, 0.26812515
0.6104025, 2.1287775, 0.25232148
0.6664941, 2.048154, 0.17079045
0.6317892, 1.8919394, 0.04857195
0.6850149, 2.0081089, 0.13296148
0.6673869, 2.0897727, 0.19385496
0.62906724, 1.9870604, 0.12803482
0.6503177, 1.9532793, 0.101781175
0.64673567, 2.190121, 0.30856615
0.59192187, 2.093683, 0.24347496
0.6486771, 1.9174948, 0.06630798
0.6293902, 1.913144, 0.06287301
0.62976485, 2.148318, 0.27132687
0.6274538, 1.9917712, 0.14123365
0.6129603, 1.9759798, 0.12713565
0.6893458, 1.9688364, 0.093508355
0.69366616, 1.9890776, 0.09505837
0.6132966, 2.092774, 0.24213108
0.5890868, 2.139459, 0.28234
0.6110024, 2.033653, 0.18363674
0.6538636, 1.9465425, 0.07138093
0.6476984, 1.9371847, 0.08553058
0.6094868, 2.072159, 0.20784679
0.6300575, 2.0727851, 0.20651443
0.63117397, 2.1056082, 0.23221937
0.6499544, 2.0266123, 0.15258761
0.60934114, 1.9928912, 0.14258204
0.60900474, 2.0910172, 0.22787575
0.63169664, 2.1312916, 0.25460082
0.62852013, 2.0874865, 0.21316504
0.6512778, 2.12503, 0.23968136
0.679975, 2.0374818, 0.1393839
0.63561124, 2.1445706, 0.25609988
0.65168047, 2.167111, 0.26998758
0.6718435, 1.9512546, 0.07426901
0.59063953, 2.1919024, 0.32857034
0.6860377, 1.9455857, 0.0712029
0.6292849, 2.2026048, 0.31716323
0.68907475, 1.928441, 0.05321122
0.66734785, 1.9303238, 0.053417157
0.6977506, 1.9082086, 0.027742641
