1.607445, 1.7151798, 0.19239989
1.6070706, 1.7702242, 0.10915051
1.6087492, 1.7676681, 0.09140244
1.6081228, 1.8080081, 0.13028432
1.6098514, 1.8140334, 0.069464505
1.6111376, 1.8083961, 0.37328014
1.6062655, 1.8295157, 0.37015235
1.6029357, 1.830435, 0.39431173
1.6094574, 1.8325748, 0.42806813
1.5933868, 1.868767, 0.42948642
1.6083441, 1.7706636, 0.42931944
1.6072602, 1.7699816, 0.1941261
1.6094066, 1.8097655, 0.14672558
1.606588, 1.7878267, 0.34343505
1.6106422, 1.8094592, 0.3278627
1.6099689, 1.7441452, 0.35247916
1.6054574, 1.7495728, 0.33066475
1.6106855, 1.7490005, 0.44863972
1.6123067, 1.7079065, 0.3285178
1.6105142, 1.7316998, 0.37295276
1.6066382, 1.772947, 0.5893283
1.5954702, 1.7897451, 0.64389163
1.609475, 1.746561, 0.59188896
1.606032, 1.7495387, 0.6340616
1.5900595, 1.8288637, 0.67115283
1.5903515, 1.814152, 0.66664696
1.6058767, 1.7534124, 0.7340994
1.6103085, 1.7507256, 0.48863688
1.6040547, 1.7890401, 0.4099488
1.5919079, 1.8916909, 0.60970664
1.6079131, 1.7483673, 0.38853428
1.5906124, 1.9142121, 0.11253902
1.5886555, 1.9100399, 0.13492957
1.5856742, 1.9339933, 0.19045633
1.590947, 1.9722186, 0.14965615
1.5898172, 1.9687954, 0.13018978
1.5919387, 1.9486779, 0.20844558
1.5943682, 1.9700186, 0.08962781
1.5932112, 1.8935099, 0.12948313
1.5919468, 1.8321204, 0.4117183
1.6087508, 1.7103505, 0.430125
1.5943149, 1.8513501, 0.18880776
1.6242045, 1.6898923, 0.16983216
1.5909466, 1.8463014, 0.3514515
1.5936139, 1.7505802, 0.6302102
1.6109972, 1.7543936, 0.069628105
1.591394, 1.846008, 0.41241178
1.5919049, 1.8480299, 0.17148297
1.5931401, 1.8473921, 0.3699633
1.6018916, 1.8440479, 0.43940103
1.6028972, 1.889212, 0.11108529
1.5932952, 1.8502538, 0.42730778
1.591086, 1.773263, 0.73335594
1.5923983, 1.8483703, 0.4513443
1.6076124, 1.8480506, 0.23104608
1.5935656, 1.8524295, 0.11088672
1.6269636, 1.7134074, 0.30460158
1.6079751, 1.7514498, 0.43119198
1.6072092, 1.7696717, 0.12837313
1.6112118, 1.8288589, 0.11000521
1.6074613, 1.7661963, 0.37236202
1.607016, 1.8456848, 0.315509
1.6091081, 1.7666563, 0.40688714
1.61317, 1.7100189, 0.051101334
1.6129786, 1.7296953, 0.44816
1.6086787, 1.7294031, 0.43224716
1.6148385, 1.7934759, 0.09265636
1.6076981, 1.7134806, 0.38987887
1.6127936, 1.6936363, 0.44318527
1.6230251, 1.7330501, 0.44433913
1.5879937, 1.8309754, 0.64767903
1.5910783, 1.85164, 0.61035293
1.6208401, 1.7154833, 0.36508742
1.6091905, 1.8092747, 0.38955885
1.6101912, 1.8092576, 0.4086464
1.6116972, 1.8106306, 0.23213325
1.6091242, 1.7862654, 0.4921035
1.6101447, 1.8065207, 0.048616324
1.6103294, 1.8117777, 0.2525334
1.607908, 1.825144, 0.15433998
1.6088518, 1.8106557, 0.42562845
1.6112663, 1.7896076, 0.1276677
1.6064143, 1.8874824, 0.050578088
1.5849898, 1.8899622, 0.4714999
1.6292422, 1.6470711, 0.43048698
1.6069959, 1.8696548, 0.21008135
1.6084958, 1.8505576, 0.11114936
1.6029583, 1.8460559, 0.34502274
1.5898557, 1.8905745, 0.48739773
1.6327292, 1.7307825, 0.6459796
1.5938433, 1.8326687, 0.42935148
1.5878205, 1.9246359, 0.06761935
1.6074436, 1.7526281, 0.19001211
1.6247154, 1.6838257, 0.4891235
1.5917888, 1.8492029, 0.46866786
1.6079211, 1.806199, 0.34884274
1.5945299, 1.8325934, 0.39203963
1.6146995, 1.8297082, 0.16849418
1.5899408, 1.8703246, 0.30998617
1.6158308, 1.690117, 0.4310147
1.6230053, 1.6897132, 0.34944165
1.613165, 1.750879, 0.21342698
1.6110917, 1.7248127, 0.41498405
1.6261573, 1.6928501, 0.64963675
1.6296085, 1.6865172, 0.5083605
1.5898569, 1.8731514, 0.3688055
1.590337, 1.9249164, 0.13014176
1.6243888, 1.729837, 0.36605227
1.6230587, 1.7229388, 0.38513637
1.607115, 1.7730224, 0.72485673
1.6093686, 1.7115413, 0.4110773
1.6083028, 1.7535737, 0.04829322
1.6280957, 1.7331653, 0.22184101
1.6200206, 1.7776783, 0.1441548
1.6256151, 1.6864449, 0.60885304
1.6133842, 1.7932835, 0.22648203
1.6216398, 1.7134408, 0.33145264
1.6275492, 1.647991, 0.3528751
1.6118177, 1.7516879, 0.15006526
1.6274905, 1.666678, 0.19092634
1.6075814, 1.8300424, 0.40666872
1.6088486, 1.7854533, 0.313598
1.6111425, 1.8312328, 0.5464429
1.6335888, 1.6244619, 0.13031119
1.6111002, 1.7922466, 0.36852807
1.6072675, 1.809315, 0.58927524
1.6282568, 1.6275988, 0.10713853
1.6203923, 1.7694505, 0.3150725
1.6086732, 1.7746929, 0.44939676
1.6077603, 1.8305498, 0.29031128
1.5842233, 1.9092646, 0.38903597
1.6094012, 1.7720035, 0.39280137
1.6064856, 1.8065406, 0.6098204
1.6306328, 1.6444771, 0.37116814
1.6089058, 1.7953146, 0.45032448
1.630476, 1.6881404, 0.12965277
1.5858629, 1.911703, 0.3688001
1.609518, 1.8128035, 0.50860703
1.5950009, 1.8073223, 0.49210605
1.6235127, 1.6886548, 0.18932155
1.5866327, 1.9091488, 0.3501792
1.6029896, 1.8809234, 0.47588632
1.6096796, 1.7923125, 0.071519986
1.6333826, 1.646751, 0.21547323
1.6208917, 1.7302812, 0.12994352
1.6082722, 1.7898874, 0.64807045
1.6203109, 1.7211753, 0.7260914
1.6100817, 1.7670969, 0.3538991
1.6082547, 1.7677263, 0.14624676
1.6082432, 1.7481639, 0.4039995
1.6044452, 1.8863766, 0.1265408
1.5902773, 1.8145576, 0.7089846
1.5864542, 1.9066092, 0.4490298
1.5840236, 1.9324309, 0.4529205
1.625029, 1.7150215, 0.46562758
1.6091733, 1.7714039, 0.33400115
1.6089197, 1.7485161, 0.11363336
1.5687308, 1.9514037, 0.41345233
1.585316, 1.930578, 0.4294572
1.588343, 1.9309616, 0.34756932
1.5852779, 1.9284945, 0.37280503
1.5905162, 1.9311464, 0.32715422
1.5812553, 1.9678993, 0.4299221
1.6100183, 1.7944791, 0.051441316
1.606821, 1.830419, 0.067828946
1.6102786, 1.7889009, 0.14710407
1.6067531, 1.808686, 0.47209042
1.6091685, 1.8501587, 0.55968344
1.6062301, 1.8711569, 0.046859764
1.6051147, 1.8079128, 0.6270794
1.627844, 1.7116865, 0.21228544
1.6216261, 1.7069476, 0.033471294
1.6230025, 1.7290964, 0.3494873
1.5900491, 1.8451192, 0.38993913
1.6096908, 1.7673771, 0.30827665
1.6278276, 1.6915728, 0.14884742
1.5861243, 1.9104886, 0.42728353
1.6287138, 1.6688628, 0.42728543
1.5747391, 1.8900412, 0.4115234
1.6082604, 1.7481459, 0.60832715
1.610062, 1.8167131, 0.10676233
1.5941508, 1.891592, 0.18990716
1.6303182, 1.6471143, 0.33061263
1.6094093, 1.7309648, 0.4907094
1.631644, 1.6722736, 0.36923784
1.6140932, 1.8092755, 0.16874537
1.5901893, 1.887998, 0.40875491
1.59169, 1.885307, 0.38620868
1.5848157, 1.9297955, 0.40574777
1.5892134, 1.8931861, 0.4518376
1.5856893, 1.8683982, 0.41025424
1.6221199, 1.7100828, 0.49010077
1.5934645, 1.8656018, 0.33342522
1.6062849, 1.8074782, 0.45360005
1.5920837, 1.8678381, 0.5102598
1.6095374, 1.811105, 0.2895267
1.586972, 1.9299778, 0.15138926
1.6114492, 1.7719462, 0.07035112
1.6108562, 1.8124976, 0.09157947
1.6086868, 1.715396, 0.6379635
1.6265075, 1.7060359, 0.40216354
1.608732, 1.8181101, 0.69183636
1.6127585, 1.7886684, 0.18651259
1.5879612, 1.8701614, 0.63383144
1.5841938, 1.9475487, 0.44905284
1.5839256, 1.9524493, 0.42633888
1.6090522, 1.8105416, 0.19142562
1.5844891, 1.9444498, 0.3910056
1.5884763, 1.8713475, 0.46973926
1.6057702, 1.8691514, 0.029971953
1.6296594, 1.6890897, 0.2101767
1.6033027, 1.913723, 0.0702783
1.5896254, 1.9514167, 0.07058692
1.5914239, 1.9512519, 0.049963243
1.6286458, 1.6699613, 0.11377246
1.591776, 1.8705842, 0.19405134
1.6064478, 1.8659455, 0.1924585
1.5908601, 1.966618, 0.07190901
1.6094885, 1.830531, 0.33045247
1.596648, 1.830263, 0.3705697
1.591186, 1.9089844, 0.15035844
1.5689913, 1.9499859, 0.38595355
1.6106677, 1.7075729, 0.3506091
1.6302854, 1.6548626, 0.28561097
1.5909336, 1.8922421, 0.06995512
1.6090376, 1.750699, 0.13181247
1.5833739, 1.9647334, 0.38894397
1.6114925, 1.8502809, 0.29703388
1.5747309, 1.9924343, 0.06616949
1.606313, 1.8100791, 0.57072103
1.5950058, 2.00802, 0.22885475
1.6221361, 1.6395375, 0.3926961
1.5923278, 1.9871082, 0.11251877
1.6058708, 1.8886626, 0.090523675
1.5906022, 1.9079087, 0.074667476
1.6295438, 1.6732744, 0.20890595
1.5942773, 1.954739, 0.09179371
1.6093092, 1.7487357, 0.3113714
1.6084836, 1.7918897, 0.29231194
1.6152105, 1.7884043, 0.110556416
1.6076378, 1.7120938, 0.3706856
1.6207056, 1.7762873, 0.40692464
1.6040201, 1.8905809, 0.03230234
1.5814645, 1.9532268, 0.37230098
1.6218176, 1.8151269, 0.100495204
1.5913044, 1.8895854, 0.59150076
1.6102617, 1.8055211, 0.3097285
1.6254132, 1.6887668, 0.047822244
1.6205896, 1.760677, 0.06139985
1.6248647, 1.7096758, 0.06867277
1.633245, 1.67133, 0.16805008
1.6242522, 1.7270386, 0.10996187
1.6064492, 1.8714983, 0.066884175
1.5917518, 1.84866, 0.7108957
1.6091052, 1.7900494, 0.031342585
1.6279968, 1.7088184, 0.087232485
1.6074892, 1.8326635, 0.08631865
1.6032153, 1.8723946, 0.4694264
1.606583, 1.7905262, 0.43137157
1.6231561, 1.7283041, 0.14871964
1.5870426, 1.9942272, 0.28521088
1.5868813, 1.8700156, 0.7335917
1.6097913, 1.724374, 0.3514245
1.5875143, 1.9514041, 0.1150164
1.607514, 1.7505407, 0.3703161
1.629864, 1.6523625, 0.09098999
1.6322179, 1.6450768, 0.16391261
1.5863394, 1.9655615, 0.35692528
1.6048352, 1.9074287, 0.106096126
1.6341022, 1.627697, 0.09057706
1.5739131, 1.9743593, 0.42469466
1.6094651, 1.7478342, 0.46785027
1.5893816, 1.8659867, 0.646767
1.6135144, 1.7706544, 0.4912192
1.5886651, 1.911258, 0.09266439
1.5833097, 1.9503286, 0.34882197
1.5889454, 1.9314082, 0.17107892
1.5915793, 1.9117686, 0.051458906
1.5843483, 1.926638, 0.10888173
1.6213131, 1.772275, 0.17067066
1.5733579, 1.969777, 0.46902084
1.5927243, 1.833396, 0.44947797
1.6260353, 1.6907357, 0.32993284
1.6012058, 1.9510725, 0.19023605
1.574934, 1.9869924, 0.4904251
1.6032361, 1.8484725, 0.4719171
1.6301973, 1.6852059, 0.116912186
1.6080238, 1.7675501, 0.6123387
1.6217948, 1.6773885, 0.6110831
1.6068124, 1.7869674, 0.59117925
1.5769286, 1.9487641, 0.094627514
1.611663, 1.7691249, 0.4690369
1.589664, 1.8898944, 0.43469733
1.5889915, 1.8843617, 0.36973575
1.6289253, 1.7093484, 0.59220386
1.611573, 1.6895591, 0.16856858
1.5728124, 1.953457, 0.46810332
1.5923679, 1.8315415, 0.20414458
1.609368, 1.7266814, 0.14965472
1.5968113, 1.8152244, 0.68382525
1.6257769, 1.7120827, 0.19259481
1.6092986, 1.7530127, 0.08762036
1.5888882, 1.9325178, 0.38905635
1.5910631, 1.8862672, 0.16925786
1.6068459, 1.8786526, 0.09269572
1.6221213, 1.7418053, 0.14948398
1.6124231, 1.6942654, 0.61079437
1.587103, 1.8902676, 0.62871546
1.6105098, 1.7230525, 0.111582324
1.5712823, 1.9368261, 0.39212143
1.591335, 1.9885052, 0.24824432
1.6217886, 1.7215211, 0.035448153
1.6222024, 1.7466959, 0.112489015
1.6081802, 1.729135, 0.030251954
1.6119093, 1.7117506, 0.3098166
1.6013439, 1.8785408, 0.58961743
1.6229925, 1.7749417, 0.63667345
1.6084254, 1.8238591, 0.6857971
1.6313844, 1.628045, 0.14856511
1.5916941, 1.8067342, 0.65068007
1.5663898, 1.992017, 0.41322336
1.6311207, 1.672009, 0.0699194
1.5909057, 1.8729894, 0.34785146
1.6254023, 1.7508771, 0.22321847
1.5752996, 1.9308261, 0.47145256
1.6101811, 1.7291626, 0.2100243
1.5737396, 2.0117106, 0.4297112
1.5766444, 1.9478121, 0.16370508
1.5931554, 1.9629755, 0.05274458
1.6116451, 1.7297859, 0.38912857
1.5829245, 1.9130781, 0.40974703
1.6057969, 1.8514364, 0.16966642
1.5751631, 1.929758, 0.45033735
1.6022779, 1.9340732, 0.14214772
1.5726289, 1.9856511, 0.35336506
1.6207654, 1.7849944, 0.3474392
1.6050388, 1.81218, 0.0299711
1.6241909, 1.7273124, 0.043968562
1.5973802, 1.7872151, 0.6014687
1.6086621, 1.7276993, 0.089024946
1.624595, 1.7515522, 0.3263768
1.6218877, 1.7061878, 0.15020755
1.6083968, 1.8132247, 0.26968917
1.6312826, 1.6708777, 0.05011038
1.6233385, 1.7034769, 0.72402835
1.5710404, 1.9556662, 0.43183288
1.593907, 1.8102323, 0.41134828
1.625382, 1.6896706, 0.06592543
1.6075382, 1.7318449, 0.16905035
1.5895973, 1.971412, 0.11124593
1.6130593, 1.7708936, 0.6428615
1.6238582, 1.7360117, 0.43067512
1.6211466, 1.6986719, 0.42036632
1.6121643, 1.7131332, 0.49063492
1.615966, 1.6709838, 0.38897654
1.6156425, 1.8359916, 0.18845303
1.592739, 1.9492466, 0.63594776
1.5867414, 1.9734168, 0.63227105
1.572194, 1.9971756, 0.6684755
1.5723373, 2.0075483, 0.6317911
1.5803424, 2.0125098, 0.5791586
1.5731133, 2.0272038, 0.65187323
1.5701824, 2.0100565, 0.68848777
1.573392, 1.9938902, 0.7108006
1.5820737, 2.0073302, 0.7103247
1.573848, 2.007355, 0.5526608
1.5685995, 2.0098271, 0.7328681
1.571507, 1.9947175, 0.73213804
1.5839236, 1.9953403, 0.730121
1.5712838, 2.0081096, 0.7493317
1.5840728, 2.012878, 0.7685462
1.5716501, 2.0291352, 0.7687305
1.5899811, 1.8462867, 0.49203032
1.6007769, 1.8890011, 0.31671703
1.5832353, 1.9912416, 0.32939234
1.6074735, 1.8284415, 0.35014874
1.6268554, 1.6637554, 0.32748052
1.6046699, 1.6725651, 0.45907742
1.59554, 1.8288814, 0.107801706
1.5880708, 1.9270885, 0.49269795
1.610635, 1.8111103, 0.20900649
1.5918646, 1.9815042, 0.09583164
1.5736332, 1.9931831, 0.36678365
1.5888944, 1.9310764, 0.015957821
1.6077981, 1.8502712, 0.5708797
1.6066887, 1.7916431, 0.7158881
1.584605, 1.9878778, 0.6106766
1.5959208, 1.8342465, 0.08963808
1.6252447, 1.7092419, 0.044762857
1.5760297, 1.8542416, 0.42943418
1.624651, 1.7099731, 0.3900636
1.573924, 2.0114267, 0.77009284
1.6280885, 1.649727, 0.39001226
1.6174483, 1.6298397, 0.30614904
1.6003582, 1.8631564, 0.38152483
1.583407, 1.9706318, 0.45139024
1.5865266, 1.8299052, 0.7139062
1.5970433, 1.7527045, 0.42575923
1.6246585, 1.7116231, 0.45088586
1.582334, 1.9980761, 0.06705339
1.5923043, 1.8535511, 0.08603573
1.6265162, 1.7502133, 0.094661236
1.6001827, 1.7900366, 0.737968
1.6204412, 1.6957734, 0.41091147
1.606822, 1.8901724, 0.07126793
1.6262803, 1.7062275, 0.110810906
1.6080065, 1.7314062, 0.32753775
1.6087791, 1.832706, 0.306697
1.5702629, 1.9649684, 0.38975805
1.625123, 1.7115891, 0.1713169
1.6098849, 1.7723674, 0.052530337
1.6039641, 1.9120214, 0.19385508
1.597642, 1.7701353, 0.4518607
1.6278942, 1.6733177, 0.0911379
1.5915926, 1.85057, 0.50693166
1.6132636, 1.8618318, 0.1373129
1.5934243, 1.822663, 0.48729253
1.5686662, 2.050066, 0.74737906
1.5917702, 1.9078052, 0.6125937
1.6093982, 1.7082698, 0.10925816
1.611812, 1.8266244, 0.2484771
1.61487, 1.7282399, 0.0663073
1.605884, 1.8294343, 0.032665588
1.6061953, 1.8309418, 0.049114067
1.6076794, 1.7700026, 0.21228075
1.5731996, 2.0314322, 0.7476355
1.6298574, 1.6557451, 0.11091165
1.6133797, 1.8286335, 0.2319121
1.6034974, 1.8470263, 0.5897563
1.6063024, 1.8320531, 0.45037675
1.6052548, 1.8790095, 0.11477249
1.6059862, 1.7892549, 0.60879356
1.6152632, 1.7286086, 0.5027573
1.5901155, 1.9306433, 0.6088724
1.6069181, 1.8697853, 0.14768377
1.5655534, 1.9996593, 0.3973006
1.5861542, 1.9508115, 0.3293355
1.5854192, 1.8663007, 0.38673168
1.6149178, 1.7922373, 0.2748168
1.6087531, 1.77321, 0.22261776
1.6258285, 1.6873367, 0.089506
1.5922872, 1.930138, 0.4684459
1.6015265, 1.823104, 0.59162205
1.5969673, 1.7999115, 0.48570013
1.5957406, 1.8113894, 0.507284
1.6161823, 1.6873612, 0.64573604
1.6001399, 1.8401674, 0.6205831
1.6332145, 1.6300591, 0.17278637
1.5935129, 1.9079635, 0.1947056
1.6256346, 1.7215537, 0.19641434
1.5882151, 1.9464111, 0.40901706
1.5885212, 1.8480053, 0.7355597
1.5936897, 1.7411449, 0.4198476
1.5870869, 1.9698902, 0.18862502
1.597417, 1.7761444, 0.5974186
1.5921404, 1.908177, 0.019606736
1.5678279, 2.0072348, 0.70903856
1.5928049, 1.911126, 0.20898506
1.5725503, 1.9167674, 0.38583732
1.5890012, 1.9314218, 0.20869316
1.6078229, 1.7243131, 0.62863845
1.6127622, 1.7311093, 0.47060454
1.6255488, 1.7506644, 0.6470299
1.5865605, 1.892813, 0.3264
1.6141282, 1.6726846, 0.6115353
1.5832269, 2.014093, 0.80892503
1.586485, 1.8991529, 0.11203516
1.5875247, 1.9648936, 0.83275384
1.570796, 1.9839906, 0.83607423
1.5829151, 1.9715133, 0.8067647
1.5722089, 1.9496349, 0.78883475
1.5888284, 1.9288921, 0.8130433
1.5792629, 1.9630907, 0.10770333
1.6043403, 1.8275392, 0.6340319
1.5956942, 1.7995731, 0.38214487
1.5814664, 2.011826, 0.7922233
1.5820451, 1.9299185, 0.3017034
1.5970819, 1.7922806, 0.32650918
1.5697662, 1.9919288, 0.64934736
1.578341, 1.9931916, 0.7427304
1.6130741, 1.7117779, 0.06830319
1.6092052, 1.787282, 0.3320849
1.5690377, 2.0470788, 0.73074895
1.6152765, 1.6940153, 0.1309827
1.602464, 1.9103539, 0.050536104
1.6093537, 1.8479536, 0.14889154
1.623109, 1.6935111, 0.36858076
1.5837811, 2.006407, 0.55096054
1.5776666, 1.9600648, 0.48939374
1.5891248, 1.9252841, 0.59213614
1.6212513, 1.6506891, 0.19412732
1.6207125, 1.7484611, 0.4120375
1.6087706, 1.8326118, 0.52874345
1.6062905, 1.8517643, 0.19247727
1.6009665, 1.9473487, 0.03435656
1.5925417, 1.9105973, 0.17558399
1.5857544, 1.9441624, 0.19412456
1.596466, 1.8307489, 0.2259708
1.6011395, 1.88808, 0.6385281
1.6152942, 1.7132497, 0.4756955
1.575026, 1.9347482, 0.42742723
1.6238831, 1.7381518, 0.3350344
1.6104313, 1.8544304, 0.12716676
1.59302, 1.9833064, 0.16999231
1.6065961, 1.8525832, 0.32593477
1.6334509, 1.6524522, 0.066098996
1.607849, 1.786401, 0.6348341
1.5928422, 1.82436, 0.15274163
1.6062965, 1.8307685, 0.27353752
1.5894928, 1.8304259, 0.6318415
1.6208144, 1.7275082, 0.3066757
1.6080316, 1.8267677, 0.2130327
1.5940406, 1.8937836, 0.050191455
1.5917014, 1.9723707, 0.2715695
1.6141713, 1.6761239, 0.070680566
1.5922884, 1.8740466, 0.17258324
1.5681366, 1.9937162, 0.42700768
1.6180842, 1.7199839, 0.64298886
1.5993351, 1.8321564, 0.13157603
1.6117692, 1.7104579, 0.13082387
1.6096451, 1.9301594, 0.21217512
1.5863214, 1.9503405, 0.73047495
1.6324905, 1.6285381, 0.19126943
1.5928528, 1.9458919, 0.5792987
1.5936165, 1.8570876, 0.015790362
1.5879048, 1.9854697, 0.58835673
1.6088761, 1.7529694, 0.030726163
1.6042861, 1.8324662, 0.61307514
1.6433834, 1.7026932, 0.76000196
1.591391, 1.8916242, 0.14340006
1.6203895, 1.8231416, 0.20243062
1.6040325, 1.8913398, 0.17368987
1.5971172, 1.8700669, 0.20899124
1.5955619, 2.0006366, 0.25736585
1.6249158, 1.7078595, 0.12808253
1.5721923, 1.9950428, 0.8418122
1.5923076, 1.8887186, 0.35019985
1.5741471, 1.9288292, 0.49014568
1.5759281, 1.9084833, 0.37211305
1.6296109, 1.6388656, 0.5090714
1.612571, 1.6917572, 0.3757109
1.620403, 1.7827882, 0.378664
1.6197972, 1.7125816, 0.14662828
1.6023762, 1.9116019, 0.15800509
1.5822613, 1.9090521, 0.31511733
1.5830545, 2.0276313, 0.7848338
1.5898588, 1.94933, 0.031079447
1.5841436, 1.9873507, 0.81265676
