4.671336, 2.4034045, 0.116354264
4.718144, 2.4276848, 0.12182991
4.6635914, 2.4285877, 0.11531731
4.704042, 2.3972087, 0.115283206
4.752431, 2.4051692, 0.114803836
4.756757, 2.4252505, 0.114782155
4.717789, 2.368389, 0.115347534
4.772833, 2.3715067, 0.12266728
4.7876654, 2.4160721, 0.11289685
4.706563, 2.485345, 0.11711456
4.7751102, 2.4693036, 0.12154965
4.670838, 2.3576078, 0.12791917
4.78581, 2.3251164, 0.11741514
4.8257427, 2.394805, 0.1259341
4.745281, 2.5096872, 0.1256606
4.7670593, 2.4831166, 0.12314556
4.692231, 2.314364, 0.12283028
4.6483965, 2.3330104, 0.11839795
4.712556, 2.287155, 0.12521638
4.7847247, 2.300516, 0.11976286
4.605276, 2.3468523, 0.12533261
4.7255983, 2.2721624, 0.11846934
4.749589, 2.2936182, 0.1169433
4.796333, 2.2740734, 0.1255534
4.7506447, 2.2560768, 0.120815255
4.740144, 2.2397766, 0.11972348
4.813575, 2.2458582, 0.11779236
4.665439, 2.248346, 0.11752181
4.612404, 2.4346004, 0.12917511
4.777085, 2.202771, 0.11230878
4.783828, 2.2064512, 0.11999303
4.8246927, 2.224342, 0.11794328
4.687713, 2.2152228, 0.11645853
4.557157, 2.4563673, 0.12662357
4.612473, 2.4736943, 0.1225754
4.528349, 2.4665282, 0.13128988
4.612339, 2.5136902, 0.124333985
4.769143, 2.3016648, 0.1245764
4.7194724, 2.2778285, 0.119931355
4.746476, 2.353786, 0.124724545
4.6451316, 2.241866, 0.12482914
4.7249594, 2.4610038, 0.11548372
4.671501, 2.1869082, 0.13190451
4.7327495, 2.2105749, 0.12676209
4.7098074, 2.4700408, 0.12565105
4.567253, 2.5573716, 0.12239988
4.6887207, 2.108942, 0.12856694
4.705474, 2.1057105, 0.12742537
4.8539586, 2.1447783, 0.11860838
4.848254, 2.1695483, 0.116986364
4.791744, 2.1486747, 0.12299548
4.633031, 2.083183, 0.13612683
4.6693573, 2.0558014, 0.12706655
4.6448884, 2.0727296, 0.13300344
4.86644, 2.1104898, 0.12716842
4.88712, 2.1893091, 0.11199043
4.779549, 2.1392589, 0.11880658
4.6023397, 2.1288285, 0.13109025
4.6527047, 2.0190058, 0.13681297
4.911598, 2.169674, 0.12131381
4.9161906, 2.1994703, 0.11609413
4.591259, 2.147283, 0.13694513
4.5845823, 2.2042778, 0.12608895
4.6615443, 2.0346503, 0.13268912
4.9240484, 2.147977, 0.12471653
4.8343062, 2.376386, 0.12769209
4.8543143, 2.088676, 0.1324904
4.5926437, 2.525577, 0.1280476
4.847983, 2.1153002, 0.12835085
4.644419, 1.9989698, 0.14094046
4.766269, 2.3351524, 0.12603778
4.665626, 2.5434573, 0.12493351
4.7381, 2.0555756, 0.12784497
4.735165, 2.0374594, 0.1300103
4.863235, 2.2975774, 0.12136454
4.6314797, 2.594397, 0.120945476
4.8800373, 2.2851539, 0.12525316
4.8767877, 2.2746775, 0.118331484
4.6394486, 2.4322762, 0.12882245
4.7734485, 2.114221, 0.12894976
4.7520056, 2.2182071, 0.11729751
4.666544, 2.1715593, 0.12736908
4.787561, 2.059639, 0.13349202
4.834854, 2.3530335, 0.12625313
4.750789, 2.429002, 0.12021542
4.773817, 2.1745133, 0.12454466
4.8507733, 2.2165437, 0.11896183
4.8504524, 2.3427987, 0.12653995
4.7958965, 2.449401, 0.12716964
4.6925426, 2.1444685, 0.13060887
4.807883, 2.0977447, 0.12431856
4.7603183, 2.135802, 0.125766
4.5536203, 2.4383552, 0.122772574
4.7815924, 2.0872095, 0.12500344
4.879752, 2.1490107, 0.1185791
4.656354, 2.485504, 0.11707896
4.693127, 2.2405906, 0.11942518
4.5681295, 2.431987, 0.12817673
4.7321987, 2.3113124, 0.11279988
4.5978985, 2.542134, 0.116115175
4.607146, 2.1055725, 0.13990036
4.678601, 2.3854976, 0.116577335
4.7368746, 2.4560657, 0.115715444
4.6087723, 2.4523056, 0.12691595
4.6744866, 2.2296934, 0.117829435
4.685786, 2.4283407, 0.11603981
4.8005924, 2.2896643, 0.11714702
4.6256914, 2.1444454, 0.13044913
4.7302213, 2.2561414, 0.11982727
4.695832, 2.0777376, 0.13052237
4.795824, 2.1215513, 0.116817184
4.846428, 2.143354, 0.12145306
4.7093325, 2.0760636, 0.13147013
4.6145325, 2.378382, 0.11358233
4.6187196, 2.2962081, 0.12581834
4.6559834, 2.4140337, 0.118338555
4.8012595, 2.0669503, 0.12869585
4.8180413, 2.234644, 0.118903175
4.627628, 2.3540206, 0.121934414
4.729859, 2.2896748, 0.115111835
4.6874733, 2.3850515, 0.122239746
4.854735, 2.1944828, 0.12095557
4.6573305, 2.1056662, 0.12486403
4.8506565, 2.2671213, 0.13144493
4.702128, 2.2192361, 0.11819687
4.8391933, 2.180851, 0.11860084
4.6061835, 2.3246179, 0.12405958
4.5305595, 2.455399, 0.13383335
4.760205, 2.1456194, 0.12414799
4.606969, 2.1741936, 0.13109301
4.6805916, 2.3625855, 0.11886014
4.802654, 2.4246693, 0.12019876
4.785182, 2.0756996, 0.13323067
4.835707, 2.126707, 0.13441168
4.779515, 2.313588, 0.11981753
4.796544, 2.10969, 0.1257629
4.654416, 2.0988307, 0.11833707
4.7647123, 2.5061946, 0.123942986
4.623751, 2.601081, 0.1533069
4.665675, 2.2787325, 0.11474486
4.644721, 2.566751, 0.12942775
4.8605714, 2.2257311, 0.11628476
4.7827134, 2.190163, 0.121204495
4.51258, 2.476276, 0.12689231
4.626503, 2.1188054, 0.13351262
4.7006555, 2.152679, 0.12840275
4.629986, 2.2774076, 0.1236501
4.699068, 2.523706, 0.120540984
4.762814, 2.343035, 0.120044954
4.635815, 2.4887614, 0.12118038
4.7645187, 2.1896281, 0.11847964
4.8112783, 2.2107055, 0.12435034
4.5950985, 2.3591177, 0.12375559
4.700578, 2.1605525, 0.11929892
4.646927, 2.5060406, 0.11548438
4.5954094, 2.4021752, 0.12445833
4.671635, 2.4429214, 0.118590936
4.715784, 2.207353, 0.13794969
4.726933, 2.4725804, 0.12103747
4.6277037, 2.5135763, 0.11475073
4.826866, 2.2594159, 0.120937146
4.6578903, 2.6034513, 0.11096572
4.599823, 2.307867, 0.12875336
4.573821, 2.555073, 0.119741
4.7616463, 2.3899453, 0.11437054
4.6878567, 2.3525674, 0.11855129
4.849234, 2.2016642, 0.1213347
4.5831265, 2.1382852, 0.134857
4.742319, 2.4183185, 0.12376445
4.505867, 2.4496498, 0.1332808
4.7384367, 2.1515474, 0.11586731
4.6475616, 2.1681678, 0.13292591
4.6500125, 2.471268, 0.12070053
4.8655796, 2.3112292, 0.1259266
4.734329, 2.2455034, 0.1232966
4.539284, 2.4356627, 0.13489759
4.6950064, 2.4959257, 0.12676713
4.862726, 2.1580465, 0.12437874
4.71839, 2.0945437, 0.13079584
4.668846, 2.372656, 0.120619975
4.6851177, 2.3307076, 0.13245998
4.635161, 2.305467, 0.12851323
4.6627326, 2.4129343, 0.12610413
4.691105, 2.1757631, 0.12873013
4.822073, 2.236519, 0.126667
4.6580396, 2.206322, 0.12501273
4.7325087, 2.4498007, 0.12330058
4.9237003, 2.1848664, 0.12605675
4.762589, 2.2089186, 0.12524284
4.8022966, 2.2745214, 0.11767068
4.609888, 2.3849494, 0.12333222
