2.730139, 2.5945323, 1.9904703
2.7267787, 2.6383743, 1.9728006
2.7488935, 2.5861006, 1.9467518
2.7417707, 2.5851092, 1.966958
2.7272785, 2.5862303, 2.0109189
2.731492, 2.593018, 2.0330493
2.721628, 2.6298344, 1.9904149
2.707771, 2.6178565, 2.016567
2.7130089, 2.6254423, 1.990827
2.687341, 2.6298673, 1.9528929
2.7136772, 2.627265, 1.9296412
2.6894436, 2.6345382, 1.9878851
2.7034683, 2.6410773, 2.0125327
2.729885, 2.587368, 1.9266692
2.7507863, 2.5864751, 1.9293647
2.7197, 2.5894809, 2.0455236
2.713778, 2.628171, 2.0311456
2.7304113, 2.5901563, 2.0660918
2.7226753, 2.614654, 2.0688596
2.7714133, 2.568192, 2.0506513
2.6875062, 2.6349716, 2.0084033
2.6771944, 2.634945, 2.0115366
2.6930618, 2.630922, 2.032012
2.6889668, 2.6351295, 2.0556827
2.6856358, 2.6298988, 1.9361619
2.6948724, 2.632728, 1.9107132
2.6658382, 2.6543126, 1.9459417
2.7275298, 2.62806, 1.8901792
2.6833642, 2.6764903, 1.9030956
2.6901574, 2.6324434, 1.8896043
2.7025814, 2.6313581, 1.891618
2.6664093, 2.6713028, 2.0282214
2.7715116, 2.571915, 1.8645538
2.773487, 2.572025, 1.8925277
2.7205012, 2.6146548, 2.089985
2.6920145, 2.6323223, 2.0675325
2.6863842, 2.6454391, 2.0703416
2.7143068, 2.6095004, 2.1030376
2.7101672, 2.628701, 2.0897193
2.6984916, 2.621506, 2.0871406
2.6322708, 2.6319048, 2.0084198
2.7022927, 2.635946, 1.8757635
2.7028174, 2.6280541, 1.8422819
2.770557, 2.5689278, 1.8344582
2.7095528, 2.58783, 2.1291661
2.6725612, 2.6392007, 2.1106243
2.6702886, 2.6257856, 2.1227696
2.7191665, 2.5746634, 2.1301785
2.7052605, 2.629768, 1.8284454
2.6666048, 2.64908, 1.8304973
2.6548033, 2.6324165, 1.8014789
2.7851746, 2.590659, 1.7846435
2.743693, 2.5868945, 1.7875383
2.7191055, 2.5570323, 2.122088
2.7629318, 2.5795012, 1.7477812
2.7423003, 2.6302295, 1.7938282
2.7674067, 2.5711677, 1.9712316
2.7366588, 2.5883718, 2.0479584
2.666656, 2.6668186, 1.9125862
2.7652762, 2.5878115, 1.9106146
2.7256536, 2.6251564, 1.8744984
2.769168, 2.5694325, 1.8530926
2.7651448, 2.5733933, 2.0092103
2.7256012, 2.5837772, 2.113696
2.7287354, 2.5844655, 2.0892882
2.6654115, 2.6502428, 1.8514335
