2.3928874, 1.7520795, 0.27087188
2.4132519, 1.7422622, 0.2859965
2.395472, 1.7291535, 0.312151
2.4128535, 1.7462776, 0.2693911
2.4216948, 1.7217902, 0.3302343
2.43795, 1.7407922, 0.32543272
2.4077444, 1.7184919, 0.35049632
2.3867867, 1.7263606, 0.34916428
2.352043, 1.713303, 0.35040715
2.4324603, 1.7270979, 0.34841004
2.3906631, 1.7146212, 0.36802372
2.4691517, 1.7322507, 0.32909393
2.4695141, 1.7300977, 0.35765964
2.453466, 1.7225311, 0.3485074
2.4236505, 1.7137247, 0.37228534
2.3325653, 1.7362176, 0.3066927
2.4006019, 1.7141191, 0.38613296
2.4303699, 1.7132112, 0.38857642
2.3703933, 1.7118586, 0.38383955
2.515306, 1.7408481, 0.33624074
2.4937582, 1.720255, 0.35733977
2.5150795, 1.7289376, 0.34995586
2.512093, 1.7273847, 0.36858493
2.4950938, 1.7245507, 0.38624996
2.5149941, 1.7645622, 0.28613028
2.54673, 1.7437097, 0.33231384
2.530927, 1.7470669, 0.32840776
2.5310323, 1.7325163, 0.35599458
2.5303311, 1.7270418, 0.3712408
2.5111573, 1.7273575, 0.38579607
2.572958, 1.7730787, 0.27085108
2.5727625, 1.7486203, 0.31114215
2.5302598, 1.7221951, 0.3826958
2.4105315, 1.7661487, 0.2638317
2.3525763, 1.7606432, 0.26608837
2.4049757, 1.7801706, 0.2460269
2.3063157, 1.6620594, 0.443975
2.5119593, 1.7093698, 0.40728706
2.6183372, 1.7712522, 0.29197776
2.2644343, 1.7069998, 0.42285976
2.309718, 1.6685646, 0.55115175
2.4693336, 1.6552409, 0.47341865
2.2297075, 1.7248203, 0.34790674
2.1910133, 1.7117614, 0.38988328
2.388949, 1.6150937, 0.5460937
2.3449492, 1.6362509, 0.5745897
2.361542, 1.6534593, 0.54155946
2.3867307, 1.6279747, 0.5270895
2.3619728, 1.6532485, 0.5292288
2.472528, 1.6577579, 0.53216505
2.4293876, 1.6258197, 0.52937967
2.4595942, 1.6478816, 0.52716756
2.424754, 1.6408203, 0.5706543
2.5378873, 1.6721938, 0.52400213
2.5146813, 1.6798066, 0.5140898
2.5432503, 1.667993, 0.56787187
2.553352, 1.6845685, 0.5319546
2.55039, 1.6887484, 0.5158795
2.5703795, 1.6723084, 0.54848415
2.5677955, 1.6840438, 0.5367522
2.5887444, 1.6500945, 0.5289946
2.6249628, 1.6675724, 0.47972634
2.5930052, 1.6361911, 0.5537657
2.580292, 1.6801721, 0.5483544
2.4915993, 1.6442682, 0.49054682
2.6290078, 1.6512775, 0.50984657
2.3886688, 1.6291723, 0.5506398
2.496033, 1.664776, 0.46106243
2.3892171, 1.6301416, 0.5058343
2.5262177, 1.6653776, 0.5159219
2.5205336, 1.6940972, 0.43057108
2.5161335, 1.7182587, 0.38915417
2.4887989, 1.6337183, 0.51160115
2.3849206, 1.6316822, 0.58828086
2.5847619, 1.7433487, 0.31359568
2.5506353, 1.6642753, 0.46821788
2.5476778, 1.7476637, 0.3167301
2.4804459, 1.6662109, 0.5499585
2.4624212, 1.6531479, 0.57856977
2.442234, 1.7137473, 0.37943906
2.3837962, 1.7181787, 0.3476978
2.445054, 1.741798, 0.32227767
2.2628822, 1.6165533, 0.61373967
2.4867733, 1.7428532, 0.3191392
2.370815, 1.713156, 0.37082294
2.2628934, 1.6935884, 0.44051632
