4.2112784, 2.4150069, 1.8315078
4.19101, 2.4478257, 1.8688552
4.168203, 2.4886074, 1.8856004
4.209933, 2.4219704, 1.9057754
4.1673217, 2.4869478, 1.7524409
4.1733594, 2.4919496, 1.9046143
4.212663, 2.4236927, 1.9339576
4.2249374, 2.4254327, 1.9780567
4.169802, 2.490278, 1.9913902
4.1725783, 2.4921474, 2.010378
4.1707873, 2.488026, 1.607266
4.189527, 2.4525347, 1.5684781
4.1881895, 2.4479916, 1.5518724
4.170725, 2.489503, 1.5313624
4.1732807, 2.4911604, 1.5127225
4.1774635, 2.4938326, 1.4939923
4.1869392, 2.4952173, 1.4680665
4.203011, 2.448766, 1.5737745
4.196116, 2.446378, 1.5919915
4.204528, 2.44759, 1.5546147
4.2217264, 2.4506125, 1.295537
4.2039027, 2.445283, 1.5343721
4.1621504, 2.5219421, 1.5514967
4.153246, 2.5151992, 1.4867687
4.14603, 2.5090106, 1.4632221
4.147339, 2.5146117, 1.6112463
4.152628, 2.5155725, 1.6888666
4.151984, 2.5271814, 1.9085691
4.14572, 2.520812, 1.8336582
4.147572, 2.5213733, 1.8151798
4.170464, 2.4879925, 1.6258045
4.16047, 2.5168555, 1.425393
4.148231, 2.5142992, 1.6258504
4.1465125, 2.5231268, 1.8895117
4.1455684, 2.5237453, 1.9267011
4.150897, 2.5277128, 1.9458257
4.152239, 2.5221968, 1.7503667
4.190622, 2.4451444, 1.6871122
4.213869, 2.424282, 1.7539924
4.217475, 2.4235487, 1.8857634
4.210305, 2.4145, 1.8116282
4.211943, 2.4242175, 1.7936547
4.2279267, 2.4106164, 1.8184419
4.2242527, 2.4122572, 1.9674892
4.176606, 2.4656878, 1.8313764
4.1897054, 2.4692798, 1.8866159
4.173714, 2.4644248, 1.7169936
4.2089696, 2.4138844, 1.8672584
4.1957436, 2.4719334, 1.4877642
4.180185, 2.4683347, 1.7357013
4.1868677, 2.468154, 1.6087314
4.1721992, 2.4630773, 1.8095189
4.179589, 2.4670458, 1.9400479
4.176476, 2.4646978, 2.032998
4.190485, 2.474647, 1.8694516
4.1773553, 2.465674, 1.794307
4.175815, 2.464204, 2.0516071
4.1902127, 2.4697928, 1.4340916
4.1798882, 2.4688811, 1.5688561
4.187563, 2.4711726, 1.7482877
4.192559, 2.4680474, 1.4528186
4.1940393, 2.4701085, 1.329713
4.1764803, 2.4709306, 1.8498363
4.1879334, 2.4685862, 1.5901638
4.1796064, 2.4687867, 1.5503215
4.195592, 2.469089, 1.3096712
4.1788363, 2.4684696, 1.5132567
4.1756835, 2.4657216, 1.6985247
4.193125, 2.469434, 1.4064362
4.175931, 2.464189, 2.0703208
4.1930346, 2.470432, 1.253508
4.2281857, 2.4505053, 1.0684453
4.1973476, 2.5076604, 1.0221285
4.233851, 2.4497094, 0.95365906
4.230985, 2.448529, 0.9347543
4.1936293, 2.505538, 0.9463736
4.1889143, 2.5066411, 0.850201
4.1724324, 2.4671812, 1.6302186
4.189837, 2.469336, 1.5144176
4.1745815, 2.4662075, 1.7229844
4.191283, 2.4709036, 1.5375865
4.1859617, 2.4809852, 1.8161455
4.1777906, 2.4740448, 1.7507179
4.175619, 2.4768887, 1.8899899
4.182432, 2.4688003, 1.6490027
4.224799, 2.4512203, 1.2076225
4.184621, 2.4712305, 1.6861258
4.1426845, 2.5349145, 1.4629214
4.1400266, 2.5363727, 1.5557302
4.130746, 2.5340133, 1.7446768
4.1301312, 2.5414603, 1.8893731
4.1683226, 2.5542057, 1.1607909
4.167542, 2.531726, 0.89649814
4.207771, 2.4157696, 1.7718426
4.1929665, 2.5055451, 0.7730502
4.213173, 2.4086185, 2.078668
4.146773, 2.5400252, 1.5370286
4.2323585, 2.4292748, 1.2321677
4.2109737, 2.4266062, 1.6834296
4.2038293, 2.4237642, 1.8316383
4.221845, 2.4511983, 1.3142564
4.2317076, 2.4291687, 1.1945992
4.215517, 2.427724, 1.5163138
4.21127, 2.4324777, 1.5732851
4.2059507, 2.425199, 1.8503422
4.2085934, 2.4249506, 1.8141655
4.2036633, 2.426766, 1.605985
4.211464, 2.4284418, 1.5551145
4.128693, 2.5306044, 1.6490517
4.2115707, 2.426075, 1.5906612
4.2340555, 2.4035015, 1.6683309
4.1929164, 2.5088313, 0.98369277
4.215693, 2.425765, 1.6637497
4.208112, 2.426354, 1.9464889
4.191559, 2.4488637, 1.8523376
4.1417704, 2.5501654, 1.9275874
4.2067027, 2.4297142, 2.0589507
4.16397, 2.5102384, 1.2948284
4.1510234, 2.5157254, 1.5741735
4.1663213, 2.5379066, 1.1055354
4.1709795, 2.4881644, 2.0337644
4.178848, 2.4528124, 1.8088045
4.17999, 2.4533162, 1.8459398
4.2082224, 2.4901571, 0.89222544
4.178025, 2.45289, 1.6977249
4.191001, 2.4628928, 1.2889327
4.1759863, 2.4525864, 1.5128348
4.223154, 2.466571, 0.98600674
4.14993, 2.5388784, 1.4439971
4.139736, 2.5342798, 1.7154187
4.1206236, 2.5499878, 1.925986
4.1110835, 2.5159595, 1.401867
4.116494, 2.5194163, 1.5122107
4.227621, 2.402078, 1.761105
4.2350473, 2.419533, 1.2685498
4.2469788, 2.4260123, 1.3425862
4.181885, 2.4987502, 0.7174367
4.2077684, 2.4840415, 0.65135723
4.192109, 2.5052655, 0.6561576
4.189707, 2.5038052, 0.6371646
4.149371, 2.5455542, 0.677434
4.2346315, 2.442862, 0.64379716
4.212289, 2.473844, 0.6076269
4.1877356, 2.5044456, 0.5941419
4.2129197, 2.405408, 1.6682705
4.2299337, 2.4102845, 1.4639306
4.228333, 2.4260147, 1.345057
4.1709337, 2.4938002, 2.1078353
4.207196, 2.3927667, 1.6493015
4.2241654, 2.4101458, 1.5941387
4.2283354, 2.448147, 1.0096885
4.225541, 2.4020455, 1.9464246
4.145713, 2.5472598, 1.7693094
4.213985, 2.4252303, 1.5323172
4.171818, 2.4927704, 1.9270133
4.180185, 2.496477, 1.2704425
4.1273937, 2.544793, 1.9078171
4.1766124, 2.4653797, 1.9025859
4.2327285, 2.4077573, 1.4458845
4.192962, 2.4480019, 1.5293556
4.226343, 2.4238145, 1.4301875
4.1947403, 2.48902, 1.2369467
4.220748, 2.499297, 1.0445284
4.147232, 2.542841, 1.611312
4.1881495, 2.5060744, 0.88884145
4.2459083, 2.4121947, 1.4646105
4.1895537, 2.4463346, 1.7665492
4.2255554, 2.4520435, 1.1821445
4.1853733, 2.4908462, 1.4896713
4.1719594, 2.4932547, 1.8090982
4.197787, 2.5080223, 0.9258934
4.171489, 2.4928937, 1.7112498
4.1867566, 2.5075078, 0.7341931
4.228931, 2.4484737, 1.1101084
4.127035, 2.5487394, 2.029622
4.1714573, 2.5042706, 2.0959587
4.1998806, 2.487677, 1.0856816
4.2276692, 2.4486845, 1.0875564
4.2220445, 2.4224026, 1.3268613
4.2107406, 2.4841475, 0.48767447
4.2207274, 2.4843965, 0.5139492
4.2291384, 2.4447918, 1.1312613
4.241427, 2.4243832, 1.1359476
4.1300454, 2.5552309, 2.0680842
4.2300262, 2.4708192, 0.5095394
4.122864, 2.5572624, 2.0944686
4.1889257, 2.5031903, 0.75511426
4.183064, 2.4980292, 0.61304414
4.1968093, 2.4435782, 1.45628
4.231429, 2.4693477, 0.8510105
4.203605, 2.4450686, 1.8835009
4.202661, 2.4443781, 1.9020671
4.2154074, 2.4784482, 0.44216955
4.2080317, 2.4492645, 1.4677688
4.2000523, 2.4446485, 1.6046726
4.2205935, 2.452906, 1.2718741
4.189494, 2.5089483, 0.86904716
4.2139764, 2.458464, 0.636933
4.2287607, 2.4648318, 1.1346847
4.2022924, 2.4450903, 1.7532107
4.1894903, 2.5294719, 0.4012113
4.20312, 2.5126562, 0.4144381
4.1799464, 2.535034, 0.3619565
4.1962924, 2.5083413, 0.37516734
4.209543, 2.4855738, 0.36948544
4.191891, 2.5057502, 0.33714414
4.206922, 2.4898098, 0.3559328
4.2232575, 2.4655278, 0.3302534
4.2117705, 2.4761455, 0.32886037
4.236224, 2.4466283, 0.35478538
4.2273254, 2.4706774, 0.3122404
4.2349424, 2.4459686, 0.33485332
4.2294407, 2.4517953, 0.28837535
4.241439, 2.4410815, 0.29374886
4.24084, 2.4401686, 0.38473547
4.2471757, 2.4449792, 0.2785674
4.2133794, 2.4940012, 0.2717612
4.2004128, 2.5079577, 0.23506024
4.209233, 2.4915788, 0.21133794
4.248107, 2.4350524, 0.21320228
4.144014, 2.5144334, 2.1276083
4.2040725, 2.4525068, 1.966614
4.1523504, 2.517456, 1.9881392
4.1487436, 2.513793, 1.8852992
4.153825, 2.516117, 1.7517934
4.163137, 2.5217028, 1.9105421
4.130174, 2.534903, 1.7940706
4.18473, 2.4949443, 1.38362
4.194333, 2.5073485, 0.25378102
4.243363, 2.4349465, 0.2822094
4.159951, 2.5203636, 1.5661916
4.1589503, 2.5187461, 2.0504577
4.1645875, 2.5224848, 1.976114
4.226844, 2.4680607, 0.37304437
4.14833, 2.5154877, 2.0157456
4.200147, 2.5302296, 0.2138996
4.162437, 2.520877, 2.0884461
4.165746, 2.5242424, 1.4543538
4.154578, 2.5160122, 2.0312188
4.2191086, 2.4710722, 0.40863615
4.1442175, 2.511182, 1.0448911
4.153286, 2.515548, 1.8632345
4.15821, 2.5182352, 2.069128
4.2224464, 2.4435527, 1.2391484
4.168929, 2.5259757, 1.8493763
4.2124176, 2.4876246, 0.3887397
4.1529336, 2.5130842, 1.6720557
4.167202, 2.5251343, 1.4729282
4.2358694, 2.4474387, 0.31306696
4.219512, 2.488873, 0.42676198
4.163791, 2.5125518, 1.5180787
4.1539307, 2.5205843, 1.9641213
4.170017, 2.5105622, 1.3316638
4.2037582, 2.4266977, 1.6245133
4.2353616, 2.4448004, 0.47335488
4.1685925, 2.5146656, 1.4900408
4.196547, 2.4997838, 0.44383225
4.1606708, 2.5218308, 1.8712975
4.162704, 2.5095258, 1.4438264
4.229831, 2.4712114, 0.5891381
4.2329283, 2.450732, 0.44799885
4.1613617, 2.506346, 1.3695694
4.160052, 2.506701, 1.4068224
4.20989, 2.4886274, 0.5892595
4.1964507, 2.4936745, 0.24146916
4.156658, 2.5234945, 2.0018244
4.168722, 2.5091667, 1.6071231
4.2254786, 2.4702125, 0.2958365
4.1748734, 2.5108392, 1.4674685
4.2442074, 2.4381092, 0.5434047
4.15311, 2.5182796, 1.9080459
4.2050643, 2.5007834, 0.29959294
4.195534, 2.4979572, 0.40408492
4.1664658, 2.5153973, 1.5551689
4.2269125, 2.445425, 0.728948
4.1484094, 2.5492036, 1.3876059
4.1526136, 2.5134697, 1.7091385
4.2322783, 2.445025, 0.39073932
4.263013, 2.4235227, 0.51397943
4.2700095, 2.4186406, 1.5742582
4.2298326, 2.4484775, 0.8348137
4.1954913, 2.494302, 0.2827101
4.191167, 2.4949193, 1.2540897
4.147824, 2.5369143, 1.4255145
4.2299094, 2.4499137, 0.50888
4.1994843, 2.4795675, 0.8189617
4.2158585, 2.4855785, 0.46841723
4.2024593, 2.5120192, 0.5549966
4.234408, 2.4513035, 0.4274411
4.2116427, 2.469417, 0.8916157
4.250149, 2.429583, 0.48932016
4.2242355, 2.465425, 0.89103025
4.2031665, 2.500226, 0.3206311
4.2460747, 2.4430785, 0.40132904
4.233283, 2.4455152, 0.68342304
4.24268, 2.4433982, 0.32102147
4.200232, 2.4680798, 1.425947
4.168433, 2.4892232, 1.644653
4.2025523, 2.4716492, 1.5003538
4.22531, 2.420223, 1.848083
4.212851, 2.4937701, 0.23066625
4.2050867, 2.4795883, 0.70158815
4.205612, 2.446712, 1.3900777
4.1804113, 2.4630835, 1.6677318
4.182362, 2.4697073, 1.8533926
4.2472897, 2.435278, 0.36213112
4.173027, 2.471711, 2.1140728
4.190704, 2.4764335, 1.9099215
4.2566204, 2.4201772, 0.45573926
4.1726437, 2.459445, 1.704615
4.223183, 2.4661155, 1.0060503
4.177973, 2.4703183, 1.9648566
4.260539, 2.4230652, 0.3735109
4.19759, 2.4742408, 1.3507755
4.112014, 2.5267432, 1.9361693
4.1903243, 2.4662194, 1.9776852
4.21478, 2.4885218, 0.98506343
4.2289267, 2.4063792, 1.6865927
4.2306757, 2.4480755, 0.36816996
4.2044144, 2.4932563, 1.1794384
4.225462, 2.4650939, 0.48934537
4.1878815, 2.5083232, 0.61589724
4.1788917, 2.4522476, 1.9201063
4.2607646, 2.4013424, 0.34323636
4.2093844, 2.49606, 0.1928992
4.2247334, 2.460116, 0.6231657
4.2128034, 2.487767, 0.7746154
4.1090403, 2.5249321, 1.7513725
4.2250695, 2.4264827, 1.5154641
4.2243204, 2.4206736, 1.4072139
4.273341, 2.419649, 1.5366699
4.2310333, 2.4466283, 0.7024572
4.2138395, 2.4192188, 1.9210399
4.1733613, 2.5022032, 1.7520409
4.1845884, 2.5244622, 0.34233877
4.1923018, 2.5085535, 1.4906256
4.235273, 2.4338334, 1.6797701
4.164142, 2.522242, 1.9573555
4.203973, 2.450806, 0.948611
4.236982, 2.435813, 0.3690757
4.1713367, 2.4937558, 1.692339
4.1778307, 2.506857, 1.0697035
4.185241, 2.511217, 1.1914514
4.1724415, 2.4947162, 0.6282996
4.204808, 2.415124, 1.590104
4.2694726, 2.4106042, 0.5212821
4.1890655, 2.4469092, 1.6282135
4.2109766, 2.4199991, 1.6860408
4.1737304, 2.5026586, 1.6776717
4.196985, 2.4464202, 1.5068016
4.213841, 2.4097438, 1.2217085
4.127761, 2.5558636, 1.9639157
4.194469, 2.4112082, 1.7226954
4.1723566, 2.503806, 2.0501428
4.1639767, 2.4956205, 1.9748728
4.174588, 2.503765, 1.9519684
4.2097445, 2.41593, 2.0325963
4.1975245, 2.508166, 0.8102645
4.1559167, 2.4909732, 1.8440566
4.210915, 2.3884275, 1.7412664
4.1957264, 2.451139, 1.9701377
4.1909904, 2.5041292, 0.7017047
4.2290897, 2.4177458, 1.1825067
4.225266, 2.4255471, 1.5746431
4.2030582, 2.447126, 1.5907714
4.171324, 2.4880443, 2.0521054
4.1872854, 2.3792608, 1.9246122
4.1586995, 2.5191367, 1.7891476
4.2429376, 2.4337502, 0.40397805
4.260223, 2.4240022, 0.20908144
4.24093, 2.4487906, 0.562349
4.2314205, 2.4114254, 1.2263505
4.1826515, 2.511353, 1.9850127
4.2449317, 2.4323318, 0.30199224
4.17815, 2.555309, 1.0076717
4.2310934, 2.432117, 0.42977446
4.1903515, 2.5047436, 1.6114789
4.1760864, 2.505565, 1.9281616
4.173617, 2.5011895, 1.8346256
4.231447, 2.4441805, 0.27468675
4.2154336, 2.4877772, 0.5260819
4.1814313, 2.5037568, 1.7604469
4.226634, 2.4441483, 0.75035965
4.211204, 2.479076, 0.58936036
4.2033834, 2.501508, 1.2366151
4.204199, 2.505385, 1.3492522
4.1850114, 2.5020115, 1.63012
4.13869, 2.5076942, 1.0269585
4.1736126, 2.5028918, 1.8905857
4.2059746, 2.4874408, 0.94913846
4.1852875, 2.5089846, 1.8540009
4.2265143, 2.4259248, 1.214011
4.139781, 2.5084093, 1.0079163
4.245325, 2.4462984, 0.73097897
4.1731906, 2.4923265, 1.666333
4.231145, 2.4473176, 0.9899886
4.1913676, 2.5048063, 1.592824
4.2137413, 2.4697413, 0.5699552
4.251177, 2.4043217, 0.40556476
4.156993, 2.526092, 1.7784374
4.1156063, 2.567515, 2.0504694
4.1699214, 2.490884, 1.7752982
4.135531, 2.5345714, 1.6274889
4.1830335, 2.4964154, 1.4026309
4.1745653, 2.556886, 1.1221663
4.1581283, 2.5497546, 1.4806784
4.217779, 2.411657, 1.5010152
4.173607, 2.501588, 1.9647733
4.186418, 2.5110557, 1.5286038
4.229124, 2.4148936, 1.3145429
4.22207, 2.466485, 1.110724
4.221622, 2.490092, 0.96305394
4.0830946, 2.546259, 2.120891
4.2604218, 2.4225676, 0.43436366
4.1122427, 2.5649698, 1.7340081
4.1652994, 2.506484, 1.5700176
4.241845, 2.4528942, 0.21037956
4.215303, 2.479817, 0.23934388
4.1217146, 2.5714276, 1.9576591
4.203348, 2.421587, 1.8716247
4.263281, 2.415073, 0.25756803
4.211505, 2.4861398, 0.54294944
4.1544557, 2.5159328, 1.6487057
4.2094984, 2.4856737, 0.8536982
4.074905, 2.5408685, 2.1011784
4.2289495, 2.4301322, 0.31102186
4.123795, 2.5728116, 1.9765435
4.194393, 2.472167, 1.3841712
4.2077703, 2.5145931, 0.3755168
4.222302, 2.3918383, 1.6119462
4.2254305, 2.4117856, 1.0323647
4.1689715, 2.4906666, 1.7314674
4.1221237, 2.5717719, 2.0325084
4.131005, 2.5772543, 1.7159613
4.1951184, 2.4615867, 2.0336175
4.1449647, 2.5867178, 1.997444
4.1949296, 2.50657, 1.2695786
4.160776, 2.524849, 1.6669483
4.2122774, 2.4093313, 1.9845461
4.195776, 2.4736888, 1.369564
4.1339436, 2.5558772, 1.7925782
4.1440887, 2.5857906, 1.6789291
4.2327585, 2.4354045, 0.7259939
4.192593, 2.5081866, 1.1546909
4.2088523, 2.4015956, 1.0162195
4.241425, 2.4524224, 1.027858
4.208214, 2.4711494, 1.147809
4.2000036, 2.5099907, 0.8107547
4.1902742, 2.437281, 1.5937128
4.208174, 2.4873438, 0.5699921
4.203627, 2.4546049, 1.9285926
4.24855, 2.4084666, 0.3444275
4.2572103, 2.4016361, 0.44518584
4.149524, 2.5329304, 1.0679262
4.222809, 2.4644036, 1.0790126
4.2043095, 2.512309, 0.9059168
4.2079964, 2.4526725, 1.3094902
4.1707916, 2.5032382, 2.073441
4.2288685, 2.4682903, 0.21171962
4.2294564, 2.4345152, 0.68445927
4.2402782, 2.433612, 0.34307182
4.230623, 2.4461868, 0.9134611
4.212731, 2.4270349, 0.69035053
4.191354, 2.5074635, 1.1359485
4.23625, 2.4330146, 0.3279311
4.2210393, 2.4606652, 1.0408666
4.1838307, 2.444724, 1.7299482
4.1739616, 2.5029159, 2.024706
4.189225, 2.4685988, 1.9512167
4.2101107, 2.4149978, 1.4866797
4.1858606, 2.49613, 1.5365906
4.2156925, 2.3972306, 1.9828403
4.225195, 2.435071, 0.7432528
4.219296, 2.4747474, 1.256057
4.193163, 2.4974744, 1.3126662
4.2230544, 2.4450843, 1.1630428
4.2324467, 2.4426894, 0.52521443
4.155538, 2.515574, 1.7277606
4.2086325, 2.4492111, 1.4294765
4.211231, 2.424676, 1.4755648
4.2290535, 2.4046764, 1.4088647
4.175955, 2.5036314, 1.8680016
4.191272, 2.4336238, 1.8668438
4.15108, 2.559215, 1.6295965
4.2140923, 2.3981662, 2.0573983
4.150501, 2.5487201, 1.7229294
4.1544337, 2.5157094, 1.7741315
4.1468253, 2.5508342, 1.8532469
4.1911507, 2.4486568, 1.9524424
4.206836, 2.4220524, 1.9911059
4.1630898, 2.5220068, 1.8303714
4.1614375, 2.5199337, 1.7967916
4.1846967, 2.4698527, 2.0152102
4.212102, 2.4250674, 1.4941067
4.1820107, 2.4813604, 1.9091156
4.1748624, 2.492981, 1.8493962
4.1718407, 2.5015726, 1.9096935
4.2090006, 2.4143963, 1.6097782
4.1873994, 2.505888, 1.5141308
4.182532, 2.5085635, 1.5473508
4.202017, 2.4448085, 1.5090976
4.1911826, 2.4466681, 1.6092763
4.201223, 2.459331, 1.9494141
4.188342, 2.4696667, 1.5562193
4.1909766, 2.4704876, 1.990686
4.214037, 2.4167786, 1.449404
4.23238, 2.4332633, 0.46517575
4.1968713, 2.487403, 1.1287652
4.19308, 2.437823, 1.6125461
4.2288847, 2.4511385, 0.25268054
4.1527386, 2.5240202, 1.79685
4.240113, 2.4693153, 0.27559224
4.227839, 2.4449027, 0.7818646
4.2325563, 2.4893777, 0.27142382
4.1826997, 2.468821, 1.8162161
4.1494055, 2.5278013, 0.9945092
4.2047253, 2.4112792, 1.8484286
4.1828866, 2.4443638, 1.7484248
4.2167234, 2.4680772, 0.8537682
4.228198, 2.4328573, 0.8319737
4.179257, 2.434269, 1.7229489
4.20401, 2.5117435, 1.0496292
4.1350603, 2.5798464, 1.6601654
4.2092896, 2.409964, 1.6308355
4.2458415, 2.44148, 0.17597398
4.1909947, 2.4376044, 1.6689451
4.217646, 2.4685092, 0.25656274
4.1855235, 2.4950643, 1.3660047
4.185234, 2.474207, 1.7743707
4.1772404, 2.4296777, 1.7102687
4.212438, 2.4010804, 1.799085
4.171616, 2.4945357, 1.7921882
4.2069016, 2.473285, 1.2943306
4.181339, 2.4831924, 1.9838282
4.175826, 2.4912267, 1.9497304
4.249545, 2.4341156, 0.47382584
4.191668, 2.4459424, 1.9887373
4.1704397, 2.509962, 1.5885336
4.2247, 2.4673266, 0.47118077
4.203122, 2.4154043, 1.568301
4.1761446, 2.4518812, 1.6699603
4.2305117, 2.4332018, 0.85613406
4.1994534, 2.491344, 1.2176574
4.245246, 2.4133103, 0.4793846
