2.3104608, 1.849409, 0.63768214
2.350041, 1.856699, 0.6366594
2.3455281, 1.8699795, 0.6343856
2.3751707, 1.7708011, 0.633147
2.2496266, 1.8086046, 0.63036716
2.350661, 1.8272799, 0.6343614
2.311571, 1.7910153, 0.6297036
2.2682052, 1.8222816, 0.63489014
2.3521526, 1.9094774, 0.6345601
2.390881, 1.8696283, 0.63667196
2.3718927, 1.8869308, 0.6350051
2.3652406, 1.684892, 0.62663627
2.4074762, 1.7903419, 0.6304373
2.2434444, 1.728326, 0.6268931
2.4277923, 1.7690535, 0.6325541
2.2875528, 1.6876227, 0.6269516
2.4038785, 1.7068315, 0.63470423
2.248908, 1.6296278, 0.6247574
2.428138, 1.809164, 0.63199997
2.253557, 1.7484639, 0.6291255
2.4322379, 1.6333593, 0.6267222
2.3470907, 1.7302761, 0.6293058
2.3714144, 1.7096926, 0.6296333
2.3914902, 1.7084031, 0.6287193
2.2898884, 1.6504451, 0.626753
2.2656436, 1.6671028, 0.6274365
2.3315415, 1.7267164, 0.62663144
2.350568, 1.6923735, 0.6288108
2.3530102, 1.7509108, 0.6306464
2.2483106, 1.6511372, 0.6275435
2.195502, 1.8665032, 0.63762194
2.2303138, 1.7504282, 0.62458706
2.2313514, 1.7683982, 0.62839466
2.1714964, 1.8095748, 0.63002604
2.2264116, 1.7874216, 0.6251983
2.231444, 1.9110285, 0.6372657
2.1564217, 1.8270855, 0.6086836
2.2073126, 1.7658832, 0.62649363
2.3891947, 1.9100493, 0.6363397
2.2932048, 1.9450357, 0.63807654
2.3706942, 1.931522, 0.63544774
2.4486392, 1.8295664, 0.6334189
2.409564, 1.8934476, 0.63646877
2.489807, 1.7901678, 0.64731556
2.2512023, 1.9309199, 0.63757545
2.391271, 1.9517044, 0.6364695
2.408944, 1.9281524, 0.63596785
2.2720332, 1.9550945, 0.63763124
2.492842, 1.6723846, 0.6491616
2.4088674, 1.7491256, 0.63127476
2.4217668, 1.7285368, 0.63458174
2.2881985, 1.8097163, 0.63133836
2.4734616, 1.710251, 0.6360949
2.428732, 1.8923857, 0.63232905
2.453234, 1.6942128, 0.633099
2.2906792, 1.7889061, 0.62914044
2.4468694, 1.9103539, 0.6354703
2.3670592, 1.6286278, 0.6177082
2.2138107, 1.7083036, 0.62956387
2.450629, 1.668144, 0.6308527
2.3323393, 1.8456951, 0.63213825
2.290344, 1.8267, 0.63649964
2.3884416, 1.7686893, 0.6311767
2.2095397, 1.729001, 0.6269619
2.3922527, 1.7896093, 0.6343709
2.464663, 1.8059657, 0.6349701
2.267685, 1.6348954, 0.6257275
2.469418, 1.8485942, 0.63446164
2.154778, 1.8269384, 0.6327607
2.4845827, 1.8504491, 0.6471151
2.3079944, 1.8275199, 0.6337681
2.3701327, 1.7526528, 0.629423
2.452695, 1.9308187, 0.63709956
2.4711132, 1.8490326, 0.6491707
2.3741207, 1.6319195, 0.6288075
2.470424, 1.7660729, 0.63315564
2.3875828, 1.6281035, 0.6160532
2.2712617, 1.768335, 0.6293881
2.4305453, 1.9509873, 0.63701916
2.431992, 1.6512288, 0.6293152
2.2941263, 1.8550357, 0.64435184
2.1923773, 1.8356463, 0.6453795
2.3943493, 1.6487199, 0.6289008
2.4651413, 1.6877136, 0.6337112
2.4328537, 1.7534897, 0.63328564
2.2913167, 1.9760702, 0.63731873
2.2299771, 1.7324269, 0.62872976
2.2872765, 1.7269548, 0.62698954
2.252225, 1.7159059, 0.62709206
2.208291, 1.6689968, 0.62523645
2.3522797, 1.7915547, 0.631247
2.4553518, 1.8165188, 0.6344771
2.2323189, 1.620375, 0.6178175
2.4496813, 1.7895962, 0.6322661
2.4115353, 1.7753687, 0.6343904
2.3902376, 1.732859, 0.62926996
2.4286592, 1.9283085, 0.6352102
2.471746, 1.8332244, 0.6334597
2.4309335, 1.8704346, 0.6381618
2.202982, 1.727661, 0.6120911
2.251725, 1.7697603, 0.62765485
2.1891112, 1.7143846, 0.6229776
2.4267378, 1.6708724, 0.6290487
2.2473376, 1.8243284, 0.64329547
2.2880073, 1.9940184, 0.6357665
2.3482103, 1.7691236, 0.6306519
2.3877726, 1.9686205, 0.6375134
2.1915956, 1.6686606, 0.6125257
2.4491935, 1.8548272, 0.646945
2.3705544, 1.726438, 0.63086176
2.3686311, 1.8500323, 0.63340163
2.3496914, 1.9877014, 0.6342388
2.4522357, 1.7722859, 0.6338146
2.2870276, 1.6129184, 0.6135786
2.4316638, 1.7940853, 0.63491523
2.373286, 1.818037, 0.632163
2.2608566, 1.9663697, 0.6372721
2.3679712, 1.7901918, 0.6306864
2.2672625, 1.6936747, 0.62931615
2.1901042, 1.7491057, 0.62328124
2.491169, 1.7450843, 0.64476955
2.487523, 1.8129975, 0.6502457
2.387968, 1.8104804, 0.6313787
2.368239, 2.028305, 0.633903
2.467365, 1.8754919, 0.6385921
2.3754852, 1.8744857, 0.6370351
2.384814, 1.7514505, 0.6284544
2.3096552, 1.6515441, 0.62979996
2.4096274, 1.7298253, 0.6318346
2.2906137, 1.7470158, 0.62956905
2.4912503, 1.6876967, 0.6353769
2.330814, 1.6706252, 0.63027906
2.2242553, 1.8085104, 0.6300964
2.4888, 1.7251542, 0.6386645
2.3503277, 1.6655006, 0.6275826
2.2875957, 1.7110049, 0.63064027
2.2533479, 1.7911848, 0.6263327
2.4513953, 1.8533913, 0.63517916
2.4864647, 1.710261, 0.63248366
2.1710248, 1.8256247, 0.63348585
2.2845478, 1.8439416, 0.6379606
2.409439, 1.8267496, 0.63193065
2.3075352, 1.7293148, 0.63107216
2.4132984, 1.6723884, 0.6304684
2.2090557, 1.7506897, 0.6266388
2.3111932, 1.6893879, 0.63123083
2.2740629, 1.9155313, 0.63700306
2.210296, 1.8281555, 0.6366116
2.4099777, 1.8506819, 0.6365648
2.3252718, 1.8823979, 0.6366743
2.5387607, 1.7748919, 0.6879863
2.488087, 1.7908944, 0.6331027
2.3694172, 1.8292748, 0.6338028
2.2464836, 1.8693696, 0.6353342
2.3311596, 1.7078869, 0.62949044
2.3702168, 1.9711509, 0.6342463
2.4091537, 1.9419086, 0.63655686
2.4821913, 1.8302917, 0.6363399
2.3910964, 1.9891372, 0.6365924
2.3461332, 1.9473529, 0.63521993
2.4240804, 2.0077724, 0.6354913
2.4622383, 2.0150971, 0.63941026
2.1765692, 1.8434792, 0.6389222
2.2483912, 1.6881058, 0.62734693
2.2732089, 1.6266451, 0.6106354
2.3543067, 1.8927865, 0.6375958
2.4766743, 1.7974616, 0.64785445
2.292972, 1.6710434, 0.6307631
2.2484899, 1.8476264, 0.63860947
2.4539728, 1.6472508, 0.6315414
2.489186, 1.6671406, 0.63212866
2.4745724, 1.8278257, 0.65151066
2.2671194, 1.9300654, 0.63742286
2.321767, 1.9649192, 0.63669884
2.3311493, 1.9138696, 0.6378979
2.333284, 1.6878216, 0.63289434
2.3490582, 1.8462377, 0.64477485
2.4262958, 1.8303522, 0.6359601
2.4842355, 1.8678153, 0.6394538
2.3316875, 1.8087901, 0.63327384
2.3106577, 1.7091544, 0.62606657
2.4610276, 1.8851492, 0.63951224
2.2513099, 1.6715443, 0.62857825
2.23031, 1.8488107, 0.63698936
2.4317281, 1.7174255, 0.6341615
2.5257158, 1.8269802, 0.6745608
2.3110888, 1.807136, 0.63097626
2.3322976, 1.8304653, 0.6420783
2.3278484, 1.6379564, 0.63200486
2.392107, 1.6900599, 0.631703
2.2420163, 1.9452204, 0.6352524
2.2669291, 1.7473959, 0.62464434
2.4886427, 1.8095092, 0.635855
2.2939243, 1.9357787, 0.6376003
2.4358804, 1.9117461, 0.6357018
2.433313, 1.6834495, 0.6299942
2.4129567, 1.8140353, 0.63534504
2.3073568, 1.8927233, 0.63604844
2.492228, 1.6464012, 0.63289803
2.3977573, 1.9355168, 0.6371707
2.4952488, 1.7746899, 0.6471112
2.375765, 1.9946015, 0.63596624
2.4457421, 1.8715689, 0.6316316
2.448936, 1.7365135, 0.6373887
2.4929535, 1.6894075, 0.651961
2.3311238, 1.7831969, 0.62836564
2.3921576, 1.8229988, 0.6379441
2.2712986, 1.7075362, 0.62931687
2.4148405, 1.6553999, 0.6309167
2.492493, 1.7135825, 0.64847755
2.2711384, 1.8070713, 0.62696105
2.2066975, 1.6283811, 0.6115599
2.205147, 1.808729, 0.63114154
2.4605372, 1.9818021, 0.63201493
2.3756838, 1.6718441, 0.6286394
2.337137, 1.9911492, 0.6375457
2.4512444, 1.950045, 0.6348172
2.2286394, 1.7130166, 0.6234874
2.4134636, 1.9132159, 0.63920796
2.1938624, 1.7746212, 0.62469655
2.2898808, 1.9084704, 0.6351724
2.3219225, 1.6523356, 0.62861353
2.1696548, 1.8081487, 0.6094678
2.2429295, 1.9136627, 0.6332651
2.189478, 1.8112028, 0.6303146
2.3281758, 1.749191, 0.62944585
2.1951656, 1.6474658, 0.60957044
2.353565, 1.7083633, 0.63205135
2.3920836, 1.6756189, 0.63113385
2.3532202, 1.6506548, 0.629441
2.3250165, 1.8679805, 0.6421882
2.2517555, 1.8928974, 0.6380834
2.4141326, 1.6933016, 0.6311428
2.2277381, 1.993518, 0.6343622
2.3751807, 1.6177292, 0.6105186
2.452859, 1.8929311, 0.6352701
2.228806, 1.8226385, 0.6325903
2.274803, 1.7266889, 0.6273088
2.2296994, 1.6906908, 0.62728655
2.4913733, 1.7551247, 0.62687343
2.1663256, 1.8216064, 0.6101608
2.4139576, 1.9696993, 0.6374963
2.4708803, 1.7894666, 0.6342667
2.433932, 2.0293355, 0.63814855
2.1173944, 1.8003576, 0.63501763
2.4692285, 2.0444434, 0.6425399
2.330298, 1.8671088, 0.6384201
2.4814792, 1.9044771, 0.6539008
2.312185, 1.929241, 0.6368701
2.3491256, 1.6408451, 0.6194853
2.4465835, 1.7488093, 0.6335452
2.495502, 1.7759533, 0.63728875
2.1872401, 1.7844775, 0.6222427
2.4245148, 1.8445352, 0.63367033
2.348538, 1.9735959, 0.6361152
2.3509014, 1.8070772, 0.62728506
2.333181, 2.0069723, 0.62965345
2.3561728, 1.6141495, 0.6295742
2.3888204, 1.8414544, 0.6305642
2.4648585, 1.733905, 0.6284094
2.5113113, 1.846691, 0.67469
2.3484867, 1.9292741, 0.6381929
2.367438, 1.9479277, 0.6400368
2.1933339, 1.6275184, 0.61025107
2.5088177, 1.668161, 0.6375111
2.31429, 1.74842, 0.6317394
2.3246732, 1.9290111, 0.63275254
2.2053337, 1.8258872, 0.6423007
2.2751105, 1.9427195, 0.6400373
2.3030882, 1.6165932, 0.63494366
2.2698767, 1.8942327, 0.632344
2.262614, 1.848925, 0.6379527
2.3804998, 1.8947079, 0.63383764
2.3439631, 1.8610144, 0.6417006
2.330417, 1.9513992, 0.64120454
2.470675, 1.8711374, 0.6514796
2.2280474, 1.6582602, 0.61726683
