1.249807, -0.78832436, 0.41683435
1.2696639, -0.83051354, 0.42573357
1.2689553, -0.7533356, 0.42617255
1.2671897, -0.81164575, 0.42679697
1.2873836, -0.7898693, 0.4266321
1.2482586, -0.7716799, 0.42504317
1.2885147, -0.8098836, 0.42734027
1.2513257, -0.79100996, 0.42367858
1.2702342, -0.77084106, 0.42623213
1.2306896, -0.7481323, 0.42597756
1.2675252, -0.7505199, 0.418004
1.2907772, -0.80724555, 0.41724223
1.2908187, -0.8315082, 0.42795175
1.2820865, -0.8493799, 0.41837567
1.2895558, -0.8711399, 0.4253885
1.3085268, -0.85026276, 0.42860976
1.2890348, -0.84955364, 0.42654806
1.2511168, -0.7280999, 0.42409757
1.2282113, -0.73080903, 0.4166892
1.3176843, -0.75014275, 0.41931245
1.3087281, -0.7320358, 0.42503044
1.2524179, -0.7320171, 0.41750553
1.2497472, -0.71037036, 0.42566538
1.2913967, -0.70800966, 0.4242334
1.2942991, -0.7263483, 0.42702207
1.3250434, -0.7692749, 0.41808972
1.328455, -0.7716715, 0.42628017
1.3314734, -0.7923135, 0.42759597
1.2249012, -0.71196014, 0.4185214
1.311104, -0.8704066, 0.42528236
1.2901558, -0.89034754, 0.42855823
1.3086913, -0.90814984, 0.4279637
1.3509892, -0.82823485, 0.42560145
1.3526592, -0.84786963, 0.42849752
1.3510034, -0.8321682, 0.41619915
1.2316794, -0.689169, 0.41462427
1.2311275, -0.69309914, 0.42613572
1.2101187, -0.6907328, 0.42514777
1.3278613, -0.7501627, 0.42606875
1.3493071, -0.7690077, 0.4261149
1.3432444, -0.7591051, 0.41464126
1.3293244, -0.73026776, 0.42442477
1.3101883, -0.70977914, 0.42500407
1.2880346, -0.6892086, 0.42515987
1.2899612, -0.6932279, 0.41622072
1.304586, -0.6911712, 0.41787577
1.2706242, -0.6717028, 0.4245143
1.3669816, -0.793427, 0.4248583
1.3503788, -0.78709394, 0.42599574
1.3695372, -0.8120395, 0.41958848
1.3307694, -0.9102855, 0.42917606
1.3100375, -0.9326004, 0.4281684
1.3708378, -0.86865306, 0.43040946
1.3881447, -0.85081154, 0.42939657
1.3713027, -0.8267136, 0.4191473
1.368118, -0.85017043, 0.42753732
1.3894466, -0.8696971, 0.42981258
1.2107358, -0.6487123, 0.42377374
1.3904601, -0.74848425, 0.42877606
1.3889009, -0.72996515, 0.4285314
1.3741995, -0.70913017, 0.4277001
1.350229, -0.6908717, 0.42757538
1.3513453, -0.6716066, 0.4276815
1.3510108, -0.672149, 0.41867283
1.2691762, -0.631359, 0.41694686
1.4107091, -0.79021096, 0.42914498
1.410313, -0.7717446, 0.42969283
1.3496981, -0.95070106, 0.4269803
1.3876053, -0.88817286, 0.43024322
1.3901744, -0.9089129, 0.428698
1.409106, -0.89030397, 0.4331488
1.431072, -0.8272686, 0.43198028
1.3303797, -0.6302501, 0.42584056
1.311127, -0.60931134, 0.42587477
1.2670919, -0.6116416, 0.41665182
1.2484583, -0.5878004, 0.41647097
1.4298294, -0.81094277, 0.42839864
1.1683329, -0.5905104, 0.4115873
1.4092352, -0.9305741, 0.42918345
1.430417, -0.92972744, 0.43016788
1.450957, -0.84883225, 0.4329425
1.3100811, -0.59112585, 0.42555618
1.4677529, -0.86939085, 0.43203604
1.4719377, -0.8894389, 0.431182
1.4898891, -0.9088766, 0.4349528
1.3484617, -0.8114996, 0.42725348
1.3278052, -0.6556471, 0.41662663
1.3088088, -0.62891054, 0.42667627
1.3683802, -0.83232003, 0.42871055
1.3933548, -0.7913298, 0.4290118
1.2127266, -0.627896, 0.41703886
1.3269855, -0.61218166, 0.41830608
1.4468054, -0.8717508, 0.43086624
1.2085663, -0.66877466, 0.4244824
1.4522389, -0.9082905, 0.43171984
1.2669874, -0.6487041, 0.42408675
1.1886661, -0.6108146, 0.42275146
1.408123, -0.809168, 0.4293899
1.3672252, -0.73090637, 0.42732844
1.449948, -0.7488138, 0.4296716
1.3703783, -0.6095863, 0.4270002
1.3502852, -0.7257463, 0.41933954
1.3517611, -0.710377, 0.42518538
1.3884425, -0.7717025, 0.42870224
1.4510998, -0.8902392, 0.4324559
1.2911671, -0.6107199, 0.42530954
1.2082201, -0.60820645, 0.4161455
1.4115443, -0.8287491, 0.42912483
1.1720605, -0.6110183, 0.41563213
1.3709121, -0.7499038, 0.42710716
1.3706112, -0.6302642, 0.42839882
1.4688483, -0.790545, 0.42993176
1.4322623, -0.7105403, 0.42816442
1.4314936, -0.8662482, 0.43129185
1.4299022, -0.85153073, 0.42877206
1.4111574, -0.9101062, 0.42973733
1.3735918, -0.76928496, 0.42763075
1.3322891, -0.6901062, 0.42575887
1.3524013, -0.7291886, 0.42582554
1.3277227, -0.9494266, 0.4266935
1.2300651, -0.6690043, 0.41629863
1.4091436, -0.68945515, 0.42830747
1.3684577, -0.5909527, 0.4257892
1.4490929, -0.72811913, 0.43153316
1.4690664, -0.7105991, 0.4312579
1.4711828, -0.7689771, 0.43263623
1.4485714, -0.7112437, 0.4298596
1.4893191, -0.77014756, 0.42931402
1.3899764, -0.6286091, 0.4296861
1.3880188, -0.61097586, 0.42790106
1.4107184, -0.6109435, 0.42709154
1.390912, -0.5906413, 0.4283426
1.1286771, -0.62996, 0.42434102
1.4086702, -0.65145147, 0.42759117
1.4299743, -0.6897423, 0.43045405
1.4529614, -0.6905953, 0.4309121
1.4485787, -0.6715392, 0.42959473
1.4294218, -0.6710592, 0.43125078
1.4092969, -0.6691137, 0.42800468
1.4303664, -0.65006006, 0.4292224
1.1491337, -0.67141134, 0.41638935
1.1329942, -0.66958505, 0.4234852
1.4887888, -0.65229, 0.42845055
1.1497636, -0.7109154, 0.4160938
1.1666353, -0.73302156, 0.41536203
1.1686858, -0.7489665, 0.42440355
1.1705903, -0.74942917, 0.41430467
1.1890427, -0.7910311, 0.41640058
1.2080472, -0.85309285, 0.41706744
1.2099036, -0.8503022, 0.42407227
1.2121496, -0.8711223, 0.42451605
1.2302551, -0.89120513, 0.42597458
1.2315855, -0.909594, 0.4266111
1.2287984, -0.7674015, 0.42711335
1.2906227, -0.9102544, 0.42813972
1.268693, -0.8504241, 0.42603484
1.2620114, -0.8384517, 0.4188524
1.1509945, -0.71121824, 0.42267686
1.2506257, -0.8279387, 0.42578474
1.2507737, -0.8116777, 0.42592406
1.1309348, -0.69507664, 0.4236114
1.1692837, -0.7698077, 0.41637966
1.1751554, -0.8119457, 0.4153656
1.2705024, -0.8700052, 0.42595062
1.2700567, -0.8865987, 0.4264147
1.2087553, -0.8707587, 0.41707206
1.1911654, -0.65114075, 0.4166565
1.4325652, -0.6696765, 0.41948366
1.1902646, -0.6884633, 0.42634973
1.2346435, -0.59112567, 0.42523974
1.2079017, -0.7118392, 0.41688162
1.1676962, -0.7883249, 0.42262968
1.1911094, -0.67240465, 0.4250239
1.210346, -0.8296297, 0.4263913
1.1900451, -0.7712667, 0.42430884
1.2508984, -0.60718757, 0.41506234
1.3060663, -0.71742725, 0.4156626
1.3073686, -0.72683185, 0.41788316
1.2519386, -0.62865156, 0.4225706
1.1493636, -0.73351735, 0.41635144
1.211736, -0.72987527, 0.41508272
1.2054987, -0.8279306, 0.4164207
1.267681, -0.6509823, 0.41671348
1.4482349, -0.9517971, 0.42716318
1.1880659, -0.76929945, 0.41651857
1.2538955, -0.6308942, 0.41623014
1.4897228, -0.79025316, 0.43093824
1.1516939, -0.68951184, 0.41474935
1.2487855, -0.9308123, 0.4267736
1.3100474, -0.7466041, 0.42628703
1.1670313, -0.71019745, 0.41571024
1.274178, -0.66822743, 0.41587958
1.1690663, -0.72761357, 0.42325678
1.2059541, -0.81022614, 0.4169115
1.1897131, -0.807839, 0.41580775
1.2914746, -0.92638654, 0.42711866
1.235518, -0.7724556, 0.418136
1.1708193, -0.77030754, 0.42422742
1.1710302, -0.63045275, 0.4244867
1.4120435, -0.628642, 0.42913964
1.292511, -0.72734225, 0.4186541
1.3325739, -0.80883074, 0.42693147
1.2539657, -0.9500261, 0.42467585
1.4672943, -0.73203963, 0.42971063
1.4078301, -0.66383064, 0.4189747
1.3122278, -0.6478546, 0.42539984
1.3715658, -0.88978505, 0.42667544
1.2879224, -0.71115744, 0.41856387
1.3602743, -0.84366745, 0.41770613
1.1889064, -0.81070006, 0.4230226
1.3103731, -0.7697852, 0.42477837
1.2091571, -0.6697954, 0.41536182
1.391211, -0.92762876, 0.43142915
1.1301881, -0.68941635, 0.41292286
1.3487701, -0.6515876, 0.42799968
1.4503943, -0.8109639, 0.4311144
1.4292334, -0.7905666, 0.43140772
1.4515307, -0.8292186, 0.43009034
1.246995, -0.61283475, 0.42458075
1.4538358, -0.72220784, 0.4128835
1.1305465, -0.6690428, 0.4146904
1.3700279, -0.6890521, 0.42571077
1.4090607, -0.75242853, 0.42782527
1.290701, -0.5905444, 0.41321537
1.3293817, -0.61050653, 0.4261457
1.1307089, -0.65002406, 0.4217559
1.47274, -0.9322149, 0.43043903
1.3294322, -0.871663, 0.42659998
1.425602, -0.9100865, 0.43277413
1.3700311, -0.80739075, 0.43081143
1.1286501, -0.6104746, 0.4227535
1.4078101, -0.8709425, 0.42771894
1.2080047, -0.610633, 0.42540002
1.1910502, -0.60999423, 0.4165825
1.1277295, -0.7113239, 0.4131574
1.30864, -0.6712691, 0.42568585
1.3035963, -0.672266, 0.41771066
1.2704489, -0.73113966, 0.426185
1.2474043, -0.71047497, 0.41562626
1.4512742, -0.6054415, 0.4314585
1.2715931, -0.7673408, 0.41869068
1.4121872, -0.94819665, 0.4302568
1.2925558, -0.65432084, 0.417554
1.1317513, -0.7295677, 0.42260733
1.3077778, -0.82778347, 0.41496113
1.3479427, -0.9098954, 0.42957658
1.32901, -0.7085177, 0.42527598
1.3877115, -0.8304985, 0.42889652
1.4306725, -0.628768, 0.4298933
1.408569, -0.64538646, 0.41866398
1.3104498, -0.8286683, 0.42760426
1.4692179, -0.7509564, 0.43153974
1.3295653, -0.63148856, 0.4181394
1.4694488, -0.6889084, 0.43295684
1.325815, -0.72387314, 0.4190798
1.2291404, -0.65004885, 0.42501327
1.2884718, -0.66918653, 0.41625777
1.3485665, -0.7489954, 0.42747468
1.2704865, -0.6107482, 0.42537
1.4900504, -0.89024043, 0.43088
1.4904019, -0.6292652, 0.4295831
1.4480697, -0.63044554, 0.4304399
1.3084304, -0.79126966, 0.41741034
1.3312303, -0.8879821, 0.418608
1.2299091, -0.80896, 0.41863018
1.2283926, -0.6502418, 0.4179602
1.1694597, -0.66847605, 0.41428524
1.3910038, -0.6890599, 0.42783728
1.1328148, -0.72758806, 0.41470706
1.2515246, -0.87251115, 0.4263183
1.2483922, -0.66945845, 0.41752765
1.231596, -0.82836545, 0.42713478
1.3895177, -0.6716059, 0.4259659
1.2684387, -0.7129365, 0.4256332
1.2911091, -0.9497634, 0.42750558
1.167047, -0.69026625, 0.42402464
1.2092179, -0.5916696, 0.42414093
1.3518949, -0.61157954, 0.4175069
1.1907129, -0.72783256, 0.4166563
1.4315393, -0.7488372, 0.4295672
1.4904798, -0.9289803, 0.43418515
1.1921496, -0.70681775, 0.42421806
1.2462571, -0.89104414, 0.42578217
1.3106265, -0.8081364, 0.4289079
1.23192, -0.80998814, 0.42400792
1.2118298, -0.7510502, 0.42388687
1.2291791, -0.7928095, 0.41739434
1.330945, -0.8500929, 0.42723057
1.1091802, -0.64736116, 0.41423687
1.2499125, -0.8705681, 0.41780138
1.4120784, -0.70796, 0.42946085
1.2688129, -0.63151604, 0.42595452
1.2468568, -0.6905339, 0.41632766
1.3694148, -0.9499251, 0.4296517
1.1502573, -0.7495695, 0.414578
1.4289824, -0.7309425, 0.42821494
1.2698686, -0.93388915, 0.42454478
1.3700196, -0.932925, 0.4286625
1.4498032, -0.7688538, 0.43200508
1.390452, -0.5725819, 0.42668074
1.1913581, -0.72987264, 0.42419472
1.2901328, -0.77157116, 0.4263364
1.2152934, -0.76820976, 0.42570812
1.2722094, -0.90884066, 0.42782855
1.485766, -0.6912027, 0.43006197
1.3089585, -0.7908363, 0.42735934
1.166997, -0.6881976, 0.41653728
1.2693633, -0.7290989, 0.41796577
1.1502626, -0.629866, 0.4266591
1.3506255, -0.89170134, 0.42764893
1.2502929, -0.6697562, 0.4239692
1.2186582, -0.89027303, 0.42333874
1.4715035, -0.64909136, 0.43023098
1.1889985, -0.8289551, 0.42682698
1.3124676, -0.77357936, 0.41818124
1.4316286, -0.5900968, 0.42663044
1.2912241, -0.5908879, 0.42499915
1.3695304, -0.63138014, 0.4187296
1.4689659, -0.9122513, 0.4322564
1.4897639, -0.82888466, 0.43354732
1.3356215, -0.68273157, 0.41595554
1.1925747, -0.848553, 0.42400956
1.3118039, -0.6305316, 0.41759756
1.3730811, -0.6486137, 0.4271821
1.3089417, -0.690184, 0.4266139
1.3492334, -0.5907253, 0.4263222
1.3694526, -0.9100415, 0.42812228
1.2699505, -0.68939376, 0.41649446
1.1903905, -0.67147505, 0.41524932
1.2734151, -0.57231194, 0.42705977
1.4104221, -0.59128135, 0.42682967
1.3284031, -0.83021194, 0.4255599
1.3906995, -0.8095967, 0.42974305
1.2302312, -0.87124217, 0.4164207
1.4707537, -0.8078896, 0.43252772
1.3307399, -0.5891146, 0.4279362
1.2283045, -0.62952983, 0.42452526
1.4878014, -0.8104534, 0.433613
1.1900413, -0.8242545, 0.41803688
1.3898273, -0.65035295, 0.42790863
1.2116574, -0.70912427, 0.42393622
1.3682734, -0.5879674, 0.41676128
1.3490602, -0.868441, 0.429443
1.29647, -0.9171615, 0.4187183
1.2710161, -0.70935994, 0.41714394
1.1513764, -0.60952187, 0.41375023
1.2898463, -0.7498667, 0.4238788
1.2668123, -0.84733665, 0.41929227
1.1681812, -0.6278979, 0.41500932
1.4437572, -0.66095763, 0.41908258
1.3262887, -0.6646905, 0.41765988
1.4897511, -0.6667146, 0.4324981
1.2482105, -0.8110031, 0.4185583
1.1910409, -0.68934494, 0.41883284
1.4685382, -0.67021364, 0.4308067
1.489221, -0.6108256, 0.43065146
1.2301304, -0.747718, 0.41743827
1.2463899, -0.77393186, 0.41750273
1.4290792, -0.61208975, 0.42889038
1.230548, -0.6106258, 0.42566168
1.2702208, -0.6878833, 0.4250474
1.3516479, -0.6100504, 0.42529273
1.4916657, -0.849714, 0.43397823
1.2104183, -0.68951195, 0.4151084
1.4181788, -0.687475, 0.41923898
1.3886092, -0.70989704, 0.42845714
1.2482861, -0.9101742, 0.42716366
1.2302482, -0.90336925, 0.4103377
1.2668835, -0.95306677, 0.42705768
1.4310548, -0.94752085, 0.42909384
1.4694079, -0.8494925, 0.43218106
1.3115312, -0.5872749, 0.415047
1.1484798, -0.6495568, 0.4175349
1.1723877, -0.6102038, 0.4235232
1.2898297, -0.67041165, 0.42524204
1.2263582, -0.8514222, 0.42722744
1.4878317, -0.74849737, 0.43179905
1.1274711, -0.59292305, 0.4120519
1.207489, -0.79163116, 0.41646928
1.3311195, -0.6478424, 0.4288161
1.2517232, -0.64973843, 0.41389424
1.2307916, -0.8693326, 0.42710817
1.1690418, -0.70920146, 0.42660978
1.3449718, -0.58050734, 0.41886985
1.2550277, -0.9349531, 0.41673857
1.1509804, -0.7665114, 0.42385182
1.2912586, -0.60740095, 0.41711754
1.224404, -0.8492717, 0.4178275
1.1891289, -0.753182, 0.42325225
1.2113918, -0.81173587, 0.42507672
1.1855466, -0.7457107, 0.41823575
1.3506631, -0.8006855, 0.41661268
1.2269125, -0.8885781, 0.41772684
1.4318821, -0.7672231, 0.4317187
1.2309399, -0.6050616, 0.4139684
1.4711679, -0.8293844, 0.43314752
1.3839867, -0.59141666, 0.41863284
1.4492496, -0.7884479, 0.4311324
1.1913874, -0.78665626, 0.42429966
1.5070171, -0.9071158, 0.43102983
1.4092336, -0.72866696, 0.4291415
1.3294327, -0.8911399, 0.42732048
1.2083495, -0.7924461, 0.4245008
1.2286131, -0.8335286, 0.41740444
1.2490032, -0.9088752, 0.41944712
1.1927818, -0.5891403, 0.4114371
1.1285032, -0.61243844, 0.41512638
1.4342139, -0.6063116, 0.41963044
1.2696586, -0.7881782, 0.4253247
1.3932481, -0.70695615, 0.4191624
1.4496483, -0.5898263, 0.4287297
1.4503883, -0.65026456, 0.4309374
1.4890066, -0.8668808, 0.4325134
1.1470803, -0.65047324, 0.4243207
1.2284012, -0.6710664, 0.4250305
1.272688, -0.5892453, 0.41471303
1.2097458, -0.729916, 0.42441162
1.2570472, -0.8551098, 0.41710377
1.2514629, -0.58977383, 0.42473975
1.3124503, -0.9498612, 0.42962876
1.3695639, -0.6674113, 0.42818338
1.3296858, -0.5744826, 0.42698252
1.4688131, -0.9483542, 0.43085146
1.1706399, -0.64917827, 0.4166746
1.4896382, -0.59122276, 0.42877635
1.3878319, -0.66686094, 0.41803247
1.4094248, -0.84781355, 0.42933008
1.2870381, -0.6518521, 0.42365098
1.2513548, -0.6528159, 0.42571297
1.1487695, -0.6284325, 0.41497514
1.1523256, -0.7694704, 0.41188976
1.3506786, -0.63064176, 0.42664796
1.1912298, -0.64878064, 0.42425627
1.1896535, -0.6297856, 0.41574427
1.2926762, -0.6301382, 0.41988614
1.1723791, -0.66924775, 0.42408428
1.3325983, -0.92787445, 0.4275167
1.3725401, -0.7701133, 0.4190324
1.4319454, -0.8906044, 0.43259153
1.2301033, -0.7899996, 0.42407596
1.1677585, -0.795093, 0.41666687
1.2753389, -0.89440626, 0.41766003
1.3510462, -0.9310592, 0.42767733
1.3897105, -0.9496113, 0.43048912
1.3727986, -0.99133956, 0.41712186
1.130042, -0.6283293, 0.41249782
1.4891953, -0.7089865, 0.42847353
1.1492869, -0.6085941, 0.42280728
1.451258, -0.9322521, 0.43111372
1.1705741, -0.6499555, 0.42406452
1.2124857, -0.74903256, 0.41848183
1.1275424, -0.58988875, 0.4228708
1.4086616, -0.6075183, 0.4190286
1.1298189, -0.65100694, 0.41322663
1.4706118, -0.6298636, 0.43047428
1.2282436, -0.73038155, 0.4241932
1.3116145, -0.88931143, 0.4267314
1.250562, -0.75188977, 0.42602298
1.3294121, -0.78600043, 0.41881925
1.3937469, -0.74908197, 0.41685086
1.2313848, -0.6321277, 0.415141
1.2316649, -0.70855135, 0.42585474
1.3694216, -0.6542747, 0.41623884
1.2515372, -0.7491616, 0.41708317
1.3518777, -1.0130361, 0.41265127
1.4877514, -0.7307212, 0.4287763
1.1895648, -0.6314603, 0.4248223
1.3225954, -0.75470984, 0.4169014
1.3033181, -0.81178594, 0.41864744
1.2886119, -0.6304403, 0.42642692
1.2106941, -0.5898743, 0.41175473
1.3058294, -0.6496569, 0.41549703
1.1138177, -0.7064608, 0.4132123
1.1481328, -0.72451895, 0.42196232
1.4695106, -0.5899261, 0.4314153
1.2662439, -0.9527486, 0.4188637
1.32842, -0.66970533, 0.42732045
1.3863399, -0.79213613, 0.41981018
1.2860798, -0.75418377, 0.41680408
1.250136, -0.68879765, 0.42482236
1.3084427, -0.9658401, 0.4246961
1.4081542, -0.5866805, 0.41774303
1.2703209, -0.592981, 0.42307281
1.3722587, -0.5738134, 0.42612123
1.3886149, -0.6357378, 0.41937238
1.3293514, -0.5836484, 0.4150071
1.3473965, -0.6514232, 0.41889215
1.2717061, -0.80539, 0.41782954
1.375365, -0.70730287, 0.4197185
1.3405792, -0.63290954, 0.4168294
1.1472962, -0.6702786, 0.42138565
1.3514489, -0.7872975, 0.41845638
1.3103625, -0.6039909, 0.41975564
1.2485044, -0.5737582, 0.42392102
1.2112123, -0.63261837, 0.426875
1.273171, -0.78914285, 0.41765153
1.4704802, -0.7687372, 0.41999197
1.4353194, -0.5862726, 0.41650805
1.5080495, -0.8708035, 0.43189362
1.3456535, -0.6925443, 0.4193439
1.1509949, -0.5941863, 0.42268315
1.1137594, -0.59466773, 0.41203418
1.3637959, -0.9215527, 0.41882133
1.1121889, -0.7133445, 0.4212568
1.1486386, -0.68929833, 0.4251644
1.4062339, -0.6209287, 0.41743264
1.5054551, -0.8078241, 0.42974877
1.2861061, -0.86881554, 0.41726494
1.3163013, -0.87272555, 0.41479367
1.3530977, -0.9668159, 0.42656168
1.1723197, -0.80869144, 0.42405704
1.3285348, -0.84462833, 0.4185074
1.5079199, -0.92776984, 0.4322177
1.3447298, -0.7083025, 0.41833884
1.1110104, -0.6098434, 0.41273114
1.2956803, -0.9408557, 0.41865247
1.2939868, -0.7710359, 0.41627693
1.2636046, -0.86691684, 0.41887045
1.3380892, -0.80165875, 0.41846225
1.3688238, -0.86320084, 0.41905212
1.4359689, -0.7317671, 0.41931528
1.3136526, -0.9613799, 0.41834083
1.4702116, -0.5704941, 0.42868337
1.2710439, -0.9778117, 0.41588268
1.3478174, -0.8523896, 0.41796386
1.1512388, -0.7532976, 0.42472687
1.3842858, -0.6161639, 0.4180127
1.3339131, -0.7131228, 0.41880432
1.4551237, -0.5974343, 0.41864124
1.3422501, -0.9540795, 0.4197681
1.2482208, -0.8398589, 0.41984034
1.3888322, -0.90752643, 0.4181063
1.2132428, -0.7665348, 0.41852796
1.3915579, -0.76974165, 0.41617766
1.245093, -0.84617317, 0.43084672
1.194663, -0.70486796, 0.4161428
1.3667622, -0.61067235, 0.4184464
1.2923149, -0.57310474, 0.42889002
1.1141881, -0.63163674, 0.42322344
1.3877398, -0.99173415, 0.41438326
1.4298673, -0.9767885, 0.41493285
1.5063918, -0.7914758, 0.42866433
1.4328605, -0.9651056, 0.4244621
1.487657, -0.946199, 0.42966652
1.3843662, -0.6834295, 0.41917312
1.4182693, -0.771182, 0.41968608
1.3693613, -0.9644046, 0.42737326
1.5068483, -0.84859645, 0.42678025
1.1917033, -0.5891329, 0.42398652
1.4462931, -0.8296963, 0.4460575
1.259085, -0.8834165, 0.41983908
1.4854381, -0.83220595, 0.44282386
1.4491068, -0.5714525, 0.42827746
1.4309852, -0.7119259, 0.41914597
1.1115041, -0.61998445, 0.4221753
1.5135086, -0.9403591, 0.4342648
1.4922081, -0.9611784, 0.42614788
1.4522098, -0.6485137, 0.44381827
1.1524363, -0.5886159, 0.41085145
1.2906258, -0.82535654, 0.41827595
1.4270563, -0.6866644, 0.44019017
1.3304201, -0.91244394, 0.41572982
1.5177585, -0.82372576, 0.42963514
1.2960745, -0.9664056, 0.42658973
1.3321562, -0.9644938, 0.42445278
1.112098, -0.6632011, 0.42523003
1.3143173, -0.579229, 0.42872792
1.5101961, -0.89241904, 0.42686844
1.2107924, -0.64768386, 0.4169974
1.4264246, -0.6559453, 0.4189013
1.1070331, -0.64751273, 0.4231026
1.26622, -0.9847131, 0.4143787
