0.69382423, 2.2644172, 0.069468655
0.7188732, 2.2850285, 0.020073477
0.7260628, 2.267378, 0.06946807
0.7519555, 2.2900348, 0.012435946
0.756107, 2.2904296, 0.03038342
0.74928033, 2.2761104, 0.09194277
0.7719488, 2.2858696, 0.050338484
0.7674896, 2.2710423, 0.07011084
0.77202785, 2.2749703, 0.09015345
0.79031646, 2.308236, -0.0052234638
0.7882307, 2.2866511, 0.046726305
0.7929374, 2.27849, 0.092990644
0.809816, 2.2854404, 0.06939857
0.8073353, 2.3018703, 0.023439597
0.82706153, 2.3073308, -0.0026898498
0.829423, 2.2906134, 0.07122467
0.828197, 2.291024, 0.049621474
0.8495178, 2.2934172, 0.0715524
0.8682815, 2.2942939, 0.088621974
0.8669364, 2.3121512, 0.026428709
0.8901571, 2.2943337, 0.09092356
0.891647, 2.2969222, 0.051057395
0.89207095, 2.3052402, 0.048929468
0.8904744, 2.2957432, 0.06912143
0.9082466, 2.2957637, 0.08550647
0.8866744, 2.3112686, 0.021841545
0.9487447, 2.3071616, 0.07019748
0.9485665, 2.3077564, 0.08931293
0.9269061, 2.3254342, 0.0070973486
0.95241874, 2.3248258, 0.024791788
0.94186753, 2.3206522, 0.043123577
0.97488046, 2.323164, 0.048462532
0.9763114, 2.3261309, 0.030442784
1.0141199, 2.3297572, 0.045143828
1.0110654, 2.3233068, 0.06590441
1.0066737, 2.3133035, 0.06682682
1.030556, 2.334508, 0.028168283
1.0172012, 2.3425379, 0.0124618765
1.054312, 2.3428473, 0.02518863
1.0718371, 2.348142, 0.014974045
1.0501947, 2.3449004, 0.015731245
1.0687451, 2.345042, 0.03207809
1.0731626, 2.3277764, 0.07267959
1.0918876, 2.3520403, 0.027855674
1.1079171, 2.348808, 0.026320314
1.10625, 2.3416033, 0.050486945
1.1121895, 2.3294535, 0.07322818
1.1227231, 2.3602793, 0.025136758
1.13243, 2.3540459, 0.025675913
1.1477224, 2.3436956, 0.072006345
1.1721818, 2.3647397, 0.02735534
1.2179872, 2.3697054, 0.013595082
1.2195086, 2.3621511, 0.054662485
1.2289094, 2.3696465, 0.03034225
1.2701128, 2.3740294, 0.049932294
1.2851079, 2.3849583, 0.017290877
1.3036053, 2.3843513, 0.029548667
0.776152, 2.2944956, 0.023718525
0.8749004, 2.3250287, 0.01116934
