1.3499619, 2.3103342, 0.34516877
1.3692293, 2.3263452, 0.34968933
1.3319824, 2.286963, 0.31106317
1.3739262, 2.2890937, 0.31545174
1.3101337, 2.3113048, 0.34816772
1.3705772, 2.3171034, 0.3452193
1.3500786, 2.2931988, 0.3287283
1.3509074, 2.2755153, 0.30929777
1.333736, 2.2705777, 0.30541167
1.3265619, 2.2694464, 0.2939244
1.3713104, 2.2728615, 0.3096762
1.3676456, 2.2661378, 0.28630996
1.3090773, 2.276588, 0.3074854
1.3089054, 2.2701106, 0.29427516
1.3502887, 2.268261, 0.29209858
1.3729733, 2.2534456, 0.28771454
1.353059, 2.2477157, 0.27470475
1.3705986, 2.2477024, 0.2741862
1.3701978, 2.2332735, 0.26577142
1.3307743, 2.2280102, 0.25273982
1.347761, 2.2235334, 0.2342106
1.3730441, 2.19925, 0.24456462
1.3289108, 2.2109115, 0.23494977
1.3886162, 2.1882653, 0.23040418
1.3884104, 2.173029, 0.20797177
1.3308045, 2.1724603, 0.21083464
1.4115998, 2.1703281, 0.19675535
1.3892146, 2.1500762, 0.19119221
1.3861446, 2.1456509, 0.17332692
1.3914056, 2.111745, 0.14778005
1.3699397, 2.0895014, 0.12807377
1.3506067, 2.0883353, 0.12889698
1.4115628, 2.0901387, 0.1299531
1.3480787, 2.1074817, 0.13007207
1.4153162, 2.0946035, 0.14512753
1.3691409, 2.0685458, 0.109827414
1.4104007, 2.0695748, 0.109734975
1.3507881, 2.069022, 0.11177438
1.389702, 2.0482728, 0.09261415
1.396023, 2.0424943, 0.076780245
1.3493556, 2.0493348, 0.090489365
1.3502096, 2.0853066, 0.11525808
1.4089559, 2.036118, 0.0878503
1.3695661, 2.031241, 0.070258275
1.3533928, 2.0145168, 0.064348936
1.4263438, 2.0065207, 0.049809158
1.4276601, 2.009134, 0.068006344
1.3353047, 2.1500878, 0.18632963
1.2931513, 2.327522, 0.34974682
1.3096107, 2.3077047, 0.33005178
1.3107926, 2.2892034, 0.31140557
1.3691057, 2.1502411, 0.19341399
1.3702912, 2.1304421, 0.16699032
1.3709182, 2.1921244, 0.2320648
1.4106529, 2.110971, 0.14955178
1.3349197, 2.114769, 0.14422978
1.3986213, 2.0814605, 0.11186469
1.4034675, 2.073436, 0.12527394
1.348949, 2.1840444, 0.2198362
1.3107103, 2.2541816, 0.26670608
1.3265364, 2.1867232, 0.21345589
1.3694721, 2.30973, 0.33004782
1.3706616, 2.1686363, 0.2077813
1.3897206, 2.126381, 0.17144856
1.3119473, 2.22445, 0.2502462
1.4059486, 2.049039, 0.10336739
1.3480294, 2.1458366, 0.16943309
1.3337806, 2.2478867, 0.27175853
1.3712814, 2.185734, 0.21501079
1.3935726, 2.0660915, 0.1095918
1.3928045, 2.069386, 0.09637039
1.4090284, 2.1372323, 0.17364134
1.3908987, 2.0851748, 0.13337626
1.4075673, 2.1917844, 0.22361118
1.3504477, 2.321923, 0.33709738
1.3498155, 2.3488443, 0.36745858
1.368484, 2.1361542, 0.18504345
1.4117352, 2.117874, 0.16625136
1.3712225, 2.2158399, 0.2474955
1.3932923, 2.2362523, 0.27412912
1.3665195, 2.2921724, 0.32302493
1.3099214, 2.2099035, 0.23361811
1.3344183, 2.091324, 0.1279538
1.3882474, 2.0094533, 0.071551844
1.3430865, 2.2220488, 0.25277358
1.3341925, 2.1124883, 0.13727246
1.3305881, 2.169294, 0.19115075
1.3327143, 2.0678258, 0.111952275
1.3852328, 2.2071638, 0.24853817
1.3495082, 2.110623, 0.14899963
1.3891376, 2.22905, 0.2501457
1.3494157, 2.2021494, 0.23392291
1.36923, 2.2309527, 0.25126362
1.3508081, 2.0358696, 0.0917645
