1.9713434, -1.1494342, 0.44801918
1.970137, -1.1311816, 0.4471864
1.9881971, -1.1682885, 0.44722888
1.9320673, -1.1266586, 0.4487162
1.951066, -1.1485722, 0.44594854
1.9892113, -1.1285042, 0.44935763
2.0081103, -1.1525242, 0.44786412
1.9492073, -1.1111515, 0.44845074
1.9720002, -1.108084, 0.45161396
1.9531254, -1.0870978, 0.44809252
1.9637322, -1.0933087, 0.45209235
2.0293574, -1.1698287, 0.44960055
1.92963, -1.0894188, 0.45065555
1.9114155, -1.0898892, 0.44965005
1.9295416, -1.0716422, 0.4499239
1.9466456, -1.0682207, 0.45239544
1.9100578, -1.0694708, 0.45041993
1.9293237, -1.0488356, 0.45454904
1.891208, -1.0707089, 0.44858745
1.9068017, -1.047838, 0.4519088
1.8892306, -1.0500214, 0.45073497
1.9106846, -1.0335987, 0.45291856
1.8887159, -1.0303211, 0.45127943
1.8709242, -1.0291847, 0.4502139
1.8903977, -1.0103045, 0.4517621
1.8517387, -1.0270199, 0.4500534
1.8693829, -1.0108197, 0.45148894
1.870448, -0.9919024, 0.4514038
1.848137, -0.9894348, 0.45277265
1.8298447, -0.9886585, 0.45072937
1.852517, -0.9714394, 0.45234996
1.8118275, -0.97406346, 0.4512826
1.8298662, -0.9435825, 0.46100295
1.8267925, -0.9464788, 0.45551717
1.8088323, -0.95018417, 0.45640743
1.7905945, -0.9301097, 0.45401022
1.8094001, -0.9339079, 0.45663077
1.8089256, -0.91252244, 0.45392725
1.7727028, -0.9291808, 0.45495474
1.7914833, -0.91304576, 0.4542139
1.77248, -0.9085263, 0.45595175
1.7687972, -0.8925689, 0.45647836
1.7686402, -0.87174815, 0.4560012
1.7681348, -0.87138295, 0.46223772
1.7473762, -0.87299913, 0.45724458
1.7529162, -0.8509357, 0.46192518
1.8523624, -1.0095398, 0.44943345
1.7915934, -0.8921341, 0.4568834
1.749891, -0.88761073, 0.4562289
1.8286258, -0.969142, 0.45308068
2.0046408, -1.1671112, 0.44839025
1.9522128, -1.1290433, 0.44612017
2.0090997, -1.1876734, 0.44466293
1.7335707, -0.8671147, 0.45616108
1.7125992, -0.82888687, 0.46394384
1.8518304, -0.94909084, 0.45561272
1.7468117, -0.9694192, 0.45135334
1.9096295, -1.1713873, 0.44388747
2.0094328, -1.1304101, 0.4492774
1.9098747, -1.0117071, 0.4511984
1.8873435, -1.1500802, 0.43792418
1.7693084, -0.9904547, 0.45202357
1.833115, -0.9290431, 0.4516449
1.8716841, -0.96724105, 0.45527723
1.8315516, -1.0707773, 0.44524804
1.887865, -1.1549567, 0.4435729
1.6861922, -0.8907232, 0.45228666
1.9911585, -1.1090208, 0.44905785
1.8503891, -1.0887672, 0.44741
1.7692475, -1.0315437, 0.44961306
1.7892747, -1.0288771, 0.4513221
1.828391, -1.0855012, 0.44852445
1.7900493, -1.0702678, 0.44468328
1.7932515, -1.049199, 0.4488946
1.791166, -1.0879648, 0.44601998
1.8137686, -1.0912532, 0.445697
1.7690581, -1.0523185, 0.44863412
1.810143, -1.0699016, 0.4448581
1.7489192, -1.0094677, 0.45178246
1.7295618, -0.9695466, 0.45065695
1.72921, -0.98680955, 0.45002374
1.7500738, -0.98967844, 0.45040053
1.7717537, -1.0088395, 0.45224404
1.7086455, -0.94974875, 0.45368692
1.8909428, -1.2137861, 0.43131012
1.9066186, -1.1956223, 0.43676588
1.8892965, -1.1727077, 0.43782082
1.8754259, -1.1718246, 0.43530366
1.9524057, -0.9902703, 0.45295396
1.9322127, -0.9692824, 0.45334387
1.8501053, -1.1511542, 0.44319424
1.8450334, -1.1479437, 0.43715253
1.868875, -1.1313924, 0.44685286
1.7512604, -1.0296736, 0.44978645
1.8308423, -1.106269, 0.4480253
1.8089185, -1.1106129, 0.4475553
1.8502461, -1.1098793, 0.44799802
1.7104955, -0.9301139, 0.45561725
1.8356634, -1.1347194, 0.43601352
1.6909146, -0.9491285, 0.451512
1.970106, -0.98958105, 0.45445102
1.9472781, -0.95220345, 0.45523915
1.9701573, -0.9666034, 0.45564586
1.9655862, -0.951337, 0.45482814
1.9530625, -0.9704537, 0.45329085
1.9883755, -1.0093863, 0.45513853
1.9878734, -0.9936508, 0.45505518
1.9874631, -0.97170675, 0.45386893
1.9290384, -0.94970745, 0.4557217
1.9502897, -0.9318632, 0.45631307
1.906388, -0.9277693, 0.45742947
1.9300203, -0.9295896, 0.45495647
2.0104125, -1.0096649, 0.4549921
1.9891903, -1.0296297, 0.4536885
1.9348489, -0.9083606, 0.45655093
2.0114753, -1.0472865, 0.45425233
2.0065892, -1.0284747, 0.45584345
2.031951, -1.0095263, 0.45578992
2.0280428, -1.0311673, 0.45581988
1.9098965, -0.9130708, 0.4559539
1.8893611, -0.9107201, 0.45654565
1.909105, -0.8911546, 0.4565301
2.0303102, -1.0514908, 0.45450774
2.047895, -1.032243, 0.45543474
2.0288982, -1.0683674, 0.45384637
2.0492885, -1.0525298, 0.4549893
1.8729469, -0.8894821, 0.45636722
1.8920496, -0.87245893, 0.45474005
1.8644925, -0.87307787, 0.45772755
1.8727788, -0.8514858, 0.4569962
1.8497959, -0.8658403, 0.46279904
2.0488634, -1.0864608, 0.45247456
1.8521652, -0.8319412, 0.46457717
1.8309644, -0.829335, 0.46547142
1.8131864, -0.8308445, 0.4644337
1.6888657, -0.93143016, 0.45156264
1.8303218, -0.8480362, 0.4631143
1.7481593, -0.849342, 0.458195
1.8855164, -0.852607, 0.45842168
1.709015, -0.91217107, 0.45604974
2.0299444, -1.1481599, 0.45172635
1.706999, -0.96990675, 0.45166388
1.7305506, -0.9529213, 0.45214003
1.8888898, -0.98981917, 0.45366287
2.0681832, -1.085798, 0.45024014
1.8427202, -0.831062, 0.456903
1.7309337, -1.0503088, 0.44719929
1.9112167, -0.9898384, 0.45344874
1.8894507, -0.9518679, 0.45711008
1.8090149, -1.1688453, 0.44427803
1.9891969, -1.0703685, 0.45255178
2.030665, -0.97173184, 0.45583665
1.7500631, -1.0893302, 0.4467107
1.870394, -0.933468, 0.45709577
1.7315788, -1.0700343, 0.44794568
1.9111838, -0.82668585, 0.46374026
1.9703141, -1.048994, 0.45399216
2.0464356, -1.1288013, 0.4530675
1.795687, -1.149823, 0.4376307
2.0130234, -0.9473387, 0.4561178
1.6889106, -0.9880958, 0.45253667
2.0290914, -0.9509084, 0.4559981
1.9335493, -1.0093124, 0.45208195
1.8494463, -0.9112014, 0.4543621
1.9476575, -0.8917026, 0.46392298
1.9899141, -0.93102384, 0.45721552
1.9883108, -0.91032785, 0.46124887
1.7092868, -1.030759, 0.44961333
2.0118473, -1.092289, 0.45151675
1.954246, -1.030275, 0.45289817
1.9126296, -0.96936816, 0.45315507
1.7502749, -1.0712388, 0.44698614
2.0267053, -1.1102151, 0.44966638
1.9087888, -0.8114419, 0.4639121
1.7277527, -1.0934802, 0.4446053
1.7369828, -1.095968, 0.43858904
1.7112759, -1.0683368, 0.44939807
1.6924753, -1.0492681, 0.4480685
1.7719147, -1.167975, 0.44410217
1.7911594, -1.19104, 0.43706045
1.7860225, -1.2109252, 0.43170363
1.7681341, -1.1926854, 0.43491063
1.7694801, -1.1483995, 0.4451856
1.7753732, -1.1839465, 0.44302145
2.027611, -0.92936504, 0.4635939
1.7279056, -1.1302037, 0.44527352
1.7075717, -1.1110029, 0.4317183
1.7046369, -1.1101941, 0.44769555
1.7490199, -1.1290214, 0.44295916
1.7229555, -1.1268538, 0.43977147
1.73263, -1.1110989, 0.44431755
1.9528388, -0.826271, 0.4653854
1.7541578, -1.1505861, 0.4429424
2.030316, -0.9130046, 0.4580118
2.006909, -0.9087279, 0.46205324
1.9877337, -0.89050424, 0.46350592
1.9675227, -0.8705806, 0.45761883
1.9659276, -0.8509905, 0.458688
1.9872411, -0.8814682, 0.45715564
1.710216, -1.1304159, 0.44469652
1.7302343, -1.1491125, 0.44439128
1.7352605, -1.1659168, 0.43635213
1.7262738, -1.1490409, 0.43984708
2.051552, -0.8904646, 0.45400116
1.7105726, -1.15308, 0.43063176
1.7128013, -1.1701576, 0.44209495
1.9901406, -0.83190686, 0.46206823
2.011978, -0.8479636, 0.46411622
1.8090137, -1.0075823, 0.45041087
1.7895466, -1.1141975, 0.444745
1.6914463, -1.0082119, 0.45229712
2.0478845, -0.968771, 0.4562254
1.9710376, -0.8890277, 0.46286857
1.9501221, -1.0114988, 0.45328528
1.7108182, -1.0123515, 0.45169896
1.8888617, -0.8306149, 0.46456528
1.7895337, -0.82688916, 0.4628277
1.7909148, -0.8437786, 0.45833713
1.7505934, -1.0502965, 0.44848388
1.8106024, -0.81251204, 0.4653658
1.8881907, -1.0907435, 0.44950324
1.9324217, -0.9898283, 0.4527291
1.9299954, -0.85190713, 0.45713797
1.9922587, -1.0463334, 0.45405355
1.9699538, -1.0275155, 0.45318663
1.969636, -0.90627867, 0.46210608
1.952887, -0.8919811, 0.4566601
1.8505319, -0.8884272, 0.4548058
1.7874534, -0.9687597, 0.4534039
1.9099739, -0.8482735, 0.46313962
1.9090382, -1.1108453, 0.44867337
1.788519, -1.1295257, 0.44439748
2.0112195, -1.0691568, 0.4526672
1.8086933, -0.9907193, 0.45359114
1.9502879, -1.171627, 0.4469514
1.7259669, -1.0317148, 0.44957918
1.751262, -0.9295649, 0.45581517
1.8283775, -1.0131726, 0.44981772
1.991687, -0.924333, 0.46417788
1.8714479, -0.9088096, 0.45692083
2.0671878, -1.127046, 0.44839138
1.9074787, -1.1288034, 0.44746315
1.7911098, -0.86901194, 0.46318465
1.8106375, -1.1528019, 0.43807998
1.7678958, -0.9512385, 0.45342112
1.8500888, -1.0499346, 0.44835415
1.8697242, -1.067776, 0.4485723
1.9898036, -0.8513224, 0.46437395
1.7316864, -1.1711961, 0.44373348
1.7310951, -1.0079331, 0.45068353
1.9271476, -0.8696078, 0.4558535
2.048219, -0.9503838, 0.45562792
2.0068176, -0.8486192, 0.45647186
1.7666501, -1.2123747, 0.43312305
1.8123922, -0.87164897, 0.45826927
2.0691388, -1.0570626, 0.4535222
1.9925607, -0.8714994, 0.4564473
1.8878669, -0.89252335, 0.4548385
1.8496833, -0.8515728, 0.4583003
1.7310708, -0.9093111, 0.4553182
1.7686543, -1.0905871, 0.44476858
1.9462515, -0.8684751, 0.45672733
2.0283394, -0.89277226, 0.4589018
1.7111118, -1.0930849, 0.4456614
1.8160518, -1.2279484, 0.42866725
2.0055103, -0.8817744, 0.4584564
1.9335397, -0.80827767, 0.4547205
1.9712507, -0.82876134, 0.46470883
1.7275319, -0.8310029, 0.46523345
1.8488727, -0.85031843, 0.46308646
1.8081217, -0.85184497, 0.4633059
1.9532433, -0.79010665, 0.4637239
1.7629042, -1.1785582, 0.43597797
1.7321702, -0.85022587, 0.46297505
1.7863204, -0.8292548, 0.45446703
1.6934232, -1.0671754, 0.44822627
1.952067, -1.0513536, 0.45168564
1.693058, -1.1533489, 0.44362026
1.6709981, -0.9111624, 0.45301306
1.8306044, -0.9093048, 0.45621845
1.7508061, -1.1093858, 0.44412374
1.811645, -1.0285431, 0.4513945
2.029826, -1.1307052, 0.44974673
1.9684016, -1.071152, 0.4532462
1.7698907, -0.96957815, 0.4537116
1.6890872, -0.97350425, 0.44955295
1.8514453, -0.9316772, 0.45453936
1.7498454, -1.1598186, 0.43940312
1.9905655, -1.0909189, 0.4508674
1.6891444, -0.89311683, 0.46247888
1.8300445, -1.0510803, 0.44924974
1.867433, -0.94814795, 0.45662144
1.9295332, -1.0282962, 0.4531764
1.8721117, -1.1086297, 0.44582945
1.7479192, -0.908254, 0.45575538
1.7453892, -0.8294983, 0.4665743
1.8916047, -1.1305772, 0.44900426
1.791122, -1.1491841, 0.44317928
1.6925248, -0.86886495, 0.46322235
1.930404, -0.88796544, 0.4558388
1.8938662, -0.8458273, 0.46483743
2.0278375, -0.9916959, 0.45655656
1.7479349, -1.1856735, 0.43706548
1.9692932, -0.90901715, 0.45637125
1.9108909, -1.1498072, 0.4471192
1.8890581, -1.1119013, 0.44649768
1.9295655, -1.1704794, 0.447123
1.7517378, -0.9497232, 0.4555331
1.79148, -0.9893545, 0.451548
2.011405, -0.97087896, 0.4548937
1.7683858, -1.1307974, 0.44509214
1.9475895, -0.8099749, 0.46433502
1.9854265, -0.9495718, 0.45487502
1.8512354, -1.0687296, 0.44858626
1.8832805, -0.8292657, 0.45842743
1.7741761, -1.1260607, 0.43808055
1.709838, -0.8944808, 0.45622528
1.810843, -0.82426333, 0.45185432
1.7885746, -0.8721013, 0.4567036
1.7331243, -0.92986524, 0.4557067
1.8514094, -1.1873648, 0.43744355
1.9350507, -0.8444406, 0.46145415
2.0323448, -1.0878708, 0.4525176
1.9683695, -1.1716387, 0.44812146
1.912153, -0.8708288, 0.45573804
1.892863, -0.92865396, 0.45626628
1.7087508, -0.8715297, 0.46309513
1.9119967, -0.9489108, 0.45390493
1.7888577, -0.9482741, 0.45280227
1.9487802, -0.8532461, 0.45558515
1.8311061, -1.1702981, 0.43890524
1.7102356, -1.1734695, 0.43142208
1.8695126, -1.0458691, 0.44910842
2.008519, -0.82946396, 0.4632521
2.0276654, -0.93255305, 0.4554299
1.9698408, -0.8910046, 0.45799536
1.8112018, -1.1310118, 0.44713634
1.7103329, -0.86751795, 0.45745355
1.8873496, -0.7945858, 0.46353492
1.7322099, -0.867507, 0.46406564
1.8433173, -0.87331593, 0.45815194
2.0506818, -1.106612, 0.44991824
1.8473297, -1.1686457, 0.43808016
1.7531744, -0.8912096, 0.46207923
1.9702815, -1.0114594, 0.45308405
1.9910705, -0.9061769, 0.45580417
1.813441, -0.84399116, 0.45730358
1.7101892, -1.0499773, 0.44968492
1.7293494, -1.1928804, 0.4365323
2.0686, -1.1546605, 0.4478912
2.0688376, -0.93435097, 0.4517422
1.8694907, -1.1910198, 0.43625817
1.8333006, -1.1485616, 0.439406
2.0082328, -0.86991936, 0.46357715
1.8671615, -1.1645594, 0.44231585
1.8503313, -1.1351311, 0.4361925
1.929428, -0.8302425, 0.463781
1.8333831, -0.8666314, 0.4576837
1.8680743, -1.149262, 0.43843597
2.006305, -0.98957396, 0.45635372
2.013591, -0.8719803, 0.45685795
1.9288327, -0.9270645, 0.46264204
1.8889256, -1.1735781, 0.4420181
1.7890478, -0.85006434, 0.4633885
1.6765854, -0.8898012, 0.45198992
1.8276743, -1.0319911, 0.44991553
2.0555105, -0.91466844, 0.4569531
1.769214, -1.1082821, 0.44610316
2.0672853, -1.0141522, 0.45100507
1.8059568, -1.1696606, 0.43869478
2.0281498, -0.8480699, 0.45789137
2.0459487, -0.98970467, 0.4552218
2.008458, -1.1126812, 0.44677046
1.8690666, -1.0872838, 0.4479529
1.8103775, -1.191005, 0.43710828
1.891561, -0.9683036, 0.45579165
1.8247466, -1.2123106, 0.43453935
2.0524755, -1.1524305, 0.4519937
2.0547435, -0.81444395, 0.4527341
1.9307368, -0.87285787, 0.4654502
1.8268334, -0.89345247, 0.45676175
1.9512078, -1.188793, 0.44568005
1.688781, -0.87102085, 0.45624596
1.9525672, -1.1944945, 0.438903
1.750078, -0.81424934, 0.46503043
1.9470934, -0.8541535, 0.462855
1.8126371, -0.8723949, 0.4631669
1.8437359, -1.2087978, 0.43382424
1.7064327, -1.0927064, 0.43135148
1.9322529, -1.153873, 0.44498307
1.7281089, -0.8934083, 0.45614955
1.8671137, -0.81381696, 0.46325928
1.9683877, -0.8079929, 0.45478398
1.72701, -0.85099494, 0.4562121
2.0023742, -0.8091031, 0.45773256
2.0283077, -0.84878016, 0.46426508
1.7135292, -1.1933835, 0.43131983
1.910936, -0.93258464, 0.4612118
2.0322971, -0.82870173, 0.4590215
1.6944072, -0.8489673, 0.45749998
1.772926, -1.0682589, 0.4456618
1.9279675, -1.1084048, 0.4498451
1.828865, -1.1463594, 0.4459054
1.6752175, -0.85148257, 0.45213833
1.7093139, -0.8506542, 0.45675775
1.9274801, -0.9061522, 0.46083224
1.8467356, -0.81240284, 0.4656878
1.9488097, -0.9147593, 0.45701894
2.0306492, -0.86694324, 0.46338028
1.907366, -0.853219, 0.45551604
1.7105429, -0.8470782, 0.4637361
1.7295458, -1.2122335, 0.43002135
1.7489114, -0.8695135, 0.46421516
1.7505642, -1.1783757, 0.43817243
1.8082246, -0.8892348, 0.45564756
1.7931585, -1.0081716, 0.4501608
1.9701751, -0.807287, 0.46313056
1.6929467, -1.0308131, 0.44762772
1.9289786, -1.1917404, 0.43918383
2.011757, -0.81164396, 0.46359918
1.792095, -1.1746827, 0.43813065
1.771287, -0.8479236, 0.46347368
1.8275735, -1.188117, 0.43703526
1.7135557, -0.92745775, 0.46131948
2.0077262, -0.92835635, 0.45624763
1.7276897, -0.8893499, 0.46168774
1.6727741, -0.8317976, 0.46384665
1.9094172, -1.1024908, 0.43882486
1.9921279, -1.2149103, 0.43474323
1.8680824, -0.8677852, 0.46647847
1.7331767, -1.1132693, 0.4375555
1.9865433, -1.1487705, 0.45111266
1.8051288, -1.1531391, 0.44670787
1.6912699, -0.8316397, 0.46471256
1.9678199, -0.8368335, 0.45722926
1.7661288, -0.8898784, 0.46209264
1.9894217, -0.80844796, 0.45336953
1.8493179, -1.1293577, 0.4445559
2.0118692, -0.88777226, 0.46155322
1.9880508, -0.82767284, 0.45795548
1.8615624, -1.1393304, 0.43919873
2.0282547, -0.88765955, 0.46329272
1.6911446, -1.1287737, 0.4447636
1.6895103, -0.9122522, 0.44996122
1.9702188, -0.9281123, 0.4560047
1.8720416, -0.827829, 0.4637999
1.867039, -0.80982685, 0.45400843
1.7333466, -0.82845384, 0.45141488
1.7319186, -0.8092594, 0.4544295
1.7876489, -1.1609061, 0.44538772
1.7411866, -1.1315457, 0.43637365
1.7524443, -1.102458, 0.4391011
1.6692406, -0.87320316, 0.45055175
2.007691, -0.9125255, 0.45648828
1.7095963, -1.1279557, 0.4298837
1.9313146, -0.88552177, 0.46145156
1.9899346, -0.81074756, 0.46339867
2.0481877, -1.0088652, 0.45475572
1.7474654, -1.0771234, 0.43704498
1.9690382, -0.87523794, 0.46312997
1.6852243, -0.90740436, 0.46154922
1.9315974, -0.8110585, 0.46203762
2.0649261, -1.1869208, 0.44436502
1.7093084, -0.8272693, 0.45051464
2.0438523, -0.85118103, 0.45874822
1.8288773, -1.1291926, 0.4464837
1.8099983, -1.0492724, 0.44343048
1.9142566, -1.18754, 0.4420153
2.073311, -1.1731752, 0.44688085
1.6713656, -0.9271479, 0.45163706
1.9896775, -0.8519487, 0.45730844
1.8040904, -1.2078234, 0.43222982
1.7658926, -1.0847569, 0.4390591
1.830988, -1.1878381, 0.44120842
1.775875, -1.0577364, 0.43891633
1.8691338, -1.1853682, 0.4425707
1.9334981, -0.83841836, 0.45436203
2.0476213, -1.069707, 0.45181236
1.8471098, -0.8926226, 0.46371794
1.9083195, -0.83442855, 0.4571716
1.8639233, -1.2285781, 0.43005466
1.7502267, -0.9096941, 0.46055418
1.8533398, -1.1685432, 0.44238153
1.7707525, -0.8523056, 0.45823562
1.951428, -0.78774655, 0.4529997
1.7727201, -1.1521126, 0.43907976
2.043962, -0.9253288, 0.45863318
1.8481244, -0.94330406, 0.46149248
1.8304219, -0.8102457, 0.46456608
1.8359535, -0.91294414, 0.46306834
2.0492024, -0.874309, 0.4558545
1.9051529, -1.1721729, 0.4393477
1.9059777, -0.8705098, 0.4648868
2.0514998, -1.1650506, 0.44789377
1.8396416, -1.0848882, 0.43941432
1.7934366, -0.8845519, 0.46259633
1.9469599, -1.2081547, 0.43343776
2.0242093, -0.8277891, 0.46281037
1.7684612, -0.83458185, 0.46271095
1.8728569, -0.835007, 0.4574168
1.8011574, -1.1049262, 0.43978646
1.8836322, -1.1839114, 0.43783423
1.8890686, -0.89068526, 0.46424803
1.7733064, -0.8260304, 0.4544487
1.7082069, -1.2090123, 0.4297983
1.8465532, -0.91391236, 0.4604078
2.0141418, -0.94986916, 0.46301776
1.6880455, -0.85471237, 0.46470234
1.902347, -0.9845591, 0.46297145
1.8889905, -1.1213727, 0.4394251
1.8334962, -0.86514896, 0.4637886
1.8673161, -0.93802476, 0.46092427
1.7216524, -0.98526037, 0.4610459
1.6845863, -1.089886, 0.4313981
2.0450153, -0.79249, 0.45588106
1.8265069, -0.98597103, 0.4605479
1.9109211, -1.209596, 0.43272123
1.6658956, -0.95350254, 0.44595495
1.9153993, -0.8890459, 0.46140197
1.7115481, -0.9099593, 0.46443397
1.6903932, -1.073319, 0.43400505
1.9728469, -0.95074546, 0.46216807
1.7543901, -1.1639675, 0.44401884
1.9971936, -0.9736754, 0.46012723
1.8840508, -0.8680868, 0.46465927
1.804342, -0.91357803, 0.46124825
2.0472555, -0.9722032, 0.4608845
1.9485216, -0.8721754, 0.4654174
2.0308244, -0.9561112, 0.46362895
1.95191, -0.8072025, 0.45477897
1.7454981, -0.99230504, 0.4608937
2.0317326, -0.9061302, 0.46361822
1.8120186, -0.93157905, 0.4600894
1.786246, -0.91830343, 0.46197057
1.9522978, -0.9526596, 0.46005157
2.0741081, -0.9959675, 0.44704372
1.9861535, -0.86388427, 0.46466017
2.0284665, -1.1880442, 0.44150674
1.8652256, -1.1489081, 0.4435744
2.0154197, -1.1930673, 0.43765426
1.8944101, -1.1879456, 0.4423471
2.0708616, -1.0717574, 0.44527695
1.9527917, -0.9079877, 0.46392173
2.0828922, -1.1056402, 0.44691396
1.9397852, -1.1895034, 0.44921672
1.791964, -1.1847831, 0.44386113
1.9184449, -0.79644203, 0.46257603
1.8289102, -0.79664785, 0.46186626
1.9153711, -0.79022264, 0.45081493
1.6796104, -1.048816, 0.44990793
1.6954455, -1.1738311, 0.4284539
