4.405262, 1.3730946, 0.2113906
4.4277, 1.3294476, 0.14480059
4.415613, 1.3484071, 0.14809023
4.412726, 1.3263291, 0.20904589
4.4148326, 1.3513596, 0.1674654
4.4273496, 1.329733, 0.16801533
4.4221044, 1.3437994, 0.14112207
4.408609, 1.3516493, 0.20922232
4.414442, 1.3500899, 0.18812133
4.423787, 1.2912946, 0.1713118
4.404134, 1.3938667, 0.18468055
4.40679, 1.3893046, 0.16670388
4.4026566, 1.3930879, 0.20471226
4.3928294, 1.4052472, 0.21137498
4.435723, 1.3029622, 0.12707841
4.4102325, 1.3879151, 0.14790261
4.427417, 1.2453088, 0.18521947
4.4103284, 1.4095763, 0.16676264
4.3931327, 1.4325916, 0.20882809
4.393043, 1.4338696, 0.18977687
4.4074645, 1.4307058, 0.16726774
4.4142313, 1.4272476, 0.1441384
4.4260874, 1.4045619, 0.13195458
4.4062943, 1.444267, 0.16029052
4.3898654, 1.4561006, 0.20972273
4.4234858, 1.4062135, 0.116829954
4.4425797, 1.2301625, 0.1456677
4.391668, 1.4701759, 0.21000254
4.403631, 1.4691744, 0.18597686
4.410474, 1.466248, 0.16185325
4.4248285, 1.4480472, 0.12747988
4.4076433, 1.4721014, 0.12945282
4.41496, 1.4690921, 0.11645155
4.4430723, 1.1949922, 0.14966443
4.410086, 1.3718909, 0.18871777
4.433543, 1.3054192, 0.1474883
4.4067583, 1.4266877, 0.18567294
4.4173574, 1.3282769, 0.16593337
4.4674854, 0.98611534, 0.16742113
4.4637394, 1.0671005, 0.13538443
4.4619565, 0.95492494, 0.16713881
4.4621143, 0.95141405, 0.18360251
4.4488864, 0.8552499, 0.20759113
4.467416, 0.9327358, 0.16307981
4.3987885, 1.449976, 0.18413189
4.473777, 1.0089914, 0.11953947
4.4639473, 1.0058907, 0.1490366
4.411404, 1.3695703, 0.16643335
4.408004, 1.4097975, 0.20952374
4.4666452, 1.1572225, 0.12066982
4.4327617, 1.115228, 0.18908648
4.452055, 1.2059165, 0.14452861
4.4268823, 1.3704238, 0.13156196
4.4245567, 1.4256519, 0.11519633
4.4444833, 0.88418615, 0.2068547
4.4668427, 1.0325634, 0.1414479
4.4728265, 0.87017214, 0.13346583
4.415249, 1.2751639, 0.21075284
4.4435124, 1.2900544, 0.14376421
4.4319463, 1.1297983, 0.16596001
4.416351, 1.4497709, 0.11690611
4.46318, 0.90066993, 0.19487204
4.405158, 1.5382713, 0.14397845
4.4656916, 0.8306338, 0.16803227
4.469301, 0.80563277, 0.17726877
4.3984947, 1.5248574, 0.15821046
4.452562, 0.7946928, 0.19129805
4.450268, 0.77421355, 0.2093888
4.469036, 0.73643494, 0.1580827
4.4503603, 0.65057, 0.19098713
4.43258, 1.127407, 0.20861031
4.4717126, 0.7545813, 0.1478708
4.3855963, 1.5147467, 0.20346442
4.4623938, 0.9942029, 0.15585993
4.4472528, 1.2068013, 0.12713498
4.404888, 1.4915164, 0.14607324
4.4238873, 1.4392198, 0.14278707
4.468295, 0.71374714, 0.15101813
4.417342, 1.266886, 0.18633889
4.487107, 0.8951754, 0.11215155
4.458085, 0.93013895, 0.18619594
4.431259, 1.0664368, 0.20624694
4.410493, 1.535068, 0.13427535
4.4641924, 0.7912447, 0.18976101
4.457554, 1.1186242, 0.11700414
4.451374, 0.7534742, 0.21040827
4.469853, 1.0915716, 0.13852257
4.471755, 0.90298516, 0.14061864
4.386478, 1.5528287, 0.18264936
4.4047513, 1.511868, 0.15767021
4.407852, 1.3210878, 0.18747796
4.4621444, 1.1046385, 0.13529135
4.4480343, 1.1309693, 0.12877473
4.4135957, 1.5338011, 0.114978805
4.4526396, 0.6491943, 0.21418144
4.42955, 1.3852478, 0.12811057
4.3840976, 1.5531586, 0.20453726
4.4139323, 1.5872644, 0.10758526
4.460411, 0.6251968, 0.18820283
4.472691, 1.0204577, 0.11934961
4.4606795, 1.0144546, 0.20293432
4.42394, 1.4687766, 0.13352902
4.457245, 0.61002135, 0.19179422
4.4627056, 0.9981787, 0.13620594
4.4509664, 0.8123604, 0.21263272
4.454692, 0.5706417, 0.18790641
4.4630156, 0.57210386, 0.16307077
4.4484224, 0.571249, 0.211017
4.370186, 1.6102105, 0.18658726
4.4710684, 0.54899704, 0.16571905
4.449494, 0.551472, 0.19093642
4.467154, 0.52936065, 0.15879367
4.465228, 0.5154812, 0.17147091
4.48282, 0.5359366, 0.13298577
4.450416, 0.4628082, 0.18903303
4.451907, 0.4691054, 0.21002938
4.44862, 0.7053424, 0.21398678
4.4676957, 1.0628144, 0.11466257
4.3969026, 1.5384552, 0.17766106
4.4814787, 0.8134922, 0.13372499
4.4758506, 0.789594, 0.13313128
4.464364, 0.86838365, 0.2131149
4.4821024, 0.5953209, 0.12665269
4.4107695, 1.408841, 0.18696429
4.4630995, 0.60915315, 0.17221574
4.3906674, 1.4893512, 0.20722452
4.432279, 1.0860386, 0.21007945
4.4653544, 0.9744726, 0.148417
4.470331, 0.65095747, 0.14904214
4.3885674, 1.5316166, 0.20682374
4.453013, 0.82367253, 0.1896445
4.471292, 0.7365388, 0.13342947
4.430107, 1.2687016, 0.12525913
4.4659114, 0.849814, 0.20085768
4.4425015, 1.3476309, 0.12208249
4.472703, 0.6487744, 0.12434928
4.447173, 0.8126992, 0.18840417
4.471426, 0.4510725, 0.159234
4.445989, 0.7543028, 0.22333953
4.393704, 1.5286311, 0.1872599
4.3868475, 1.5123731, 0.18516636
4.4212737, 1.2691092, 0.16933091
4.445853, 1.1383609, 0.18672512
4.417499, 1.2559836, 0.16791712
4.433614, 1.048984, 0.18696815
4.423664, 1.3867828, 0.1862143
4.4477134, 1.2481594, 0.13189211
4.4496922, 1.1948411, 0.116684884
4.4804745, 0.5787397, 0.1244366
4.4470396, 0.9650257, 0.18142493
4.426078, 1.482604, 0.15913537
4.4292502, 1.1696854, 0.18919498
4.4561987, 0.57416934, 0.17268816
4.409354, 1.4924481, 0.16439652
4.4745097, 0.88420886, 0.13628443
4.4502163, 1.1715813, 0.11775497
4.482556, 0.6529117, 0.12868199
4.470752, 0.661546, 0.13347422
4.4687214, 0.9735979, 0.11397107
4.4788456, 0.60709053, 0.12702803
4.4697556, 0.75974315, 0.17587894
4.4143896, 1.3721135, 0.14803265
4.408044, 1.4433864, 0.1876377
4.397809, 1.4150094, 0.17276669
4.451954, 0.5526047, 0.16956535
4.451007, 0.7514382, 0.1758278
4.471343, 0.5753185, 0.142803
4.481555, 0.5577688, 0.14228575
4.453418, 0.5920521, 0.18957077
4.456114, 1.1096139, 0.15091527
4.502252, 0.76618856, 0.12426516
4.453032, 0.9020274, 0.15945369
4.450263, 0.6268642, 0.2135541
4.466736, 0.96160924, 0.13129291
4.450207, 0.4892099, 0.20366554
4.4680796, 1.0620221, 0.1406579
4.4801006, 0.63378376, 0.14843328
4.4339476, 1.0900363, 0.18906379
4.3866286, 1.4867406, 0.18546763
4.468938, 0.97773707, 0.18008323
4.4697843, 0.6315473, 0.17184933
4.4759855, 0.91033435, 0.13804291
4.4264708, 1.3624357, 0.1458418
4.4800377, 0.7621963, 0.15242867
4.4417987, 1.2699888, 0.15639353
4.449854, 0.5500402, 0.21007474
4.45815, 0.60887563, 0.1671458
4.4593554, 1.0743876, 0.11572738
4.3926125, 1.5650805, 0.17089272
4.4284434, 1.306447, 0.18875135
4.4062667, 1.61236, 0.12770191
4.474393, 0.7160385, 0.12906183
4.4622917, 0.7107463, 0.17429525
4.462847, 0.905104, 0.2019451
4.4312015, 1.3877188, 0.14322431
4.4554744, 0.8696262, 0.1772095
4.379127, 1.5015147, 0.21381366
4.4377217, 1.0729294, 0.18522611
4.424006, 1.3058959, 0.17058893
4.4276943, 1.1746293, 0.17109837
4.4537325, 0.674482, 0.17193991
