0.6146134, 2.3279953, 1.7473388
0.5943491, 2.3406527, 1.7835853
0.6204283, 2.3314028, 1.7504116
0.6642152, 2.3122284, 1.7279181
0.67403185, 2.2991993, 1.776079
0.7094474, 2.2941966, 1.7286425
0.71249765, 2.2967663, 1.7497432
0.6745715, 2.295956, 1.8078296
0.7275175, 2.3142853, 1.7492211
0.72930497, 2.3122537, 1.7704444
0.754602, 2.2986064, 1.7067616
0.75081086, 2.3114307, 1.7711176
0.70846134, 2.3075023, 1.8303212
0.6870584, 2.313316, 1.8298242
0.7666942, 2.2934582, 1.7758013
0.7613471, 2.3151984, 1.7394743
0.7506106, 2.3500738, 1.7298162
0.76188195, 2.315368, 1.7915686
0.7413678, 2.3066363, 1.8056372
0.7262914, 2.2899928, 1.7052903
0.7966124, 2.2938814, 1.7227192
0.75977725, 2.327854, 1.6898223
0.7812859, 2.3198264, 1.798206
0.79070973, 2.3350925, 1.7541658
0.7316783, 2.3283713, 1.8694745
0.73058414, 2.3475418, 1.8518019
0.7307353, 2.3300595, 1.8331074
0.7395975, 2.3161485, 1.8245249
0.7271056, 2.3301392, 1.8501426
0.7353542, 2.3110406, 1.871453
0.7871296, 2.3434086, 1.7150602
0.79147345, 2.3568878, 1.7238866
0.8123984, 2.3322122, 1.7116439
0.7738325, 2.3533902, 1.7109013
0.7655793, 2.3362143, 1.8286151
0.79007703, 2.3506217, 1.8171208
0.7725936, 2.3147204, 1.8365023
0.83984524, 2.3323407, 1.7675475
0.77792597, 2.3191783, 1.877895
0.76765966, 2.3462276, 1.8925683
0.73212343, 2.311841, 1.8885646
0.71372175, 2.3425732, 1.8974969
0.7709, 2.3302083, 1.8671646
0.7078324, 2.3294613, 1.8874629
0.77282727, 2.3269887, 1.8842082
0.69102335, 2.3339808, 1.8950597
0.82361245, 2.3639977, 1.6880193
0.8060427, 2.334917, 1.6637152
0.75658387, 2.3644006, 1.7368878
0.8103623, 2.3603196, 1.6798232
0.84849906, 2.3437285, 1.731255
0.85228807, 2.3504508, 1.6952678
0.84524345, 2.358768, 1.7164865
0.81161106, 2.3359993, 1.8462164
0.81189716, 2.3457644, 1.8269709
0.78447515, 2.3617988, 1.8109345
0.83140856, 2.3351927, 1.8317775
0.75216585, 2.3623812, 1.792589
0.8493684, 2.2980852, 1.7986021
0.85095954, 2.3296876, 1.8083891
0.8564973, 2.3360627, 1.7927209
0.8796809, 2.311117, 1.7826283
0.7881151, 2.3194668, 1.907381
0.8142966, 2.3223042, 1.8686361
0.7701403, 2.334391, 1.9092265
0.8156474, 2.3479898, 1.868699
0.70985955, 2.31411, 1.9228041
0.72673845, 2.3145483, 1.928613
0.6873146, 2.3414054, 1.908967
0.8740562, 2.3514345, 1.7152598
0.8532304, 2.3387306, 1.6766375
0.8498654, 2.360792, 1.7232784
0.85898095, 2.3625169, 1.6587353
0.8555638, 2.3466806, 1.6676631
0.82654816, 2.3475783, 1.6281992
0.7813562, 2.316262, 1.6232654
0.88540995, 2.3346722, 1.7331316
0.87873536, 2.3318808, 1.6990792
0.89009464, 2.3325062, 1.7086072
0.87027204, 2.3508976, 1.6452118
0.876426, 2.3372014, 1.6744729
0.85860777, 2.3124135, 1.8251635
0.8263139, 2.3649378, 1.83323
0.8503026, 2.337877, 1.8276086
0.81734484, 2.3627594, 1.8352017
0.8492163, 2.335354, 1.8507073
0.84993166, 2.3483896, 1.8332481
0.8576356, 2.3645532, 1.8135166
0.85421884, 2.362317, 1.8318086
0.82416004, 2.3672366, 1.7986776
0.8706095, 2.3412642, 1.8449916
0.8886706, 2.3338094, 1.8089535
0.7735898, 2.3310218, 1.9331156
0.82715696, 2.362663, 1.8903214
0.69420075, 2.3132386, 1.9759183
0.7046247, 2.3109496, 1.9487835
0.7529646, 2.3139236, 1.9605708
0.65369546, 2.3254383, 1.9278316
0.89396894, 2.3160262, 1.6832458
0.9033829, 2.370381, 1.731367
0.8903244, 2.3676138, 1.6539298
0.76992327, 2.313688, 1.608682
0.9092198, 2.3320787, 1.7459676
0.91082144, 2.363257, 1.6716622
0.88963467, 2.3436744, 1.6016128
0.91118973, 2.3007631, 1.6488692
0.89299214, 2.3373148, 1.8728826
0.8661516, 2.3471994, 1.892087
0.88554865, 2.3672473, 1.80547
0.90353423, 2.3258755, 1.8241624
0.921079, 2.3337965, 1.808504
0.91425806, 2.3540974, 1.7862463
0.76391476, 2.3666463, 1.9284247
0.788152, 2.3707924, 1.8863368
0.8191187, 2.3667254, 1.9118001
0.65513366, 2.3407826, 1.9473414
0.6530123, 2.2918608, 1.9358916
0.63740563, 2.2909212, 1.9267333
0.6160149, 2.3240132, 1.9121691
0.6523688, 2.3127403, 1.9279811
0.91601866, 2.2942657, 1.6710657
0.9371255, 2.3670802, 1.6277668
0.93274504, 2.374518, 1.6697809
0.7469591, 2.3131986, 1.5670663
0.7905288, 2.3136973, 1.5678842
0.9548672, 2.3292537, 1.7238561
0.92709875, 2.3340592, 1.6598203
0.89960504, 2.3461, 1.5617664
0.8971893, 2.3386514, 1.5711699
0.93702644, 2.3354068, 1.5898479
0.89663124, 2.3675807, 1.5828708
0.92693347, 2.3319235, 1.8650595
0.9113598, 2.3539848, 1.9081924
0.8817264, 2.362045, 1.9230438
0.96727675, 2.3310869, 1.8322518
0.9797507, 2.3472943, 1.784947
0.80536276, 2.361895, 1.9534901
0.7560265, 2.3648243, 1.8695747
0.5922137, 2.2904367, 1.95394
0.57154256, 2.330527, 1.9062444
0.5951306, 2.303809, 1.8868424
0.5682982, 2.3261967, 1.8903024
0.9645145, 2.364699, 1.6925831
0.962002, 2.353785, 1.6779237
0.8071224, 2.3187377, 1.5272163
0.8103328, 2.326052, 1.5493928
0.995341, 2.3403075, 1.7260724
0.9374306, 2.3225427, 1.568467
0.9184952, 2.3602042, 1.554784
0.8741025, 2.3527112, 1.5390059
0.9338694, 2.2954886, 1.5602229
0.9621996, 2.3124475, 1.8460577
0.88609046, 2.3510544, 1.9560081
0.99122715, 2.3640387, 1.7504667
0.97800446, 2.36208, 1.791156
0.56724817, 2.3304029, 1.9651377
0.5699743, 2.309727, 1.8714181
0.528298, 2.301814, 1.9055698
1.000016, 2.3508403, 1.6649015
1.0034958, 2.356383, 1.6895283
0.9989852, 2.3560996, 1.622996
0.8290987, 2.356012, 1.5419875
0.78993076, 2.3327138, 1.4870641
0.8052046, 2.3272252, 1.4845042
0.93050826, 2.3206942, 1.5306839
0.85321295, 2.3325171, 1.967698
0.5789883, 2.3312535, 1.9891784
0.58390033, 2.3422277, 1.961304
0.51924515, 2.3003361, 1.9244312
1.0129175, 2.3604498, 1.6242402
1.0161467, 2.3553765, 1.5915864
1.009367, 2.33766, 1.6150262
0.7684195, 2.3109796, 1.4674845
0.9119093, 2.3575492, 1.4815377
0.8412464, 2.3127956, 1.9531461
0.5107656, 2.3029912, 1.9722443
0.9990355, 2.3205383, 1.568056
0.5075489, 2.302742, 1.9871738
