1.2310779, 0.2315387, 0.17668146
1.2497562, 0.30964035, 0.1867406
1.181156, 0.2831197, 0.14029776
1.2019284, 0.08942213, 0.12990654
1.3099166, 0.24972576, 0.18900919
1.2063648, 0.06836901, 0.10824693
1.2040437, 0.08818199, 0.10527183
1.3096828, 0.20707628, 0.17547803
1.2294035, 0.35147312, 0.18634488
1.1941671, 0.5789536, 0.13861805
1.3302898, 0.27075815, 0.18900709
1.2641386, 0.38961616, 0.15744959
1.3484261, 0.27004504, 0.17748895
1.2490001, 0.5687763, 0.18474148
1.2294331, 0.57076114, 0.1725232
1.2915747, 0.29020762, 0.18725505
1.3076621, 0.2910474, 0.17548752
1.3116031, 0.3089433, 0.18709971
1.2087187, 0.3897171, 0.17395984
1.1652818, 0.349447, 0.13064131
1.1463702, 0.5488017, 0.10942344
1.3305614, 0.4913095, 0.18523218
1.3294008, 0.5496733, 0.17559817
1.3297647, 0.40940553, 0.17555599
1.1707195, 0.567303, 0.17305653
1.1910217, 0.12894434, 0.10895943
1.248574, 0.49005595, 0.18573068
1.3264365, 0.17130338, 0.20129818
1.3538175, 0.18609662, 0.17713949
1.1354411, 0.5696269, 0.13183281
1.1472098, 0.5498485, 0.13040797
1.2081797, 0.56844527, 0.1838601
1.1538284, 0.48922858, 0.06874758
1.1621547, 0.44805366, 0.06967791
1.4297211, 0.1492464, 0.20418027
1.1588873, 0.43524683, 0.07417097
1.2113278, 0.5870067, 0.1727314
1.3282123, 0.36571944, 0.20144849
1.4545162, 0.18896338, 0.20242366
1.1934487, 0.0072734533, 0.04455222
1.1695161, 0.5792231, 0.12571378
1.2457486, 0.5902927, 0.17400324
1.3764378, 0.15269297, 0.2016103
1.2685164, 0.6013739, 0.16486792
1.2973362, 0.58360964, 0.17503531
1.3908654, 0.17601801, 0.20048776
1.3140649, 0.35495627, 0.20561671
1.3479482, 0.6044392, 0.18244259
1.3665655, 0.19176711, 0.20199232
1.2342597, 0.58476, 0.17521939
1.3611071, 0.37620717, 0.20223275
1.1827881, 0.27034295, 0.07036374
1.2090176, 0.510655, 0.18543859
1.1825148, 0.24925697, 0.071282886
1.1826658, 0.26748708, 0.08930196
1.3584906, 0.60895514, 0.17767704
1.1787077, 0.239926, 0.09338962
1.1769004, 0.23103127, 0.07081109
1.3679483, 0.13455874, 0.17565578
1.2043452, 0.08919683, 0.09007832
1.3085753, 0.58790016, 0.1850971
1.2510777, 0.40387022, 0.15760422
1.3089786, 0.5885339, 0.17461243
1.1551967, 0.4505659, 0.12832448
1.2891291, 0.21102881, 0.17599973
1.4638999, 0.13524279, 0.20303488
1.1309042, 0.26995608, 0.042799525
1.2021201, 0.09067162, 0.15118961
1.132905, 0.3059781, 0.042121075
1.1927925, 0.109798335, 0.107631125
1.089483, 0.47379145, 0.04135207
1.19101, 0.09189222, 0.093034394
1.2107027, 0.52948004, 0.17464258
1.2706631, 0.48940834, 0.18492182
1.2296394, 0.5092111, 0.18553595
1.0479736, 0.25693354, 0.042717896
1.1798873, 0.1695786, 0.058185052
1.1287825, 0.25234455, 0.041255526
1.10047, 0.3995418, 0.041566946
1.3289981, 0.44659272, 0.17502876
1.0310581, 0.48929372, 0.040024173
1.3106736, 0.48859993, 0.18615404
1.2207385, -0.01062576, 0.048662197
1.0888146, 0.30441207, 0.040015873
1.2238306, 0.5795694, 0.15684888
1.0633435, 0.29407698, 0.04073575
1.2297089, 0.5681896, 0.1845569
1.2062058, 0.06981444, 0.0903092
1.1899778, 0.5504132, 0.17552972
1.1697255, 0.54902244, 0.18515836
1.1654323, 0.41019943, 0.07025892
1.0701194, 0.39043936, 0.040227577
1.07384, 0.20266126, 0.040017076
1.2491511, 0.5083414, 0.18519764
1.1273782, 0.1450263, 0.04301022
1.1919326, 0.10905772, 0.09096358
1.2879456, 0.51172304, 0.1746811
1.2692127, 0.47069824, 0.18547416
1.1311623, 0.18834311, 0.043391816
1.1932458, 0.092492126, 0.071142346
1.2703377, 0.52937996, 0.18599032
1.2073907, 0.071728885, 0.070985734
1.2320242, 0.53011316, 0.17390011
1.103118, 0.1405715, 0.04015306
1.3508651, 0.44870242, 0.18786827
1.3089721, 0.50944656, 0.17696658
1.3308573, 0.5689709, 0.18527564
1.2908689, 0.5109754, 0.18576947
1.1906202, 0.09375349, 0.10831038
1.270046, 0.5887261, 0.17272523
1.06658, 0.15805177, 0.04074744
1.2674974, 0.5709987, 0.17432964
1.3497274, 0.431045, 0.18708788
1.2705442, 0.5100958, 0.17468551
1.3281548, 0.55161154, 0.18613614
1.3712051, 0.4307327, 0.1879849
1.3499433, 0.5294596, 0.186745
1.3088378, 0.46955544, 0.18627171
1.370675, 0.5703086, 0.18651359
1.2891061, 0.46932423, 0.17500871
