4.352205, 2.856083, 0.10074285
4.3674994, 2.8295407, 0.105245076
4.326606, 2.8659015, 0.107824475
4.4131966, 2.8554366, 0.11292081
4.37641, 2.7924354, 0.1079753
4.3939867, 2.7925014, 0.10860111
4.290066, 2.840742, 0.098743126
4.3139496, 2.9051685, 0.10970738
4.4266644, 2.822544, 0.11426639
4.4077635, 2.8890839, 0.10634279
4.3518324, 2.7641506, 0.10731112
4.4080715, 2.7465768, 0.11614371
4.289471, 2.9521875, 0.09629537
4.30961, 2.9458206, 0.09966802
4.445888, 2.8132732, 0.10837412
4.3892646, 2.9099944, 0.10501619
4.450263, 2.914688, 0.11085736
4.3040743, 2.789662, 0.10979022
4.450172, 2.7798564, 0.11985221
4.271195, 2.9696777, 0.09721063
4.336251, 2.9905608, 0.09865047
4.469338, 2.7756479, 0.1169655
4.38183, 2.9539812, 0.104760446
4.4534264, 2.9541645, 0.10450894
4.3055754, 2.744822, 0.11439359
4.2491436, 2.7546384, 0.11315935
4.2544136, 2.9912364, 0.09610339
4.2058067, 2.9510162, 0.09547656
4.2311363, 2.9453418, 0.09025496
4.331048, 3.0141726, 0.09506428
4.312739, 3.0315654, 0.095610075
4.4396763, 2.9957647, 0.10447523
4.2187834, 3.0061252, 0.10252698
4.2278676, 3.0211153, 0.10439588
4.196913, 2.9965832, 0.095145665
4.306432, 3.043073, 0.09460271
4.2951765, 3.072903, 0.098683976
4.214894, 3.0402904, 0.09541436
4.4085717, 3.0439138, 0.09973054
4.381144, 3.0573566, 0.09598718
4.2609773, 3.109358, 0.09068299
4.371174, 3.088343, 0.091855474
4.3192005, 3.1213956, 0.09717621
4.291548, 3.0428176, 0.10555845
4.4818106, 2.8950808, 0.11239992
4.2946377, 2.9268746, 0.1010313
4.4720707, 2.9334338, 0.10022707
4.312685, 2.7789578, 0.11244257
4.36742, 2.8165412, 0.11248665
4.137924, 2.9119737, 0.09977976
4.1532555, 2.9560118, 0.10812313
4.1388645, 2.9069853, 0.10658911
4.1534033, 2.9004347, 0.10717983
4.492325, 2.8704073, 0.107384115
4.5270295, 2.893808, 0.11686148
4.513365, 2.8676667, 0.11120707
4.113066, 2.9287453, 0.10627115
4.1070805, 2.9565408, 0.09745923
4.226863, 2.8829758, 0.11002866
4.5109816, 2.8285565, 0.11763342
4.538964, 2.8272307, 0.11243371
4.541795, 2.8230045, 0.11174119
4.1275744, 2.8054876, 0.105474316
4.1077323, 2.828237, 0.109745935
4.208946, 2.8333035, 0.107829176
4.104582, 2.7961144, 0.119905055
4.155264, 2.7945075, 0.108847
4.0846252, 2.8536155, 0.11413523
4.09763, 2.8695803, 0.09821581
4.02907, 2.8111842, 0.11078217
4.034635, 2.833837, 0.101743996
4.222825, 2.8180544, 0.10571981
4.1518893, 2.7676198, 0.11390735
4.3832407, 2.933005, 0.106569916
4.2650924, 2.8485289, 0.11000851
4.320058, 3.155821, 0.08895326
4.20417, 2.8610106, 0.09458792
4.118555, 2.9078784, 0.10539376
4.21433, 2.9807203, 0.10856017
4.335408, 3.0726216, 0.103573345
4.083968, 2.881462, 0.09881454
4.3560486, 2.7937005, 0.112647824
4.339916, 3.0408316, 0.096107446
4.470134, 2.8708966, 0.112509765
4.4118724, 2.8314755, 0.11275773
4.2082934, 2.7939262, 0.10857055
4.2720456, 2.8282719, 0.10542553
4.3727245, 3.0389633, 0.11028661
4.0031757, 2.840967, 0.10879469
4.0478053, 2.796125, 0.11463728
4.3368807, 2.8846285, 0.09964368
4.217021, 2.912776, 0.1048131
4.3515763, 2.8323522, 0.111689106
4.238115, 2.760661, 0.11524892
4.310578, 2.8107903, 0.107432954
4.318321, 2.921164, 0.10385761
4.413519, 2.9882796, 0.111396
4.16838, 2.8712888, 0.100226834
4.371319, 2.9573784, 0.10562779
4.1379676, 2.790618, 0.11335655
4.3937473, 3.03614, 0.09749319
4.2170844, 2.8475223, 0.10164021
4.2536774, 2.8721757, 0.10901783
4.185223, 2.930087, 0.10920237
4.4251676, 2.8842468, 0.09842148
4.3353095, 2.9565268, 0.10680695
4.5416718, 2.8770742, 0.116807595
4.541294, 2.7868757, 0.11876104
4.5738506, 2.8123486, 0.1198623
4.511608, 2.8570042, 0.10547526
4.1553073, 2.7421443, 0.11944504
4.456079, 2.830553, 0.106665
4.465749, 2.7428913, 0.13821088
4.235085, 2.7980883, 0.10769736
4.4354615, 2.9543009, 0.10529567
4.332166, 3.0353756, 0.088361055
4.2820535, 3.113652, 0.08542679
4.415549, 2.9165878, 0.09520424
4.0846996, 2.9594443, 0.10282448
4.1635795, 2.9090047, 0.092209816
4.2125998, 2.7747576, 0.111412264
4.250139, 2.9181194, 0.09924261
4.4330835, 2.9359727, 0.10837059
4.1316457, 2.9962623, 0.10432472
4.193039, 2.7734382, 0.11584502
4.1844883, 2.8698287, 0.10482227
4.481822, 2.790402, 0.11119969
4.215441, 3.0675082, 0.08909692
4.360095, 2.9994504, 0.09879437
4.27965, 2.9404497, 0.109082185
4.5674314, 2.8376513, 0.11557408
4.1720157, 2.977981, 0.10603742
4.425839, 2.8758547, 0.1075092
4.2839017, 3.0645113, 0.10374143
4.3795443, 3.008733, 0.10607672
4.339706, 2.9794466, 0.099526234
4.35325, 3.1179109, 0.0981259
4.202549, 2.8866143, 0.11070407
4.1773343, 2.854807, 0.10551715
4.4706516, 2.910543, 0.11211888
4.504408, 2.7966557, 0.11679363
4.2376595, 2.7460504, 0.11716104
4.493251, 2.805366, 0.12387528
4.405883, 3.0335457, 0.1030848
4.2583513, 3.0741591, 0.09960518
4.3455596, 2.7492898, 0.11029982
4.2742147, 2.8630166, 0.097642496
4.2562423, 2.9559534, 0.11169405
4.414983, 2.7957006, 0.10478342
4.218647, 2.8234284, 0.098832935
4.3301764, 3.01094, 0.10382952
4.212694, 2.9218774, 0.10434775
4.4083233, 2.935006, 0.09337414
4.3599653, 2.9242456, 0.107213095
4.31901, 2.894987, 0.10142569
4.1378803, 2.8895345, 0.08153641
4.1684155, 2.8897946, 0.104633614
4.284947, 2.802726, 0.11554506
4.4884906, 2.9443603, 0.10166601
4.246246, 2.7754347, 0.10967071
4.163207, 3.0001135, 0.09519394
4.28598, 3.0939827, 0.09612395
4.1218877, 2.8530986, 0.09603751
4.378569, 3.0437794, 0.09999145
4.344632, 2.9719605, 0.10775286
4.3644743, 2.8578677, 0.10553338
4.163647, 2.8841763, 0.099782124
4.2797446, 2.8057704, 0.1080813
4.4486403, 2.751824, 0.11804905
4.1972857, 2.7485535, 0.12035698
4.0068183, 2.8791125, 0.11967657
4.5604453, 2.8154778, 0.12263802
4.3683314, 3.1058576, 0.094398774
4.4049773, 2.733519, 0.11979176
4.4425507, 2.7917254, 0.12024427
4.1801877, 2.9440343, 0.10359776
4.389623, 2.7564504, 0.11877024
4.4234157, 2.8810472, 0.10760748
4.349509, 3.1286032, 0.09621994
4.345512, 3.1120138, 0.10076525
4.3285384, 3.1275988, 0.10127939
4.354708, 3.00591, 0.09165956
4.323673, 2.9203625, 0.10329276
4.1575494, 2.8608713, 0.10700416
4.3731513, 2.7325935, 0.121256106
4.3233724, 2.7463982, 0.11716095
4.4595695, 2.8966725, 0.11043282
4.4117584, 2.8638473, 0.10662812
4.423876, 3.0207198, 0.09398255
4.3045654, 3.0933685, 0.09191407
