1.7857006, 1.6676629, 0.5308775
1.8309604, 1.6681317, 0.5495127
1.75304, 1.6659856, 0.5862683
1.8284212, 1.6656458, 0.6302928
1.7861398, 1.6672238, 0.59096706
1.7722979, 1.6561311, 0.612474
1.7558023, 1.6634204, 0.5479401
1.828912, 1.6667976, 0.5681778
1.8314964, 1.6680318, 0.5884157
1.7877835, 1.6669481, 0.49213687
1.7707572, 1.6683408, 0.50952435
1.7326689, 1.6517994, 0.62928075
1.7896056, 1.6684577, 0.51005816
1.7480123, 1.649795, 0.63128096
1.7671986, 1.6669146, 0.4898518
1.7721294, 1.6667439, 0.57078403
1.7453856, 1.6566135, 0.6094482
1.7546054, 1.6536096, 0.46818113
1.7507483, 1.6558052, 0.4493251
1.87328, 1.6706548, 0.49141064
1.8491815, 1.6690841, 0.53039545
1.8903354, 1.6727923, 0.6102272
1.8740828, 1.6649066, 0.6303436
1.8493738, 1.6671077, 0.5102827
1.869775, 1.6687936, 0.5514781
1.8889692, 1.671123, 0.528252
1.8519844, 1.6664813, 0.6286436
1.9089527, 1.6694258, 0.48756137
1.9125061, 1.6737349, 0.52749705
1.8483597, 1.6674113, 0.49194583
1.9102491, 1.6708043, 0.50942206
1.9087613, 1.6715549, 0.5926363
1.8891002, 1.6679945, 0.58741856
1.8901186, 1.6694714, 0.69159037
1.891343, 1.6648161, 0.66976756
1.8278079, 1.6637276, 0.6747547
1.8504767, 1.6642206, 0.64770097
1.9058877, 1.6714611, 0.5707908
1.8694179, 1.665437, 0.7058392
1.829256, 1.662534, 0.65463185
1.8485013, 1.656548, 0.7108371
1.8283283, 1.6652468, 0.6917048
1.8488826, 1.6638217, 0.6893978
1.8894446, 1.6671094, 0.6338416
1.6498622, 1.6464695, 0.5689663
1.6634724, 1.648824, 0.49384508
1.6675589, 1.6499844, 0.50647444
1.7521139, 1.6521409, 0.70605385
1.7286049, 1.6493833, 0.69137275
1.747993, 1.6612695, 0.6660711
1.7298417, 1.653352, 0.6706352
1.7507395, 1.6496034, 0.6491615
1.8711723, 1.6716852, 0.47077054
1.8475134, 1.6676956, 0.47282147
1.8736975, 1.6569661, 0.728292
1.8113354, 1.6646296, 0.7318703
1.8917495, 1.6652278, 0.7333243
1.6123445, 1.6483837, 0.66982293
1.7499218, 1.6527144, 0.7297507
1.733504, 1.6507075, 0.73008066
1.869032, 1.6672336, 0.5094315
1.6515479, 1.6493752, 0.5907365
1.8508271, 1.6656697, 0.72967535
1.6277422, 1.6468787, 0.571495
1.8672131, 1.6714079, 0.52878785
1.6102221, 1.6357993, 0.7292391
1.7503146, 1.6561507, 0.5697613
1.8921114, 1.685543, 0.42966235
1.8669757, 1.6692101, 0.66951334
1.6273599, 1.6495844, 0.5099354
1.7700862, 1.6675559, 0.43059886
1.6282372, 1.6484853, 0.61097705
1.7914993, 1.663119, 0.43087572
1.8696874, 1.668563, 0.57126683
1.7324764, 1.6480488, 0.7085398
1.7671232, 1.6453294, 0.28892556
1.7666078, 1.643165, 0.24926662
1.7693539, 1.6369673, 0.23053183
1.7682414, 1.6375041, 0.20724846
1.772122, 1.6446103, 0.18811013
1.7097787, 1.6633183, 0.4888742
1.8103067, 1.6616604, 0.63308597
1.811036, 1.6660165, 0.55185854
1.8114955, 1.6635149, 0.64819074
1.7493086, 1.6526967, 0.7481007
1.6915277, 1.6465259, 0.65279436
1.8087842, 1.6639419, 0.66775334
1.772303, 1.6469779, 0.27103347
1.8302947, 1.6670256, 0.4694195
1.8671832, 1.667504, 0.6528191
1.8310581, 1.6677486, 0.4885047
1.8273582, 1.6674317, 0.50879675
1.7259638, 1.6431717, 0.2322782
1.7085859, 1.6620439, 0.5338909
1.8153143, 1.6665845, 0.607561
1.8700782, 1.6671557, 0.68936044
1.7108754, 1.6528294, 0.5267489
1.6493168, 1.6466905, 0.52958304
1.8336507, 1.6694381, 0.43339273
1.8081527, 1.663328, 0.7104138
1.8111217, 1.6552966, 0.7091576
1.8261992, 1.6677363, 0.52884114
1.6911514, 1.6471525, 0.63283014
1.7106924, 1.6509767, 0.4546632
1.7168307, 1.6656411, 0.468704
1.7291664, 1.6502806, 0.74920154
1.6271307, 1.6459553, 0.6486002
1.646259, 1.6446333, 0.65112865
1.7496446, 1.6501896, 0.6888646
1.629789, 1.6326395, 0.672302
1.6926651, 1.6517025, 0.59232754
1.6132803, 1.6381721, 0.7108228
1.6897842, 1.6462451, 0.6702004
1.8689786, 1.669709, 0.590387
1.669463, 1.6510612, 0.5714061
1.7121702, 1.6543516, 0.51201695
1.709003, 1.6630884, 0.60263956
1.710964, 1.6304417, 0.24759182
1.6852411, 1.6299582, 0.22881778
1.7090883, 1.6283844, 0.1908301
1.6909709, 1.6324667, 0.17288083
1.6890861, 1.6308013, 0.1876786
1.6495311, 1.6292953, 0.2108953
1.6491597, 1.6296875, 0.23248196
1.6504565, 1.6304941, 0.2485866
1.6689782, 1.63064, 0.1693365
1.6514508, 1.6271118, 0.19168022
1.6463616, 1.6274666, 0.17039458
1.6294762, 1.629141, 0.25220978
1.6299736, 1.6278579, 0.21062832
1.6454613, 1.6263633, 0.27011144
1.688157, 1.6499038, 0.7126688
1.668838, 1.6493773, 0.47228286
1.8921512, 1.671036, 0.49080104
1.6695701, 1.627053, 0.24950436
1.9910568, 1.6852878, 0.42994073
1.710451, 1.652746, 0.75220364
1.8905902, 1.6694874, 0.47318107
1.6904262, 1.6488181, 0.61177474
1.6090885, 1.6339931, 0.65477616
1.809231, 1.6577803, 0.62801725
1.7137684, 1.6552517, 0.56809676
1.8078399, 1.6555024, 0.6893386
1.9745481, 1.6813872, 0.6566117
1.6312567, 1.631468, 0.2712763
1.8509389, 1.6732203, 0.45104504
1.7320735, 1.6503509, 0.3497331
1.7288654, 1.6348622, 0.2726528
1.7476248, 1.6365856, 0.20612131
1.7109572, 1.6350923, 0.28905395
1.7452039, 1.6336101, 0.19274713
1.8482913, 1.6683545, 0.3945198
1.7325171, 1.6528255, 0.4709154
1.6778946, 1.6459548, 0.7330562
1.8546486, 1.680817, 0.4439784
1.7197189, 1.660371, 0.5992913
1.6298767, 1.6506324, 0.5312588
1.7097437, 1.6294886, 0.31101215
1.8894923, 1.673091, 0.54856485
1.8096526, 1.6548626, 0.72938305
1.8676258, 1.6678782, 0.7515402
1.6278211, 1.6446447, 0.6298258
1.8138223, 1.6530894, 0.6464011
1.7106614, 1.6539055, 0.58770597
1.9084615, 1.6727376, 0.46610233
1.7293129, 1.6627599, 0.53205246
1.9551132, 1.6674825, 0.7103367
1.6503831, 1.6447654, 0.68650043
1.7078431, 1.6511112, 0.60913056
1.7704437, 1.6536044, 0.6714475
1.9115012, 1.6822144, 0.56117725
1.6723413, 1.6289427, 0.22835407
1.7706602, 1.6655821, 0.6070986
1.7924923, 1.6461185, 0.23068966
1.7915989, 1.6645639, 0.45149207
1.629844, 1.646046, 0.73027384
1.8285437, 1.6677575, 0.4491993
1.6495439, 1.6492707, 0.48903602
1.6933728, 1.6477128, 0.6904982
1.8294895, 1.6629906, 0.7123831
1.785981, 1.637393, 0.20580389
1.9114017, 1.6829753, 0.47024715
1.8889016, 1.6720808, 0.71171016
1.7907147, 1.6448405, 0.2916994
1.7900002, 1.6463035, 0.21523029
1.6323986, 1.6345308, 0.7314498
1.9534793, 1.6679959, 0.7315986
1.6695099, 1.6516021, 0.549198
1.7886251, 1.6682137, 0.5498989
1.7911593, 1.6696537, 0.47147435
1.9096999, 1.6712966, 0.63063526
1.6472757, 1.6430871, 0.66948456
1.6684904, 1.6502645, 0.5286517
1.7718451, 1.6529135, 0.6901352
1.6722094, 1.6312611, 0.20938072
1.9165673, 1.6825483, 0.5338545
1.7905059, 1.6460514, 0.25129136
1.7706062, 1.6643811, 0.626725
1.7905167, 1.6467017, 0.27115732
1.8903396, 1.671559, 0.64838475
1.7091869, 1.6645687, 0.5485866
1.770921, 1.6518402, 0.63123506
1.6687653, 1.6277289, 0.26883227
1.9136285, 1.6804938, 0.5497761
1.834786, 1.6708504, 0.60913956
1.6866375, 1.63029, 0.20900346
1.8397368, 1.6638863, 0.27810252
1.8362367, 1.6631223, 0.2881972
1.8504854, 1.6538914, 0.16998284
1.8475052, 1.6634527, 0.18975411
1.8513635, 1.6717486, 0.2940723
1.8501871, 1.6667207, 0.2306239
1.8723055, 1.6698481, 0.24858682
1.9115596, 1.6826121, 0.27014774
1.8887173, 1.6726971, 0.2504388
1.8900383, 1.6729218, 0.2898771
1.8912835, 1.670345, 0.2285805
1.9120106, 1.6709366, 0.23109584
1.9099625, 1.670166, 0.20889941
1.9335241, 1.6866233, 0.21055958
1.9472411, 1.6852356, 0.19086166
1.9532148, 1.6734769, 0.188067
1.8728864, 1.6861582, 0.2643864
1.9294926, 1.6740001, 0.51347595
1.808638, 1.6683235, 0.49006253
1.7668543, 1.6512133, 0.7644856
1.9099778, 1.6678265, 0.65140957
1.9312208, 1.6697806, 0.23032136
1.8285855, 1.6473607, 0.16927218
1.8116877, 1.6681683, 0.5117741
1.9670968, 1.669029, 0.17012092
1.9299486, 1.6713624, 0.2496
1.969992, 1.6863624, 0.25169
1.6872244, 1.6504221, 0.75310373
1.7944028, 1.6668456, 0.57010263
1.6307049, 1.64217, 0.7146743
1.9309651, 1.6729994, 0.5691978
1.9102684, 1.6684495, 0.6881831
1.7691559, 1.6529863, 0.73279905
1.8088228, 1.6670241, 0.53446335
1.9086137, 1.6676185, 0.6706241
1.6698722, 1.6465043, 0.4545206
1.7699158, 1.651358, 0.7091052
1.6288993, 1.6345407, 0.70895505
1.9670856, 1.6729817, 0.23561111
1.933517, 1.6767035, 0.52481407
1.8487208, 1.6801876, 0.5148016
1.9278339, 1.6732172, 0.6082932
1.9084355, 1.6669844, 0.7110882
1.9283428, 1.6734512, 0.15000987
1.9094702, 1.6680659, 0.732025
1.9290028, 1.6724913, 0.59041303
1.9645047, 1.6697114, 0.20841204
1.8058422, 1.6535407, 0.13199908
1.8088226, 1.6502515, 0.09021831
1.7476422, 1.6417019, 0.21477696
1.8033848, 1.6542808, 0.4534709
1.6495132, 1.6498127, 0.4702252
1.9319407, 1.6724436, 0.4712423
1.7701777, 1.6695491, 0.5852752
1.8497353, 1.6657917, 0.5508668
1.7726203, 1.6658068, 0.5277574
1.7293193, 1.6542906, 0.58807147
1.6109327, 1.6507394, 0.6507791
1.707116, 1.6470422, 0.6478853
1.8511732, 1.6504588, 0.18666407
1.8514637, 1.6695997, 0.60741186
1.6923479, 1.6509771, 0.56802416
1.7458465, 1.6620455, 0.4763458
1.7707696, 1.6712956, 0.41355303
1.8289297, 1.6492312, 0.18927309
1.747711, 1.6430634, 0.29312462
1.726871, 1.6619883, 0.6551976
1.7706906, 1.6541617, 0.6509818
1.7471172, 1.6343924, 0.27040327
1.7515619, 1.643595, 0.22626944
1.7382879, 1.6615478, 0.50307596
1.7902688, 1.6475496, 0.30993572
2.01053, 1.7041515, 0.6940389
1.7471079, 1.6465905, 0.2746395
1.7722514, 1.6445043, 0.21022667
1.7503605, 1.6549507, 0.55366296
1.8289956, 1.6472198, 0.11303458
1.8356113, 1.6614399, 0.7297164
1.8072183, 1.6491913, 0.15070468
1.7311816, 1.6622404, 0.48925477
1.7311518, 1.6625121, 0.5522102
1.8060411, 1.6494384, 0.26615027
1.8089863, 1.6658235, 0.43171874
1.8069999, 1.642393, 0.18875529
1.626611, 1.6501987, 0.54929006
1.6300582, 1.6493595, 0.59144694
1.6718447, 1.6310856, 0.31042063
1.7890046, 1.6473092, 0.18824275
1.8510926, 1.6672531, 0.6698412
1.6303325, 1.649368, 0.49038163
1.8892093, 1.6722506, 0.27388364
1.7673362, 1.6626241, 0.71015894
1.6108328, 1.6484817, 0.68912894
1.7299663, 1.6320924, 0.22717093
1.7502675, 1.6652318, 0.5299322
1.8478638, 1.6706545, 0.589697
1.7094562, 1.6481986, 0.46979192
1.6537306, 1.6434983, 0.6281773
1.9704832, 1.6847013, 0.4462016
1.8686775, 1.671273, 0.4511094
1.7326612, 1.6362523, 0.18922275
1.9505167, 1.6698114, 0.67113185
1.9528507, 1.6758775, 0.59174097
1.8680935, 1.6513723, 0.06822117
1.7697935, 1.6434115, 0.3086719
1.7507261, 1.6494812, 0.33106005
1.9491849, 1.6714875, 0.6537991
1.9537015, 1.674413, 0.56986856
1.9694484, 1.6802492, 0.49107248
1.9582807, 1.6731511, 0.23172173
1.9316503, 1.6702284, 0.73026276
1.8554425, 1.6711448, 0.2666043
1.7520084, 1.6633053, 0.44998747
1.9905381, 1.6772411, 0.2261683
1.9530611, 1.6717145, 0.5516336
1.9455684, 1.6702476, 0.61282647
1.8127269, 1.651991, 0.11203604
1.7911916, 1.6544074, 0.71251214
1.993895, 1.6818814, 0.23525688
1.6897433, 1.6531492, 0.5502337
1.9640027, 1.6830665, 0.57135826
1.9870893, 1.6677926, 0.17343603
1.6717274, 1.6321973, 0.29020354
1.7115775, 1.6485821, 0.6294331
1.8878866, 1.6535108, 0.0676135
1.6503859, 1.6462958, 0.51372695
1.9676206, 1.6822137, 0.50229853
1.6713483, 1.6363454, 0.6483474
1.8717453, 1.6661642, 0.17162068
1.6291356, 1.649633, 0.47026816
1.7690107, 1.6626639, 0.4479996
1.8710943, 1.6520948, 0.19024171
1.7661132, 1.6655054, 0.47184303
1.6523893, 1.6470468, 0.6112488
1.6308746, 1.6297098, 0.22992718
1.8704422, 1.6652725, 0.72925633
1.6500117, 1.6461703, 0.44911897
1.8946795, 1.6806386, 0.5892243
1.9291376, 1.671437, 0.54928726
1.8905379, 1.6691045, 0.51049966
1.671683, 1.6359383, 0.69330645
1.7138126, 1.6479716, 0.7312113
1.6117537, 1.6470968, 0.73159313
1.8893287, 1.667683, 0.56817615
1.9129062, 1.6631263, 0.17478755
1.9276417, 1.6683962, 0.7075245
1.7375398, 1.6702635, 0.59094775
1.9324759, 1.6667557, 0.17201836
1.709481, 1.6444452, 0.6652926
1.9069463, 1.6674404, 0.5497893
1.9118059, 1.6711477, 0.19082598
1.7123978, 1.6460335, 0.7102349
1.9326982, 1.6673545, 0.68908435
1.8077621, 1.6484376, 0.23107153
1.8100765, 1.654656, 0.6710259
1.6880288, 1.6337597, 0.64837056
1.8703257, 1.6506711, 0.050479975
1.7706078, 1.6569777, 0.50587916
1.7313715, 1.6317586, 0.21153942
1.7915066, 1.6458583, 0.16841957
1.712162, 1.6509309, 0.49209505
1.8307436, 1.6558181, 0.726297
1.7302173, 1.6434975, 0.2461835
1.992464, 1.6894649, 0.6892332
1.7262369, 1.6400319, 0.2625223
1.932312, 1.668308, 0.18755196
1.8931501, 1.6685666, 0.16896349
1.9324856, 1.6672285, 0.21170117
1.7264184, 1.6636772, 0.4668197
1.7713305, 1.6678715, 0.55039024
1.8072047, 1.6435341, 0.20846969
1.7368209, 1.6431847, 0.16668308
1.7297953, 1.653227, 0.57608217
1.7131191, 1.6469883, 0.6918802
1.6270039, 1.6463227, 0.6931538
1.9310889, 1.6681538, 0.62943375
1.6849989, 1.6406478, 0.2406224
1.7706226, 1.6612637, 0.66649926
1.6715238, 1.6444755, 0.74988264
1.7250006, 1.6418457, 0.29269585
1.7880604, 1.6625074, 0.6104972
1.66809, 1.6487482, 0.5918692
1.80846, 1.6663449, 0.3908985
1.6776452, 1.6613998, 0.48888165
1.810134, 1.6683804, 0.47037202
1.7260185, 1.6555736, 0.48849982
1.7738008, 1.6625688, 0.73002297
1.9977374, 1.6932408, 0.6659364
1.7498108, 1.6664355, 0.5104288
1.7833867, 1.6634359, 0.63188076
1.9943001, 1.6887536, 0.65153205
1.9697602, 1.6748736, 0.15407845
1.8678179, 1.6667352, 0.21205327
1.6542759, 1.6604675, 0.4740852
1.7902199, 1.6373421, 0.3128347
1.8094684, 1.6460501, 0.1705565
1.9326365, 1.6846321, 0.5734432
1.726153, 1.6554909, 0.50885594
1.8933814, 1.6693895, 0.7504017
1.9288017, 1.670444, 0.65212977
1.7301291, 1.6312343, 0.31216177
1.9903086, 1.6851256, 0.5929781
1.6889409, 1.650411, 0.51248866
1.829255, 1.6541375, 0.2969912
1.6703537, 1.6441567, 0.6292282
1.7876161, 1.6535912, 0.66914856
1.7840482, 1.6472523, 0.6865046
1.6664294, 1.6456938, 0.7046587
1.7484229, 1.6502159, 0.66937584
1.9485662, 1.6705292, 0.47121495
1.8097609, 1.6664866, 0.5708686
1.6894865, 1.6439589, 0.7293655
1.8124614, 1.6675546, 0.5888232
1.950196, 1.674654, 0.52826667
1.6900215, 1.654524, 0.53055346
1.9256907, 1.6860088, 0.44865438
1.6524712, 1.645555, 0.70866865
1.9511626, 1.6731672, 0.16788656
1.6472692, 1.6433077, 0.72853553
1.9292705, 1.6711942, 0.6717285
1.8114314, 1.6478207, 0.2444693
1.6721443, 1.6464942, 0.61048126
1.9120696, 1.6833227, 0.60705507
1.9042066, 1.6819693, 0.18872425
1.9688065, 1.6713189, 0.18958235
1.667854, 1.6461161, 0.6925339
1.8691053, 1.6657867, 0.61159873
1.8819873, 1.6827422, 0.5030385
1.9694884, 1.6728867, 0.68722665
1.8921487, 1.6824818, 0.2538844
1.8459074, 1.666511, 0.7076908
1.9300213, 1.6846216, 0.4685459
1.9898803, 1.6887516, 0.41476116
1.7284265, 1.6456907, 0.1493361
1.7082638, 1.6296071, 0.21219221
1.786463, 1.6543938, 0.7339574
1.8470972, 1.6560405, 0.7295194
1.7888973, 1.6484246, 0.15068838
1.7893239, 1.6363672, 0.28957552
1.6308856, 1.633092, 0.7516263
1.7012117, 1.6656667, 0.5662741
1.6291314, 1.6319966, 0.63108563
1.9334968, 1.6575761, 0.1824846
1.7109582, 1.6354244, 0.22620618
1.7873795, 1.6561015, 0.46899918
1.7089467, 1.6415372, 0.2741865
1.9463718, 1.6753676, 0.49164957
1.6314956, 1.6444516, 0.6695327
1.6733357, 1.6482089, 0.6752684
1.714135, 1.645133, 0.24489893
1.8303683, 1.6637595, 0.36920154
1.6884017, 1.6605253, 0.5885447
1.6500113, 1.6325817, 0.12487452
1.8275678, 1.6498517, 0.12870096
1.7170391, 1.6423066, 0.18827721
1.7497147, 1.6422383, 0.1867367
1.8917876, 1.6550919, 0.18548878
1.7309587, 1.6318176, 0.25191402
1.705517, 1.6292977, 0.26933783
1.8278184, 1.6542122, 0.65045565
1.8511367, 1.6579124, 0.47110596
1.9961236, 1.6732404, 0.13233984
1.8763579, 1.6850322, 0.4285887
1.6911649, 1.6313134, 0.33078706
1.9287677, 1.6811262, 0.30812395
1.9744114, 1.6800276, 0.613878
1.7182261, 1.6423097, 0.17479195
1.709339, 1.6481048, 0.5504131
1.9321924, 1.6727402, 0.7499371
1.9468017, 1.6844897, 0.23190793
1.6478286, 1.6347601, 0.69232947
1.7514112, 1.6613221, 0.605273
1.6294559, 1.6349425, 0.6477921
1.6298056, 1.6297028, 0.28942564
1.8298142, 1.6487327, 0.14899752
1.6251479, 1.6333777, 0.6908559
1.647032, 1.6485037, 0.54762775
1.6828067, 1.6360989, 0.7043867
1.9589393, 1.6722935, 0.6971246
1.873344, 1.6728834, 0.26946595
1.8523985, 1.6543145, 0.6693651
1.9058551, 1.682961, 0.2318179
1.9144392, 1.681666, 0.71220577
1.609876, 1.6479994, 0.70938027
1.7916634, 1.6547914, 0.3712547
1.6702278, 1.6335132, 0.32686773
1.8458387, 1.670836, 0.40826786
1.8527912, 1.6686497, 0.3717913
1.8568764, 1.6820823, 0.43097958
1.6815184, 1.6623908, 0.4702697
1.8319035, 1.6530466, 0.70792156
1.6905942, 1.650992, 0.47166815
1.8812464, 1.6810751, 0.2641039
1.9274524, 1.6811596, 0.6876436
1.6141185, 1.6515949, 0.61240923
1.9429739, 1.6847582, 0.51072204
1.9461446, 1.6807177, 0.47291374
1.8718597, 1.6672751, 0.19084546
1.6832294, 1.6602845, 0.56382954
1.9051881, 1.6811148, 0.44982463
1.6292125, 1.649127, 0.44949725
1.9478323, 1.6817676, 0.2114374
1.8536462, 1.6558206, 0.6511104
1.7003393, 1.6431564, 0.22674626
2.0178218, 1.710143, 0.6293367
1.6854165, 1.6504002, 0.44906035
1.9653586, 1.6848536, 0.19473904
1.9352292, 1.6858923, 0.55250543
1.6871368, 1.6314563, 0.2697568
1.9381015, 1.6867763, 0.60672146
1.7262315, 1.6604197, 0.44042253
1.6897336, 1.6330626, 0.2507551
1.8102144, 1.6649809, 0.32932606
1.6646255, 1.6447458, 0.6495577
1.9909731, 1.6841712, 0.261108
1.7708367, 1.6465428, 0.22815263
1.6876498, 1.6485322, 0.4877966
1.9845127, 1.6842808, 0.32710037
1.616106, 1.6510566, 0.59029037
1.8045428, 1.6628872, 0.6908625
1.768096, 1.648941, 0.32970312
1.7991066, 1.6631405, 0.7149126
1.8097597, 1.662973, 0.34681752
1.7592193, 1.6609948, 0.6886287
1.6853437, 1.6607587, 0.48673216
1.6501975, 1.6343884, 0.67150146
1.6711053, 1.6422557, 0.31448603
1.7376311, 1.662197, 0.7133301
1.9492311, 1.6873968, 0.4551729
1.726069, 1.6698134, 0.42555314
1.662713, 1.6298926, 0.6757353
1.7477627, 1.6689296, 0.5644171
1.8084829, 1.6452956, 0.31223163
1.7491826, 1.6425316, 0.3103196
1.8463774, 1.6687229, 0.43471852
1.7722739, 1.6568545, 0.44901198
1.9382488, 1.6852788, 0.5852322
1.9383484, 1.6907218, 0.4866563
1.8500772, 1.6697606, 0.24910086
1.7108953, 1.6301938, 0.16953443
1.9054713, 1.6724076, 0.1527855
1.6460911, 1.6329936, 0.7304442
1.7459174, 1.665057, 0.6383731
1.9897985, 1.6744003, 0.15453757
1.6171442, 1.6493077, 0.528709
1.8885194, 1.670693, 0.20970117
1.829159, 1.6543744, 0.6705799
1.8601323, 1.6607527, 0.031152733
1.9128807, 1.6724826, 0.24983074
1.9236356, 1.6863244, 0.52101094
1.9566802, 1.6832197, 0.29626358
1.8519596, 1.6651894, 0.5739397
1.8286104, 1.6536837, 0.7507088
1.6308436, 1.6193842, 0.22763973
1.9444563, 1.6762118, 0.45457774
1.9465933, 1.6877847, 0.5900768
1.6502774, 1.640928, 0.17609572
1.7348272, 1.6629068, 0.57914674
1.9765075, 1.6804667, 0.20977011
1.9512813, 1.6883129, 0.52938354
1.6708548, 1.6374166, 0.71234
1.7327807, 1.6440877, 0.31564242
1.9435265, 1.6740617, 0.50878394
1.9500431, 1.6849128, 0.547228
1.969566, 1.6769309, 0.24731135
1.8727874, 1.6800045, 0.50688714
1.7483096, 1.6443536, 0.250499
1.909646, 1.674403, 0.31007877
1.9644223, 1.6929451, 0.42833692
1.7484896, 1.6629689, 0.65464187
1.6127421, 1.6489854, 0.6325776
1.7453545, 1.6672151, 0.49200428
1.9390249, 1.6814388, 0.71112883
1.8690534, 1.6679028, 0.23250479
1.9982116, 1.6873949, 0.4425129
1.94076, 1.6821067, 0.69454795
1.9725587, 1.7046161, 0.4076487
1.8456787, 1.6506752, 0.08335078
1.9684175, 1.6847947, 0.328773
1.9505816, 1.6836419, 0.5713049
1.990409, 1.687177, 0.12620082
1.9576787, 1.68519, 0.48864546
1.9774804, 1.6870252, 0.22817841
1.9474888, 1.683248, 0.6111904
1.7570202, 1.646666, 0.16836984
1.7743073, 1.6445302, 0.16966374
1.73124, 1.6618208, 0.61242443
1.8908033, 1.6698222, 0.18885706
1.7266781, 1.6324139, 0.29337654
1.8337421, 1.6540822, 0.6896751
1.688993, 1.6333758, 0.6318681
1.7246462, 1.6350682, 0.32883602
1.767257, 1.6622076, 0.6902399
1.9032767, 1.6832061, 0.4847
1.9065735, 1.6741335, 0.60298294
1.7889954, 1.65589, 0.6336991
1.8505794, 1.6547655, 0.63423985
1.92284, 1.6844698, 0.23289613
1.6715498, 1.6331342, 0.15409268
1.8975589, 1.6806831, 0.533237
1.9468762, 1.6842067, 0.63286173
1.9240562, 1.6825771, 0.19426365
1.6107936, 1.66961, 0.6326744
1.8367059, 1.654681, 0.63027453
1.8956509, 1.6813054, 0.5670209
1.6500525, 1.6374323, 0.61471117
1.9410857, 1.6801997, 0.31682575
1.6674204, 1.6377976, 0.46801305
1.6477036, 1.6359025, 0.70900214
1.9890219, 1.6813483, 0.5752534
1.8380991, 1.6628232, 0.20914283
1.6726837, 1.6474826, 0.36608374
1.9043655, 1.6762961, 0.44886166
1.6745901, 1.6621491, 0.5647921
1.8318224, 1.6506536, 0.09466468
1.7808509, 1.6607847, 0.6518166
1.7713271, 1.6496956, 0.47507864
1.8393267, 1.6659826, 0.22605562
1.676615, 1.6439483, 0.7641784
1.8866541, 1.6574793, 0.6535731
1.7696381, 1.6575241, 0.546183
1.7890205, 1.6372352, 0.22461253
1.8140479, 1.6597687, 0.54641443
1.7677014, 1.6326096, 0.2523294
1.9630771, 1.6899443, 0.47295964
1.9363748, 1.6805583, 0.738361
1.9906785, 1.6817206, 0.63032454
1.8693478, 1.6574345, 0.66914034
1.6465049, 1.6291696, 0.1507548
1.6184359, 1.633262, 0.68965745
1.7651485, 1.6533304, 0.49166164
1.8707669, 1.6727022, 0.28906316
1.725254, 1.651875, 0.65230465
1.828887, 1.6518496, 0.2125029
1.7762876, 1.6352255, 0.26234847
1.6270254, 1.6651597, 0.4689156
1.7291334, 1.6524389, 0.4481669
1.809845, 1.6511452, 0.74916935
1.8450849, 1.6616124, 0.16732374
1.6606538, 1.6408116, 0.29950896
1.8061458, 1.6689032, 0.41011086
1.8605679, 1.6593091, 0.7683511
1.7221509, 1.659562, 0.5568083
2.0009177, 1.6859599, 0.42990795
1.6322253, 1.6391301, 0.6077235
1.6942728, 1.6411268, 0.17219907
1.7764931, 1.6394637, 0.29063317
1.748439, 1.6366147, 0.17115891
1.8745139, 1.6574545, 0.61990666
1.8274207, 1.6548039, 0.61381054
1.8321953, 1.6567864, 0.5846491
1.8893557, 1.6682197, 0.3692306
1.617311, 1.651057, 0.4858264
1.6499835, 1.6277881, 0.28960901
1.6153954, 1.6523831, 0.5061909
1.6875328, 1.651143, 0.43962818
1.9288096, 1.6672366, 0.49370083
1.7657701, 1.6397817, 0.65926474
1.8150232, 1.6364275, 0.18214466
1.653853, 1.6350328, 0.6301406
1.7961328, 1.6591045, 0.52381325
1.7663965, 1.6498193, 0.15184616
1.9351925, 1.6634955, 0.083014265
1.6376164, 1.6370703, 0.54995584
1.8004628, 1.6568451, 0.4675895
1.7643548, 1.6394948, 0.6700378
1.7676581, 1.6546075, 0.75177294
2.0009272, 1.6871678, 0.4412858
1.7963852, 1.6572684, 0.5080296
1.790256, 1.6580619, 0.5698352
1.647129, 1.6365585, 0.46618137
1.9505787, 1.6866858, 0.25074401
1.787328, 1.658874, 0.6024683
1.8080039, 1.6638386, 0.4499359
1.8947456, 1.6563014, 0.7310819
1.959069, 1.6698693, 0.2177621
1.6676303, 1.639666, 0.54028165
1.9570173, 1.6712317, 0.25030535
1.9717529, 1.6722887, 0.66391504
1.8009095, 1.6530008, 0.43519145
1.7495204, 1.6557605, 0.5073906
1.883433, 1.66903, 0.44482145
1.7891128, 1.6595255, 0.5909693
2.0271657, 1.7194964, 0.5653481
1.8832939, 1.6695081, 0.15220122
1.6206958, 1.6358155, 0.5665424
2.0178783, 1.7014215, 0.44763762
1.8657877, 1.6560469, 0.6915999
1.7573212, 1.6368804, 0.30683127
1.6893756, 1.6362318, 0.6910978
1.7678318, 1.6339486, 0.1913579
1.7404981, 1.6554757, 0.5860659
1.6931182, 1.639335, 0.678673
1.8708454, 1.6541278, 0.17661478
1.7702752, 1.6350079, 0.17659473
1.9846694, 1.6929346, 0.20209442
1.7256691, 1.6519011, 0.76414055
1.6380918, 1.6196101, 0.325586
1.8703979, 1.6565454, 0.467192
1.6121594, 1.6682055, 0.7147869
1.7494657, 1.6534517, 0.49199784
2.001278, 1.6966262, 0.6329628
1.6973467, 1.6434405, 0.15618484
2.0280356, 1.719605, 0.5535523
1.7129234, 1.6397141, 0.7237702
