1.3496277, 2.1488192, 0.18956329
1.370867, 2.1098368, 0.15401864
1.3956219, 2.124309, 0.1506933
1.3701574, 2.150717, 0.17430532
1.3905873, 2.1658568, 0.19453461
1.3332113, 2.1266868, 0.1694392
1.331113, 2.1760209, 0.2257307
1.349456, 2.1683128, 0.21203482
1.3283446, 2.1886168, 0.23226793
1.3892872, 2.2058651, 0.23014349
1.3297918, 2.23244, 0.26877692
1.369441, 2.032589, 0.0867204
1.3479973, 2.2910175, 0.3144891
1.4086499, 2.0323958, 0.07122095
1.33222, 2.3294396, 0.35335985
1.4125905, 2.083211, 0.11652546
1.3739599, 2.1671348, 0.19285671
1.352664, 2.1263447, 0.17093727
1.4063988, 2.1855588, 0.2109282
1.3103782, 2.2933118, 0.32713637
1.3571736, 2.2855535, 0.2935183
1.3899708, 2.1886017, 0.21476357
1.3885145, 2.1083012, 0.13747615
1.3703746, 2.2105958, 0.23276512
1.3659275, 2.1265376, 0.15573157
1.3673955, 2.0744793, 0.12680617
1.3324486, 2.2528079, 0.29118577
1.3135741, 2.249491, 0.2875926
1.3497685, 2.1920273, 0.228134
1.3934977, 2.0266604, 0.07266128
1.4059433, 2.0505528, 0.09080902
1.3274977, 2.2093081, 0.24879487
1.3290193, 2.258496, 0.30339608
1.3529421, 2.0732205, 0.123186566
1.3530958, 2.2501378, 0.28407666
1.3483831, 2.2162764, 0.26460695
1.4045129, 2.0443983, 0.07622377
1.4129457, 2.1036735, 0.13164973
1.4282286, 2.028478, 0.07387556
1.3127363, 2.2357168, 0.26917303
1.3323082, 2.3063467, 0.3328259
1.3710872, 2.092798, 0.14782873
1.351376, 2.2076135, 0.24920136
1.347646, 2.3075802, 0.31954873
1.3884265, 2.251443, 0.26986873
1.3873818, 2.2677727, 0.28573555
1.3927228, 2.160895, 0.17361528
1.3755908, 2.1840136, 0.19948564
1.3546054, 2.1695228, 0.19136769
1.406444, 2.1503456, 0.18732439
1.373114, 1.9946043, 0.046224926
1.394819, 2.2268531, 0.23631008
1.3536875, 2.0517085, 0.10488743
1.36939, 2.0476806, 0.09193648
1.3499731, 2.1354508, 0.1822196
1.4269876, 2.0467021, 0.069906116
1.365032, 2.0191646, 0.08287403
1.3290675, 2.2926598, 0.32673445
1.3490456, 2.3082018, 0.33308777
1.3480598, 2.2319262, 0.26882613
1.3943343, 2.2843158, 0.27909684
1.3649364, 2.0528352, 0.10617035
1.3528657, 2.1980002, 0.2454249
1.3714061, 2.007856, 0.069727555
1.395583, 2.2417045, 0.25489104
1.4171042, 2.2046278, 0.22714427
1.4499954, 2.0128832, 0.04888296
1.4045358, 2.1284463, 0.15344046
