4.1702185, 1.6278664, 0.27250093
4.189921, 1.6315333, 0.29118758
4.1502256, 1.668026, 0.24971785
4.183575, 1.6575189, 0.29153776
4.1436396, 1.6439267, 0.25580359
4.2067356, 1.62974, 0.3111472
4.216195, 1.6441234, 0.33417407
4.2158976, 1.6096553, 0.31436986
4.195661, 1.6691016, 0.3107434
4.126451, 1.6532193, 0.23041043
4.1189313, 1.692551, 0.22962213
4.1282563, 1.6907109, 0.24526893
4.1480217, 1.7037529, 0.2754186
4.207983, 1.6833119, 0.31420177
4.1905065, 1.689723, 0.2936715
4.213115, 1.6702901, 0.32705247
4.2313437, 1.6736181, 0.33794206
4.229657, 1.6480932, 0.34497902
4.2114487, 1.6937885, 0.32762888
4.2460923, 1.6791819, 0.35176474
4.2322454, 1.6927934, 0.34342623
4.1671143, 1.7112597, 0.2872901
4.108978, 1.6347053, 0.20940831
4.1105127, 1.6520516, 0.21378736
4.0866995, 1.669214, 0.20536509
4.1111827, 1.6080054, 0.20998172
4.2118764, 1.728761, 0.32820302
4.1972904, 1.7230608, 0.31434518
4.2312155, 1.7279145, 0.34634495
4.2776036, 1.6650481, 0.38449046
4.1721916, 1.7520087, 0.3109309
4.0728106, 1.6660697, 0.19026047
4.2107654, 1.7692864, 0.33509302
4.2359767, 1.7759867, 0.36490494
4.2500663, 1.7436159, 0.37224966
4.2897515, 1.6709534, 0.38517252
4.2947083, 1.670964, 0.40869695
4.058384, 1.6273072, 0.16347784
4.031135, 1.6877166, 0.16359216
4.05077, 1.7120787, 0.18850902
4.0439243, 1.7081394, 0.1719947
4.2644696, 1.7492411, 0.3865288
4.267509, 1.7903236, 0.39245206
4.324984, 1.6428778, 0.43339434
4.3151064, 1.707277, 0.42696238
4.326032, 1.6837964, 0.430605
4.0293117, 1.6217455, 0.13697293
4.011714, 1.6507709, 0.12222022
4.2803173, 1.7924545, 0.40769798
4.318083, 1.770293, 0.42662877
4.044595, 1.6636605, 0.14601111
4.0477767, 1.6647263, 0.16836774
4.2505126, 1.6563958, 0.36414886
4.027452, 1.6525505, 0.13473156
4.2639318, 1.6491656, 0.37057036
4.28908, 1.7144332, 0.41100314
4.2664633, 1.6847241, 0.38960293
4.1546984, 1.64749, 0.27060077
4.2328157, 1.7080431, 0.34919873
4.1312866, 1.6152675, 0.22929798
4.071646, 1.5942048, 0.16924037
4.2014933, 1.638853, 0.29439303
4.2918234, 1.7288483, 0.41133928
4.140828, 1.6441655, 0.23770672
4.103175, 1.6863806, 0.2168489
4.191983, 1.718361, 0.2979301
4.266247, 1.7096071, 0.3699707
4.2982464, 1.7231712, 0.39702827
4.0476084, 1.6137258, 0.1444726
4.069321, 1.7513361, 0.18915585
4.2476215, 1.6506591, 0.35146508
4.1390715, 1.750322, 0.26479924
4.067334, 1.6952984, 0.1898343
4.216138, 1.7544675, 0.3425327
4.1051326, 1.7115682, 0.21288939
4.073514, 1.7074931, 0.20899004
4.1179075, 1.6342512, 0.22811024
4.251109, 1.6786102, 0.36960927
4.1316886, 1.6388863, 0.24172062
4.1222816, 1.6117222, 0.2137576
4.1679745, 1.7533658, 0.29312807
4.0540285, 1.6917897, 0.17221957
4.1305127, 1.7249218, 0.25348282
4.209921, 1.7510757, 0.33132827
4.0220723, 1.6784866, 0.13331613
4.288416, 1.6915967, 0.39536434
4.1099877, 1.7134072, 0.22998244
4.2295165, 1.7668658, 0.35246205
4.088846, 1.7573394, 0.22397438
4.2765217, 1.6440842, 0.38716593
4.228758, 1.6273751, 0.3252611
4.0120807, 1.6735104, 0.113610595
4.2078996, 1.6648598, 0.30840123
4.1539297, 1.6233591, 0.2509529
4.3141294, 1.6714079, 0.41529727
3.9659119, 1.6663648, 0.09161084
4.0923247, 1.6502938, 0.1897617
4.0553026, 1.6933794, 0.186573
4.18872, 1.7437053, 0.2950483
4.151046, 1.772418, 0.27739555
4.1473308, 1.726906, 0.2700997
4.3117905, 1.6499982, 0.40907308
4.1261587, 1.6391762, 0.2243956
4.124942, 1.7182055, 0.24757871
3.9911404, 1.711083, 0.13503207
4.190445, 1.6694068, 0.2868845
4.2734313, 1.628891, 0.37012264
4.269936, 1.6635776, 0.37247795
4.036296, 1.5824649, 0.116546944
4.0321584, 1.6099414, 0.13163039
4.1941123, 1.7457645, 0.3121899
4.252192, 1.7673705, 0.36932713
4.0755663, 1.7068756, 0.19665892
4.10394, 1.6703044, 0.2138518
4.0910435, 1.6335461, 0.18908776
4.0927525, 1.7105246, 0.22988355
4.2660403, 1.729825, 0.3716542
4.055272, 1.6496403, 0.16726384
4.177395, 1.7379627, 0.31047523
4.1678553, 1.7345043, 0.29102516
4.170933, 1.6906097, 0.27149713
4.0485373, 1.646244, 0.15158378
4.2679615, 1.7300102, 0.3922259
4.110881, 1.6680579, 0.23054744
4.2693048, 1.7727621, 0.38939086
4.1698685, 1.6886169, 0.29076192
4.293501, 1.7446573, 0.4159751
4.2460594, 1.7265303, 0.35524058
4.272053, 1.7363193, 0.4038391
4.2808204, 1.642409, 0.36347887
4.148411, 1.6888951, 0.25159037
4.1499867, 1.7333187, 0.28485084
4.0262327, 1.710143, 0.14931603
4.027313, 1.6902341, 0.14999494
4.289999, 1.6478643, 0.39857113
4.008358, 1.6742344, 0.09641507
4.235069, 1.6731291, 0.35603493
4.246917, 1.616176, 0.34486067
4.1931095, 1.7052507, 0.3143288
4.015087, 1.7294589, 0.1426425
4.002961, 1.6014506, 0.093672864
4.347582, 1.669708, 0.46311852
4.20469, 1.7095048, 0.3292275
4.1339207, 1.6716061, 0.23736398
4.194124, 1.6913685, 0.30929685
4.291357, 1.7570722, 0.3975155
4.1328654, 1.6672343, 0.24911147
4.158496, 1.68891, 0.26883793
4.035567, 1.6447787, 0.14335771
4.0471945, 1.7275372, 0.17142498
4.085677, 1.7082185, 0.21113327
4.28396, 1.7118831, 0.38344103
4.0874195, 1.7332801, 0.22742552
4.0068026, 1.6739239, 0.13386193
4.2277684, 1.7080355, 0.33604607
4.1678753, 1.6961836, 0.30683154
4.243369, 1.6274976, 0.33572793
4.193332, 1.7685027, 0.32153752
4.1786165, 1.7184402, 0.30134258
4.0433784, 1.7275774, 0.15627281
4.1772547, 1.6312993, 0.28758883
4.098308, 1.6069402, 0.20085591
4.1669374, 1.6706781, 0.2524687
4.3347926, 1.779529, 0.45919105
4.103056, 1.7458544, 0.23373091
4.224419, 1.6477572, 0.32754534
4.1331925, 1.7006389, 0.26132548
4.3116546, 1.7303641, 0.42771488
4.314803, 1.6490401, 0.43037418
4.175242, 1.6110911, 0.2718783
4.027508, 1.6794738, 0.14962336
4.172151, 1.7673337, 0.29373372
4.025807, 1.7361938, 0.146001
4.047388, 1.6670651, 0.18193243
4.002273, 1.7283465, 0.11384668
4.072953, 1.728151, 0.21066806
4.083504, 1.601989, 0.18789902
4.2330027, 1.7525171, 0.3514873
4.130717, 1.7489198, 0.2511324
4.0564075, 1.7310292, 0.18978363
4.10542, 1.606247, 0.18749768
4.13721, 1.7309637, 0.27170718
4.2406554, 1.6539984, 0.33762813
4.2759504, 1.7158518, 0.38888085
4.082452, 1.6343681, 0.17248783
4.043098, 1.6308237, 0.14695646
4.2740674, 1.662359, 0.4026245
4.0067368, 1.7295566, 0.13089824
3.9954371, 1.7305841, 0.108656414
4.0930004, 1.6650736, 0.19556363
4.04665, 1.6110529, 0.16514315
4.084997, 1.5967113, 0.19431722
4.045985, 1.7494913, 0.18346483
4.0807843, 1.5953668, 0.17714353
4.303359, 1.7645397, 0.4121105
4.0053644, 1.7065846, 0.13537687
4.193993, 1.6359683, 0.30375096
4.230764, 1.7879249, 0.3461344
4.008829, 1.6936657, 0.13187851
4.0623775, 1.6521916, 0.15640967
4.260286, 1.7043982, 0.35222527
4.259067, 1.6967603, 0.35443524
4.2153816, 1.6448181, 0.31172073
4.3290935, 1.7953024, 0.44714886
4.244068, 1.777088, 0.3815585
4.2095604, 1.6087958, 0.2920652
4.162261, 1.6247076, 0.25862074
4.32538, 1.7285464, 0.44584605
4.329264, 1.6839836, 0.44656622
4.1312747, 1.6824064, 0.23749867
4.1064677, 1.7327863, 0.22961217
4.258272, 1.726222, 0.3824842
4.258254, 1.7269686, 0.36331397
4.0919905, 1.7529625, 0.21161948
4.3100986, 1.7885358, 0.4316807
4.064743, 1.6515197, 0.16994542
4.3132615, 1.7004962, 0.40643552
4.0007234, 1.7151881, 0.11671015
4.004514, 1.6318115, 0.10706266
4.0793138, 1.6230632, 0.18618244
4.3211265, 1.7027653, 0.42314142
4.2541595, 1.6815494, 0.3681136
3.9958472, 1.6900204, 0.11488117
4.307907, 1.6325716, 0.4138013
4.190168, 1.7485145, 0.3243961
4.1859736, 1.6075717, 0.28989518
4.06795, 1.6322701, 0.15859163
4.1209846, 1.7183294, 0.23658068
4.2944055, 1.6476692, 0.41222298
4.0133834, 1.6215038, 0.142615
4.252735, 1.62867, 0.35212898
4.1928215, 1.6211591, 0.2797523
4.0961847, 1.653073, 0.20268334
4.253439, 1.7111655, 0.35041818
4.0585685, 1.7711657, 0.19380087
3.9935894, 1.7346699, 0.1322836
4.026884, 1.7585188, 0.16883543
4.0895596, 1.7294693, 0.21519849
4.3065467, 1.7475607, 0.42870706
4.1508307, 1.7529776, 0.28325117
4.044332, 1.6905566, 0.15333295
4.196818, 1.611328, 0.30487463
4.12746, 1.7509179, 0.23786442
4.15864, 1.6763047, 0.26684174
4.1212792, 1.7325419, 0.23492257
4.166121, 1.6785431, 0.2830869
4.0834837, 1.6484824, 0.1698865
4.040284, 1.7094926, 0.1594604
4.0538964, 1.7147633, 0.20366694
4.1521854, 1.7514808, 0.2690754
4.1070457, 1.6511704, 0.19947524
4.3105755, 1.6935667, 0.410117
