2.2093766, 1.614668, 0.5290228
2.1934955, 1.7479154, 0.54508376
2.2061064, 1.7087798, 0.6090023
2.213142, 1.6289964, 0.5486429
2.2066524, 1.6909821, 0.5304681
2.1731155, 1.8104473, 0.58909446
2.2059937, 1.6922987, 0.54815555
2.1903014, 1.7096256, 0.610704
2.2052908, 1.6726966, 0.50541043
2.1936722, 1.7504456, 0.59239507
2.2092357, 1.6252754, 0.589983
2.204232, 1.7263837, 0.5508494
2.2051518, 1.7501957, 0.5106249
2.2034612, 1.6895597, 0.6106026
2.2099397, 1.6152561, 0.50921535
2.20666, 1.7311211, 0.5664003
2.1698205, 1.8087718, 0.54964113
2.1706214, 1.8251457, 0.55707043
2.207886, 1.7118702, 0.5484015
2.18614, 1.7287844, 0.45052636
2.1750662, 1.8614793, 0.6446541
2.1843038, 1.8124229, 0.4748203
2.2081122, 1.8281174, 0.36595958
2.2041073, 1.7270398, 0.5290153
2.2037232, 1.6653558, 0.5926937
2.1846137, 1.7529594, 0.47060794
2.169197, 1.825206, 0.56716764
2.2043965, 1.7566059, 0.52929187
2.1889641, 1.7692906, 0.5283526
2.20839, 1.6139691, 0.57345414
2.1901484, 1.7269558, 0.489029
2.2013714, 1.7262447, 0.4706115
2.1929588, 1.7480087, 0.48461446
2.1841311, 1.821538, 0.55352885
2.2171168, 1.6932925, 0.46732503
2.1944675, 1.7312216, 0.61341906
2.1860654, 1.8088212, 0.5506904
2.2105126, 1.6291199, 0.51015216
2.192294, 1.7101212, 0.4880643
2.1854408, 1.8072579, 0.5915968
2.2034657, 1.6425664, 0.51560587
2.2037227, 1.8157765, 0.32177064
2.1866205, 1.821868, 0.5644528
2.192916, 1.6729822, 0.5892684
2.2096927, 1.8078473, 0.288328
2.189779, 1.6878366, 0.6127694
2.2070217, 1.8462772, 0.27103496
2.2238116, 1.7731352, 0.26752487
2.2226071, 1.7918136, 0.24824367
2.2119734, 1.8281838, 0.27122456
2.1991892, 1.8456876, 0.29207307
2.2143102, 1.8261538, 0.23049326
2.2018576, 1.861806, 0.22893609
2.2286026, 1.7286842, 0.2518724
2.227455, 1.7537718, 0.251215
2.227391, 1.7661133, 0.25073904
2.2096002, 1.8437321, 0.1927305
2.2250283, 1.8132856, 0.19247288
2.2055302, 1.8636258, 0.19892824
2.2291498, 1.7501477, 0.2088864
2.2202544, 1.7806458, 0.19630378
2.2209775, 1.816647, 0.1645822
2.2127724, 1.8483467, 0.1488187
2.224183, 1.7653016, 0.17531076
2.2313316, 1.7268316, 0.16967452
2.2207036, 1.822339, 0.17644681
2.204227, 1.6647414, 0.607956
2.2082248, 1.8457144, 0.22938293
2.2039359, 1.6513826, 0.53378403
2.2117562, 1.8312454, 0.25133276
2.205812, 1.6289442, 0.57206786
2.225737, 1.7917572, 0.21255463
2.2113817, 1.788352, 0.23339447
2.2302675, 1.7078424, 0.29146445
2.2096276, 1.6134168, 0.5869666
2.22767, 1.7471452, 0.23125519
2.1910326, 1.712988, 0.5891449
2.2039855, 1.6891558, 0.56932664
2.19633, 1.7311388, 0.5470439
2.205034, 1.6478329, 0.6106736
2.1880076, 1.8315597, 0.44665906
2.211021, 1.7089554, 0.46950796
2.1865554, 1.8149993, 0.5738227
2.2104864, 1.8282719, 0.20952962
2.2241573, 1.7476202, 0.18833607
2.1913536, 1.750475, 0.41082838
2.1867177, 1.7956626, 0.6148826
2.1927702, 1.7883563, 0.5065514
2.1851025, 1.8022356, 0.527317
2.2081664, 1.8463644, 0.20907459
2.2253225, 1.6247406, 0.5926573
2.2208037, 1.7656469, 0.19046246
2.2216558, 1.7930171, 0.27170455
2.210632, 1.6136478, 0.5489356
2.1868098, 1.814894, 0.48719954
2.206243, 1.8450255, 0.24722594
2.2085924, 1.8146087, 0.24968944
2.2094402, 1.6867702, 0.5098327
2.2331307, 1.729374, 0.2273057
2.2056332, 1.7764893, 0.5035379
2.189396, 1.7685351, 0.48797834
2.15487, 1.8150952, 0.55673814
2.2296035, 1.786745, 0.16152307
2.2142277, 1.7485943, 0.30783227
2.2016518, 1.7894878, 0.449162
2.2092397, 1.6499442, 0.5467324
2.2077296, 1.8078582, 0.2695109
2.2159615, 1.7924776, 0.20863596
2.230535, 1.6122757, 0.5068303
2.1633372, 1.8284023, 0.5855853
2.2110524, 1.6491625, 0.62766933
2.2102854, 1.6677105, 0.5685026
2.2171195, 1.7477126, 0.2502265
2.1640413, 1.8288759, 0.50527954
2.1902046, 1.7306417, 0.59100485
2.209062, 1.8091223, 0.1958424
2.198053, 1.8607166, 0.27183872
2.192098, 1.7448223, 0.5311299
2.2316592, 1.7269005, 0.2090003
2.200566, 1.8649827, 0.29592216
2.1966114, 1.849593, 0.2667415
2.216132, 1.6484774, 0.49201092
2.2055583, 1.6696906, 0.5477164
2.195609, 1.7486401, 0.56936
2.2030973, 1.7406268, 0.5778058
2.2211409, 1.6221488, 0.48782462
2.2111402, 1.8139137, 0.21270041
2.2088008, 1.7914128, 0.2500933
2.1921468, 1.7736675, 0.54622704
2.1857274, 1.8108708, 0.50588936
2.2047102, 1.7289063, 0.49347198
2.186605, 1.7766219, 0.47182596
2.1963253, 1.7935172, 0.5492325
2.2063646, 1.7672358, 0.49427706
2.2261305, 1.7541773, 0.14974758
2.207382, 1.7082354, 0.5310153
2.1691744, 1.8075027, 0.53151363
2.2322872, 1.7118534, 0.24758805
2.2324564, 1.7115496, 0.13021062
2.2102318, 1.7899587, 0.31193942
2.2402089, 1.7566388, 0.22771043
2.1931734, 1.6934158, 0.58850133
2.2137883, 1.6249719, 0.49756682
2.2237587, 1.7558485, 0.30133307
2.2024395, 1.8100352, 0.5481452
2.2267873, 1.7480994, 0.2905993
2.1902962, 1.7936692, 0.563663
2.2062955, 1.6617358, 0.5261781
2.205894, 1.6500174, 0.5943875
2.2161102, 1.7487178, 0.20831038
2.2268617, 1.7312733, 0.19094457
2.2126937, 1.7887444, 0.19039027
2.191765, 1.7562107, 0.45449626
2.2255628, 1.7502103, 0.27432698
2.2206655, 1.8252118, 0.2573854
2.2307215, 1.7691034, 0.20555861
2.2327845, 1.7510209, 0.16461359
2.2075357, 1.6737971, 0.4921334
2.2189941, 1.7582822, 0.23104353
2.1978445, 1.6916234, 0.50366145
2.2124157, 1.6149406, 0.611316
2.2159293, 1.7330893, 0.22876108
2.2220387, 1.8242968, 0.21636142
2.2181573, 1.7286873, 0.21068859
2.1934943, 1.6736286, 0.51321375
2.18617, 1.7722709, 0.60924405
2.1909668, 1.6732976, 0.6243868
2.188243, 1.8231738, 0.46878213
2.1887393, 1.7121403, 0.5094924
2.214446, 1.7773802, 0.27028775
2.2127812, 1.7724309, 0.21225144
2.2129304, 1.7853343, 0.28891355
2.2068305, 1.8110936, 0.17279434
2.172934, 1.8087592, 0.512841
2.2153163, 1.733556, 0.26733387
2.2127182, 1.7735139, 0.23225231
2.2268584, 1.7306272, 0.27225128
2.2314107, 1.6963817, 0.177305
2.1949232, 1.8305345, 0.6379723
2.191851, 1.6228665, 0.5252906
2.1852124, 1.8075416, 0.6071549
2.1985674, 1.6915598, 0.488306
2.194036, 1.6934651, 0.5296501
2.2121367, 1.7494297, 0.19022465
2.175942, 1.8179681, 0.57105255
2.2089725, 1.7669998, 0.3872883
2.1924686, 1.6898291, 0.5715836
2.2051055, 1.6889681, 0.58765763
2.2415607, 1.7376132, 0.11044204
2.204662, 1.6685374, 0.479779
2.203356, 1.6295631, 0.5358599
2.2184255, 1.7480267, 0.08351984
2.198718, 1.8622633, 0.28438672
2.2130823, 1.6287315, 0.6228153
2.2197683, 1.6184727, 0.62241536
2.209498, 1.645363, 0.5678558
2.2071123, 1.7070475, 0.49166226
2.2054443, 1.7292614, 0.50779206
2.2076368, 1.7842586, 0.27107683
2.2099733, 1.8282033, 0.19403332
