2.1947742, -0.7907446, 0.18883352
2.203408, -0.78594804, 0.19146663
2.1759348, -0.81331426, 0.19043906
2.2128687, -0.7756474, 0.19196005
2.1840224, -0.8223398, 0.17694119
2.187556, -0.80872977, 0.16924775
2.191609, -0.79126275, 0.2096218
2.2104828, -0.78692013, 0.17149034
2.2094345, -0.7868039, 0.20916985
2.150451, -0.8315564, 0.19625661
2.2088618, -0.8062765, 0.14679028
2.2320476, -0.7705914, 0.16979474
2.2293491, -0.7699592, 0.18892297
2.214563, -0.7761251, 0.17094155
2.2088408, -0.789985, 0.15600562
2.1865072, -0.83155465, 0.15708905
2.1710198, -0.8309062, 0.15099117
2.1409743, -0.84354603, 0.18422626
2.1516385, -0.8492907, 0.1491797
2.190646, -0.81588894, 0.13630185
2.1362467, -0.85978407, 0.14811079
2.1559818, -0.83303136, 0.17378391
2.183373, -0.82943046, 0.13178843
2.1651478, -0.84572124, 0.13016814
2.162621, -0.8438875, 0.16642565
2.147634, -0.8505652, 0.1706199
2.206829, -0.8100161, 0.13020772
2.229632, -0.7893174, 0.1318765
2.1912198, -0.8301531, 0.11330219
2.2310271, -0.79220456, 0.11232664
2.2003677, -0.8219924, 0.11441712
2.2082694, -0.8116951, 0.11138912
2.2454998, -0.7821964, 0.12756681
2.2485793, -0.7667911, 0.12615053
2.172192, -0.84585494, 0.10229319
2.206967, -0.82842463, 0.09328455
2.2256298, -0.8074864, 0.09007371
2.2480986, -0.7820328, 0.107850134
2.1795475, -0.84078836, 0.08406277
2.210156, -0.8297511, 0.07325592
2.1902218, -0.8422357, 0.10635706
2.188069, -0.8430835, 0.09318127
2.1734438, -0.8319465, 0.13112628
2.1528506, -0.83308804, 0.20840037
2.160129, -0.85799116, 0.15130001
2.130733, -0.84779066, 0.2249353
2.151712, -0.8506363, 0.12920687
2.1280444, -0.8478637, 0.21293254
2.1383376, -0.8379028, 0.21016479
2.1700385, -0.81284475, 0.2137887
2.2242625, -0.80698425, 0.07305377
2.2101502, -0.81223804, 0.090239175
2.2020009, -0.8003671, 0.16870233
2.1850753, -0.8068473, 0.1891395
2.1269422, -0.84398633, 0.24309862
2.1502917, -0.86027604, 0.15439084
2.2430356, -0.7531894, 0.17369662
2.2631314, -0.76215655, 0.14444457
2.239474, -0.7538714, 0.18854968
2.2276108, -0.7720767, 0.21192396
2.2350454, -0.7553893, 0.20986496
2.1655152, -0.8302212, 0.19251223
2.2213871, -0.7869284, 0.18189296
