3.4679716, 2.723721, 2.0137534
3.4678686, 2.729091, 1.9701355
3.468061, 2.7322342, 1.9941301
3.4726589, 2.7260475, 2.0323288
3.5112953, 2.7132788, 2.033688
3.5094168, 2.7145917, 1.9938989
3.4706626, 2.7285156, 2.0479245
3.442835, 2.729836, 2.0486207
3.4498038, 2.729796, 1.9285257
3.449131, 2.7302065, 1.948572
3.5071988, 2.7211077, 1.9798859
3.4645407, 2.7220387, 1.926245
3.4652598, 2.7284005, 1.9488811
3.5096264, 2.7227125, 2.01369
3.510226, 2.724238, 2.0478148
3.465013, 2.721911, 1.9095218
3.4513812, 2.72925, 1.8892604
3.4662151, 2.7269464, 1.8951185
3.4525468, 2.7321846, 1.9126927
3.5117986, 2.710481, 1.9102905
3.4503627, 2.7301354, 2.0292156
3.4551616, 2.7311816, 1.8704196
3.4772305, 2.7271056, 1.8688916
3.508079, 2.709704, 1.8670181
3.5472245, 2.6953156, 1.8897736
3.5027826, 2.7118726, 1.8439493
3.4491987, 2.7258217, 1.8274393
3.4499125, 2.7266092, 1.7956027
3.4713228, 2.7122762, 1.7914239
3.4520981, 2.7258701, 1.7700741
3.51549, 2.7067795, 1.7870026
3.50891, 2.7098713, 1.7705005
3.5254815, 2.7043386, 1.7491119
3.5164664, 2.6979556, 1.7315413
3.489762, 2.7079225, 1.706731
3.5102837, 2.691678, 1.7163337
3.5467503, 2.6911905, 1.7118912
3.5085394, 2.7121642, 1.6930997
3.5233946, 2.699134, 1.6663911
3.4671865, 2.7114632, 1.6496793
3.449387, 2.7255766, 1.6273913
3.508591, 2.7092047, 1.6281761
3.5287652, 2.7020314, 1.6302195
3.5467117, 2.6874292, 1.6120591
3.5122387, 2.7115555, 1.6114055
3.5286536, 2.7016876, 1.6143017
3.4694655, 2.7105174, 1.611381
3.52884, 2.6895618, 1.5656434
3.4683542, 2.71662, 1.5708802
3.4491663, 2.7303457, 1.5711163
3.5138032, 2.7126927, 1.5498693
3.5120082, 2.7099996, 1.5253892
3.4701517, 2.7171347, 1.5499322
3.45325, 2.7329695, 1.5523322
3.4727325, 2.718285, 1.5300364
3.4657633, 2.7307727, 1.5254744
3.4880712, 2.709913, 1.5127636
3.5331426, 2.7048845, 1.5137203
3.4237862, 2.7423434, 1.5132804
3.46531, 2.7339063, 1.5420377
3.4516118, 2.7242246, 1.4908192
3.5091603, 2.709421, 1.5112818
3.473746, 2.7165823, 1.4913466
3.470362, 2.7162578, 1.4692975
3.4905946, 2.7161994, 1.4704167
3.5263083, 2.7132645, 1.4750023
3.454859, 2.7255363, 1.4700549
3.4351637, 2.7487502, 1.4630936
3.468085, 2.7284968, 1.4430647
3.4540052, 2.7287066, 1.4504535
3.4878852, 2.7224817, 1.4485209
3.4879413, 2.7221472, 1.4254849
3.4744606, 2.714525, 1.432484
3.513352, 2.7107017, 1.428395
3.4849606, 2.728229, 1.4082959
3.4725826, 2.711776, 1.4159755
3.4294121, 2.7358027, 1.414229
3.509285, 2.7133927, 1.411551
3.4881082, 2.7229073, 1.3911321
3.5128138, 2.7137196, 1.3711349
3.424641, 2.7331176, 1.3866366
3.425614, 2.7288635, 1.3649067
3.5111768, 2.714417, 1.3539187
3.4835079, 2.7138782, 1.3495667
3.4951692, 2.7250516, 1.3241184
3.4277825, 2.732202, 1.3297977
3.5282989, 2.7119582, 1.3078111
3.4882286, 2.7272365, 1.3071235
3.4849787, 2.7153404, 1.2939911
3.4285963, 2.729833, 1.313426
3.474372, 2.7147229, 1.4549313
3.537447, 2.6969981, 1.4465796
3.5103369, 2.7115042, 1.4899633
3.4642825, 2.7309768, 1.7821467
3.4481134, 2.7269087, 1.5932281
3.4871948, 2.71312, 1.3677093
3.4542918, 2.730175, 1.8486075
3.5285106, 2.7244315, 1.2287176
3.491182, 2.715358, 1.2120993
3.5290248, 2.709808, 1.2288036
3.4928513, 2.711527, 1.1509838
3.527256, 2.7078826, 1.1720643
3.441557, 2.7274396, 1.1690896
3.5301988, 2.7106123, 1.1323506
3.4946346, 2.7090237, 1.111888
3.5245445, 2.7083807, 1.191195
3.535015, 2.705629, 1.4961451
3.5287585, 2.704955, 1.4281788
3.5095196, 2.713581, 1.9487008
3.516092, 2.6982799, 1.7448184
3.5375223, 2.6985333, 1.481569
3.4899738, 2.7162168, 1.2280662
3.5262027, 2.708177, 1.7957675
3.4700077, 2.7287724, 1.5104351
3.538824, 2.6971798, 1.4296722
3.5245812, 2.7123046, 1.3897105
3.5355825, 2.7078612, 1.5297775
3.5263598, 2.6960647, 1.5463439
3.4691691, 2.7100923, 1.8308942
3.53035, 2.7115111, 1.9312799
3.5288637, 2.7056324, 1.9107145
3.5268998, 2.7117462, 1.3304775
3.5259976, 2.708371, 1.9477816
3.4500334, 2.7259653, 2.0906806
3.472157, 2.7289329, 1.007994
3.4711204, 2.7234688, 0.9709108
3.509375, 2.7080529, 0.954031
3.5118747, 2.7123616, 0.90762806
3.5255537, 2.7018337, 0.9324588
3.5284872, 2.7050476, 0.95037305
3.5294833, 2.7098868, 0.85321814
3.4882724, 2.705736, 0.7884607
3.529815, 2.7055857, 0.7917559
3.4731793, 2.7151728, 0.9890001
3.5125647, 2.7053437, 0.7687516
3.526765, 2.7074919, 1.4098413
3.5075517, 2.7210875, 0.8785373
3.4867725, 2.7169151, 1.3145102
3.476593, 2.7210894, 0.88225347
3.47731, 2.7139897, 1.3863634
3.45188, 2.7281997, 0.99274886
3.5155025, 2.7050261, 0.7887308
3.488678, 2.7154672, 1.2667104
3.5086684, 2.7109275, 1.1738118
3.5325217, 2.711265, 0.8724298
3.475594, 2.7214327, 0.9169223
3.505072, 2.7178226, 0.7298957
3.5259395, 2.705527, 0.7145034
3.4253953, 2.740156, 0.90890163
3.4134402, 2.7292793, 0.94836754
3.448165, 2.7151163, 0.82625365
3.477097, 2.7162862, 0.7103438
3.4722133, 2.7143304, 0.69246465
3.4269652, 2.7328677, 0.8296417
3.5040646, 2.7127168, 0.6472539
3.5490594, 2.6899376, 0.6512854
3.5328174, 2.7072883, 0.6313451
3.5459638, 2.6895707, 0.6288265
3.4762003, 2.7126212, 0.65219176
3.5270605, 2.6949892, 0.6085194
3.4758668, 2.715239, 0.63365716
3.4871678, 2.7135472, 0.60994506
3.5043766, 2.7121747, 0.6294345
3.5486672, 2.6863003, 0.6079392
3.511899, 2.687626, 0.5900612
3.5332017, 2.6919537, 0.5954356
3.4673777, 2.7112098, 0.59264815
3.4824634, 2.715638, 0.58280903
3.5094497, 2.7095249, 0.57596934
3.467271, 2.7132416, 0.5741947
3.5298452, 2.7018664, 0.5303916
3.5302148, 2.6941555, 0.5101293
3.4676156, 2.7272928, 1.3733171
3.5246062, 2.702704, 0.9684424
3.4723442, 2.7289648, 1.4082963
3.4497445, 2.7286847, 1.1104317
3.4733744, 2.7277508, 1.1557676
3.4755528, 2.7292728, 1.1908464
3.4318128, 2.7311556, 1.6496873
3.4567502, 2.7313113, 1.0376599
3.5130806, 2.7106535, 1.0295694
3.4526925, 2.7352867, 1.2491372
3.5326447, 2.691319, 0.8498007
3.448958, 2.7346587, 2.0766268
3.5508776, 2.694845, 0.7499491
3.4712539, 2.7311003, 1.3075523
3.471578, 2.725838, 1.2250674
3.4565322, 2.74087, 1.9765619
3.4287758, 2.733768, 1.851603
3.54817, 2.6927602, 1.6889763
3.5106816, 2.7260106, 0.94700915
3.4579, 2.723368, 0.78874254
3.4387252, 2.7426465, 1.8077837
3.4533927, 2.7315142, 1.4115503
3.4934902, 2.7140982, 1.2512261
3.432602, 2.7379007, 1.430866
3.5113783, 2.7075934, 1.0489076
3.4907417, 2.7117662, 0.5294439
3.4503877, 2.73477, 1.2913038
3.4290268, 2.735711, 1.8717918
3.4300537, 2.7357755, 1.5265938
3.533033, 2.7050304, 0.5024649
3.531287, 2.7100577, 1.5736306
3.451831, 2.7271044, 1.3279837
3.5127149, 2.7106497, 0.6857388
3.4699879, 2.7102227, 0.8560642
3.5431643, 2.7086117, 0.60844934
3.5283682, 2.6949172, 0.6723243
3.4315033, 2.7332168, 1.8127348
3.5360887, 2.6941497, 1.1716712
3.4444227, 2.7274575, 1.5125626
3.4911745, 2.7019706, 0.6702559
3.4880438, 2.7106738, 0.62868744
3.483199, 2.7153463, 0.89372206
3.4289405, 2.7386072, 1.895502
3.4354525, 2.7432551, 1.9077153
3.4845066, 2.7075024, 0.82924175
3.4261594, 2.7298975, 0.78693634
3.4321508, 2.7349844, 1.8294144
3.5085359, 2.710003, 1.9327946
3.4922621, 2.726229, 1.171552
3.4489229, 2.7280998, 1.6113547
3.4489756, 2.7255535, 0.83713365
3.509157, 2.6947737, 0.7315781
3.4846287, 2.7131271, 0.905584
3.4738085, 2.7097125, 0.9656938
3.5466318, 2.6888273, 0.669806
3.4933891, 2.7136295, 0.74827313
3.46557, 2.7247522, 1.3527474
3.4552667, 2.7454445, 1.474633
3.4543817, 2.721527, 0.87319154
3.4708257, 2.719161, 0.48835832
3.5252094, 2.7075298, 1.0698115
3.528935, 2.7091918, 0.7362686
3.4888492, 2.7132518, 0.56575024
3.5489578, 2.6952288, 0.8505367
3.4465246, 2.727923, 1.4282374
3.4900403, 2.7104998, 1.390073
3.5072262, 2.7116044, 1.3925072
3.510379, 2.7145536, 0.5496087
3.520252, 2.706277, 0.6136418
3.4899871, 2.7064223, 0.7293895
3.5100482, 2.7093651, 1.149532
3.4319608, 2.740785, 1.9240879
3.492919, 2.7275314, 2.030124
3.5113516, 2.7115693, 1.2861995
3.5104337, 2.7276568, 1.5508225
3.4950857, 2.724174, 1.9905562
3.510722, 2.7124896, 1.4680185
3.5123775, 2.7087069, 1.2683411
3.4716296, 2.731315, 1.3915172
3.5281281, 2.7037754, 0.5483463
3.4859953, 2.7154722, 1.8270726
3.492293, 2.712775, 1.5916895
3.4359996, 2.745178, 1.9496455
3.4870534, 2.7068079, 1.6311541
3.4676065, 2.7230332, 0.54808277
3.492705, 2.708776, 1.6865072
3.4462836, 2.7423334, 1.7277238
3.487462, 2.7158446, 1.9474189
3.496315, 2.726286, 1.8951602
3.5481637, 2.6931248, 0.7658931
3.4992437, 2.7019017, 1.4162021
3.4736402, 2.7112217, 1.0101988
3.5286176, 2.7099178, 1.2651838
3.4102573, 2.745548, 1.808619
3.5329063, 2.69298, 0.5537014
3.5574732, 2.685345, 1.0305457
3.5297852, 2.7046747, 1.028203
3.4170792, 2.7345653, 1.3721547
3.471087, 2.7145426, 1.9669363
3.4661663, 2.72634, 0.6726717
3.4834974, 2.7233717, 0.74332917
3.5288966, 2.6905956, 0.6914818
3.5105796, 2.7082646, 0.6687324
3.489118, 2.713799, 0.8682072
3.4095588, 2.730142, 0.96943694
3.487079, 2.718054, 1.3313287
3.493607, 2.7219682, 1.9692185
3.5283086, 2.7134738, 1.2484381
3.4830546, 2.725224, 2.0706239
3.4063087, 2.7444499, 1.5111709
3.469109, 2.7190442, 2.0340927
3.5679417, 2.690558, 0.46737275
3.4918811, 2.7217503, 1.8695066
3.4504972, 2.734136, 2.113551
3.451032, 2.7256124, 1.7501776
3.4725683, 2.713873, 1.888411
3.4089549, 2.7457228, 1.5745964
3.5234988, 2.7273579, 1.1863391
3.523768, 2.713491, 2.0497298
3.4818928, 2.7240193, 1.9512557
3.5099046, 2.7068791, 0.8731929
3.4091046, 2.744213, 1.5520895
3.5489287, 2.6841662, 0.5696389
3.4704494, 2.7094514, 0.5319076
3.5181856, 2.7056754, 1.2124674
3.5369482, 2.6890411, 0.8857986
3.4048066, 2.7280889, 1.5110947
3.4280353, 2.7435825, 1.4305251
3.488928, 2.726906, 0.82753193
3.4537702, 2.7406378, 1.3745468
3.4338362, 2.7330956, 1.7626792
3.4961286, 2.7126703, 1.5491714
3.4903677, 2.7118647, 0.7714037
3.4138615, 2.7308996, 1.4930054
3.429724, 2.7300289, 1.1275146
3.4606943, 2.7253962, 0.7506942
3.4930496, 2.719399, 1.7604252
3.455012, 2.724458, 0.85567784
3.5151432, 2.7111838, 1.3307039
3.5303123, 2.7221255, 0.84014887
3.4540508, 2.7171764, 1.7717571
3.4885008, 2.7074466, 1.566027
3.4895139, 2.725361, 2.108766
3.3930366, 2.7452412, 1.8744165
3.5505924, 2.7017689, 1.8645788
3.5460136, 2.6998549, 1.9320493
3.5828085, 2.6920638, 0.58670235
3.5281968, 2.7100697, 1.368835
3.5531292, 2.68754, 1.395453
3.39055, 2.7448175, 1.8273659
3.5106342, 2.7123144, 1.9669337
3.531185, 2.706226, 1.1498395
3.490849, 2.7063227, 1.645528
3.5640368, 2.6917562, 0.6290686
3.5309565, 2.7028978, 0.91464126
3.4534073, 2.7420952, 2.094427
3.5569658, 2.6943643, 1.4083452
3.5422919, 2.6923604, 1.7710589
3.5726643, 2.686972, 0.69764966
3.5329022, 2.6907902, 1.8348024
3.5689147, 2.6891649, 0.5090955
3.5631747, 2.6823318, 0.8064701
3.5659242, 2.686098, 0.85830265
3.4938083, 2.7111428, 1.6088988
3.4096065, 2.7333748, 1.0949601
3.5255966, 2.6858883, 1.9124894
3.4214463, 2.740656, 1.41468
3.5314817, 2.6913304, 0.95231193
3.530168, 2.690409, 1.7924908
3.579284, 2.6897295, 0.6059576
3.4490304, 2.7156293, 0.80600715
3.5106378, 2.7088902, 2.1077201
3.5115602, 2.7120001, 0.5960969
3.4060946, 2.7426546, 1.164718
3.5506063, 2.6904688, 1.5684481
3.5466928, 2.6943767, 1.6349465
3.5688396, 2.6828678, 0.56703424
3.5423696, 2.6912613, 1.7289351
3.563611, 2.692041, 1.4323971
3.5512948, 2.6893044, 0.5276334
3.525574, 2.7040622, 0.6522489
3.5706813, 2.6860096, 0.82540303
3.533797, 2.6899893, 0.7935668
3.4473042, 2.7338648, 1.3417542
3.5284426, 2.6893282, 1.1116135
3.4742968, 2.7138338, 1.3473134
3.496642, 2.7102227, 1.0732474
3.5286956, 2.7090142, 1.29031
3.4926424, 2.7087278, 1.5305821
3.4889755, 2.7241664, 0.9149808
3.5264432, 2.6920645, 1.9524513
3.4805424, 2.7079673, 0.6561107
3.4819906, 2.7273707, 1.4700208
3.4508975, 2.7340732, 1.9916584
3.512166, 2.7116666, 0.890308
3.4677007, 2.7218728, 1.5955279
3.5474138, 2.6831284, 1.4862291
3.5381944, 2.6929555, 0.7446602
3.5430632, 2.693506, 2.1106234
3.5412955, 2.6978238, 1.9995228
3.4524446, 2.7286317, 1.6472452
3.5495431, 2.698014, 1.749622
3.5065966, 2.707293, 0.8503127
3.5304008, 2.7152119, 1.3475775
3.4966795, 2.70501, 0.9580016
3.5068572, 2.707789, 0.8129401
3.5310216, 2.6744323, 1.7707222
3.4525971, 2.7254276, 1.81496
3.5350907, 2.6939788, 1.1508911
3.5692372, 2.676558, 0.6493397
3.4689417, 2.7262585, 0.7660375
3.3921108, 2.7410688, 2.007184
3.5089843, 2.712032, 1.6763345
3.515312, 2.6959186, 0.6416495
3.4983957, 2.7249599, 1.7942793
3.4760528, 2.7222342, 1.4905744
3.535381, 2.693334, 1.1281621
3.6333747, 2.6696358, 2.1148136
3.6502235, 2.6498857, 2.1017685
3.6630416, 2.6513443, 2.1311908
3.6462762, 2.672172, 2.0961254
3.6704702, 2.6513414, 2.0852506
3.669033, 2.6506913, 2.109973
3.6963081, 2.6439996, 2.1080036
3.717482, 2.6369169, 2.125534
3.7125258, 2.6420133, 2.10957
3.7099648, 2.6280801, 2.086422
3.730077, 2.6298733, 2.1056125
3.7328138, 2.6374953, 2.0866392
3.7470357, 2.6281962, 2.0899959
3.7668765, 2.6154165, 2.1314478
3.7912688, 2.6125913, 2.1299868
3.4938836, 2.712141, 1.165423
3.5229206, 2.7076123, 1.8487566
3.5050967, 2.72634, 1.1025676
3.5608807, 2.687952, 1.0673199
3.527875, 2.706199, 0.98933643
3.5553102, 2.69261, 0.46740955
3.4475272, 2.7387784, 1.680052
3.532254, 2.6962447, 0.4728789
3.5291414, 2.6885786, 1.8110609
3.5549607, 2.6938906, 1.192965
3.5239253, 2.7010832, 2.0219932
3.5513375, 2.6927266, 1.8308862
3.5632238, 2.6951501, 1.445648
3.509871, 2.725953, 0.8510481
3.4641044, 2.7221627, 1.6124749
3.4926503, 2.7119968, 2.1180239
3.5269964, 2.6934485, 1.074921
3.5484548, 2.6863844, 0.70683086
3.5362253, 2.6959682, 2.0840757
3.5645654, 2.690474, 1.0494205
3.5293527, 2.691481, 1.8531811
3.5318868, 2.6862035, 1.3644176
3.531267, 2.7088654, 0.47043
3.5448203, 2.6808624, 1.450178
3.4670928, 2.7342205, 1.852883
3.4813857, 2.7275646, 1.2061253
3.5206482, 2.6961727, 1.9875965
3.469946, 2.740558, 2.0621414
3.4694455, 2.7151768, 1.2814902
3.5301816, 2.6924438, 0.90660137
3.5289843, 2.694545, 1.2089779
3.5455275, 2.692886, 1.2957464
3.552725, 2.6871269, 0.48421288
3.5111022, 2.7066998, 1.3143171
3.5285566, 2.7049267, 0.6705411
3.4703865, 2.7164574, 1.9159575
3.5505614, 2.6930532, 0.80967486
3.532907, 2.693674, 1.3905569
3.551859, 2.6917238, 0.50956595
3.5185516, 2.697361, 0.62291634
3.488754, 2.7155745, 1.8480514
3.543192, 2.694475, 0.8918194
3.5544853, 2.6873055, 1.3700464
3.524858, 2.707055, 2.0104423
3.4915853, 2.7122233, 0.9745164
3.5028803, 2.7240806, 0.5683544
3.4701428, 2.7291515, 2.1079328
3.548355, 2.691123, 0.7321739
3.468977, 2.709317, 1.8657845
3.5057201, 2.7180653, 1.2342165
3.5298617, 2.6888242, 0.81439805
3.505972, 2.714707, 0.6145352
3.5422049, 2.6912904, 1.3129708
3.5651572, 2.7015643, 1.4247067
3.4546869, 2.7118213, 1.5710841
3.5437682, 2.7048619, 0.5357953
3.532234, 2.696849, 2.0319118
3.5083766, 2.7090237, 0.8324217
3.524609, 2.7051697, 0.8114252
3.5067995, 2.714576, 2.0921931
3.4554093, 2.7107828, 1.5915201
3.4877532, 2.714305, 0.51162827
3.7717035, 2.6130302, 2.1118088
3.5037484, 2.7081509, 1.7127085
3.577331, 2.6827397, 2.1128373
3.4366457, 2.7413306, 1.3467578
3.5299246, 2.688086, 0.8331858
3.5292394, 2.69805, 2.112574
3.5608366, 2.6994345, 1.4757717
3.5328746, 2.6983702, 0.49042773
3.5094423, 2.7093785, 1.8322899
3.5639672, 2.6809256, 0.7357698
3.5259469, 2.7114134, 1.4471102
3.4207304, 2.7373328, 2.1071804
3.4513547, 2.7227407, 0.7172027
3.5324132, 2.693583, 1.1908926
3.5315826, 2.6931632, 1.0898471
3.5408146, 2.6932342, 1.8468992
3.502218, 2.6975489, 1.5656801
3.5702405, 2.6966968, 1.292254
3.452985, 2.7107043, 1.691134
3.507925, 2.710199, 1.2495658
3.4996605, 2.7134593, 1.0424794
3.6410537, 2.656183, 2.0779722
3.5172412, 2.6950638, 0.605675
3.4777389, 2.70298, 1.7165742
3.488823, 2.708486, 1.7873217
3.537398, 2.6725757, 0.6913698
3.4899745, 2.7094927, 1.8913069
3.4927397, 2.7110605, 2.0516226
3.54659, 2.7017322, 1.9831437
3.4526613, 2.7297127, 1.3908064
3.5416775, 2.7107885, 1.2776452
3.5331826, 2.707925, 1.0120384
3.390007, 2.7386496, 1.8346239
3.5488105, 2.6886353, 0.8281791
3.6484013, 2.6626961, 2.113809
3.4876215, 2.7142854, 1.7434459
3.492343, 2.7087727, 2.0692782
3.5497653, 2.6914148, 0.79099345
3.4509428, 2.7350774, 2.0118437
3.4356592, 2.730653, 1.692151
3.4427383, 2.7319458, 1.3146813
3.509501, 2.69842, 0.7485497
3.4698648, 2.7146366, 0.79177815
3.414684, 2.7480211, 1.8621233
3.601734, 2.6820138, 2.125816
3.4106245, 2.7353413, 1.5287045
3.5339632, 2.6902602, 0.72848463
3.4010522, 2.7423072, 1.9440497
3.6512039, 2.654276, 2.0962129
3.4737773, 2.7299757, 2.0867534
3.425412, 2.7346003, 1.4481251
3.483374, 2.7122107, 1.9084599
3.5049949, 2.7081926, 0.52807176
3.4350004, 2.7447145, 1.7920808
3.423059, 2.7330856, 1.4809856
3.6025307, 2.6814163, 2.0740929
3.5458477, 2.6880517, 0.8681123
3.4681387, 2.7168894, 1.9859374
3.4688148, 2.7152224, 2.0045528
3.4452114, 2.715762, 1.0639055
3.4493384, 2.7142162, 1.7299712
3.5274308, 2.7072487, 0.8246795
3.5464902, 2.6975927, 1.0532755
3.4085948, 2.7322896, 1.8476814
3.450949, 2.724977, 1.7147785
3.563655, 2.6852553, 0.8937762
3.5565484, 2.6779807, 0.60056937
3.5103946, 2.7140257, 1.1295129
3.4860978, 2.7313206, 0.407066
3.390257, 2.7410321, 1.927649
3.4959292, 2.7127452, 1.8666135
3.4768705, 2.7190177, 0.73187137
3.4869657, 2.721272, 0.88097286
3.5719876, 2.6890054, 0.78643703
3.4249322, 2.7312548, 1.5146967
3.508801, 2.7132149, 2.0648518
3.5284233, 2.7140694, 1.2077055
3.4882684, 2.7099078, 1.1291621
3.4089925, 2.7478843, 1.7707639
3.4797473, 2.7176204, 2.1353295
3.447452, 2.7360184, 1.6637981
3.4170585, 2.7324138, 1.1438222
3.4936926, 2.7203393, 0.68708384
3.5059648, 2.711372, 1.5875324
3.5337615, 2.7067263, 0.8901481
3.4140725, 2.7467587, 1.3450739
3.542378, 2.7008023, 0.44532487
3.4270086, 2.736689, 1.564196
3.563491, 2.700536, 0.48566705
3.5149844, 2.7098544, 0.70557654
3.5138047, 2.6929138, 1.6913252
3.4139006, 2.7359722, 1.4517702
3.4975624, 2.710015, 1.4314739
3.509671, 2.7231061, 1.4247338
3.4237742, 2.7295766, 0.93003434
3.390607, 2.7365298, 1.5281062
3.4537342, 2.6952717, 1.7476398
3.4976149, 2.7112148, 1.4481783
3.5470054, 2.7045102, 1.7867625
3.5984566, 2.6785507, 2.0907328
3.553985, 2.6953545, 1.6670799
3.6363497, 2.6639466, 2.0772784
3.471007, 2.6993906, 1.5988533
3.4824758, 2.7129712, 2.033802
3.4037902, 2.743767, 1.476064
3.4077346, 2.7333984, 1.4113092
3.4131918, 2.7486897, 1.3970664
3.5973594, 2.6753752, 2.1310654
3.4098797, 2.7305999, 1.8718685
3.4485822, 2.7191024, 0.59425753
3.3865082, 2.7518308, 1.7439307
3.5361893, 2.6907454, 1.7104495
3.4688735, 2.7142427, 0.66827375
3.4003348, 2.7453828, 1.9940164
3.6088867, 2.6749043, 2.089282
3.4947615, 2.705208, 1.6663988
3.421278, 2.740563, 1.1970973
3.5308447, 2.703771, 0.5653684
3.5960233, 2.6711829, 2.0790212
3.3936472, 2.7442267, 1.5629209
3.452461, 2.7197716, 0.5576623
3.402026, 2.7427428, 1.4473776
3.5385985, 2.698334, 0.7608496
3.4647958, 2.7173417, 1.9317342
3.5413878, 2.703023, 1.4590306
3.5454879, 2.688292, 1.1059111
3.4935765, 2.718817, 1.7269276
3.5842855, 2.6837373, 0.6664012
3.5216212, 2.7055445, 2.117213
3.553225, 2.6857333, 0.9887203
3.519145, 2.6988735, 1.0073088
3.5814948, 2.6849332, 0.7204307
3.4733179, 2.7126048, 0.808827
3.7279387, 2.6351209, 2.126979
3.584574, 2.6902614, 0.47681484
3.5153108, 2.695436, 1.6693819
3.6993914, 2.6430206, 2.0892622
3.5618877, 2.681103, 0.5808967
3.5781796, 2.6754172, 0.6149568
3.4227943, 2.7342725, 1.580796
3.5901368, 2.6791863, 0.52096033
3.3992002, 2.7366216, 1.393822
3.3992503, 2.7379045, 1.426824
3.5723045, 2.6778789, 1.0573963
3.3964076, 2.7449493, 1.8107561
3.3947468, 2.7411513, 1.8576218
3.4507103, 2.7291675, 1.5309598
3.5429237, 2.701835, 1.3745009
3.4371388, 2.7289639, 0.5533724
3.602776, 2.6857538, 0.46168464
3.5486393, 2.6929073, 0.9121135
3.5494223, 2.69342, 1.2090623
3.5291364, 2.6915064, 2.1342125
3.5479796, 2.6930926, 1.3469932
3.544074, 2.7044837, 0.43158808
3.4119682, 2.7447577, 1.3097839
3.6130934, 2.6674705, 2.1328115
3.4922767, 2.6972816, 0.6090536
3.5136034, 2.7139435, 2.0114315
3.5383575, 2.6885898, 0.6201212
3.5127792, 2.6944013, 2.0341015
3.5260744, 2.715157, 0.43488938
3.4316745, 2.7316842, 1.9687054
3.4464512, 2.7131429, 1.0132154
3.486105, 2.7248437, 2.1311622
3.4252493, 2.7300272, 1.0766106
3.575578, 2.6779146, 0.6868661
3.5439222, 2.6895454, 0.9305643
3.4852662, 2.7086847, 0.8545506
3.5403323, 2.6919065, 1.8131042
3.4654167, 2.7213488, 0.47050327
3.4369574, 2.7398314, 0.6049951
3.4950035, 2.7220638, 0.7042958
3.4525516, 2.725092, 0.6279259
3.5349374, 2.697198, 1.3074133
3.5010657, 2.707233, 1.7285076
3.490613, 2.7020926, 0.6972484
3.4378085, 2.7146752, 1.6750786
3.444759, 2.7406714, 1.7805626
3.5275152, 2.7036405, 1.0498116
3.4476175, 2.7157776, 1.7909446
3.4683726, 2.7094378, 0.50885445
3.3931553, 2.7454226, 1.7730616
3.594059, 2.6834722, 0.5376325
3.5315416, 2.6901054, 0.7078508
3.468225, 2.714978, 1.1465517
3.4722948, 2.7119133, 1.8491976
3.6466517, 2.657122, 2.1283858
3.4251723, 2.7408528, 2.0096529
3.5143013, 2.7096767, 1.1149335
3.4075751, 2.7506454, 1.6443114
3.3938403, 2.7466428, 1.7896229
3.5864336, 2.6915634, 0.44234616
3.5355895, 2.7043104, 1.6697221
3.489883, 2.7101746, 0.8068726
3.4386282, 2.7198157, 1.807693
3.4840593, 2.702806, 1.4905653
3.5263722, 2.707775, 1.8901427
3.4872909, 2.7089314, 1.8123311
3.5522165, 2.694231, 1.543669
3.52559, 2.7044759, 1.9645281
3.4530973, 2.7293878, 0.52988183
3.4161317, 2.7294981, 1.4245187
3.4286919, 2.7445881, 1.5397865
3.5401225, 2.6775098, 0.5873735
3.6001968, 2.6918445, 0.58961844
3.4687443, 2.7158504, 1.949444
3.5079322, 2.7224212, 1.4500697
3.5620794, 2.6997352, 0.76851815
3.5691507, 2.6879592, 0.43000054
3.5658076, 2.688518, 0.4884747
3.4305713, 2.7320163, 1.0942082
3.5707784, 2.6912766, 1.330333
3.466576, 2.7113323, 1.0959423
3.4889562, 2.7245686, 1.9183967
3.5602221, 2.6902163, 0.5265396
3.5262294, 2.7106166, 0.45131642
3.5420954, 2.7050784, 1.5095941
3.5338402, 2.6958277, 1.4706178
3.561345, 2.6863496, 0.4537654
3.4737546, 2.7289534, 0.56367916
3.422401, 2.7313006, 1.4645116
3.5687714, 2.675878, 0.7418119
3.5283897, 2.720413, 1.4570315
3.5968118, 2.6589334, 2.095769
3.5374725, 2.6788187, 0.8517165
3.567859, 2.684794, 0.8680024
3.5147607, 2.7141511, 1.4490815
3.786727, 2.6127498, 2.090725
3.486792, 2.7208438, 0.4780293
3.3893447, 2.746799, 1.7295976
3.4145827, 2.7365308, 1.5465586
3.4104657, 2.7424815, 1.6269672
3.4890127, 2.7275896, 0.8448769
3.5304046, 2.6907835, 1.0111893
3.5207033, 2.7038038, 2.0829053
3.5656295, 2.6853042, 1.3480034
3.5192566, 2.711784, 1.1940246
3.5103152, 2.7149487, 1.5713582
3.553193, 2.7068164, 0.8645253
3.7757902, 2.6278043, 2.091127
3.4872828, 2.7266812, 1.3692377
3.5414355, 2.6994462, 1.871038
3.5915973, 2.7018642, 0.6738696
3.4425607, 2.7242472, 0.640043
3.5475726, 2.6897497, 1.2267213
3.4355273, 2.7355986, 1.74775
3.4583871, 2.7305791, 0.4378086
3.5740538, 2.679055, 2.09509
3.4531856, 2.744222, 1.4914209
3.4781826, 2.7322636, 0.42268488
3.4363365, 2.747665, 1.5517975
3.4931753, 2.7093632, 0.98886466
3.5328383, 2.6866758, 1.7356117
3.4941397, 2.6985178, 0.9766833
3.5124578, 2.7023697, 2.1279523
3.45633, 2.7168007, 1.8583623
3.44936, 2.7443871, 1.5915235
3.410745, 2.7396939, 1.7954224
3.550537, 2.6839693, 1.5174657
3.4921484, 2.6971772, 0.5908505
3.564867, 2.694624, 1.1865784
3.4474082, 2.7354488, 2.1287959
3.5462437, 2.7058172, 0.4714145
3.462082, 2.7126644, 1.5893133
3.4651093, 2.723259, 1.8256162
3.5331547, 2.6936836, 0.87190557
3.5291624, 2.6915252, 1.588851
3.468667, 2.728527, 0.8005114
3.530518, 2.6891024, 1.3278288
3.529544, 2.7082558, 1.9819692
3.5564957, 2.6906674, 1.1732475
3.4694703, 2.7148235, 1.1295518
3.451562, 2.718044, 2.0252717
3.5298898, 2.701461, 0.58424175
3.8214428, 2.596163, 2.1006784
3.5824208, 2.6868105, 1.1590469
3.8538156, 2.588269, 2.0860987
3.833429, 2.575495, 2.1188846
3.8919568, 2.5806255, 2.0818293
3.5298676, 2.6909375, 0.99117345
3.5140853, 2.694804, 2.0693324
3.4853046, 2.7136126, 2.0087957
3.491748, 2.7252364, 0.43066746
