4.363639, 1.7516441, 0.7560725
4.32892, 1.7719808, 0.76357484
4.382755, 1.7593095, 0.73292446
4.340201, 1.7425961, 0.77364916
4.351265, 1.7644165, 0.7540242
4.3266034, 1.8050773, 0.79109514
4.340634, 1.7853143, 0.8079129
4.3692126, 1.754453, 0.6891466
4.346138, 1.8152673, 0.7305791
4.3146987, 1.818898, 0.81785023
4.337906, 1.8284196, 0.83143
4.3255067, 1.8032639, 0.828411
4.345959, 1.786795, 0.8253376
4.3220215, 1.8024904, 0.8106477
4.3469677, 1.8325825, 0.7548791
4.3796525, 1.8186072, 0.8438249
4.3984575, 1.7645745, 0.82320595
4.334362, 1.8062712, 0.845063
4.353732, 1.7457511, 0.8263285
4.3439627, 1.7851403, 0.84402114
4.3606815, 1.7515633, 0.6441509
4.344232, 1.7910105, 0.69496006
4.3530655, 1.8188438, 0.7101024
4.3415318, 1.8305355, 0.7186504
4.3445764, 1.7848293, 0.86266994
4.326047, 1.7700135, 0.87486076
4.368753, 1.7117294, 0.6380863
4.3482747, 1.7358514, 0.60401154
4.329219, 1.7512064, 0.630016
4.324952, 1.7954986, 0.90248656
4.3246865, 1.811954, 0.9199892
4.397008, 1.6807683, 0.58312094
4.3867884, 1.6939492, 0.6732667
4.370678, 1.6644918, 0.60264814
4.372587, 1.6927637, 0.66402864
4.3676605, 1.7495596, 0.5825751
4.331244, 1.7884978, 0.6228488
4.3498983, 1.7670481, 0.9255408
4.3438506, 1.7810463, 0.95484364
4.326873, 1.8232607, 0.94419026
4.391008, 1.6662252, 0.5767083
4.3918104, 1.6950579, 0.6908931
4.408707, 1.683823, 0.67498547
4.313458, 1.8050411, 0.64471364
4.351337, 1.7834059, 0.9718683
4.3775253, 1.7329803, 0.95169556
4.3941603, 1.7615199, 0.9726076
4.3399696, 1.8163444, 0.97229016
4.315009, 1.8530717, 0.99181926
4.362093, 1.7261801, 0.97272664
4.413778, 1.7574801, 0.96969366
4.3802476, 1.6810107, 0.9404561
4.3809237, 1.7350663, 0.9326711
4.3595223, 1.8715972, 1.0027825
4.362201, 1.7254739, 0.9909851
4.382112, 1.6616564, 0.9349462
4.3810563, 1.7366278, 0.8957076
4.329824, 1.824014, 1.035013
4.317535, 1.8522611, 1.04615
