1.6100185, 1.8515463, 0.75440323
1.6533575, 1.851878, 0.7618518
1.6271234, 1.8067615, 0.75440764
1.6441754, 1.8277102, 0.75668174
1.6527637, 1.9305714, 0.755851
1.6060941, 1.7685118, 0.7528252
1.6119653, 1.7871101, 0.75477684
1.6721108, 1.7466683, 0.7545518
1.6892447, 1.8056474, 0.7575871
1.6682647, 1.9484127, 0.7569263
1.6881316, 1.7272635, 0.75731647
1.6663672, 1.7653067, 0.7571867
1.7068217, 1.8286278, 0.7609097
1.7358145, 1.8746336, 0.7571253
1.8900713, 1.7264657, 0.76463854
1.7901208, 1.7089372, 0.7637817
1.7509742, 1.8102448, 0.76223177
1.8318968, 1.754479, 0.7663627
1.9126588, 1.7491288, 0.76253116
1.8638005, 1.7292928, 0.7588054
1.787574, 1.6905382, 0.76266104
1.8516754, 1.6738008, 0.76362276
1.8694509, 1.6868076, 0.7645248
1.6911607, 1.9520092, 0.7644423
1.7698979, 1.849153, 0.76334053
1.772092, 1.8890214, 0.75867957
1.7526108, 1.8684272, 0.755594
1.8963335, 1.762882, 0.75845677
1.8720987, 1.792536, 0.7661205
1.8910657, 1.8299377, 0.76308554
1.9302944, 1.7284939, 0.76543146
1.7667761, 1.8276076, 0.7630755
1.6521528, 1.7292134, 0.7556524
1.9263917, 1.7907729, 0.7648818
1.766627, 1.9144111, 0.7569911
1.9086335, 1.8515894, 0.7641249
1.833683, 1.9314846, 0.7620225
1.9382854, 1.8927317, 0.76748
1.6733028, 1.789339, 0.7537481
1.7110406, 1.788249, 0.7562223
1.7480849, 1.6658069, 0.7585885
1.9097013, 1.6893048, 0.7642531
1.6101942, 1.8278875, 0.75430083
1.9273808, 1.9047393, 0.76494855
1.7837905, 1.725531, 0.7576461
1.6716166, 1.7051119, 0.75622207
1.9537868, 1.913457, 0.766777
1.649904, 1.6690507, 0.76253104
1.93029, 1.7688102, 0.76301086
1.7734206, 1.7117436, 0.7563352
1.6294284, 1.849549, 0.75522083
1.6305436, 1.8927526, 0.7545445
1.9282702, 1.873425, 0.76497084
1.8101499, 1.7297688, 0.7639759
1.8519566, 1.6664158, 0.75023544
1.6272663, 1.6880472, 0.7561203
1.746161, 1.8479825, 0.7566207
1.9098918, 1.8868021, 0.7646115
1.8326446, 1.7876029, 0.76458144
1.9293917, 1.7554181, 0.7649364
1.6322659, 1.8296412, 0.75536925
1.9128754, 1.782758, 0.7578801
1.8890705, 1.8712792, 0.7624171
1.9501568, 1.7741685, 0.7654749
1.5911672, 1.7910153, 0.7509767
1.9710238, 1.7674813, 0.7636337
1.8503217, 1.8051245, 0.7645114
1.8123502, 1.7689875, 0.76385486
1.789811, 1.9261758, 0.7578599
1.7066411, 1.7719808, 0.7542029
1.8467733, 1.7086148, 0.7629477
1.7284766, 1.8239768, 0.7575599
1.7766447, 1.7855489, 0.7567155
1.6479628, 1.8752663, 0.7541802
1.9056436, 1.955302, 0.7599426
1.8060069, 1.811636, 0.75854504
1.6497955, 1.8885677, 0.7551607
1.8842101, 1.7448968, 0.75747633
1.6721097, 1.728524, 0.75602376
1.8113203, 1.8288507, 0.7632721
1.7516342, 1.7496617, 0.7588527
1.6885452, 1.6698766, 0.7574865
1.9323298, 1.8222613, 0.7623859
1.6577637, 1.750815, 0.7533146
1.8669807, 1.8863556, 0.76262105
1.7869829, 1.9072139, 0.7566865
1.847366, 1.869257, 0.7633053
1.631736, 1.7251494, 0.76211965
1.9684442, 1.8670177, 0.7582791
1.8915365, 1.7507939, 0.76660854
1.8312603, 1.6885945, 0.76357603
1.9690033, 1.9267641, 0.7675638
1.6303123, 1.7104077, 0.7561552
1.950216, 1.8439041, 0.759544
1.8987586, 1.9452783, 0.7538615
1.8103524, 1.9261152, 0.7574277
1.7101367, 1.849699, 0.7635009
1.8299522, 1.6957704, 0.7582307
1.8616217, 1.8953707, 0.7576522
1.8129056, 1.671977, 0.7645344
1.9299735, 1.9477603, 0.76557785
1.850925, 1.9493259, 0.76414406
1.80881, 1.7899551, 0.76305985
1.9916246, 1.8721645, 0.7557401
1.6905822, 1.7922678, 0.75736785
1.5902624, 1.848164, 0.7507349
1.7575741, 1.6878246, 0.7578109
1.6883187, 1.7690123, 0.7575276
1.8321519, 1.8154597, 0.76532704
1.8869271, 1.9067395, 0.762409
1.7187918, 1.8500116, 0.75862867
1.9127628, 1.9517883, 0.7630714
1.8881781, 1.8548472, 0.7579574
1.8776156, 1.9170144, 0.7573331
1.7982241, 1.8738198, 0.7560992
1.8552626, 1.7851386, 0.75852776
1.6884384, 1.8929917, 0.7563289
1.7918137, 1.7700529, 0.756656
1.9293492, 1.7045517, 0.7635337
1.6859233, 1.9325576, 0.7554715
1.7662656, 1.667561, 0.7529155
1.8126467, 1.8942126, 0.7560725
1.8887057, 1.6957532, 0.7644782
1.8292527, 1.847058, 0.7632748
1.7892283, 1.7890698, 0.76415175
1.8307503, 1.9556502, 0.76424086
1.6715314, 1.6910495, 0.7565576
1.8041725, 1.9854876, 0.79923904
1.8849705, 1.824114, 0.7588111
1.9458126, 1.8733118, 0.76329505
1.8909128, 1.8101646, 0.7652408
1.6700026, 1.8742683, 0.7565999
1.8304949, 1.9109573, 0.7571663
1.6085984, 1.747976, 0.7546063
1.6516296, 1.848842, 0.75655496
1.8276942, 1.667996, 0.7514982
1.8459537, 1.7514641, 0.76591825
1.7928143, 1.8076608, 0.7574762
1.8096647, 1.7130554, 0.75694185
1.7623663, 1.8530548, 0.75721055
1.9522065, 1.8924181, 0.7669787
1.6077121, 1.8088514, 0.7541131
1.9547907, 1.6719182, 0.7506976
1.7890155, 1.6933451, 0.7580767
1.8252345, 1.9668573, 0.75794923
1.7281064, 1.7964443, 0.75907034
1.7118053, 1.9087051, 0.759015
1.630626, 1.6694798, 0.75369275
1.867368, 1.7125528, 0.7653136
1.9149514, 1.9703509, 0.77193284
1.9926974, 1.8475566, 0.7513174
1.6287038, 1.8724387, 0.7532089
1.5930411, 1.7494982, 0.75282574
1.8921065, 1.8853531, 0.7578678
1.8927202, 1.684454, 0.7576981
1.8718295, 1.7346007, 0.7659872
1.946013, 1.7866682, 0.75948477
1.7527298, 1.894778, 0.75686663
1.625658, 1.789992, 0.7534691
1.6878127, 1.7532347, 0.75498444
1.8684031, 1.7695805, 0.7650707
1.6474296, 1.692961, 0.75744224
1.7312857, 1.8478733, 0.75731236
1.8510091, 1.6927756, 0.76490563
1.9478986, 1.96932, 0.767102
1.6074874, 1.7360592, 0.7483331
1.9334978, 1.9315735, 0.76637113
1.7079636, 1.7350522, 0.75843495
1.6899977, 1.8862627, 0.7627491
1.7891191, 1.7467993, 0.75850296
1.8671244, 1.8596308, 0.75937057
1.7290267, 1.6655861, 0.7549595
1.8081355, 1.9509122, 0.763327
1.6646755, 1.8351104, 0.7567617
1.8042889, 1.7440975, 0.75596535
1.6483713, 1.8144999, 0.7574211
1.87468, 1.8620157, 0.75888616
1.6834934, 1.8618273, 0.763594
1.7109004, 1.6937379, 0.7570724
1.7278243, 1.7095938, 0.75892645
1.7037749, 1.9277266, 0.75457996
1.7318544, 1.9049151, 0.7592181
1.928762, 1.8538578, 0.76298
1.9679052, 1.9855686, 0.7665784
1.963539, 1.7086854, 0.7655199
1.7326931, 1.6723769, 0.76238745
1.7842133, 2.0293944, 0.79843706
1.914991, 1.8032043, 0.7629785
1.7518616, 1.7518234, 0.7634505
1.811751, 1.748042, 0.7638025
1.8911654, 1.9270498, 0.76513076
1.7749186, 1.6840779, 0.7572805
1.9267457, 1.6715995, 0.7664629
1.8667921, 1.908121, 0.76564825
1.9770348, 1.8028183, 0.7580325
1.6510847, 1.7710838, 0.7558598
1.6361269, 1.7256564, 0.756893
1.8525027, 1.8885635, 0.764341
1.6459682, 1.7085379, 0.7572853
1.7907637, 1.8111831, 0.76521355
1.9529635, 1.9532907, 0.76778436
1.7753735, 1.7366332, 0.75371546
1.7521422, 2.0358815, 0.79647607
1.7512053, 2.0101087, 0.7970391
1.7663325, 2.0313537, 0.79624075
1.792063, 2.0491388, 0.8031549
1.6119797, 1.6917485, 0.7492982
1.7328093, 2.0491457, 0.7930909
1.7263591, 2.0125039, 0.7976225
1.7463285, 1.9701937, 0.8046241
1.7095152, 2.0671701, 0.79965067
1.5942714, 1.7710886, 0.7516547
1.8236107, 1.8021582, 0.7586001
1.7426538, 1.9562659, 0.75728226
1.5876409, 1.8900104, 0.7504533
1.9113046, 1.9111176, 0.7648497
1.7758353, 1.8687484, 0.75729156
1.9112866, 1.8702736, 0.7577769
1.8491291, 1.8328011, 0.7656867
1.7712923, 1.6937938, 0.763666
1.9927353, 1.8109133, 0.7541563
1.6710753, 1.8071153, 0.7577522
1.7527289, 1.8289562, 0.75649655
1.8695792, 1.8321811, 0.7559131
1.9512423, 1.9261494, 0.7670366
1.7336975, 1.7729177, 0.7573407
1.9092203, 1.6698734, 0.7505008
1.8923802, 1.7880464, 0.76321155
1.6880236, 1.8273977, 0.7578044
1.9497106, 1.8469416, 0.7662756
1.8290216, 1.7678106, 0.762445
1.7900822, 1.8892304, 0.7571328
1.7888175, 1.9935676, 0.79795283
1.970979, 1.7704927, 0.7595364
1.8140159, 2.0090497, 0.7990754
1.7120028, 1.9889675, 0.7979451
1.750144, 1.7296185, 0.7630428
1.9446876, 1.7514192, 0.76498115
1.9465075, 1.6900975, 0.7659185
1.8111048, 1.9360731, 0.76255035
1.7149737, 2.0515735, 0.7944473
1.7667692, 1.7490913, 0.76371384
1.7987782, 1.793368, 0.75692254
1.5892746, 1.8292164, 0.7497375
1.8539022, 1.8674818, 0.7590891
1.9933326, 1.7709413, 0.75674766
1.9332422, 1.8120459, 0.76492447
1.8093101, 1.8878081, 0.76380455
1.8486713, 1.9321125, 0.75667536
1.6876347, 1.636184, 0.74817777
1.8681538, 1.8790102, 0.7666129
1.8005106, 1.8673927, 0.7585956
1.943363, 1.8778448, 0.75977343
1.7549376, 1.7102726, 0.75893354
1.7089387, 1.6703768, 0.7650767
1.8217325, 1.7254412, 0.75885624
1.6478812, 1.90831, 0.75692874
1.793505, 1.8354292, 0.7636627
1.7546484, 1.9283571, 0.7543067
1.6294782, 1.6491019, 0.7534488
1.6694498, 1.6702741, 0.75565135
1.8498491, 1.7315617, 0.7671651
1.9356492, 1.9804367, 0.79001904
1.7303957, 1.7291601, 0.7621637
1.9916856, 1.8118631, 0.77426237
1.7462698, 1.7081492, 0.7656808
1.9110835, 1.7111913, 0.7660194
1.9509089, 1.7147892, 0.7663055
1.9539107, 1.8334564, 0.7649122
1.9696248, 1.7362685, 0.7637031
1.7686049, 1.8036485, 0.7629419
1.6885275, 1.7067914, 0.7557661
1.8346266, 1.7458547, 0.7579258
1.9747403, 1.6735107, 0.752114
1.9108813, 1.8330547, 0.7645561
1.967478, 1.8889552, 0.7690402
1.7258686, 1.6907222, 0.756368
1.6483876, 1.6746621, 0.7583002
1.8288779, 1.7174599, 0.76531863
1.8533047, 1.774072, 0.7650556
1.7347848, 1.9890618, 0.79617345
1.6102796, 1.8695093, 0.7567513
1.9308534, 1.6925232, 0.76622146
1.8348665, 1.9577947, 0.7599727
1.8101891, 1.7103373, 0.7633855
1.8907353, 1.9667712, 0.7736129
1.7159152, 1.7501972, 0.7576185
1.9088607, 1.8430991, 0.75772107
1.7288481, 1.7923046, 0.7634352
1.7657273, 1.9978449, 0.80199873
1.8098693, 1.8296969, 0.7576554
1.7908487, 1.8865216, 0.7648179
1.8372244, 1.8741388, 0.75948244
1.7124858, 1.7706327, 0.76252156
1.8884009, 1.9554186, 0.76417154
1.9710177, 1.8070201, 0.76697814
1.8094076, 1.8563919, 0.76393735
1.8891221, 1.8460234, 0.76208925
1.6149343, 1.7073518, 0.7539482
1.9076262, 1.7344779, 0.76418084
1.8710891, 1.9338633, 0.76348186
1.7321216, 1.6947119, 0.7624765
1.9141923, 1.7706125, 0.76431763
1.9289305, 1.9728942, 0.7891861
1.7649066, 1.8133267, 0.7566797
1.7306397, 1.7127593, 0.762132
1.7313585, 1.8684973, 0.7623104
1.7713685, 1.9297004, 0.7617832
1.890151, 1.7097174, 0.76428574
1.615027, 1.6323308, 0.7548647
1.7064949, 1.8108975, 0.7553858
1.8112853, 1.6903634, 0.7580401
1.6511006, 1.6514652, 0.7537914
1.7692667, 1.7733225, 0.7643312
1.8535142, 1.9934024, 0.79548746
1.9730191, 1.6933854, 0.76710355
1.8711687, 1.9659559, 0.7702427
1.9704263, 1.9152815, 0.7654077
1.6830745, 1.6868954, 0.75606763
1.9280453, 1.8684263, 0.75882834
1.7695823, 1.9327639, 0.757295
1.9174017, 1.9847784, 0.7691482
1.7335947, 1.7319838, 0.75462914
1.7142997, 1.7128844, 0.7577199
1.6491022, 1.9451098, 0.755445
1.8657506, 1.7047324, 0.7562659
1.802442, 1.9523365, 0.756053
1.8511429, 2.0120249, 0.80418336
1.8299696, 2.013293, 0.7962147
1.8349584, 1.9362057, 0.757465
1.938446, 1.7913201, 0.7594446
1.8091624, 1.9093232, 0.75790155
1.8752961, 1.6716223, 0.76375616
1.6238905, 1.7704496, 0.76286167
1.7086313, 1.6722276, 0.75605094
1.7508382, 1.7889966, 0.7579447
1.8532267, 1.9619516, 0.75539213
1.7832168, 1.8221097, 0.7589786
1.8413165, 1.9060512, 0.75944203
1.7322146, 1.7512308, 0.7572145
1.9508008, 1.8075856, 0.76418054
1.9320047, 1.6842555, 0.7561387
1.8326008, 1.9899896, 0.8033809
1.8287158, 1.8849361, 0.7571921
1.8287697, 1.8817346, 0.76213473
1.8264282, 1.8590729, 0.7567479
1.7114332, 1.9484792, 0.7537937
1.787649, 1.6663343, 0.763304
1.8484501, 1.9092531, 0.7640788
1.6956173, 1.9135882, 0.7572636
1.670768, 1.910887, 0.7559744
1.9880172, 1.8470432, 0.7765148
1.6876991, 1.6957374, 0.76266116
1.965665, 1.9625448, 0.75736266
1.7845631, 2.0700102, 0.79589546
1.6473556, 1.634411, 0.7449382
1.6891441, 1.7328802, 0.7646995
1.9354198, 1.7089187, 0.75930524
1.7313383, 1.8900732, 0.75647396
1.8613657, 1.9299717, 0.7555296
1.7509907, 1.7747418, 0.75613207
1.7705704, 1.8322016, 0.75693035
1.9450651, 1.9360609, 0.75953406
1.6504505, 1.731765, 0.7623633
1.7693386, 1.9475007, 0.75350755
1.9033799, 1.6819613, 0.7552907
1.7111661, 2.0139165, 0.7985754
1.7154266, 1.8332777, 0.7573028
1.8312038, 1.6693022, 0.7621294
1.8531238, 2.042171, 0.79142666
1.8483794, 2.0747068, 0.80314606
1.954387, 1.7339146, 0.7680208
1.6737243, 1.8971547, 0.7570173
1.8588061, 1.8452564, 0.75552446
1.841391, 1.8225224, 0.7572057
1.9617, 1.9842541, 0.7893566
1.7890713, 1.8433683, 0.7638322
1.9669024, 1.8277415, 0.77549595
2.0083544, 1.8506306, 0.7475392
1.9277389, 1.8582265, 0.75920963
1.7713919, 1.8940952, 0.76232266
1.974725, 1.8429013, 0.75873804
1.7901077, 1.8564228, 0.75792074
1.8495238, 1.6853409, 0.75489473
1.7134895, 1.8834797, 0.7561775
1.6922505, 1.6708748, 0.76352
1.8974731, 1.7310213, 0.75941724
1.7876396, 2.0501542, 0.7974322
1.7127051, 1.928756, 0.76150626
1.9101554, 1.7970666, 0.76493895
1.7479185, 1.9371815, 0.7602878
1.8719006, 1.8062999, 0.7573613
1.7259108, 1.9548448, 0.7569995
1.8304085, 1.736736, 0.7660927
1.6263787, 1.7093807, 0.76221454
1.9861592, 1.7368362, 0.75816524
1.8365073, 1.71369, 0.7597376
1.7046407, 1.869392, 0.7531288
1.8664773, 1.6945717, 0.7599335
1.8703572, 1.7548971, 0.75672287
1.8913642, 1.771028, 0.7688095
1.7468199, 1.685648, 0.7635391
1.8750224, 1.7510177, 0.76692075
1.8061316, 2.0495007, 0.79720545
1.8310859, 2.070411, 0.7950904
1.7149746, 1.9603884, 0.75635475
1.6675738, 1.6307192, 0.75760263
1.69056, 1.8478305, 0.7542782
1.7613918, 1.9637556, 0.8009736
2.003831, 1.8113832, 0.7506589
1.7924879, 1.8630847, 0.7634094
1.8538991, 1.7315573, 0.7589165
1.7975404, 2.0188906, 0.79661214
1.9249108, 1.8930501, 0.7580071
1.923674, 1.9916481, 0.75443095
1.9834452, 1.7913468, 0.7745795
1.9013681, 1.703775, 0.75906086
1.8084759, 1.9098936, 0.76412857
1.7508625, 1.9511526, 0.7650652
1.9138522, 1.9636184, 0.759439
1.8825758, 1.713461, 0.75917697
1.7772244, 1.9601303, 0.75799644
1.8119965, 1.8783863, 0.764316
1.8308668, 1.7625939, 0.75758123
1.8679233, 1.8224728, 0.76486146
1.8104472, 1.7365246, 0.7569304
1.8402538, 1.957936, 0.75969434
1.7252699, 1.7524364, 0.76168394
1.7709122, 1.8763301, 0.7616493
1.617675, 1.6645119, 0.7612095
1.7508597, 1.671993, 0.7629632
1.85934, 1.8090872, 0.7597957
1.7444417, 2.0287063, 0.8035282
1.9678116, 1.9711735, 0.8056879
1.9060991, 1.8277009, 0.75824237
1.7516525, 1.83721, 0.7617585
1.7926227, 1.672978, 0.75528157
1.7325301, 1.8096025, 0.7611996
1.7174193, 1.7461468, 0.7618875
1.7226373, 1.9323725, 0.7555481
1.9024622, 1.868426, 0.76349235
1.8690484, 1.957602, 0.7541159
1.7402798, 2.0437448, 0.7946027
1.7850081, 1.7746302, 0.7606974
1.8078775, 2.0729668, 0.7971502
1.6882403, 1.8776371, 0.75235856
1.7944633, 1.6519148, 0.7558915
1.813141, 1.8122238, 0.76070756
1.5933428, 1.8676062, 0.7525323
1.7575581, 1.9136485, 0.76153594
1.612918, 1.6671145, 0.7504161
1.6523964, 1.6943442, 0.7612792
1.7436363, 1.81898, 0.7577317
1.8648176, 2.0747762, 0.7999875
1.686013, 1.6433668, 0.7671882
1.979162, 1.9691311, 0.77892363
1.8409966, 1.7124604, 0.758896
1.6329777, 1.7498615, 0.75707066
1.8263154, 2.0402057, 0.7964821
1.6694467, 1.7092811, 0.7613421
1.6734648, 1.8530166, 0.7569893
1.7247877, 1.9633117, 0.7534442
1.6496431, 1.7514535, 0.7615482
1.6101177, 1.649626, 0.7504402
1.6318023, 1.9120178, 0.7558903
1.8123361, 1.6670281, 0.7532951
1.8501065, 1.9304553, 0.7609691
1.7116377, 1.8019891, 0.7617637
1.7870288, 2.0663023, 0.8025039
1.8349891, 1.9093308, 0.7609229
1.9880977, 1.7642269, 0.7625713
1.8463885, 1.8577878, 0.7680828
1.777964, 2.051165, 0.7983158
1.8803146, 1.7956353, 0.7597837
1.9645658, 1.6803999, 0.74497986
1.7722445, 2.017286, 0.800616
1.742151, 1.8470423, 0.7600858
1.9856762, 1.9293402, 0.7700128
1.7620296, 2.0007138, 0.7974834
1.7708702, 1.9100788, 0.7619282
1.8065135, 2.0687377, 0.8032968
1.7880414, 1.9153006, 0.7667951
1.831846, 2.0293312, 0.8029047
1.9074812, 1.6741016, 0.7621574
1.8593024, 1.789958, 0.76667655
1.611144, 1.8246813, 0.7611044
1.6937342, 1.9461083, 0.7561683
1.650146, 1.9450969, 0.767385
1.6960933, 1.7156985, 0.7630549
1.7450223, 1.9741578, 0.7992841
1.9571882, 1.8112147, 0.7585248
1.7589271, 1.9943094, 0.80461776
1.8499789, 2.0464041, 0.8054149
1.7351805, 2.0375075, 0.80195785
1.7506534, 1.7914804, 0.76056534
1.7845268, 2.0296898, 0.8145746
1.807442, 1.9697201, 0.80247414
