2.4901319, 1.6466184, 0.6934196
2.440658, 1.6406606, 0.5026311
2.5762334, 1.6475427, 0.57131207
2.4117146, 1.6274105, 0.56564504
2.5908241, 1.651773, 0.61117816
2.588027, 1.6476105, 0.63067704
2.570941, 1.6641045, 0.56857747
2.5690114, 1.645193, 0.5905057
2.5303977, 1.6588196, 0.519743
2.5945153, 1.6464554, 0.5956328
2.5245452, 1.6320567, 0.6454058
2.6088576, 1.6468134, 0.5870676
2.5229962, 1.644631, 0.4971352
2.5260384, 1.6455584, 0.5928019
2.5520368, 1.6437422, 0.5925671
2.5433018, 1.6487494, 0.71461385
2.5148551, 1.6342846, 0.6109372
2.4881563, 1.6349204, 0.6282318
2.429522, 1.6293256, 0.6141191
2.4547656, 1.6417614, 0.6088455
2.4528632, 1.6304199, 0.62775046
2.613364, 1.6520691, 0.61263776
2.4939885, 1.6491959, 0.70466995
2.573672, 1.6500821, 0.55175245
2.5873728, 1.6486173, 0.5496595
2.3868263, 1.6298362, 0.57224846
2.3289304, 1.6261158, 0.48885703
2.3574, 1.62251, 0.5313179
2.3684528, 1.6268028, 0.53632563
2.3558207, 1.6223714, 0.6112391
2.3533084, 1.622821, 0.59294504
2.3102868, 1.6315428, 0.5138459
2.2712462, 1.6318232, 0.51396614
2.2532687, 1.613353, 0.60987115
2.512226, 1.6344016, 0.6487495
2.5059254, 1.6484196, 0.5141965
2.5666263, 1.650918, 0.5136999
2.5763521, 1.6480411, 0.6918587
2.5334284, 1.6537931, 0.71389216
2.5757957, 1.6686507, 0.51517063
2.4675362, 1.6494933, 0.62975854
2.3040667, 1.6278039, 0.62869346
2.570314, 1.6489282, 0.61591744
2.495819, 1.6444387, 0.60684454
2.409826, 1.6235104, 0.62939805
2.550548, 1.6344148, 0.6898315
2.572133, 1.647763, 0.7121052
2.5298128, 1.644216, 0.52342653
2.3725486, 1.6303313, 0.515502
2.27282, 1.6331611, 0.5877893
2.587757, 1.6485075, 0.64800894
2.2472634, 1.6177461, 0.62841105
2.2904837, 1.6298274, 0.5138206
2.189308, 1.6311599, 0.51301795
2.6174507, 1.6633878, 0.57464975
2.5537286, 1.6498389, 0.5286046
2.3246803, 1.6259574, 0.59312904
2.389283, 1.6288387, 0.63095206
2.5792334, 1.6624272, 0.6995342
2.5060349, 1.6292038, 0.63378143
2.5055532, 1.6479244, 0.67095155
2.5730395, 1.655256, 0.48868892
2.569055, 1.6446506, 0.6701592
2.2469647, 1.6227212, 0.6058738
2.522581, 1.6467919, 0.6531929
2.3725116, 1.6167922, 0.51178646
2.5582309, 1.6463164, 0.61097735
2.511064, 1.634454, 0.6893036
2.2720976, 1.6219695, 0.49678162
2.3754458, 1.635621, 0.5683006
2.5003629, 1.6400219, 0.61849123
2.3297327, 1.628538, 0.5244436
2.591495, 1.6516852, 0.5145503
2.6140096, 1.660123, 0.49891314
2.3909335, 1.626589, 0.49250236
2.4072547, 1.619572, 0.5388733
2.5996082, 1.6416465, 0.72705317
2.6289258, 1.6529413, 0.5516994
2.3414147, 1.640552, 0.518725
2.5749502, 1.6496263, 0.65159047
2.2453647, 1.6133702, 0.5267993
2.4125235, 1.6243321, 0.6123611
