0.5018543, 2.3130646, 1.5503951
0.4888786, 2.3522007, 1.5506754
0.49054396, 2.3110435, 1.57296
0.4941338, 2.330962, 1.530158
0.4900332, 2.3525991, 1.5287044
0.49062252, 2.3279717, 1.5695802
0.49671227, 2.3322804, 1.5880902
0.49281088, 2.34763, 1.5942358
0.48120022, 2.3722985, 1.569063
0.48998865, 2.354164, 1.5081074
0.4821405, 2.3767684, 1.508115
0.49514723, 2.3381517, 1.6085362
0.48249614, 2.3750815, 1.559802
0.48719072, 2.3431802, 1.4900181
0.48479605, 2.3640773, 1.4950982
0.4903928, 2.3452058, 1.6077635
0.49079448, 2.3482661, 1.6310009
0.4933439, 2.345493, 1.4487998
0.5051799, 2.3060942, 1.4508526
0.5094169, 2.2896574, 1.4484484
0.4923818, 2.3471391, 1.4273784
0.5006576, 2.3278506, 1.4293605
0.4960603, 2.3297753, 1.4106135
0.49720424, 2.3686774, 1.4159477
0.50295603, 2.2930923, 1.4044824
0.50475407, 2.332174, 1.3833662
0.50348485, 2.3147855, 1.3923898
0.5100896, 2.2891493, 1.3897198
0.5105438, 2.30651, 1.3489381
0.5098275, 2.3299966, 1.356436
0.48407626, 2.3445392, 1.7722962
0.50120544, 2.3299415, 1.3319998
0.50257945, 2.3058765, 1.7655845
0.5103799, 2.276077, 1.7479117
0.48044512, 2.369709, 1.5249724
0.49095166, 2.3684158, 1.4296262
0.48736283, 2.3343208, 1.8289034
0.48270124, 2.3776138, 1.8001224
0.51466906, 2.2881413, 1.312387
0.48412213, 2.37293, 1.4475362
0.48411918, 2.305332, 1.623702
0.5012367, 2.3133445, 1.5047235
0.5148577, 2.2846932, 1.51314
0.49575454, 2.310397, 1.7075703
0.50253004, 2.3265045, 1.4887556
0.4993573, 2.3237827, 1.5130552
0.49392253, 2.3105466, 1.8728746
0.5058137, 2.3205724, 1.4587532
0.48085886, 2.3827598, 1.8097829
0.5057703, 2.3108215, 1.3700727
0.4911598, 2.307343, 1.6103806
0.48966315, 2.3144758, 1.7740417
0.4897051, 2.3460038, 1.8177451
0.519772, 2.280903, 1.2500898
0.50494254, 2.343543, 1.2254381
0.47746295, 2.376142, 1.5457685
0.47488418, 2.3860238, 1.5592369
0.49897036, 2.3123295, 1.4275087
0.47312662, 2.393225, 1.5682665
0.48168546, 2.3640015, 1.704503
0.50989383, 2.3247275, 1.3686275
0.50545603, 2.3157961, 1.2693335
0.486944, 2.3303182, 1.9131483
0.47397602, 2.3745017, 1.8849331
0.48715454, 2.3337314, 1.9300014
0.47554162, 2.38587, 1.8746659
0.48043823, 2.37687, 1.8668016
0.5062468, 2.305191, 1.3106868
0.47592014, 2.3444593, 1.8582903
0.48179266, 2.3945417, 1.4550172
0.51146966, 2.2916079, 1.4360087
