0.52841246, 2.2725456, 0.57211375
0.5709899, 2.2577, 0.589036
0.5256843, 2.2791202, 0.582215
0.5708302, 2.2690306, 0.56854105
0.5500551, 2.2652645, 0.56963485
0.5697003, 2.268875, 0.58965695
0.57344806, 2.2565746, 0.5748923
0.5532847, 2.2650948, 0.55227
0.5669621, 2.2804134, 0.5716193
0.54870963, 2.266811, 0.63055193
0.6142852, 2.255939, 0.5724639
0.5899844, 2.2694528, 0.63092893
0.59104526, 2.270209, 0.60861844
0.56647444, 2.266421, 0.6082894
0.5894903, 2.2582276, 0.5379065
0.57048064, 2.2686765, 0.52756345
0.5886862, 2.2662306, 0.5270116
0.60924244, 2.2696304, 0.55136573
0.5705494, 2.2676868, 0.5112305
0.5791151, 2.280574, 0.6597949
0.53667325, 2.2725215, 0.6588273
0.55135953, 2.2662005, 0.6672102
0.54725015, 2.267447, 0.6484999
0.63590133, 2.2546322, 0.5492077
0.65085626, 2.2596905, 0.54221046
0.6522462, 2.2502398, 0.59187007
0.657872, 2.2581117, 0.56760013
0.64338803, 2.2652817, 0.5695863
0.5900095, 2.2555227, 0.66437584
0.6047538, 2.2554903, 0.63336146
0.58839625, 2.2654858, 0.51144755
0.5858248, 2.259121, 0.48643664
0.6276211, 2.2491863, 0.5060802
0.570418, 2.2573986, 0.48929554
0.5512482, 2.267931, 0.49025053
0.5867153, 2.2547588, 0.47206038
0.55242103, 2.2689018, 0.46980295
0.5274582, 2.276137, 0.69157594
0.5409214, 2.2810435, 0.71067244
0.5510923, 2.2693737, 0.7099878
0.65362835, 2.2862687, 0.6179882
0.6676704, 2.275301, 0.62432164
0.6674507, 2.2655768, 0.60663205
0.6517439, 2.2650945, 0.63592607
0.6293852, 2.2569313, 0.6881163
0.63823956, 2.2598815, 0.67462265
0.6229072, 2.2607522, 0.68794703
0.6087793, 2.2687392, 0.7118693
0.628866, 2.2482588, 0.49062955
0.61033726, 2.2685134, 0.4494342
0.59276414, 2.2652147, 0.4504907
0.5494762, 2.266437, 0.45079988
0.55050755, 2.2525935, 0.44575226
0.5294593, 2.2709205, 0.44883403
0.61226726, 2.2556725, 0.427231
0.5906718, 2.2574277, 0.4251426
0.53320026, 2.2713385, 0.43114576
0.5513676, 2.267558, 0.43215942
0.5347623, 2.2705605, 0.7288788
0.56734794, 2.2821977, 0.7254309
0.67272305, 2.2648578, 0.6490327
0.6889768, 2.2700877, 0.63052654
0.70700806, 2.2884884, 0.65675485
0.6846752, 2.2692451, 0.67216
0.65517664, 2.2665625, 0.6745636
0.65008205, 2.2683551, 0.68881524
0.6091741, 2.2693112, 0.72911644
0.65684587, 2.256518, 0.6975692
0.66808295, 2.2724864, 0.6905948
0.6350313, 2.2612722, 0.43988067
0.6276117, 2.25204, 0.4317984
0.5869511, 2.2560096, 0.41003865
0.5924632, 2.266526, 0.4104749
0.56873447, 2.2643352, 0.40890476
0.54855615, 2.2698293, 0.4069057
0.5891778, 2.2656124, 0.3876688
0.6042124, 2.2660992, 0.39512128
0.5692942, 2.2636216, 0.38922527
0.5500001, 2.2675295, 0.38667557
0.5794208, 2.2827368, 0.76142305
0.63368565, 2.268731, 0.7703811
0.5528466, 2.2683835, 0.3687739
0.5734774, 2.2810705, 0.81144494
0.57696295, 2.2804377, 0.79987997
0.5723219, 2.266801, 0.79054147
0.60216343, 2.2583969, 0.782332
0.639337, 2.2581904, 0.8102335
0.6483836, 2.2685602, 0.8085596
0.60865355, 2.2688475, 0.8103512
0.6723927, 2.274673, 0.7848965
0.63209325, 2.2515376, 0.786629
0.6530525, 2.2545264, 0.7897574
0.6529273, 2.2706203, 0.7686308
0.6119251, 2.2727697, 0.8261802
0.5322192, 2.270832, 0.809722
0.5427606, 2.281348, 0.85788304
0.61250854, 2.2686698, 0.85190743
0.6300879, 2.2723932, 0.84832656
0.649024, 2.2685297, 0.8296289
0.6194118, 2.258952, 0.8510432
0.6838966, 2.2891245, 0.8069269
0.562097, 2.2810862, 0.8730877
0.5250551, 2.2808144, 0.86226475
0.6187912, 2.2579348, 0.88824016
0.6355558, 2.2661572, 0.88847506
0.54877824, 2.2808475, 0.9109213
0.6195054, 2.2597303, 0.9382239
0.644761, 2.2747607, 0.9269554
0.6861329, 2.290052, 0.93010205
0.6070186, 2.2836976, 0.6073147
0.64066815, 2.2573261, 0.53757256
0.55855435, 2.2817016, 0.6920268
0.65704584, 2.3013039, 0.8234052
0.6494614, 2.2794766, 0.895736
