4.4548774, 0.21113162, 0.27149582
4.4489727, 0.17843506, 0.30714992
4.4620647, 0.23164311, 0.29293346
4.475433, 0.25216275, 0.28718507
4.464143, 0.25007528, 0.30992216
4.461957, 0.18884248, 0.20780198
4.445548, 0.18758243, 0.35226426
4.456398, 0.24598719, 0.3500533
4.4525127, 0.21033883, 0.38877547
4.4498034, 0.23229705, 0.40677333
4.4444046, 0.20752597, 0.42992464
4.436681, 0.2319525, 0.485553
4.453466, 0.3116499, 0.5670357
4.4639006, 0.3285579, 0.5695717
4.4550796, 0.31123808, 0.5862085
4.4625077, 0.3292873, 0.6150844
4.475797, 0.3428773, 0.48356292
4.445972, 0.25222954, 0.65348417
4.4510875, 0.30847532, 0.654502
4.454744, 0.328939, 0.6533809
4.448039, 0.2944787, 0.747948
4.44487, 0.26464394, 0.7922436
4.4531198, 0.3087299, 0.81277573
4.4347625, 0.28894258, 0.90892094
4.451288, 0.3142994, 0.93892527
4.444565, 0.28863612, 0.95221543
4.4343596, 0.29376543, 0.82707644
4.4559593, 0.22409081, 0.28869286
4.4519815, 0.22630347, 0.35274273
4.465274, 0.20654178, 0.2298996
4.435391, 0.1913282, 0.20572917
4.4467735, 0.23263997, 0.38871765
4.4481306, 0.30887505, 0.7914532
4.444486, 0.31208366, 0.9086677
4.448536, 0.30785593, 0.83176345
4.446722, 0.28721845, 0.9940355
4.443963, 0.31399295, 0.9921182
4.4084215, 0.18486242, 0.7926769
4.4376206, 0.18652669, 0.46856084
4.4340534, 0.29331595, 0.8584418
4.4541163, 0.3328594, 0.7081969
4.4315195, 0.2512064, 0.9954058
4.445308, 0.31255403, 1.0466805
4.42687, 0.27403533, 1.0293237
4.4443746, 0.28814447, 1.0472847
4.4384294, 0.28775215, 1.0276995
4.4471416, 0.2886458, 1.0313497
4.431002, 0.23697582, 1.0050523
4.420377, 0.21244745, 0.9698551
4.432128, 0.24724306, 1.0670898
4.425539, 0.22862351, 1.0474423
4.4353776, 0.24448583, 1.0943468
4.415423, 0.22966228, 1.0760031
4.4282775, 0.21894291, 1.0620308
4.4069157, 0.2038568, 1.0751116
4.434579, 0.28993967, 1.1165404
4.4497576, 0.33282673, 1.1159338
4.4274497, 0.27337545, 1.115069
4.417812, 0.2177161, 1.0806887
4.422618, 0.24195935, 1.1326292
4.4475145, 0.3082677, 1.1533122
4.39723, 0.19601262, 1.1269968
4.426731, 0.2746066, 1.1688508
4.447893, 0.30768067, 1.1722014
4.446995, 0.33119354, 1.1889465
4.427945, 0.23718423, 1.1874036
4.4262004, 0.2729951, 1.1873695
4.4306507, 0.305313, 1.2062485
4.4260035, 0.23390082, 1.2328033
4.41629, 0.29698154, 1.2366049
4.4171643, 0.29005435, 1.2531525
4.430988, 0.2886388, 1.3055732
4.433446, 0.3280617, 1.3446376
4.4227915, 0.2681841, 1.3064631
4.430148, 0.2930916, 1.3696996
4.412977, 0.25302926, 1.353362
4.41345, 0.22790578, 1.3699837
4.413987, 0.25271794, 1.4096481
4.4255915, 0.27066743, 1.4290655
4.411191, 0.26912713, 1.4554229
4.4258275, 0.294207, 1.429701
4.41174, 0.29092234, 1.4501456
4.4283004, 0.26160058, 1.4533985
4.4253283, 0.31557786, 1.4435263
4.427467, 0.31720763, 1.4265757
4.412145, 0.28720695, 1.465102
4.414363, 0.2912059, 1.4883513
4.4333487, 0.33390456, 1.4465796
4.4332495, 0.3327826, 1.4885626
4.4136467, 0.27412835, 1.5304197
4.4257293, 0.33038723, 1.5330256
4.413211, 0.30713966, 1.5474129
4.4257846, 0.3114297, 1.5493523
4.4072843, 0.24840681, 1.5295143
4.4270997, 0.31024113, 1.5661694
4.4276137, 0.3289166, 1.550228
4.405616, 0.27617997, 1.5810575
4.3945694, 0.24925655, 1.6339178
4.3988667, 0.27793878, 1.625553
4.408346, 0.27672875, 1.6116899
4.3953114, 0.25127923, 1.5890152
4.405029, 0.2519068, 1.6067544
4.4134483, 0.3120706, 1.6314638
4.392651, 0.27368006, 1.6700867
4.396731, 0.23633957, 1.670079
4.394213, 0.24614537, 1.6720622
4.3916135, 0.23006457, 1.6467488
4.3991203, 0.23518589, 1.6909516
4.3932548, 0.2701129, 1.6812472
4.352456, 0.21518812, 1.7101791
4.394965, 0.24329484, 1.7562761
4.375298, 0.19600283, 1.7237256
4.395998, 0.26772416, 1.7464113
4.3921323, 0.229521, 1.7709789
4.3937964, 0.25768167, 1.8126144
4.389319, 0.20447981, 1.8108835
4.3902073, 0.2555465, 1.8279418
4.4024343, 0.25776267, 1.8321954
4.381403, 0.18574393, 1.857218
4.3917193, 0.2547124, 1.8720387
4.3772078, 0.18328637, 1.8903401
4.3952193, 0.25238016, 1.8910568
4.3881164, 0.21711683, 1.9074044
4.393837, 0.28717545, 1.9501764
4.411415, 0.32567602, 1.9338465
4.4083667, 0.3275319, 1.8998476
4.408728, 0.30627313, 1.9303062
4.4082875, 0.2917608, 1.9366674
4.3904953, 0.24411911, 1.975846
4.405704, 0.26339513, 1.9929821
4.390446, 0.2695758, 1.9706177
4.3938, 0.28291076, 1.9657335
4.408167, 0.3094131, 1.9881445
4.3951225, 0.27776864, 1.9907703
4.416012, 0.30944103, 1.8315629
4.404812, 0.27757677, 2.0198605
4.3909974, 0.25033233, 2.0119176
4.3923526, 0.24555016, 1.9905108
4.3818755, 0.23848973, 2.0084996
4.3896675, 0.27499503, 2.029742
4.4057903, 0.27461714, 2.065546
4.3940053, 0.26864174, 2.0672376
4.4102554, 0.3097641, 2.1060367
4.4069786, 0.2703932, 1.4741392
4.450633, 0.33351094, 0.60940653
4.4095926, 0.27242175, 1.550059
4.4403434, 0.26875654, 1.1966642
4.449181, 0.16774386, 0.33172202
4.4330587, 0.28840804, 1.2872378
4.415151, 0.250281, 1.287077
4.409209, 0.26996487, 1.4317348
4.424254, 0.2744542, 1.404386
4.405717, 0.29436392, 1.7152944
4.392407, 0.23068891, 1.6305041
4.4428015, 0.29125625, 1.3774405
4.409602, 0.2279897, 1.3873156
4.4074945, 0.30877677, 1.7323942
4.428893, 0.29267275, 1.4124885
4.423499, 0.28666812, 1.3237572
4.4454107, 0.30829626, 1.2556581
4.4038625, 0.26876172, 1.4909849
4.4424734, 0.33382142, 1.44626
4.4485135, 0.30529657, 0.7651973
4.4265537, 0.29158375, 1.3441807
4.4158673, 0.19765864, 1.1075588
4.3894043, 0.24215566, 1.6891075
4.3932095, 0.25226897, 2.030603
4.4558406, 0.33422682, 1.4656639
4.3926377, 0.2552017, 1.8522768
4.429545, 0.33114535, 1.468247
4.4160085, 0.2620524, 1.2534401
4.43753, 0.29003686, 0.92433244
4.4368477, 0.29533252, 0.97067446
4.3936152, 0.20944233, 1.5519009
4.378519, 0.19111589, 1.7906358
4.429333, 0.2714999, 1.1508989
4.412491, 0.27394676, 1.3710545
4.4112697, 0.25090933, 1.4299474
4.404789, 0.2918945, 2.0529263
4.394644, 0.21260607, 1.4705658
4.454985, 0.20916077, 0.34998637
4.4519343, 0.3229294, 0.9695556
4.427021, 0.27002028, 1.2546173
4.426405, 0.26290703, 1.3753117
4.4246, 0.305835, 1.3529422
4.4048605, 0.21773587, 1.4115105
4.3947263, 0.24409854, 1.6503503
4.3952637, 0.3084648, 1.66896
4.435355, 0.18699357, 0.4248615
4.423812, 0.28896034, 1.4929063
4.3936386, 0.2334187, 1.5699008
4.448361, 0.29172665, 0.8705688
4.386791, 0.22808427, 1.5863506
4.4326005, 0.29124844, 1.3949313
4.393985, 0.21002807, 1.5312546
4.39087, 0.21245502, 1.4891368
4.4079514, 0.26913804, 1.7507257
4.4086523, 0.21615648, 1.4566914
4.4325714, 0.30459532, 0.8881607
4.460511, 0.26375046, 0.3694729
4.4439793, 0.3131683, 1.0293713
4.4293914, 0.35292363, 1.488265
4.4433966, 0.32324848, 0.67383707
4.3887987, 0.19081041, 1.6736324
4.410883, 0.30730146, 1.955981
4.4479675, 0.19145462, 0.3864343
4.430059, 0.35011637, 1.511164
4.4345307, 0.20904854, 0.46929017
4.4105864, 0.29331154, 2.0307899
4.444226, 0.21126524, 0.45124584
4.455826, 0.25061962, 0.44672123
4.422933, 0.31380284, 1.5157489
4.408141, 0.28958303, 2.1262639
4.406864, 0.2866528, 1.747075
4.411648, 0.3364501, 1.6897122
4.434408, 0.30279016, 1.1882272
4.413033, 0.26975712, 1.3539308
4.4317355, 0.22430603, 0.9925353
4.392286, 0.25200084, 2.06913
4.455362, 0.2506471, 0.23593399
4.430231, 0.18980063, 0.44898385
4.4522276, 0.30968842, 1.0718149
4.4187484, 0.2913351, 1.1669879
4.409478, 0.30904976, 1.5296621
4.446911, 0.16930507, 0.35225475
4.3895206, 0.20871493, 1.6128411
4.379061, 0.19125468, 1.768332
4.3887873, 0.20304151, 1.6467655
4.4145575, 0.29125687, 1.5111747
4.4129133, 0.30612403, 1.9730594
4.409137, 0.29004553, 1.5704396
4.409286, 0.3036743, 1.4245542
4.4250884, 0.2162945, 1.0967997
4.448434, 0.17354049, 0.37090418
4.4482574, 0.287154, 0.795697
4.4077806, 0.27204865, 1.7307347
4.430809, 0.3064783, 1.1317652
4.448959, 0.32883167, 1.232763
4.4317846, 0.33039835, 1.3952122
4.42878, 0.25520828, 1.1893567
4.3908825, 0.22777374, 1.9062723
4.368139, 0.20510848, 2.1263454
4.4614644, 0.26601332, 0.5104956
4.4298697, 0.3057219, 1.3732156
4.4280415, 0.30740312, 1.3339517
4.4517574, 0.31511548, 0.974187
4.4461446, 0.3161476, 1.2076027
4.423398, 0.2504456, 1.1461376
4.408189, 0.25807753, 1.8542397
4.414798, 0.32968712, 1.9089897
4.4533854, 0.27236062, 0.42842692
4.3823433, 0.19358662, 1.7574732
4.4589353, 0.19101585, 0.18974748
4.432282, 0.17659703, 0.41364095
4.444152, 0.3305484, 0.6380819
4.406806, 0.2874522, 1.6130342
4.441135, 0.3124275, 1.4641025
4.404516, 0.32109454, 1.9870193
4.4496784, 0.30919492, 1.3696562
4.4109883, 0.3484095, 2.078214
4.453521, 0.25631157, 0.4117449
4.450689, 0.30468956, 0.72916967
4.4490275, 0.18452373, 0.4896425
4.425078, 0.29147604, 1.2317097
4.4075723, 0.28993055, 1.5506729
4.4278955, 0.24625424, 1.4502467
4.4328156, 0.28931302, 1.0113254
4.4238715, 0.3381691, 2.0204368
4.3962293, 0.27096313, 1.5670134
4.408153, 0.2910624, 1.527585
4.412863, 0.26835144, 1.3895837
4.4191756, 0.2655401, 1.0622873
4.4103503, 0.30703136, 1.5127152
4.407547, 0.35811394, 1.638702
4.4508696, 0.31411174, 0.9538052
4.439343, 0.27889177, 0.5991574
4.441137, 0.31216267, 1.3277521
4.3957067, 0.26895577, 1.5920615
4.408351, 0.28747368, 1.5894531
4.4479966, 0.3492123, 1.3306503
4.4241047, 0.35266554, 1.5303987
4.4104958, 0.2072705, 1.1294615
4.4091845, 0.32368204, 1.9674737
4.408959, 0.31064737, 2.033433
4.4529076, 0.19222146, 0.2914488
4.4251842, 0.2963775, 1.4468583
4.3960686, 0.27173975, 1.8690624
4.4038167, 0.26883477, 1.868021
4.3752303, 0.19871244, 1.9354744
4.410603, 0.3249164, 1.5117388
4.393142, 0.25422117, 2.047806
4.418942, 0.28641352, 1.0974998
4.4437685, 0.31342995, 1.3105328
4.408309, 0.29479897, 1.9709532
4.4660635, 0.24945688, 0.34688318
4.385865, 0.21785453, 1.7530102
4.3707094, 0.20138115, 1.9101276
4.437405, 0.32671887, 1.2541825
4.4438686, 0.1926343, 0.36710358
4.4155235, 0.32911217, 1.5321097
4.419385, 0.27399632, 1.2164602
4.4326954, 0.27834293, 0.939567
4.4661407, 0.31555668, 0.5284134
4.431875, 0.32937682, 1.2085098
4.4301367, 0.31046665, 1.4898735
4.385842, 0.2431011, 1.7058074
4.3917265, 0.26726627, 2.08387
4.4537325, 0.21619381, 0.25126034
4.4444923, 0.18481615, 0.25212392
4.4668026, 0.22851191, 0.1980999
4.4062243, 0.2652672, 1.8461804
4.4478245, 0.34873915, 1.2124894
4.443957, 0.32778063, 1.1279997
4.4632773, 0.26412177, 0.48038703
4.393932, 0.22206692, 1.8440834
4.4649763, 0.2590952, 0.19451427
4.409822, 0.30860728, 2.0888145
4.426777, 0.2652111, 1.2864718
4.3930426, 0.23468326, 2.0912533
4.43897, 0.2946176, 0.87491065
4.4192324, 0.28463793, 1.1145184
4.4069505, 0.26371634, 2.1159232
4.41179, 0.20883921, 1.1122727
4.449725, 0.32780367, 1.0879202
4.4090357, 0.2899437, 1.9507595
4.436509, 0.334342, 1.3265885
4.3930225, 0.25237015, 1.9128442
4.4029675, 0.18984349, 1.2284166
4.3761997, 0.17673986, 1.7696307
4.407712, 0.3088795, 2.0544705
4.3923626, 0.27332276, 2.0468607
4.4442186, 0.33288077, 1.3756802
4.4322996, 0.27070692, 1.0949011
4.453096, 0.26680502, 0.56463015
4.4257355, 0.2926516, 1.1867645
4.4084387, 0.3032014, 1.8530202
4.4087005, 0.31235647, 2.0095599
4.4454794, 0.3134937, 0.63299423
4.432418, 0.16424376, 0.46602184
4.456273, 0.27279386, 0.44640905
4.409623, 0.21273533, 1.2703701
4.3954115, 0.23876618, 1.553485
4.4082446, 0.33609834, 2.035735
4.4439135, 0.3109687, 1.3445437
4.4097104, 0.3274989, 2.1116524
4.443558, 0.23227566, 1.0096707
4.405473, 0.22891307, 1.4858754
4.464865, 0.24468619, 0.32756263
4.4066095, 0.29201752, 1.8913593
4.374531, 0.1887487, 1.5900253
4.467829, 0.2549636, 0.23179168
4.4672933, 0.31794578, 0.9606634
4.3906965, 0.21418947, 1.9926728
4.443779, 0.29070914, 0.8507191
4.3734937, 0.18365423, 1.6564293
4.384878, 0.20798418, 2.1102953
4.428172, 0.34979337, 1.5670404
4.4383125, 0.2076556, 0.3954382
4.3938327, 0.2871734, 2.0366814
4.4506197, 0.24948867, 0.72645056
4.446248, 0.29036203, 0.61027163
4.414035, 0.3108207, 1.7100797
4.439298, 0.25126374, 0.6509079
4.460419, 0.2295307, 0.41040042
4.410148, 0.24899924, 1.5094503
4.391591, 0.24839303, 1.9467237
4.4426208, 0.16902755, 0.39035332
4.4255013, 0.22989026, 0.71257293
4.390977, 0.23362768, 1.7499954
4.4086185, 0.22760777, 1.45226
4.395186, 0.20676862, 1.6322544
4.4555054, 0.3323863, 1.1492677
4.3731346, 0.18557951, 1.6315209
4.4089413, 0.2732724, 1.6479132
4.4068103, 0.29115734, 2.1062539
4.4065647, 0.2904996, 2.0729134
4.419826, 0.36408016, 1.5650823
4.4402895, 0.29740834, 0.8167218
4.41201, 0.28447458, 1.412119
4.447479, 0.15485668, 0.25242242
4.393323, 0.20608057, 1.6864283
4.443533, 0.25251323, 0.9760866
4.430766, 0.29412755, 1.2723105
4.410037, 0.32659376, 1.4950145
4.3760476, 0.21623853, 1.93808
4.3902035, 0.21156597, 1.5889254
4.426696, 0.22918807, 0.5614487
4.444137, 0.27320954, 1.0920624
4.44575, 0.19270465, 0.47254443
4.4181347, 0.34910202, 2.025113
4.4831114, 0.35584816, 0.45277274
4.396129, 0.26717082, 1.7277348
4.429878, 0.29371876, 0.9926506
4.391938, 0.23495401, 2.070435
4.3893466, 0.24979754, 1.9292775
4.432424, 0.3395029, 1.664826
4.4168015, 0.2519852, 1.2503492
4.435792, 0.37150884, 1.3901557
4.3914766, 0.22949207, 1.6073579
4.3945684, 0.20783189, 1.6697994
4.4436064, 0.28446043, 1.0697721
4.3932147, 0.26702052, 2.1096215
4.427933, 0.38717425, 1.5281631
4.446251, 0.30874375, 0.71176314
4.3855543, 0.18418439, 1.6867726
4.4690666, 0.21028472, 0.303983
4.4303856, 0.29515368, 1.211683
4.4364986, 0.35617977, 1.0671793
4.431731, 0.28957936, 1.2502143
4.405163, 0.2685408, 1.8908237
4.4110684, 0.20782089, 1.209258
4.4197793, 0.35230416, 1.5366373
4.3876057, 0.26701, 1.9473686
4.4510074, 0.27432555, 0.41065547
4.4049597, 0.24871776, 2.1313887
4.406553, 0.24712756, 1.6556437
4.3950467, 0.30746788, 1.6111065
4.4093113, 0.3088341, 1.6706442
4.4493155, 0.16271058, 0.2097478
4.390645, 0.2125428, 1.506364
4.449415, 0.28505746, 0.5499383
4.387389, 0.20813994, 2.030007
4.4461174, 0.2097852, 0.3094012
4.442043, 0.3280743, 1.1744041
4.4641914, 0.34024212, 0.5789232
4.468791, 0.26179305, 0.38549757
4.392475, 0.26402402, 1.7718995
4.4161224, 0.2686029, 1.2334585
4.4480805, 0.31098717, 1.0893121
4.4340115, 0.32786024, 1.2715228
4.44818, 0.15720566, 0.21586503
4.4481573, 0.22610897, 0.48463848
4.4284177, 0.33090478, 1.5119125
4.414692, 0.3791595, 1.5994087
4.406552, 0.27298176, 1.93487
4.4566107, 0.23423713, 0.26637882
4.4516993, 0.20885283, 0.33192676
4.4329987, 0.31005204, 1.3928391
4.4456778, 0.33462328, 0.87130684
4.4341993, 0.33132404, 1.237537
4.4472275, 0.31525332, 1.1902827
4.4431653, 0.30006906, 0.892702
4.4473667, 0.30970398, 0.6967538
4.4615192, 0.3015833, 0.8716289
4.4531994, 0.25112265, 0.4672848
4.4404745, 0.3338142, 1.2887721
4.4825687, 0.35022995, 0.4821361
4.4460907, 0.26537284, 0.5846837
4.4094787, 0.23278299, 1.0594193
4.395795, 0.24884915, 1.5779335
4.429644, 0.17461427, 0.48808473
4.391884, 0.21069139, 2.0637128
4.432164, 0.3167496, 1.2715051
4.461424, 0.30692393, 0.8009297
4.452623, 0.33803576, 0.76373017
4.406471, 0.27479386, 1.9096091
4.4354906, 0.2893461, 1.0887524
4.3946195, 0.19404197, 1.4095844
4.423133, 0.24926798, 1.291633
4.485204, 0.31864074, 0.4860904
4.3737082, 0.23869228, 1.7219721
4.4093466, 0.28942496, 2.0903168
4.4543457, 0.32955784, 0.5289953
4.4655967, 0.30831736, 0.782268
4.3842144, 0.19228256, 1.7742054
4.421714, 0.33608216, 1.5861228
4.4076633, 0.2908541, 1.4270158
4.4143825, 0.27248386, 1.2897875
4.4499717, 0.29093587, 1.0135069
4.432117, 0.2037892, 0.50929356
4.463573, 0.26578915, 0.3497725
4.4121237, 0.20631191, 1.3253636
4.4649773, 0.25222918, 0.3855668
4.405472, 0.2704568, 1.6308028
4.393167, 0.22830391, 1.727157
4.377317, 0.18938936, 1.6670147
4.4475937, 0.28853983, 0.7240541
4.4198594, 0.18422611, 0.6909331
4.454846, 0.3252255, 0.6892171
4.473031, 0.25706178, 0.21078193
4.4480186, 0.19211197, 0.26821637
4.399366, 0.1851632, 1.2854168
4.4439673, 0.34772384, 1.1519878
4.44377, 0.25046355, 1.0512552
4.4444427, 0.29224753, 0.68917274
4.4149246, 0.23780635, 1.1689267
4.38952, 0.2130546, 1.5722868
4.4453335, 0.32317215, 1.0527865
4.378684, 0.2300708, 1.8051023
4.3928394, 0.19241661, 1.7859284
4.4193826, 0.3347197, 2.053886
4.4430947, 0.23821995, 0.52107745
4.4556246, 0.34097838, 1.0713882
4.4359765, 0.33432502, 1.1341838
4.4321094, 0.30750546, 1.2485472
4.4305468, 0.3168481, 1.2904707
4.4046717, 0.2513018, 2.0114298
4.4338665, 0.23270495, 0.9453739
4.460152, 0.3455171, 1.0274591
4.410938, 0.3088013, 1.4524984
4.4359555, 0.20224515, 0.5264168
4.457927, 0.1676313, 0.290021
4.4364624, 0.16874439, 0.27114934
4.420117, 0.324754, 1.3748646
4.4292326, 0.24161398, 1.170064
4.4444404, 0.2828268, 0.57569677
4.4316072, 0.2846955, 1.0685339
4.450563, 0.347016, 1.0116142
4.45867, 0.3490176, 0.9929635
4.4315615, 0.1535342, 0.49384275
4.4656577, 0.2232876, 0.33317828
4.4230185, 0.2626127, 1.3923469
4.444523, 0.15686128, 0.27412623
