4.3638434, 1.9987905, 0.106854625
4.35274, 1.9771173, 0.112488724
4.356337, 2.0392625, 0.12351598
4.3582163, 1.992178, 0.108452156
4.364074, 2.0230765, 0.10334225
4.352326, 2.0327437, 0.11383632
4.349228, 1.9692743, 0.13155663
4.3215704, 2.062269, 0.15303014
4.3143816, 2.0494266, 0.15230404
4.3195086, 2.0220938, 0.15849133
4.3545, 2.0544326, 0.10089521
4.325409, 1.9904659, 0.16613153
4.3452353, 1.9448987, 0.16022061
4.332416, 1.9494324, 0.17303644
4.314853, 1.9835862, 0.17890805
4.310994, 2.027809, 0.1735989
4.2956433, 2.07446, 0.17419884
4.3040113, 2.0685182, 0.16964673
4.3312783, 2.0929015, 0.10775049
4.344835, 2.091846, 0.1145037
4.304362, 2.0320013, 0.1891022
4.308296, 2.0090983, 0.19664095
4.309837, 1.9925648, 0.19420186
4.30687, 2.032274, 0.2014281
4.2917013, 2.1151183, 0.1669284
4.33943, 2.1052294, 0.11621593
4.307231, 2.1591735, 0.14172408
4.2931137, 2.1128209, 0.19000147
4.2834415, 2.1531253, 0.1896554
4.310635, 2.1715844, 0.14030984
4.3068686, 2.1908965, 0.13461193
4.271775, 2.1944792, 0.16621819
4.274217, 2.236487, 0.16058806
4.3036547, 2.2159185, 0.12627815
4.286354, 2.2146423, 0.16134235
4.269237, 2.2124805, 0.1817062
4.305871, 2.227163, 0.129251
4.321134, 2.2611012, 0.12126504
4.309422, 2.2720933, 0.11647064
4.2669992, 2.2867994, 0.15029648
4.2551084, 2.286342, 0.17545831
4.235757, 2.3630228, 0.18510029
4.309832, 2.112906, 0.14398411
4.3101945, 2.0528357, 0.17540765
4.3266177, 2.169252, 0.110831134
4.345975, 2.0504901, 0.124978475
4.356309, 1.9933435, 0.1301376
4.3060875, 2.285822, 0.10816862
4.330309, 2.2528863, 0.09205383
4.2660084, 2.3081975, 0.17149208
4.3077297, 2.2893696, 0.12168189
4.2512026, 2.3311687, 0.16988586
4.3620114, 2.0230963, 0.1250583
4.327735, 1.9482211, 0.15841308
4.274853, 2.2902071, 0.17223023
4.3043327, 2.1387393, 0.14789678
4.244794, 2.3036528, 0.19111519
4.2744083, 2.1690454, 0.18385114
