1.1502254, 2.531965, 0.03423436
1.1490995, 2.48794, 0.032442078
1.1301402, 2.5476673, 0.031357158
1.1304721, 2.5683525, 0.03444236
1.153034, 2.5491343, 0.035249032
1.1505728, 2.5087345, 0.03251348
1.0897729, 2.5699642, 0.03375669
1.1328, 2.5907438, 0.03380784
1.0879703, 2.5510046, 0.030632671
1.1693335, 2.5860052, 0.033378158
1.0906487, 2.6104443, 0.034262788
1.1062177, 2.631816, 0.036581736
1.1680169, 2.6323807, 0.03796092
1.0440872, 2.6299298, 0.0324942
1.0478736, 2.608683, 0.03246347
1.1458715, 2.652417, 0.03108275
1.1376379, 2.653758, 0.041884422
1.1475668, 2.671188, 0.035837367
1.0508678, 2.6736863, 0.035278752
1.0446014, 2.6499097, 0.03490031
1.0075271, 2.6461844, 0.035455786
1.0112166, 2.6061866, 0.033747714
1.1114662, 2.7069712, 0.034878507
1.1499546, 2.7106702, 0.03584559
1.0488154, 2.6934993, 0.031189062
1.0102084, 2.6702068, 0.035332534
0.9723668, 2.6102002, 0.032231502
1.1079453, 2.7316236, 0.034466524
1.1852791, 2.7152371, 0.04836603
1.0543846, 2.73056, 0.032904148
0.9846082, 2.7114854, 0.033540294
1.0345994, 2.5504866, 0.027130421
1.0074239, 2.5312405, 0.033484425
1.0044667, 2.5077982, 0.031204248
1.0085704, 2.4881148, 0.028632455
1.0295135, 2.486963, 0.027376048
0.9916112, 2.4535577, 0.031547386
0.926765, 2.5129743, 0.023906073
0.96826386, 2.4517665, 0.031571317
0.91051865, 2.5082366, 0.028666288
0.9288775, 2.5288165, 0.02758013
0.88579786, 2.4954948, 0.01614224
0.8911264, 2.5056562, 0.026032735
0.9093658, 2.4897618, 0.02601532
0.8917887, 2.5263636, 0.026257154
0.90829915, 2.4552863, 0.018320253
0.88926476, 2.4548795, 0.016429681
0.9130805, 2.570664, 0.027340174
0.8497177, 2.4928896, 0.026244089
0.8494958, 2.4720383, 0.02230974
0.89103353, 2.5706923, 0.029150216
0.8486878, 2.5521688, 0.029984647
0.8493496, 2.4447656, 0.025270054
0.9098839, 2.5914304, 0.02811724
0.9117072, 2.6092255, 0.030895513
0.88508844, 2.5847938, 0.028301753
0.8115118, 2.5118432, 0.014191833
0.80413944, 2.4770484, 0.016595205
0.8069116, 2.5117807, 0.025496963
0.8068397, 2.4943025, 0.017451271
0.8098898, 2.4531415, 0.024221694
0.8037399, 2.448825, 0.01620895
0.8042836, 2.5318534, 0.024654908
0.8501538, 2.5895824, 0.029209381
0.8085727, 2.5516634, 0.02717709
0.80757445, 2.5724173, 0.025977094
0.8889069, 2.6304486, 0.028780261
0.9118062, 2.6459665, 0.0361083
0.7700564, 2.512241, 0.03155479
0.76970005, 2.549243, 0.026465964
0.84942365, 2.6301546, 0.026921624
0.81105185, 2.611327, 0.03187114
0.8093188, 2.5902934, 0.031762037
0.7722777, 2.5717502, 0.029469587
0.7920811, 2.588354, 0.032430783
0.7897162, 2.608169, 0.033525106
0.92561483, 2.6705573, 0.031803854
0.9303034, 2.6875565, 0.032761518
0.8064622, 2.650079, 0.024141926
0.7918117, 2.649249, 0.03285249
0.7894678, 2.6276648, 0.032624118
0.9312211, 2.7316027, 0.028250625
0.8130202, 2.6669493, 0.028295083
0.9307309, 2.7499356, 0.037413515
0.9653806, 2.7457874, 0.049923316
0.9322473, 2.6107934, 0.03258125
0.9633916, 2.5937948, 0.03435746
0.9288143, 2.5693393, 0.02936732
1.1034598, 2.654669, 0.039953854
0.9101904, 2.627278, 0.031941183
0.9521489, 2.5136628, 0.02662312
0.97332585, 2.5850253, 0.042952795
0.9680111, 2.712761, 0.03201552
0.96734214, 2.6898901, 0.03065499
1.0896944, 2.589366, 0.03319923
0.94826984, 2.494206, 0.027413417
1.0958654, 2.709055, 0.034311973
0.9504063, 2.4731154, 0.027444774
0.8500077, 2.6531787, 0.025984786
0.9318064, 2.5914726, 0.029144872
0.9671663, 2.6500788, 0.033805512
0.9660265, 2.5688586, 0.037204318
1.0441984, 2.6042795, 0.017776538
1.0875193, 2.632881, 0.036544807
0.9704239, 2.6308377, 0.03491995
1.1682667, 2.6694314, 0.04410421
0.9846246, 2.6774611, 0.025670188
1.0693172, 2.4873514, 0.031581637
1.1261652, 2.785523, 0.03524054
1.1522815, 2.7858179, 0.033555605
1.1672662, 2.787489, 0.033967115
1.1107109, 2.8288891, 0.033591732
1.1068279, 2.8097856, 0.034110874
1.1573405, 2.8076396, 0.0497502
1.1895115, 2.7723365, 0.03571337
1.1924267, 2.8081434, 0.034740604
1.0617687, 2.8074827, 0.039895695
1.12819, 2.8531845, 0.03579909
1.1145477, 2.844604, 0.042369433
1.2086911, 2.8344913, 0.035275772
1.2087158, 2.8709395, 0.031642716
0.8693018, 2.471793, 0.015595019
1.1051949, 2.505818, 0.032243658
0.8882779, 2.54628, 0.028634338
1.0248818, 2.7826607, 0.025635688
1.1303041, 2.5301847, 0.030341726
0.99303836, 2.4906313, 0.027699854
0.8706218, 2.5656192, 0.031769224
1.0120922, 2.749158, 0.03014232
0.8772565, 2.4556034, 0.0145189185
0.99033666, 2.5670393, 0.041111454
0.74763495, 2.628882, 0.026772628
1.1487038, 2.800236, 0.034907334
0.882909, 2.6876538, 0.03400914
1.1158752, 2.5635498, 0.035530623
1.110745, 2.5278392, 0.032867666
1.1498986, 2.7111807, 0.044258524
1.1305721, 2.6894476, 0.04301153
1.1302122, 2.6675863, 0.043925177
0.8728243, 2.5916855, 0.031235665
0.99015266, 2.5517364, 0.031956624
0.87037045, 2.48741, 0.024064139
1.1498423, 2.6916993, 0.033187225
1.0359507, 2.569024, 0.02868253
1.1157408, 2.587975, 0.03576047
0.95165724, 2.4530118, 0.028048687
0.7490474, 2.5330095, 0.029077807
0.9681956, 2.5279493, 0.02923084
0.8751382, 2.528305, 0.027675135
1.1291833, 2.4893136, 0.03207862
0.8710067, 2.627807, 0.031203106
1.1094776, 2.552778, 0.030813359
1.0389943, 2.5906763, 0.028824076
0.9214087, 2.4838727, 0.013533283
1.074322, 2.5292149, 0.030768506
1.1827915, 2.706566, 0.039783206
0.79096967, 2.5661395, 0.031726416
1.2082886, 2.8900619, 0.03299417
1.1312351, 2.5085135, 0.031361915
1.163646, 2.5695996, 0.042043958
0.78590095, 2.465872, 0.025567211
1.1741021, 2.6707053, 0.03249821
0.78935695, 2.506931, 0.028045893
0.8858097, 2.4730134, 0.017700633
0.8040415, 2.4330733, 0.019314466
1.0314174, 2.5284367, 0.027029311
1.1700853, 2.6190124, 0.035721585
0.78922427, 2.5277753, 0.024703924
1.0532373, 2.687636, 0.043518692
0.98926735, 2.5294156, 0.029222442
1.1685476, 2.6482768, 0.036530748
0.78880596, 2.4872355, 0.024017435
1.0558956, 2.7518308, 0.030777099
1.1861604, 2.6927752, 0.03393596
1.071902, 2.5451097, 0.034327757
0.96712124, 2.7495327, 0.034216724
0.8349268, 2.6729484, 0.019919625
1.1902301, 2.5501971, 0.032073915
1.072765, 2.6106346, 0.033383273
0.8292338, 2.5239573, 0.017973853
1.0679892, 2.5346887, 0.018331967
1.2085772, 2.6884642, 0.044178225
1.0543399, 2.7739348, 0.031764165
1.2114311, 2.648086, 0.03304482
0.9700697, 2.549545, 0.032253813
1.0513792, 2.7919495, 0.03457443
0.9510153, 2.6849132, 0.03245159
1.030569, 2.5087373, 0.028206278
1.0904913, 2.6852741, 0.035627082
0.95205235, 2.5533996, 0.028784072
1.0130496, 2.7742813, 0.02568271
1.068405, 2.567844, 0.034537204
0.8485457, 2.6687033, 0.030592851
0.8307756, 2.652832, 0.018015072
1.0091172, 2.690376, 0.03400825
1.231618, 2.8047228, 0.035850465
1.2527179, 2.8365102, 0.034669317
0.835827, 2.6286778, 0.01965043
0.97002053, 2.4695508, 0.03193301
1.1099665, 2.7706382, 0.03322434
1.2058738, 2.6691442, 0.035946447
0.8297814, 2.6883943, 0.028598452
0.95228225, 2.5712333, 0.033953533
0.8496826, 2.5291307, 0.0318395
1.2533069, 2.8518305, 0.031090442
0.8298421, 2.5880375, 0.02919033
1.1133478, 2.4883924, 0.03028626
1.2076473, 2.589095, 0.029841892
0.8285174, 2.5043404, 0.0171692
1.0712785, 2.633772, 0.031401597
1.1907352, 2.5110264, 0.03334898
0.712306, 2.5636268, 0.026497034
0.96857774, 2.6664078, 0.032692313
1.2235167, 2.7236297, 0.03943185
0.7084075, 2.6158876, 0.035251833
0.8365011, 2.4661026, 0.017447015
1.2514317, 2.9137967, 0.030470472
0.8281355, 2.5705845, 0.030330563
1.0649827, 2.505992, 0.015995631
1.2322279, 2.7520523, 0.045371458
0.9501722, 2.588694, 0.035198905
0.78838956, 2.4508274, 0.023489548
1.1892544, 2.5326328, 0.030871877
1.2527461, 2.8876643, 0.035186317
0.827045, 2.5425725, 0.018172473
0.95213413, 2.6066265, 0.038602818
1.0881745, 2.7277403, 0.037427343
1.0281749, 2.7682319, 0.030196173
1.1722145, 2.858441, 0.03164231
0.909209, 2.5504372, 0.029104982
1.2086264, 2.5327055, 0.02941174
1.2277279, 2.6038718, 0.034109455
1.227996, 2.64705, 0.032548018
1.2899992, 2.9305258, 0.03271539
1.3331943, 2.94646, 0.035550676
0.71592546, 2.4514146, 0.01838057
0.7146046, 2.4710636, 0.027860522
1.0056516, 2.7102747, 0.037088227
0.8493053, 2.6059453, 0.026548855
0.8493233, 2.6880534, 0.03255891
0.8291901, 2.488201, 0.017565742
0.7472506, 2.591873, 0.032452606
0.96848845, 2.7315273, 0.032758966
0.8689543, 2.5491009, 0.02828904
1.0902946, 2.6662788, 0.03277298
1.2865369, 2.948319, 0.037788678
1.2304418, 2.7911608, 0.035996325
1.251589, 2.7839925, 0.040775232
1.25371, 2.585233, 0.042773694
0.75347626, 2.447159, 0.016511852
1.3047657, 2.9318633, 0.03119369
1.2702022, 2.894142, 0.033954598
1.2101352, 2.654315, 0.04308542
1.2343085, 2.5288494, 0.03130036
1.2906904, 2.87128, 0.035551302
0.9536346, 2.6652853, 0.030353103
1.2678775, 2.869594, 0.03302186
0.86994874, 2.607301, 0.03466678
0.77014697, 2.5930867, 0.028877573
0.7680669, 2.5239985, 0.025170315
0.8701716, 2.5123725, 0.02295744
0.7508614, 2.4879644, 0.03252385
0.86857074, 2.6541638, 0.027505461
0.76670337, 2.6470256, 0.028975159
1.3077518, 2.9508657, 0.03609412
0.7478557, 2.616253, 0.033140045
0.9935132, 2.6100066, 0.034084797
1.252404, 2.5705261, 0.027387863
0.9973348, 2.6294875, 0.036175497
0.76793194, 2.626812, 0.02931163
1.0121406, 2.7871625, 0.034475625
1.2314315, 2.687288, 0.034565493
0.8694661, 2.669465, 0.034622546
0.90482324, 2.6869235, 0.032679968
1.0892543, 2.4908068, 0.031639516
1.0901682, 2.7752063, 0.032696605
0.99122065, 2.4710069, 0.028697116
0.933156, 2.6528575, 0.03338137
0.90941864, 2.725479, 0.03192609
0.9519489, 2.6321034, 0.034599118
1.1954606, 2.8938951, 0.029087912
0.74656343, 2.5120096, 0.028239263
0.93013066, 2.5527642, 0.027291935
1.1472061, 2.5671844, 0.034295086
1.1527735, 2.5914311, 0.035027836
1.232591, 2.5903354, 0.027838727
1.1516734, 2.6364303, 0.03513775
1.2314849, 2.5478435, 0.02997725
0.7863564, 2.5466921, 0.027005792
1.1719735, 2.8304007, 0.03334936
1.2277867, 2.63182, 0.028493553
0.7916459, 2.467742, 0.015392089
0.75048894, 2.4682999, 0.014764694
1.1676042, 2.6907144, 0.03556323
1.1495547, 2.6119742, 0.03682599
0.9095747, 2.6696906, 0.036801428
1.1714084, 2.7268815, 0.038401175
1.1718389, 2.7467122, 0.03919959
0.90371466, 2.475831, 0.017666452
0.95026547, 2.7286963, 0.03540253
0.9486922, 2.6475725, 0.034395974
0.9877765, 2.572095, 0.036447898
0.9452883, 2.744301, 0.04552126
0.947632, 2.7126844, 0.03315988
0.78666425, 2.4348614, 0.015985906
0.75844836, 2.6471694, 0.030782342
1.1145196, 2.6722624, 0.02989509
0.7487011, 2.4881139, 0.0150204515
0.78724235, 2.582161, 0.012799973
0.7363116, 2.5913363, 0.028508868
0.9880699, 2.7482803, 0.030215474
0.7648024, 2.5116158, 0.018152718
0.93314385, 2.4542189, 0.025358452
0.741393, 2.5021868, 0.016888037
1.103272, 2.6450925, 0.04296702
0.7520512, 2.4274049, 0.023435153
1.1297126, 2.7502089, 0.035702106
1.2301416, 2.667071, 0.0306487
0.75107634, 2.4363155, 0.014948312
0.73353195, 2.5723927, 0.02868547
1.2491338, 2.6505716, 0.030895874
0.77143246, 2.4707005, 0.016625008
0.80491793, 2.552928, 0.018044047
1.1284089, 2.798969, 0.018112956
0.7681109, 2.4927592, 0.016669618
1.2865827, 2.8394425, 0.038432125
1.124059, 2.8017645, 0.035319116
1.0247239, 2.6480064, 0.033660613
1.0091954, 2.6281674, 0.034646656
0.7355002, 2.6361148, 0.029076047
0.83040404, 2.4341917, 0.024553139
1.0316626, 2.6906369, 0.030141264
0.89153236, 2.607565, 0.031224113
0.9100041, 2.5284767, 0.027912237
1.0295496, 2.7705832, 0.04628497
1.0278742, 2.6711912, 0.030809067
0.99103725, 2.7641153, 0.032521527
1.3353966, 2.930203, 0.029196098
1.0291084, 2.754768, 0.032969993
0.8902098, 2.6522057, 0.03160951
1.0909737, 2.5076103, 0.030082963
1.1706942, 2.7475088, 0.043080263
1.0269797, 2.7164574, 0.03445596
1.027237, 2.6244907, 0.034865227
1.0132526, 2.550852, 0.02998856
1.1711104, 2.8150082, 0.029796982
1.1910684, 2.8687632, 0.029495906
0.9342306, 2.6367476, 0.029276593
0.93590385, 2.7043705, 0.02974189
1.2643963, 2.5883389, 0.033931322
1.1873845, 2.6492057, 0.0441691
0.77260315, 2.4940555, 0.028514072
1.1908027, 2.7285068, 0.03782287
1.1722358, 2.5086374, 0.032465793
1.2060616, 2.808436, 0.035781436
1.171417, 2.5699716, 0.033191245
1.1920539, 2.6663194, 0.04716424
1.1713299, 2.606541, 0.043468077
1.1716151, 2.5307531, 0.031079104
1.1705667, 2.551166, 0.031353645
0.72043824, 2.4380903, 0.013416072
1.1525857, 2.751574, 0.032824468
0.9289031, 2.4911702, 0.026663883
1.2285479, 2.8672347, 0.031880986
0.9747867, 2.4931126, 0.030085005
1.1670239, 2.4920547, 0.031429563
0.73303366, 2.4972157, 0.031873025
0.85029477, 2.4906285, 0.013784453
1.2108605, 2.5662389, 0.027188595
1.234814, 2.7099245, 0.04823999
0.9825901, 2.7626686, 0.050043657
1.2713808, 2.9232063, 0.034247056
1.2313393, 2.890446, 0.03271108
1.1315682, 2.6271114, 0.028903132
0.8484992, 2.468246, 0.01812736
0.7310261, 2.5543182, 0.02844974
1.113308, 2.6817443, 0.0345586
0.73797584, 2.446383, 0.017560177
0.9691942, 2.6724353, 0.04364116
0.97035235, 2.5086367, 0.017585043
1.1874367, 2.6289752, 0.04370361
1.2504507, 2.810885, 0.03663511
1.3237739, 2.8699431, 0.042166226
1.1349286, 2.6176481, 0.032429263
1.3723242, 2.950645, 0.034625012
0.9300017, 2.47045, 0.027815681
0.77157533, 2.6111245, 0.028721401
1.0122676, 2.5637057, 0.029408537
0.72971535, 2.4267626, 0.02321314
0.8098564, 2.4719865, 0.024165329
1.0488603, 2.6519647, 0.04133197
1.0234025, 2.729967, 0.033492513
0.8843465, 2.5148072, 0.016834918
1.0065643, 2.5515914, 0.019850213
1.2550405, 2.5499475, 0.018810743
0.8904164, 2.4639173, 0.026840534
1.2318969, 2.6916008, 0.048774242
0.88464475, 2.5333114, 0.018653953
0.9752562, 2.535691, 0.013408889
1.1620193, 2.7780294, 0.033807013
0.80936384, 2.4932525, 0.024263099
1.1533457, 2.7223186, 0.037983112
1.0698464, 2.7528, 0.03378102
1.0671324, 2.727356, 0.03455224
1.0528513, 2.5502539, 0.03099955
1.3706865, 2.9217947, 0.038528286
1.0509813, 2.584836, 0.033666886
1.208454, 2.511585, 0.03482995
1.0485371, 2.5693316, 0.030293884
1.0516027, 2.5293558, 0.025509965
1.0898257, 2.5288978, 0.032661565
1.267119, 2.5532677, 0.030977527
1.0055594, 2.5346866, 0.016619489
1.0046748, 2.5952575, 0.035383224
1.1658597, 2.8138328, 0.046074793
1.2019061, 2.4917278, 0.03511738
1.2429813, 2.712934, 0.047110498
1.2108312, 2.6354809, 0.019513587
1.2311368, 2.7101703, 0.034048162
1.2675483, 2.9138672, 0.03461624
0.84500635, 2.5716405, 0.029828245
0.8451531, 2.5133395, 0.011736391
1.25154, 2.8297744, 0.04411108
1.3194623, 2.8820093, 0.039573655
0.846641, 2.5304756, 0.017597614
0.9755123, 2.7606165, 0.028640253
1.2302198, 2.5150175, 0.033433713
1.303601, 2.8711007, 0.03545567
1.3116789, 2.9420438, 0.04162852
0.847025, 2.444363, 0.01829922
1.2182378, 2.6280355, 0.027910395
1.2506963, 2.5473614, 0.032847628
1.0142914, 2.727988, 0.034035526
1.1527666, 2.7503552, 0.04145893
1.2068412, 2.5473921, 0.027128505
1.3070607, 2.9119668, 0.03511696
1.1147187, 2.5472503, 0.04209038
1.2084908, 2.7484677, 0.034938656
1.2990628, 2.8464487, 0.034415007
1.1534001, 2.5493455, 0.04265645
1.0472308, 2.7070284, 0.044028692
0.95946413, 2.4893188, 0.014589393
1.1868366, 2.7535083, 0.03517745
1.1902053, 2.826155, 0.036443397
1.1723384, 2.7129145, 0.042256277
0.83034676, 2.5530143, 0.027867967
1.2620088, 2.6510441, 0.032736134
1.1912479, 2.492119, 0.03414381
1.085258, 2.6079144, 0.042390846
0.8456026, 2.6338577, 0.018081902
1.1033286, 2.74957, 0.03488645
1.0727042, 2.5111437, 0.028419169
0.8302498, 2.6459296, 0.026113987
0.82991964, 2.6697674, 0.028383426
1.1039484, 2.7670612, 0.04325357
0.82822174, 2.6046212, 0.030791242
0.8325486, 2.4903164, 0.024470922
1.1665647, 2.7068138, 0.03669688
0.7898067, 2.4319577, 0.023298036
1.2501626, 2.866035, 0.03476637
0.79349893, 2.4809158, 0.017780893
0.9112293, 2.7058728, 0.028279036
1.2459817, 2.5874734, 0.033061996
0.79244405, 2.6727738, 0.035245508
1.2656289, 2.532816, 0.029901035
1.1455458, 2.5709372, 0.042873144
0.95302045, 2.5295768, 0.027651593
1.1820889, 2.7867079, 0.035922505
1.169671, 2.7333567, 0.043246314
0.86659485, 2.7100594, 0.035642847
1.2145735, 2.730097, 0.036253236
0.867998, 2.5366943, 0.019471783
0.7055409, 2.44885, 0.027902933
1.3463295, 2.9233527, 0.038163416
1.2243325, 2.7758088, 0.035672083
1.0303897, 2.5878243, 0.04614231
1.1957066, 2.6252227, 0.027390137
1.2069653, 2.7011964, 0.039204158
0.7072382, 2.510154, 0.030389383
0.83237845, 2.5142336, 0.023736577
1.1911521, 2.574045, 0.028618917
1.1893308, 2.588861, 0.045919042
0.9929559, 2.69569, 0.029704038
1.2886496, 2.896079, 0.037736118
0.8713631, 2.6949499, 0.033045698
0.9856747, 2.62775, 0.044052213
0.8680696, 2.46335, 0.027825484
1.2515563, 2.6688583, 0.0369301
1.1882477, 2.55366, 0.044154186
1.3447233, 2.8985624, 0.036938075
0.74598104, 2.5489175, 0.031784847
0.97308534, 2.5119805, 0.033457365
1.226651, 2.8361845, 0.03477582
0.82853615, 2.5334604, 0.025726613
1.0429219, 2.7291975, 0.04388909
0.82581544, 2.4501965, 0.026068147
0.9951978, 2.7324948, 0.032776818
1.1712, 2.477438, 0.038413074
1.0701205, 2.6540096, 0.03378162
1.016166, 2.5935068, 0.040608525
1.0703652, 2.706046, 0.0464425
0.81102, 2.6315703, 0.028869826
1.0707004, 2.588281, 0.03361181
1.2489995, 2.4994736, 0.038994383
1.0338748, 2.7049065, 0.04084198
1.0609854, 2.5478225, 0.0181608
0.76866716, 2.5537934, 0.018297412
1.0752693, 2.7067828, 0.033340503
1.0700225, 2.6747158, 0.03627895
1.2107569, 2.7069695, 0.041906282
1.0740092, 2.7351573, 0.043210678
0.7848031, 2.4478137, 0.0149465995
1.2123296, 2.7455032, 0.046021186
0.8537801, 2.6176517, 0.016182475
1.010079, 2.5660203, 0.044755172
1.170987, 2.7915723, 0.043871384
1.1347241, 2.6044605, 0.044474557
1.1999263, 2.6494648, 0.026618643
1.2246059, 2.8023987, 0.04409034
0.851405, 2.5091643, 0.030792877
0.9669022, 2.4897003, 0.016195318
1.2191085, 2.5964043, 0.0178731
0.6887246, 2.452428, 0.027849805
1.2267672, 2.9134698, 0.035925757
1.2081738, 2.7892902, 0.042029887
1.0667326, 2.7931428, 0.03190911
1.0885731, 2.6865036, 0.04603364
1.2119641, 2.8570976, 0.029177766
0.7125824, 2.4289806, 0.019084763
1.2063849, 2.7744815, 0.034693614
1.2094219, 2.8110225, 0.042318206
0.7218365, 2.4095976, 0.027168296
1.1807923, 2.4776537, 0.037180204
0.7702677, 2.4552217, 0.012815775
1.2713355, 2.8355296, 0.041751787
1.0477983, 2.7052937, 0.028502444
0.9228967, 2.4577057, 0.01854212
0.7200618, 2.4533668, 0.02399931
1.1880994, 2.4680166, 0.045863207
1.1962736, 2.7364013, 0.049821325
0.99655205, 2.5109696, 0.019001128
1.0963768, 2.7536287, 0.03386359
1.1044738, 2.7939749, 0.035808958
1.1857988, 2.7516246, 0.04245641
0.8815311, 2.6691942, 0.03167517
1.1699343, 2.5850968, 0.04436253
1.1099095, 2.8494172, 0.032081433
1.18606, 2.6969223, 0.043389633
0.98921615, 2.5026898, 0.026264593
1.1665862, 2.62802, 0.045372084
1.030672, 2.6032972, 0.03202208
0.7920124, 2.5214734, 0.012121068
0.91082144, 2.627333, 0.016790336
0.905754, 2.514832, 0.019596495
1.1121508, 2.6104162, 0.036302842
0.8627785, 2.5126154, 0.014867835
1.123291, 2.6936314, 0.034916054
1.1321834, 2.777194, 0.03261721
0.79088634, 2.5576875, 0.016346611
1.0960615, 2.8023014, 0.03311575
0.9818576, 2.5837634, 0.040187106
1.2311735, 2.8267593, 0.04290126
1.0806191, 2.6483052, 0.034556255
1.2212706, 2.7465656, 0.037011147
0.8240714, 2.6910052, 0.043651886
1.103025, 2.5425453, 0.018912498
1.1235298, 2.7049065, 0.043043114
1.2030592, 2.543537, 0.043218322
0.74352956, 2.5895967, 0.015746346
1.0888035, 2.7944899, 0.029719453
1.2225248, 2.616519, 0.019626003
0.70770144, 2.4741423, 0.015509265
0.7488016, 2.4194562, 0.019468572
0.830335, 2.4482555, 0.016591229
1.0566608, 2.5647357, 0.016062684
1.0758252, 2.7744584, 0.033728935
1.4044569, 3.0130625, 0.036015447
0.94812894, 2.7410173, 0.039073013
0.82172304, 2.5710518, 0.012518276
0.7369132, 2.4647114, 0.018772528
1.0984354, 2.81897, 0.041473333
1.190881, 2.6124825, 0.032282643
1.2028384, 2.903827, 0.02797656
1.2057946, 2.7263002, 0.04170151
0.90651965, 2.4505324, 0.024740223
0.981757, 2.7313776, 0.0469542
1.2015045, 2.628576, 0.04725384
0.9663393, 2.4830856, 0.041135717
1.123406, 2.821654, 0.042029887
1.1059752, 2.6766126, 0.040871415
0.97197855, 2.5683067, 0.041163113
1.2740747, 2.590769, 0.043270875
1.0471933, 2.492643, 0.02966017
1.1292069, 2.7971919, 0.04187365
0.869306, 2.4481275, 0.026648754
1.0874206, 2.6357896, 0.045279782
0.84160477, 2.6568284, 0.017933201
1.0430379, 2.4701524, 0.03557618
0.9572547, 2.5447752, 0.019651745
1.051019, 2.5172439, 0.01913214
1.3250799, 2.9190977, 0.034076914
1.0554632, 2.5486214, 0.012129757
0.8406105, 2.548092, 0.017166508
1.0600994, 2.646517, 0.041997094
1.0936683, 2.730891, 0.04141617
1.1364957, 2.6321669, 0.040940583
1.1575075, 2.7919571, 0.046482783
1.0224764, 2.783977, 0.040340938
0.92320377, 2.733626, 0.04033508
0.76709485, 2.454451, 0.02498846
0.7687109, 2.4314065, 0.020001572
1.2527845, 2.654988, 0.04576882
1.1494404, 2.7265112, 0.04098798
1.2992235, 2.9021099, 0.03258394
0.7606854, 2.5663884, 0.041147623
0.99845004, 2.6590474, 0.036828555
1.0563699, 2.6172364, 0.04626677
1.0339327, 2.471724, 0.032553427
1.090293, 2.6748962, 0.040789083
1.1713884, 2.5320077, 0.05101409
1.1251355, 2.6351645, 0.017177617
0.9517827, 2.5932555, 0.04176581
0.7543521, 2.5481606, 0.017090721
1.07843, 2.8202972, 0.039095543
1.125195, 2.6659007, 0.030332502
1.1475668, 2.8203847, 0.03795515
1.0779529, 2.8308039, 0.048293717
0.9612851, 2.6512008, 0.044408023
0.89221233, 2.7209725, 0.028606553
1.0799289, 2.584099, 0.040427577
0.96658456, 2.7281446, 0.040068135
0.82471937, 2.4737124, 0.025569778
1.1445165, 2.5008752, 0.04134551
1.1749544, 2.5540106, 0.05098266
1.3050044, 2.8849776, 0.04317725
0.8271519, 2.680932, 0.014319932
1.1849647, 2.773427, 0.044215534
1.2510155, 2.9228716, 0.028508594
1.0765369, 2.5582807, 0.042973556
1.1989238, 2.8599212, 0.03818937
1.1890714, 2.8101826, 0.052767247
1.2823575, 2.815671, 0.037122175
1.1484637, 2.8501964, 0.03829509
1.17357, 2.7685983, 0.040611308
1.1294358, 2.7277756, 0.039288692
0.9003276, 2.555861, 0.019527871
1.0324906, 2.7213047, 0.044843793
1.0239474, 2.8022265, 0.028191164
1.1074976, 2.5614595, 0.042378146
1.206189, 2.6727269, 0.04233792
0.86767435, 2.5924754, 0.04094545
0.8976537, 2.4906304, 0.02088853
1.2926053, 2.8882244, 0.041033365
1.1428627, 2.5450578, 0.01909442
1.0201111, 2.5406353, 0.013737603
0.7816823, 2.5186882, 0.012287432
1.1555512, 2.648889, 0.04026652
1.2411257, 2.6040823, 0.033251416
1.238572, 2.9068642, 0.044013713
1.3120512, 2.8652613, 0.050191674
1.3101023, 2.8476405, 0.044667646
1.0235265, 2.4505904, 0.03645707
0.69477046, 2.5102174, 0.032018773
1.126824, 2.4771967, 0.037356123
1.3400458, 2.916711, 0.03504124
1.1811095, 2.5675316, 0.056968752
1.3824712, 2.977114, 0.038778853
