3.449237, 3.504652, 0.065740466
3.449922, 3.4900439, 0.07195917
3.4743314, 3.4870133, 0.07088141
3.4310122, 3.505991, 0.07349791
3.4267793, 3.536035, 0.059284575
3.4277806, 3.4507718, 0.0671045
3.4107747, 3.466273, 0.069101304
3.3926203, 3.5313823, 0.06893721
3.427719, 3.5759768, 0.06898671
3.4562314, 3.5718143, 0.06451283
3.4351225, 3.4374259, 0.06877252
3.3661222, 3.464234, 0.07225193
3.368656, 3.5491757, 0.07269649
3.4515018, 3.61539, 0.073121466
3.4989705, 3.562823, 0.060047723
3.3888056, 3.4030776, 0.06953125
3.325798, 3.4467866, 0.06699228
3.3503866, 3.4872813, 0.06938456
3.344521, 3.4375253, 0.06383352
3.336906, 3.5709128, 0.06891418
3.3689647, 3.599119, 0.07440866
3.5056481, 3.5347416, 0.069677025
3.5328703, 3.5779924, 0.07102591
3.3956769, 3.3903754, 0.06888051
3.3694575, 3.4072366, 0.07320829
3.2909272, 3.4698434, 0.07016844
3.3273497, 3.5076847, 0.07246168
3.3154156, 3.5696456, 0.06750252
3.2877421, 3.595098, 0.06391456
3.559848, 3.6355426, 0.070737794
3.3657007, 3.356626, 0.065992944
3.3526835, 3.369341, 0.06573846
3.2470179, 3.4852176, 0.06496383
3.3182228, 3.634863, 0.06726008
3.546833, 3.645953, 0.07460284
3.5696816, 3.6278472, 0.074026756
3.5938106, 3.6216369, 0.069493964
3.511682, 3.6913323, 0.06516165
3.3309822, 3.3704462, 0.069972396
3.3091931, 3.395045, 0.06351038
3.617934, 3.677419, 0.07018991
3.4734533, 3.690531, 0.075713575
3.289697, 3.3420393, 0.071831256
3.289608, 3.409128, 0.06444114
3.1924238, 3.4757326, 0.056609668
3.632266, 3.6667132, 0.07568072
3.6091514, 3.6867566, 0.07309164
3.5661185, 3.7041137, 0.07285114
3.5254188, 3.7489953, 0.071397334
3.4277182, 3.7087712, 0.06872542
3.2732716, 3.3543234, 0.06504316
3.6504476, 3.715907, 0.07565111
3.2100968, 3.321898, 0.069244176
3.2047176, 3.3484612, 0.06489672
3.6361158, 3.7519155, 0.07134179
3.6768177, 3.7180915, 0.07112114
3.1883667, 3.2835672, 0.06527477
3.2135882, 3.279857, 0.058976904
3.1859717, 3.3971734, 0.06346521
3.161909, 3.370699, 0.05709605
3.2086024, 3.403994, 0.0690045
3.6065943, 3.7531023, 0.0715933
3.1296918, 3.3899574, 0.056879174
3.2509398, 3.4293873, 0.067029126
3.3142529, 3.4040022, 0.06743194
3.411327, 3.5239658, 0.070208415
3.2685397, 3.4721897, 0.06965315
3.384304, 3.4891858, 0.068851516
3.5122538, 3.670781, 0.071373954
3.2476745, 3.3230133, 0.06584789
3.5788085, 3.732994, 0.067796044
3.42587, 3.653314, 0.06917429
3.3458676, 3.442669, 0.06981163
3.3903596, 3.6511219, 0.07360994
3.4053435, 3.6520705, 0.07691512
3.370812, 3.6891162, 0.06277641
3.3302574, 3.7100172, 0.061288595
3.1305323, 3.378387, 0.059990328
3.3283427, 3.6284204, 0.0676742
3.1657276, 3.4235342, 0.05837858
3.2495635, 3.5325687, 0.069106184
3.3569, 3.74922, 0.06668243
3.410947, 3.7287447, 0.06860421
3.1302896, 3.3336303, 0.056080718
3.5499473, 3.77131, 0.08238497
3.3702993, 3.6234045, 0.06629166
3.5883687, 3.7677436, 0.0704501
3.4931743, 3.7514443, 0.07267225
3.6150503, 3.7698188, 0.07368265
3.3028014, 3.5278687, 0.06990565
3.2098703, 3.4748025, 0.054380126
3.466395, 3.7526913, 0.070207
3.6276784, 3.8153145, 0.07520411
3.44977, 3.784099, 0.06417247
3.6747751, 3.7945402, 0.073321216
3.65062, 3.8111084, 0.07239754
3.4041078, 3.8109338, 0.061854318
3.6955614, 3.769703, 0.07459095
3.6927557, 3.7851481, 0.07562648
3.7171004, 3.7650182, 0.07334706
3.4319248, 3.8482895, 0.068252325
3.4743452, 3.8432682, 0.072201416
3.489111, 3.8347087, 0.06473297
3.5062442, 3.8041937, 0.070783235
3.536796, 3.8245108, 0.06867199
3.554388, 3.869093, 0.066269994
3.570646, 3.8523943, 0.07584353
3.567552, 3.8693397, 0.06800932
3.5100217, 3.8915977, 0.070056215
3.4744797, 3.9042633, 0.0671158
3.4244995, 3.9348102, 0.0645693
3.4689116, 3.9243877, 0.069842845
3.4257648, 3.9153852, 0.07810515
3.5121846, 3.9481804, 0.07368238
3.3884802, 3.885782, 0.06258541
3.5087986, 3.9694452, 0.07311082
3.5544174, 3.940378, 0.068170406
3.399093, 3.8613207, 0.0690878
3.2511034, 3.3124623, 0.06509445
3.4705007, 3.9575171, 0.07411976
3.2289248, 3.297217, 0.050591756
3.5173676, 3.8772984, 0.069130704
3.3689556, 3.4277775, 0.06584049
3.5250254, 3.9016707, 0.061375953
3.4477937, 3.7122052, 0.07286817
3.3669088, 3.817802, 0.06535838
3.5293794, 3.6599505, 0.06861521
3.3594239, 3.8458025, 0.057194587
3.4883313, 3.92706, 0.06664404
3.4855092, 3.8504744, 0.060412116
3.468083, 3.9936829, 0.062981695
3.2148657, 3.5055003, 0.06342439
3.2163062, 3.4032247, 0.05770046
3.3516579, 3.5676286, 0.06624511
3.5305536, 3.7941713, 0.07104923
3.4520855, 3.6959226, 0.06956744
3.5008526, 3.7600718, 0.06448038
3.3061497, 3.5107007, 0.06997437
3.4513903, 3.9317188, 0.066084296
3.1465106, 3.3160698, 0.060027093
3.5947566, 3.842196, 0.077297285
3.182088, 3.3572726, 0.058734618
3.433451, 3.788005, 0.06802967
3.4576187, 3.8691936, 0.06656349
3.3093429, 3.3320086, 0.06772669
3.2524838, 3.4562275, 0.060670048
3.3126073, 3.4509995, 0.06794833
3.407042, 3.584049, 0.076231904
3.446167, 4.0030975, 0.07034763
3.5326958, 3.7297928, 0.07146525
3.45727, 3.6385338, 0.0716545
3.4908473, 3.6136389, 0.067124814
3.5118093, 3.6052501, 0.07210978
3.4449654, 3.4783764, 0.073684424
3.5965917, 3.6564128, 0.0790716
3.225821, 3.2589462, 0.071173415
3.5281558, 3.597745, 0.06585953
3.5429718, 3.5923216, 0.063728
3.5628798, 3.6165721, 0.074809544
3.4179435, 3.3842287, 0.07584094
3.6865115, 3.689688, 0.08700501
3.454145, 3.9953575, 0.06814356
3.6110094, 3.6018302, 0.081430234
3.7468781, 3.7648897, 0.07707163
3.5681376, 3.9258838, 0.075648874
3.5583165, 3.9058855, 0.06445968
3.3918846, 3.3477316, 0.07224311
3.5328012, 3.510916, 0.078141615
3.3913705, 3.9178128, 0.074210905
3.6002665, 3.906617, 0.079826
3.216105, 3.2683277, 0.07040453
3.6335974, 3.760661, 0.073382266
3.5815778, 3.5670748, 0.07511103
3.3331573, 3.3889117, 0.06452976
3.6668513, 3.8129725, 0.07119494
3.373223, 3.4462528, 0.06356559
3.415627, 3.510031, 0.078033194
3.2329578, 3.4112537, 0.05840014
3.2215197, 3.4579487, 0.058170155
3.3702264, 3.6348562, 0.05803227
3.4141464, 4.0253654, 0.06823283
3.53249, 3.8551393, 0.07461332
3.5573401, 3.820405, 0.06653662
3.191758, 3.3600798, 0.062963895
3.4611545, 3.7004902, 0.074192345
3.4547682, 3.7650862, 0.07397373
3.3992221, 3.6213987, 0.06573002
3.5058327, 3.823731, 0.069141746
3.3689141, 4.052909, 0.06687088
3.369082, 4.0111027, 0.069854096
3.3968208, 4.0262027, 0.062399063
3.3665102, 4.030195, 0.06432842
3.348576, 4.043562, 0.06276752
3.3346925, 4.055493, 0.068578914
3.3311489, 3.9943101, 0.06612371
3.3663826, 3.9895935, 0.06318462
3.3489666, 3.970435, 0.063168004
3.3169932, 4.0589666, 0.06053947
3.2902102, 4.072548, 0.059290156
3.2957623, 4.0258603, 0.051192317
3.3305042, 3.9787652, 0.06267227
3.290054, 3.9928102, 0.07139317
3.3105865, 3.9888933, 0.062405877
3.2511764, 4.0060353, 0.066937625
3.2617598, 3.9810455, 0.069744155
3.285595, 3.929422, 0.07049392
3.2526324, 3.945809, 0.0660998
3.2363625, 4.032488, 0.055511877
3.3160822, 3.9193323, 0.069844514
3.2578163, 3.9399993, 0.062009946
3.214133, 3.9575164, 0.06381723
3.1775467, 3.9740715, 0.06757782
3.1929395, 3.9679081, 0.059753474
3.187809, 3.9163027, 0.06362517
3.1488683, 3.8841703, 0.05805624
3.116135, 3.8794246, 0.06295887
3.149791, 3.8704264, 0.06198428
3.3559992, 3.4160056, 0.07242663
3.3261602, 3.9025214, 0.07366368
3.563696, 3.586196, 0.06354975
3.3596034, 3.3567228, 0.074435875
3.6877327, 3.7409804, 0.07043308
3.391227, 3.6674223, 0.066553935
3.333654, 3.3256073, 0.0689193
3.4757266, 3.5602782, 0.06480642
3.2795174, 3.303841, 0.05863199
3.7271094, 3.7824862, 0.07486751
3.3964143, 3.4614573, 0.06710987
3.538788, 3.636036, 0.0740189
3.2871618, 3.333735, 0.071038336
3.2531261, 4.041624, 0.059530627
3.2542515, 3.2926922, 0.06665248
3.2579138, 3.2372603, 0.07252203
3.5886445, 3.693669, 0.07399069
3.402537, 3.4820604, 0.067812495
3.3682108, 3.949128, 0.07176775
3.5893679, 3.6083105, 0.08201882
3.3508391, 3.612346, 0.06836363
3.2690363, 3.5330195, 0.066862665
3.254008, 4.029817, 0.054994162
3.2198365, 3.2562075, 0.066126324
3.4158509, 4.002339, 0.06752358
3.382271, 3.727825, 0.06927958
3.4187617, 3.939734, 0.07163036
3.6297643, 3.726139, 0.07545081
3.3559504, 3.6930335, 0.06275539
3.46409, 3.8305774, 0.07366845
3.4863203, 3.6398516, 0.06768369
3.1347942, 3.4049706, 0.04961244
3.2855787, 3.6016273, 0.060976703
3.4376507, 3.5807724, 0.068766795
3.4775493, 3.628936, 0.064416915
3.3615038, 3.488178, 0.06511627
3.2318673, 3.3302495, 0.05855767
3.5454063, 3.711921, 0.07149975
3.3272629, 3.6553478, 0.05792755
3.2684555, 3.3729687, 0.06537893
3.2039342, 3.296051, 0.055323724
3.1469154, 3.4219701, 0.06200617
3.1781876, 3.9940503, 0.05441055
3.2885294, 3.5774522, 0.069587
3.251044, 3.3676178, 0.06243608
3.6578026, 3.7454135, 0.07411375
3.1603472, 3.3598144, 0.06010399
3.1654205, 3.3859427, 0.051819343
3.3417065, 4.0610466, 0.057363793
3.3011787, 3.5374877, 0.057673883
3.1414452, 3.3351226, 0.05193867
3.1961396, 3.4251623, 0.05320813
3.252909, 3.4772518, 0.06515755
3.2836387, 3.3004436, 0.06654528
3.08842, 3.8364513, 0.059491865
3.3949556, 3.933364, 0.07633608
3.3526723, 3.3824604, 0.06738719
3.2451942, 3.2514176, 0.070684776
3.1989088, 3.2367632, 0.064310074
3.164245, 3.876316, 0.0583801
3.0729923, 3.834223, 0.056040287
3.1115882, 3.8174226, 0.06342215
3.1228325, 3.8152719, 0.062805675
3.1486402, 3.2363486, 0.0668876
3.00835, 3.796709, 0.062273636
2.9800742, 3.8183448, 0.058424365
2.95498, 3.8169036, 0.05351077
2.9709535, 3.8148737, 0.052891485
3.7049353, 3.7989194, 0.0640523
3.2628658, 4.0008173, 0.061941016
3.5129986, 3.5844393, 0.07152155
3.295849, 3.4528503, 0.07506746
3.4855454, 3.6883194, 0.07444846
3.4791255, 3.533864, 0.07183567
3.432346, 4.006802, 0.07240358
3.220839, 3.4366004, 0.063773066
3.0429091, 3.8501236, 0.061419047
3.3453827, 3.5133078, 0.06747121
3.3884773, 3.4260738, 0.058793135
2.9856048, 3.8568068, 0.058074348
3.4021657, 3.9640017, 0.06704269
3.2549086, 3.3997552, 0.058641896
3.5519242, 3.6198885, 0.07603358
3.2725697, 3.290088, 0.06383746
3.4846582, 3.5403924, 0.07763687
3.446115, 3.6468968, 0.0721015
3.5757024, 3.7997224, 0.0704033
3.6118753, 3.845115, 0.07380085
3.469316, 3.8904932, 0.071420535
3.275691, 3.4266477, 0.066549234
3.2331972, 3.9566314, 0.05774387
3.4414494, 3.853118, 0.06460725
3.3959117, 3.7935808, 0.06791236
2.9889178, 3.8708398, 0.051658385
3.6111465, 3.823852, 0.071851626
3.5777736, 3.5750005, 0.07213409
3.4807444, 3.6643593, 0.074549146
3.0687337, 3.8916335, 0.064812146
3.1410432, 3.986332, 0.05987193
3.3420937, 3.3021975, 0.07491937
3.3998878, 3.3677158, 0.06303981
3.588107, 3.7946754, 0.06157586
3.0135481, 3.7892425, 0.056445826
3.3675647, 3.5337882, 0.07427122
3.2910376, 4.055318, 0.068156175
3.0438032, 3.8360624, 0.05759656
3.410445, 3.5702202, 0.07230762
3.4942403, 3.478371, 0.07365706
3.1760435, 3.289939, 0.062703185
3.3212283, 3.4673803, 0.057887662
3.2153172, 3.3377159, 0.058999598
3.0206556, 3.9166808, 0.05279423
3.1096234, 3.961164, 0.058773596
3.0993764, 3.9402027, 0.065632865
3.2870953, 3.363709, 0.06552288
3.1434689, 3.2500393, 0.06287576
3.6445131, 3.798744, 0.083429776
3.5343585, 3.6642277, 0.074680075
3.5455925, 3.9008536, 0.05936729
3.2336142, 3.5059514, 0.06055504
3.1657195, 3.4139316, 0.063250765
3.2965279, 3.5141091, 0.075597316
3.4764926, 3.9680698, 0.07822425
3.5160975, 3.7929773, 0.081607655
3.1340036, 3.3731835, 0.06271328
3.1011326, 3.9252677, 0.06324713
3.502917, 3.5523458, 0.0714206
3.5176547, 3.646525, 0.0740597
3.4260569, 3.4613981, 0.07102296
3.288271, 3.2979734, 0.06717791
3.6625426, 3.7416255, 0.07525518
3.4008415, 3.4307306, 0.06434176
3.4617229, 3.4402697, 0.07029086
3.1921728, 3.2187152, 0.07156511
3.2122023, 3.215991, 0.068902776
3.2288172, 3.2991168, 0.06972633
3.0317957, 3.8941982, 0.060202036
3.0961626, 3.781457, 0.05584274
3.515503, 3.5733304, 0.08407834
3.002539, 3.8477957, 0.05836571
3.066589, 3.8720906, 0.06388385
3.15325, 3.3178675, 0.056972228
3.55422, 3.8209789, 0.08112087
3.2153425, 3.3956532, 0.05929934
3.3421936, 3.5548773, 0.06745238
3.2366195, 3.9410405, 0.06398128
3.0742657, 3.7444596, 0.07225033
3.0700788, 3.7629611, 0.06659265
3.0226383, 3.736174, 0.060333684
3.65367, 3.7388895, 0.06749708
3.3832428, 3.904735, 0.05694821
3.2095788, 3.3170912, 0.06659706
3.6990986, 3.716085, 0.075845376
3.2896895, 3.4141152, 0.05985289
3.614241, 3.5921175, 0.081526704
3.7489576, 3.746901, 0.080253415
3.5753846, 3.7634423, 0.07248379
3.576427, 3.5483801, 0.079487436
3.3727717, 3.7622325, 0.059343908
3.469265, 3.7796872, 0.069467396
3.4248085, 3.722976, 0.07209181
3.7136524, 3.7057014, 0.07539745
3.5085092, 3.469459, 0.07280962
3.6561127, 3.862106, 0.07570137
3.5430524, 3.7235856, 0.067473814
3.6114228, 3.80768, 0.07602782
3.5346415, 3.864924, 0.07824057
3.424717, 3.37354, 0.07639957
3.1796284, 3.9229991, 0.06280344
3.666813, 3.6519918, 0.07671558
3.3590133, 4.031482, 0.072052255
3.5619626, 3.6594515, 0.070453584
3.4773698, 3.5555081, 0.06913474
3.6429968, 3.6394262, 0.0868436
3.668505, 3.7884097, 0.08159666
3.243906, 4.020499, 0.06726906
3.1968896, 4.023926, 0.06466421
3.2648783, 3.499305, 0.05744975
3.0353148, 3.852352, 0.061569627
3.1153412, 3.8258438, 0.060244057
3.4803724, 3.7727299, 0.06308141
3.1405892, 3.937062, 0.05596621
3.2324724, 3.3874846, 0.06719451
3.1569176, 3.3629787, 0.06139618
2.9267445, 3.7762454, 0.05104688
3.5466104, 3.7814229, 0.08081605
3.2435837, 3.4715574, 0.049608212
3.0544417, 3.8840082, 0.069908015
2.980964, 3.7659721, 0.056108724
3.3934877, 3.9719002, 0.06506903
3.279584, 3.5191112, 0.06934788
3.1960504, 3.4121692, 0.05770686
3.3484433, 3.909516, 0.06847073
2.9926267, 3.7867053, 0.06851291
3.5483522, 3.8595722, 0.07087278
2.9233642, 3.7577405, 0.05856386
2.9177675, 3.729137, 0.055679876
2.9195364, 3.7561457, 0.05794575
3.445767, 3.4479532, 0.07137844
3.469259, 3.4764144, 0.079407275
3.5201702, 3.899456, 0.07175112
3.4085417, 3.9951696, 0.078534886
3.3029697, 3.3453333, 0.059432376
3.2541356, 4.017138, 0.058374435
3.5485556, 3.56914, 0.07967004
3.5041444, 3.5174878, 0.08177034
3.2992287, 4.0013237, 0.06779743
3.690869, 3.7345908, 0.07235084
3.5468364, 3.935436, 0.07980409
3.4289846, 3.4956417, 0.07092645
3.22189, 3.9689732, 0.055774353
3.637785, 3.6460817, 0.08450215
3.6124668, 3.8967524, 0.072897986
3.6012516, 3.6300244, 0.07393767
3.2847402, 4.0630555, 0.062399242
3.2263994, 3.8947253, 0.06728685
3.334916, 3.3184063, 0.07152804
3.6089504, 3.7080145, 0.061153512
