1.1647012, -0.7014021, 0.029432055
1.1473608, -0.72844523, 0.03433273
1.1601344, -0.7433277, 0.030938497
1.1541402, -0.6921544, 0.07154793
1.1500318, -0.7694143, 0.033291213
1.1440319, -0.6888748, 0.111707464
1.146008, -0.7268475, 0.13557872
1.1502975, -0.7675255, 0.10992225
1.1471524, -0.7120743, 0.12963407
1.1503347, -0.77341473, 0.09749566
1.1422634, -0.6291528, 0.02997335
1.1451813, -0.67289346, 0.13386336
1.1497347, -0.6893941, 0.13326366
1.1496896, -0.66735846, 0.14665164
1.1438415, -0.6134882, 0.15078627
1.1436734, -0.74680895, 0.21222937
1.1458274, -0.747804, 0.13545108
1.1408994, -0.59067285, 0.10695265
1.1458786, -0.7641173, 0.23011817
1.1419802, -0.76444346, 0.24965434
1.1269591, -0.5879807, 0.08875497
1.1342499, -0.6904704, 0.26802117
1.1419165, -0.67253554, 0.30976066
1.1441845, -0.7106858, 0.3088329
1.1292204, -0.6901159, 0.30593905
1.1303217, -0.7111541, 0.30913052
1.1500186, -0.7344108, 0.050197557
1.1308552, -0.7278208, 0.31388238
1.1510295, -0.77011, 0.12950194
1.1453443, -0.6484128, 0.069278926
1.1291182, -0.5849405, 0.070591584
1.1484987, -0.77128124, 0.2097933
1.1446998, -0.6896667, 0.30865875
1.1482748, -0.7293223, 0.14780803
1.145313, -0.71012783, 0.11503705
1.141916, -0.68673515, 0.22712004
1.1296973, -0.67030597, 0.30577925
1.1467935, -0.64737046, 0.0911676
1.1403259, -0.74654543, 0.3152113
1.126303, -0.632782, 0.31004983
1.1475129, -0.58558697, 0.051938936
1.1420351, -0.64777505, 0.22794792
1.122872, -0.6033075, 0.36723784
1.1439424, -0.7546546, 0.24279456
1.1448617, -0.73543906, 0.2088154
1.1508367, -0.7525133, 0.04820495
1.14086, -0.7431933, 0.34297433
1.1520565, -0.6977314, 0.18970495
1.141686, -0.7465349, 0.32658485
1.1490141, -0.7098876, 0.03387946
1.1489635, -0.7350994, 0.16769432
1.1629692, -0.7684447, 0.039197203
1.1226561, -0.6061605, 0.39354786
1.144424, -0.67062163, 0.11120187
1.128889, -0.6128105, 0.14871971
1.1460303, -0.73240197, 0.32503852
1.150956, -0.65151477, 0.14717418
1.1465648, -0.74845976, 0.1894331
1.1438085, -0.6620003, 0.22043426
1.1422707, -0.7480459, 0.23206666
1.1506958, -0.63076675, 0.14614043
1.1462024, -0.72581387, 0.31349325
1.1251624, -0.63410217, 0.29189268
1.1553861, -0.6750966, 0.18579815
1.1262271, -0.6489011, 0.38501775
1.1259389, -0.6699611, 0.291035
1.1404461, -0.6156638, 0.12029409
1.1240511, -0.60836375, 0.30155027
1.1329079, -0.60745925, 0.12988839
1.1288762, -0.72683793, 0.39095792
1.1318272, -0.69113564, 0.13488443
1.1430357, -0.59398305, 0.16739024
1.1534123, -0.69283414, 0.033889428
1.1303037, -0.6318077, 0.14832236
1.1427286, -0.59945714, 0.15933488
1.1460216, -0.7521042, 0.14742985
1.1490022, -0.6490501, 0.20407513
1.1325601, -0.6494622, 0.1485968
1.1434243, -0.63238186, 0.12718546
1.147116, -0.73830414, 0.115090534
1.140685, -0.7001289, 0.23691376
1.1293478, -0.6315315, 0.2699343
1.1291544, -0.70207083, 0.34970146
1.1294394, -0.6514761, 0.3072713
1.1369715, -0.71747214, 0.06435558
1.1260453, -0.6260763, 0.34674403
1.1399136, -0.7126172, 0.04034221
1.1482309, -0.71275026, 0.04704627
1.1492566, -0.70072633, 0.29661936
1.1130443, -0.67011476, 0.30499563
1.1367987, -0.6478791, 0.13670494
1.1362668, -0.64879596, 0.33018434
1.1418277, -0.60747504, 0.16208357
1.1418808, -0.5985445, 0.18999796
1.1305617, -0.70963776, 0.29440784
1.1514966, -0.75263023, 0.087100334
1.1529695, -0.6892122, 0.14499797
1.1589258, -0.7080872, 0.16702916
1.1313922, -0.6918752, 0.28413418
1.1156406, -0.66920006, 0.4173948
