4.460055, 0.26300058, 0.8325743
4.4471507, 0.2365034, 0.83265394
4.460626, 0.244414, 0.8493089
4.443818, 0.25118893, 0.76697755
4.401063, 0.21508493, 0.8345103
4.4005456, 0.216975, 0.817235
4.45352, 0.24808744, 0.74360645
4.3940654, 0.20305282, 0.76433533
4.3862047, 0.21008989, 0.7490877
4.39878, 0.21317506, 0.80833197
4.387083, 0.18997006, 0.82884103
4.3542747, 0.19628832, 0.8068572
4.3833017, 0.18983072, 0.85966164
4.433896, 0.24501577, 0.6875378
4.4087296, 0.20940685, 0.69373274
4.3862386, 0.20738588, 0.69516677
4.449884, 0.24748869, 0.7062292
4.3710737, 0.17175746, 0.86790526
4.419924, 0.21734653, 0.8720642
4.3959746, 0.20658952, 0.8696145
4.44073, 0.23261549, 0.67325056
4.4207573, 0.22740361, 0.67142034
4.454551, 0.23108293, 0.687797
4.4364705, 0.24682122, 0.6720501
4.4272594, 0.23408453, 0.65256935
4.391255, 0.19678319, 0.65178037
4.3899193, 0.20909655, 0.6526244
4.350866, 0.170146, 0.89760166
4.4119396, 0.21014647, 0.9136799
4.398418, 0.20758313, 0.90424097
4.4259324, 0.23115398, 0.90682125
4.3804684, 0.19581127, 0.63137716
4.435602, 0.23601684, 0.63257796
4.380061, 0.19057891, 0.92949283
4.391021, 0.2110737, 0.60481
4.4225082, 0.21317069, 0.92376035
4.374255, 0.18593699, 0.9528593
4.4453764, 0.24967754, 0.9285016
4.4420986, 0.23633233, 0.9578426
4.415472, 0.21332762, 0.5855356
4.4082685, 0.20934081, 0.96829456
4.360936, 0.1657388, 0.94696784
4.429474, 0.23250642, 0.9733983
4.3951025, 0.18995091, 1.0101637
4.3923383, 0.20784795, 1.0119057
4.3696723, 0.18127316, 1.0506178
4.3727326, 0.18744306, 1.0958942
4.370011, 0.18564308, 1.11311
4.3955564, 0.19905248, 1.1448768
4.376444, 0.19490112, 1.1699451
4.3554597, 0.17221329, 1.1704761
4.428854, 0.23475333, 1.2147934
4.3727946, 0.18859042, 0.87661946
4.366322, 0.193335, 0.8301234
4.3966355, 0.2162351, 0.8939303
4.4446473, 0.23790322, 0.81554675
4.369853, 0.19217804, 1.2097048
4.4043355, 0.22185333, 0.8864483
4.362112, 0.19124784, 1.0636988
4.390747, 0.19496204, 0.57359004
4.3896303, 0.18945326, 0.5535496
4.372794, 0.16695422, 0.61206067
4.36674, 0.18566859, 0.73082715
4.369567, 0.19448605, 1.1473818
4.4411345, 0.2337837, 0.8689958
4.371388, 0.19045173, 0.85492384
4.3956504, 0.19447766, 0.6088116
4.447509, 0.2522994, 0.6914654
4.4096622, 0.22478053, 0.90348804
4.370245, 0.19800867, 0.786107
4.366226, 0.19384347, 0.7160351
4.385516, 0.19368985, 1.1966314
4.406872, 0.22199988, 0.92988694
4.3871965, 0.20554477, 1.064162
4.3604207, 0.1867572, 1.2661073
4.4057293, 0.2090534, 1.2841781
4.3413463, 0.16626629, 0.6380118
4.378044, 0.18077649, 0.753643
4.363195, 0.17162296, 0.5613219
4.4405346, 0.24009718, 0.9858628
4.3737564, 0.19068886, 1.1330049
4.3484716, 0.16849165, 0.58311856
4.3612776, 0.18328723, 1.3221225
4.428529, 0.23143376, 1.0284909
4.377037, 0.18247241, 1.03251
4.384836, 0.20381482, 0.8539875
4.366866, 0.1715769, 1.0165743
4.3995814, 0.22080368, 0.6937312
4.4107137, 0.21105501, 0.56835353
4.394105, 0.1949114, 0.90679276
4.4377537, 0.24793617, 0.80991256
4.3442445, 0.17652163, 1.1154271
4.4441347, 0.25256306, 0.6346837
4.3922477, 0.2056371, 0.8351823
4.3895564, 0.21220225, 0.9913711
4.377594, 0.20156522, 1.0853397
4.4419985, 0.2354696, 0.63705426
