5.150512, 1.485899, 0.13005345
5.1409125, 1.5175604, 0.13042526
5.1335716, 1.5305402, 0.13442159
5.091548, 1.5009449, 0.13844924
5.0463285, 1.5122815, 0.13975042
5.0553923, 1.4948138, 0.13587481
5.0457964, 1.5544114, 0.13721429
5.0190773, 1.4811776, 0.13981949
4.9654236, 1.4727463, 0.14428051
5.029456, 1.5901275, 0.13595937
5.009808, 1.5628728, 0.13938904
4.93194, 1.4920259, 0.15417913
4.9728546, 1.4316878, 0.14360371
5.032961, 1.6075802, 0.13692574
4.9945674, 1.6184084, 0.13613121
4.989813, 1.5457153, 0.13304585
4.9758906, 1.5908691, 0.13192444
4.9095917, 1.5216969, 0.13800351
4.8864846, 1.4657819, 0.14972666
5.0281463, 1.6509445, 0.13349806
4.950008, 1.6052282, 0.13330464
4.869016, 1.5518758, 0.14492759
4.894922, 1.5270991, 0.13561964
4.8723044, 1.5282313, 0.14108653
4.9076405, 1.5745206, 0.13171153
4.9021463, 1.4217714, 0.14581434
4.869129, 1.4715061, 0.15028663
5.0318494, 1.6723118, 0.13338268
4.9487305, 1.6466358, 0.14088856
4.830104, 1.546381, 0.13664629
4.8241386, 1.5683264, 0.13567023
4.8772306, 1.5837283, 0.13613686
4.8273096, 1.5062449, 0.13616547
4.825247, 1.4872246, 0.13784395
4.8096104, 1.5118762, 0.14402574
4.8044033, 1.5865887, 0.1391169
4.8360596, 1.6087859, 0.13568258
4.888683, 1.6261066, 0.13668516
4.879668, 1.6093575, 0.13477194
4.7703958, 1.4946327, 0.13354254
4.7519765, 1.5471513, 0.13733026
4.741904, 1.5678468, 0.13962658
5.0761976, 1.6681539, 0.13558996
5.1717257, 1.4908097, 0.14606947
5.0611463, 1.4627916, 0.1367198
4.9371986, 1.570957, 0.13971177
5.042376, 1.658645, 0.124100044
4.8867245, 1.5870899, 0.13839293
5.0922627, 1.5902394, 0.13392916
4.761509, 1.4168488, 0.14617984
4.8338857, 1.347043, 0.14107999
4.710783, 1.3726882, 0.14819123
4.876013, 1.3490913, 0.14716205
4.8427253, 1.3298657, 0.14528307
4.905664, 1.3643179, 0.13798125
4.871462, 1.2829859, 0.15896054
4.9369226, 1.3659381, 0.1485469
4.831122, 1.2645056, 0.14892049
4.9108715, 1.2995626, 0.13696621
4.849483, 1.2278379, 0.13784364
4.8918037, 1.2319281, 0.14875552
4.9466686, 1.3085393, 0.14655146
4.944731, 1.2853675, 0.15197915
4.895722, 1.2145795, 0.15200742
4.934394, 1.2253501, 0.14819968
4.947581, 1.2527399, 0.15002692
4.8156085, 1.1946214, 0.15028395
4.964103, 1.2336688, 0.14807814
4.771756, 1.188988, 0.14811876
4.764326, 1.2100215, 0.15184568
5.010393, 1.2488742, 0.14885163
4.75174, 1.2492325, 0.15646444
5.0319843, 1.2450963, 0.14523931
5.047169, 1.2735816, 0.14922287
4.7635818, 1.2679673, 0.14512095
5.0235143, 1.3084477, 0.14590563
5.050155, 1.3108265, 0.1508008
4.764332, 1.3080546, 0.14885071
5.050428, 1.3236715, 0.14278476
5.0552506, 1.3318725, 0.13238798
4.7524343, 1.332505, 0.14814872
4.7315297, 1.3158818, 0.13359505
5.0372686, 1.3759575, 0.14516944
5.0139527, 1.3881323, 0.14473897
5.035074, 1.3909936, 0.14233203
4.8586993, 1.291676, 0.14221455
4.965424, 1.3244119, 0.15022665
4.974885, 1.5690154, 0.13217917
5.089527, 1.6462384, 0.1316446
5.106238, 1.5766817, 0.13934146
4.9039135, 1.2543868, 0.1487489
4.709875, 1.2645109, 0.15186304
4.6814218, 1.4482071, 0.14998923
4.6996646, 1.2446775, 0.15512398
4.690122, 1.4673696, 0.145873
4.703774, 1.2065238, 0.1555244
5.0330606, 1.6305028, 0.12997869
4.6943655, 1.4099542, 0.14805187
4.6952214, 1.3981702, 0.14717063
4.8387175, 1.3888361, 0.1669528
4.901205, 1.6390194, 0.1346109
5.1052303, 1.2572616, 0.13998897
5.0188594, 1.4347947, 0.15018605
4.8907957, 1.3057984, 0.15281337
4.8058906, 1.3974487, 0.13583504
4.745551, 1.4659467, 0.14833562
5.026471, 1.3341553, 0.14686361
5.132227, 1.463859, 0.13546485
4.813826, 1.5169435, 0.13935016
4.69069, 1.3124609, 0.14911956
4.944229, 1.5536869, 0.13821785
4.6946826, 1.4834582, 0.13881987
5.0240073, 1.4852259, 0.13848263
4.7519445, 1.4995205, 0.13963336
4.8304954, 1.3709233, 0.14521511
4.9695897, 1.6535485, 0.12577772
4.949702, 1.4047146, 0.14430723
4.751181, 1.229837, 0.15399888
4.671205, 1.2454433, 0.1566337
4.70831, 1.5127827, 0.13971055
4.691336, 1.4341669, 0.14676633
4.810914, 1.6048355, 0.13644145
5.088616, 1.3437175, 0.14357805
5.0355678, 1.5798528, 0.12980427
4.9027233, 1.3935719, 0.13837357
4.7448597, 1.5846995, 0.13816588
4.8408275, 1.2455628, 0.1478494
5.0068383, 1.418532, 0.14726818
4.7938056, 1.6508858, 0.13855013
5.12632, 1.3461745, 0.1312449
5.112298, 1.405627, 0.13441193
5.130909, 1.418453, 0.12935868
5.165119, 1.4177257, 0.13996945
5.1732802, 1.433784, 0.13832533
5.187806, 1.4106145, 0.14074689
5.2021875, 1.3664072, 0.12952517
5.2006855, 1.3785886, 0.14047785
5.1845045, 1.3378402, 0.13636114
5.189636, 1.2807484, 0.13497232
5.216472, 1.2812821, 0.13511078
5.1928186, 1.2753391, 0.13420051
5.220185, 1.2918222, 0.13469501
5.111034, 1.4448141, 0.13532174
4.8629117, 1.4873619, 0.15459274
4.6900597, 1.5164028, 0.14489815
4.6951213, 1.2136991, 0.15666659
4.954195, 1.5953805, 0.14193372
4.984101, 1.5105381, 0.15426481
5.1124964, 1.641979, 0.13460545
5.1838446, 1.3199155, 0.1441809
5.038419, 1.2750074, 0.13930738
5.063052, 1.2940091, 0.13838127
4.9370084, 1.2145865, 0.15964437
5.115982, 1.3052615, 0.14344366
4.731477, 1.2077175, 0.15741634
4.75432, 1.4507121, 0.14181763
4.6958513, 1.1706657, 0.15791276
4.8719287, 1.2374717, 0.15112886
4.70543, 1.3449134, 0.14317255
4.6864953, 1.2874837, 0.15395334
5.2077694, 1.2706428, 0.13780458
4.9148498, 1.2087479, 0.1525256
5.0860667, 1.6292421, 0.13590693
4.827431, 1.464678, 0.13797888
4.9694085, 1.6342311, 0.12660925
5.084944, 1.5334502, 0.1393378
4.8851686, 1.6632929, 0.1304866
5.1103153, 1.6219965, 0.1308931
4.988862, 1.2778594, 0.14090434
4.8038335, 1.6375661, 0.13690647
4.8675103, 1.5100105, 0.1497081
5.1251187, 1.5851068, 0.13344668
5.0536757, 1.5650356, 0.1342629
5.1938357, 1.358135, 0.13627191
5.017498, 1.7046314, 0.13012171
4.862738, 1.294158, 0.13166863
4.75361, 1.5327911, 0.13905008
4.854913, 1.6701841, 0.1390743
5.013202, 1.7208377, 0.12955399
4.7676497, 1.3554326, 0.14578643
4.7391343, 1.3440157, 0.13823427
4.8192663, 1.4941821, 0.14806536
4.8849325, 1.2935661, 0.14545274
4.6943026, 1.4671861, 0.13944924
5.0040584, 1.3164616, 0.12668929
5.015435, 1.5562985, 0.13696116
5.0609, 1.4234778, 0.13673997
4.949564, 1.5380569, 0.13684802
5.091456, 1.5775081, 0.13433085
4.9098597, 1.3859774, 0.14320531
4.730443, 1.6068352, 0.14540032
5.1183696, 1.426717, 0.13331363
4.753411, 1.4299077, 0.15208061
4.9146547, 1.6887593, 0.14086196
4.8388267, 1.2288059, 0.14553854
4.8078227, 1.350994, 0.14995162
5.123614, 1.2829599, 0.14127468
4.8920074, 1.6084591, 0.1313179
4.980717, 1.4035345, 0.14119293
4.953997, 1.6848564, 0.12909248
4.721525, 1.3600835, 0.14394933
4.720584, 1.4214177, 0.14250281
4.848382, 1.4556912, 0.14041334
4.9474444, 1.389154, 0.14422508
5.1521554, 1.2681302, 0.13308653
4.6911254, 1.32705, 0.14754695
4.827549, 1.589216, 0.1318077
4.650594, 1.5891113, 0.1486452
4.6449075, 1.6078346, 0.15399061
4.669137, 1.6114949, 0.13996054
5.0642567, 1.6096138, 0.1274103
5.1214705, 1.274286, 0.1353097
4.9537234, 1.4984263, 0.13832776
5.0111766, 1.2595769, 0.1337763
5.0359216, 1.358535, 0.14552188
4.755679, 1.2929299, 0.15425208
4.850402, 1.2177374, 0.14932984
4.791093, 1.3777246, 0.1405859
5.1467505, 1.4448586, 0.13117518
4.7628675, 1.5217471, 0.14250483
4.7308807, 1.2542582, 0.15616669
4.920892, 1.6911968, 0.1383772
4.9458737, 1.2373222, 0.14922704
5.020517, 1.7229125, 0.12746108
4.7850933, 1.6647074, 0.14042327
5.1951976, 1.3958906, 0.13881248
5.1197395, 1.5284113, 0.13804008
4.8680253, 1.6916331, 0.1333463
5.076212, 1.7466086, 0.13095416
5.0801764, 1.724105, 0.13200212
5.037811, 1.6957288, 0.13194175
4.9928036, 1.7315058, 0.13535826
4.961614, 1.6718465, 0.13504577
5.0438466, 1.2369131, 0.14606638
4.6662283, 1.5698245, 0.14811544
4.717101, 1.284216, 0.14683394
5.102036, 1.2177223, 0.1495248
5.030316, 1.2035619, 0.15079194
5.212143, 1.2399321, 0.1366139
5.0029244, 1.7560018, 0.13058132
4.7370853, 1.1715682, 0.1569553
5.090049, 1.2124416, 0.15212919
4.791924, 1.5181394, 0.14671144
4.7957225, 1.2074181, 0.13634536
4.6725807, 1.5530015, 0.14836727
4.9082828, 1.2779759, 0.1461581
5.015278, 1.5820196, 0.1363039
4.8801904, 1.543654, 0.13779403
4.824378, 1.4888597, 0.14617768
4.6870193, 1.4911535, 0.14638706
5.1343594, 1.3281728, 0.1374049
4.7382636, 1.5030724, 0.14418651
4.6455855, 1.6270522, 0.1498546
5.14175, 1.5774653, 0.12834576
4.7134895, 1.2371162, 0.15072247
4.76812, 1.5517173, 0.13955605
4.956133, 1.5265588, 0.14516082
4.645205, 1.5679656, 0.15150131
5.121559, 1.6568326, 0.12339223
4.7604795, 1.5691117, 0.13381745
5.0671225, 1.6983554, 0.13714659
5.00529, 1.6794655, 0.13506602
4.8674073, 1.6369724, 0.1375046
5.1106324, 1.6964433, 0.12389572
4.83651, 1.6280572, 0.1263352
4.9435353, 1.6605711, 0.13352002
5.054421, 1.637133, 0.12965834
4.85193, 1.3431766, 0.14237686
4.724378, 1.3077186, 0.14462921
5.0893574, 1.6031222, 0.13432956
4.772002, 1.3243735, 0.14461574
4.8855705, 1.3309867, 0.15186106
5.0937862, 1.7553198, 0.13390352
5.171366, 1.291388, 0.1428883
5.1623178, 1.3225427, 0.14293233
5.0239515, 1.5297345, 0.13626866
4.89119, 1.4511272, 0.14681338
4.839602, 1.2535405, 0.14052309
4.7858753, 1.4404876, 0.1312704
4.8286424, 1.2044208, 0.1516533
4.9404984, 1.2745798, 0.14925885
4.886793, 1.2633023, 0.14578582
5.055737, 1.591322, 0.13174054
4.7741175, 1.5103902, 0.14002532
4.883285, 1.5415231, 0.14541753
4.765803, 1.1513851, 0.15449564
5.0895686, 1.370861, 0.15026806
4.9833193, 1.3258386, 0.14259276
4.9844923, 1.5708661, 0.13312589
4.824575, 1.2892276, 0.15320504
5.0564075, 1.3425932, 0.14045115
4.793366, 1.4233195, 0.12966649
4.99704, 1.286496, 0.15225933
5.1362305, 1.6144948, 0.12798074
4.750008, 1.2720417, 0.15792216
4.833219, 1.5273011, 0.14090832
4.8154526, 1.4282154, 0.14341377
4.9456067, 1.4619981, 0.14229348
4.6761227, 1.133289, 0.16526093
4.6465735, 1.1627618, 0.16775133
4.90961, 1.3518894, 0.14437906
4.82409, 1.3857043, 0.15050569
5.0226536, 1.7464426, 0.15673563
5.0355406, 1.5281596, 0.14004374
4.9371886, 1.543839, 0.14102924
4.8871818, 1.4867207, 0.13898066
5.1217732, 1.551872, 0.13426708
5.136744, 1.5610747, 0.12159057
5.064218, 1.7752025, 0.13317394
4.6579685, 1.6432246, 0.14150798
5.0246406, 1.4124168, 0.13919327
4.743799, 1.5802522, 0.146457
4.7779813, 1.3527712, 0.13657318
4.8443103, 1.2031063, 0.16153263
4.818186, 1.5554897, 0.14446115
4.87541, 1.5722837, 0.14646578
5.099483, 1.3917524, 0.14770994
5.1456857, 1.441426, 0.14454909
5.0219736, 1.615575, 0.14134113
5.0754485, 1.4243826, 0.14478908
4.699682, 1.377651, 0.15131405
4.8331027, 1.366006, 0.13867448
4.845736, 1.4353937, 0.15450406
4.6538997, 1.2408521, 0.1631944
4.702381, 1.4313587, 0.14007936
4.7429, 1.5331937, 0.14934397
4.875839, 1.2421137, 0.15088548
4.665943, 1.5212076, 0.14614761
5.1422453, 1.2979488, 0.15074345
4.751055, 1.2159127, 0.15158297
4.6542683, 1.5410616, 0.14977494
4.768025, 1.4490384, 0.13795127
5.06199, 1.5270808, 0.14753409
5.0949035, 1.4797755, 0.14732988
4.9608526, 1.5067129, 0.13586694
4.8131733, 1.4666024, 0.14288914
4.850749, 1.2848846, 0.13586171
4.816032, 1.6413069, 0.1399208
5.016049, 1.5152233, 0.14027953
4.674547, 1.199451, 0.15780734
5.117972, 1.2938697, 0.13605326
4.763061, 1.4739023, 0.14670993
4.9088097, 1.2828261, 0.14752688
4.671818, 1.5955386, 0.14809312
4.8515463, 1.270205, 0.14554885
4.839273, 1.3195701, 0.13921486
4.783757, 1.3996236, 0.142766
4.935255, 1.3410159, 0.1497121
4.902884, 1.3342552, 0.13890788
4.9790993, 1.2984862, 0.14564975
4.994314, 1.751817, 0.13408452
5.101975, 1.5683324, 0.14195049
5.0460677, 1.3675363, 0.13470122
4.872037, 1.6589514, 0.14237796
