0.6719514, 1.9693449, 0.110861935
0.6696679, 1.9913551, 0.12792766
0.6511629, 1.9491888, 0.09017536
0.66906166, 1.9978557, 0.14402105
0.6861236, 1.9519838, 0.08887338
0.6481357, 1.9961512, 0.14165369
0.66925365, 1.9773036, 0.12172065
0.65091103, 1.9680386, 0.096379414
0.60776335, 1.9728569, 0.08619251
0.60986364, 1.9293573, 0.07150349
0.64973015, 2.0285318, 0.16839918
0.66972035, 1.9088935, 0.051852547
0.6492076, 1.910753, 0.051018428
0.6108265, 1.9117596, 0.0467175
0.60464627, 1.9098518, 0.032798357
0.6319868, 2.0376875, 0.18359017
0.67241925, 2.0662699, 0.17064822
0.66759217, 2.0499642, 0.18833
0.61141646, 2.0569668, 0.20044105
0.6910832, 1.8879672, 0.030199785
0.6087235, 1.8871939, 0.027478471
0.64533806, 2.135357, 0.2662276
0.6306841, 2.153291, 0.28822246
0.57395506, 2.132267, 0.25636458
0.57696414, 2.119004, 0.24758713
0.6088239, 2.1665053, 0.29297796
0.5710025, 2.1463413, 0.2737509
0.58882064, 2.1452267, 0.2705829
0.62783515, 2.152649, 0.30384213
0.64405775, 2.1719158, 0.30329075
0.56986517, 2.185732, 0.30975875
0.5882092, 2.2055018, 0.33183175
0.6317447, 2.1918764, 0.3265694
0.5526733, 2.208414, 0.3313191
0.6295221, 2.2092314, 0.33381367
0.61080337, 2.1728115, 0.30487475
0.610488, 2.1883972, 0.3131773
0.66928524, 1.9508897, 0.08835985
0.6684382, 2.0313773, 0.17288151
0.63032115, 1.929373, 0.068585545
0.5924482, 2.1272643, 0.25161925
0.6329628, 2.077085, 0.22259331
0.6858279, 1.9110893, 0.065735914
0.6529612, 1.8819957, 0.013335615
0.603001, 2.0069563, 0.10982153
0.63094413, 2.0068529, 0.13582459
0.5891723, 2.1061852, 0.2128817
0.63626397, 1.9236568, 0.055209573
0.6490946, 2.092208, 0.22626229
0.6281634, 2.1339183, 0.26919878
0.56899637, 2.1702025, 0.28966913
0.59191644, 2.0860295, 0.2120501
0.6291448, 2.2250576, 0.34895378
0.5885922, 2.083152, 0.19467014
0.6507743, 2.0532768, 0.18990739
0.6234816, 1.9085188, 0.03456653
0.59459996, 2.0660071, 0.19105583
0.64803267, 2.1074197, 0.24752289
0.6279158, 2.1703663, 0.30693576
0.6742682, 1.9538335, 0.10304348
0.629496, 1.9838368, 0.114570946
0.633158, 2.113185, 0.24876028
0.6895436, 1.8910415, 0.046464
0.6669381, 1.9141216, 0.06562232
0.6285503, 1.9469732, 0.070221275
0.6102607, 1.9431145, 0.07313909
0.585288, 2.1258907, 0.23272027
0.60916626, 2.2101326, 0.34853435
0.6465856, 1.9246975, 0.052094806
0.6157258, 2.0405018, 0.15297379
0.66143304, 2.112954, 0.22038332
0.5937512, 2.0457215, 0.17007153
0.54846674, 2.2333887, 0.33904058
0.69212323, 1.8794925, 0.02650584
0.6085406, 2.1912708, 0.32663852
