0.10894187, 2.1616213, -7.421023E-4
0.34741104, 2.1486948, 0.029784834
0.40923333, 2.1316469, 0.027333716
0.3060392, 2.094907, 0.0060384925
0.12831594, 2.1746826, 0.024159059
0.014609558, 2.1529708, -0.0041629933
-0.030982004, 2.1732235, 0.0068440563
0.20668855, 2.1114252, -0.024359988
-0.049231593, 2.1726341, 0.006510523
-0.013366466, 2.1271474, -0.027380848
-0.006401264, 2.1913617, 0.01295945
0.07971642, 2.1458821, -0.009561017
0.23027831, 2.1248512, 0.011871288
0.22832397, 2.0857987, -0.023694716
-0.031027153, 2.1509128, 0.003395677
0.030217571, 2.1278877, -0.023449352
0.3698032, 2.1110039, 0.009063694
-0.031514283, 2.188758, 0.012440506
0.47076678, 2.1089485, 0.027507212
-0.029634535, 2.1305325, -0.025289271
-0.03213654, 2.2029667, 0.014319366
0.2474733, 2.0877044, -0.0119736325
0.032099143, 2.1877658, 0.013315952
0.47487164, 2.093135, 0.023269702
0.42345303, 2.14781, 0.045786146
0.054347612, 2.1292155, -0.0224493
0.42661628, 2.110588, 0.02526429
0.033470813, 2.20712, 0.027468152
-0.008376732, 2.2084355, 0.017406818
-0.04716418, 2.1902418, 0.008724269
0.44673872, 2.1502151, 0.03459197
0.011160157, 2.1734126, 0.0065638893
0.45195138, 2.112795, 0.027383622
0.3901164, 2.1338174, 0.026954258
0.36691964, 2.1493328, 0.031194586
0.124725774, 2.1098437, -0.014071082
0.009832354, 2.1853495, 0.012587627
0.3103752, 2.0927238, -0.009655065
0.39077854, 2.0872014, -0.007438454
0.0681445, 2.125218, -0.02555361
0.33074725, 2.131931, 0.025803607
-0.0066736825, 2.2100337, 0.026945116
0.22819051, 2.108176, -0.008876927
0.34234232, 2.106874, -0.0050149355
-0.017339181, 2.1977122, 0.022347912
0.3300827, 2.1499388, 0.03170522
-0.03067739, 2.2044654, 0.031814117
0.40746772, 2.1498785, 0.03395931
0.50621575, 2.1117585, 0.024786426
0.35328126, 2.1312177, 0.026220389
0.36919674, 2.0906131, -0.008248346
-0.031558067, 2.1507688, -0.02935444
0.28299236, 2.1081402, -0.0071147527
0.25966945, 2.1106448, -0.022932079
0.2893667, 2.0927463, -0.013211196
0.029722389, 2.1906552, 0.022893986
0.4502157, 2.1302152, 0.033165764
0.012587361, 2.1882744, 0.028091665
0.26772535, 2.1066074, -0.010073292
0.33578557, 2.1008532, -0.02493817
0.350022, 2.0898082, -0.008840469
0.46140438, 2.1500597, 0.03914838
0.21377629, 2.0902824, -0.026318774
0.27621853, 2.0938241, -0.021880884
0.26971516, 2.1108809, -0.020804107
