2.7159662, 2.6171002, 1.5243298
2.736395, 2.595912, 1.513625
2.710471, 2.6079984, 1.4945138
2.7418754, 2.597665, 1.4993412
2.7065065, 2.6090143, 1.5478996
2.7495186, 2.591793, 1.4485445
2.7354283, 2.5959272, 1.5483625
2.7242482, 2.6092072, 1.4275688
2.7895126, 2.5748281, 1.4701271
2.7064004, 2.610729, 1.5900433
2.7292228, 2.6066089, 1.4088172
2.775733, 2.5722106, 1.4301325
2.7511308, 2.5889149, 1.4118845
2.7733073, 2.5762615, 1.5723222
2.6876965, 2.6142023, 1.429929
2.7315402, 2.6071997, 1.387634
2.7063792, 2.611653, 1.6240178
2.7325208, 2.6086197, 1.6377541
2.7270083, 2.60074, 1.3706913
2.7457042, 2.5891662, 1.3713619
2.789118, 2.5736575, 1.3904439
2.7916667, 2.5741215, 1.3655747
2.6725383, 2.6274226, 1.6499203
2.6732616, 2.627436, 1.625226
2.7219198, 2.5953367, 1.3315986
2.791311, 2.569854, 1.329803
2.7202518, 2.594551, 1.6805022
2.7324886, 2.6054232, 1.3097106
2.7907395, 2.5693278, 1.2900573
2.7893171, 2.5699387, 1.272522
2.7863538, 2.568028, 1.250465
2.71304, 2.612317, 1.4477491
2.723346, 2.5992408, 1.3522592
2.7036316, 2.6119528, 1.6081055
2.7759652, 2.5683384, 1.4928868
2.7299688, 2.6147776, 1.7269086
2.7796052, 2.5876102, 1.6937094
2.7069883, 2.6094475, 1.5691946
2.7768056, 2.5848634, 1.5118079
2.8046994, 2.5711265, 1.4643173
2.6940687, 2.625218, 1.7671461
2.6910791, 2.6266356, 1.8508298
2.6887581, 2.6256726, 1.8681321
2.7750936, 2.5867796, 1.3030875
2.6894598, 2.6157105, 1.4489387
2.7292497, 2.5963607, 1.5868568
2.7096295, 2.608695, 1.3877304
2.793496, 2.5706656, 1.2308965
2.7025328, 2.6054, 1.2721496
2.729597, 2.6086974, 1.8074762
2.7365289, 2.5871072, 1.4579959
2.7702322, 2.573957, 1.3708787
2.6825094, 2.618368, 1.7011847
2.7721572, 2.5725605, 1.4539422
2.7622948, 2.5885775, 1.4445758
2.7706509, 2.5863664, 1.2317575
2.7935152, 2.5702507, 1.2112403
2.8041713, 2.5803804, 1.2478827
2.6915417, 2.6129394, 1.5678818
2.7678573, 2.590798, 1.2456348
2.7508016, 2.5836964, 1.5115567
2.7083948, 2.6108916, 1.3693826
2.731124, 2.6100783, 1.6674348
2.7454, 2.5854588, 1.3318874
2.7902143, 2.5736306, 1.5879159
2.768702, 2.5869489, 1.367044
2.7740965, 2.5748196, 1.2902389
2.7707603, 2.5719755, 1.2670392
2.7723787, 2.5725088, 1.3309622
2.7329457, 2.594238, 1.2300184
2.756231, 2.5814571, 1.1902096
2.7056885, 2.605581, 1.2537688
2.7692769, 2.5846028, 1.7924427
2.7680748, 2.5868104, 1.8328931
2.7732906, 2.588152, 1.8095403
2.8056765, 2.57249, 1.1722544
2.7908914, 2.5686483, 1.1494974
2.7889585, 2.5678027, 1.1661792
2.765429, 2.5855126, 1.8471568
2.7864404, 2.5800858, 1.1316917
2.79083, 2.5587006, 1.1273315
2.7454736, 2.594643, 1.0862828
2.8083682, 2.5684037, 1.0915767
2.790144, 2.571136, 1.0708966
2.7884014, 2.567527, 1.0300864
2.7909741, 2.5683482, 1.010289
2.808951, 2.5687363, 0.992156
2.7148635, 2.6010373, 0.9836582
2.8094184, 2.568252, 0.94720453
2.7133696, 2.6153889, 1.4305863
2.689791, 2.6128764, 1.5863833
2.7500842, 2.5787504, 1.4733588
2.7081823, 2.6078675, 1.3092102
2.6934295, 2.6125746, 1.3926364
2.7649662, 2.5776987, 1.318536
2.710928, 2.609968, 1.1890856
2.7882054, 2.5726385, 1.0459144
2.79262, 2.5681844, 1.1938714
2.7902699, 2.5732877, 1.629659
2.7489367, 2.583603, 1.2895582
2.773792, 2.577611, 1.4735456
2.7774742, 2.5834973, 1.6270083
2.8060822, 2.567482, 1.1139001
2.710938, 2.6098094, 1.353699
2.7063756, 2.612009, 1.2343513
2.762023, 2.5873308, 1.2102866
2.750001, 2.5895061, 1.3487663
2.7403145, 2.5990875, 1.5272819
2.729972, 2.605142, 1.2530077
2.7642083, 2.5845156, 1.3885118
2.6865892, 2.611816, 1.4934262
2.67507, 2.6166446, 1.5284755
2.680498, 2.6116247, 1.1033436
2.7285995, 2.5972898, 1.2706889
2.781147, 2.5712738, 1.5530858
2.7929232, 2.5679936, 0.9550247
2.748026, 2.5980575, 1.4292227
2.6931894, 2.6105716, 1.6333286
2.7867303, 2.5671782, 1.4142812
2.6723976, 2.6153736, 1.5098177
2.7539878, 2.5910075, 1.3074431
2.7316294, 2.6085107, 1.849732
2.669909, 2.6345863, 1.8932297
2.6724515, 2.6336522, 1.9106454
2.6636178, 2.626649, 1.3725915
2.6892903, 2.6167648, 1.8321835
2.7777462, 2.5750167, 1.1688879
2.716738, 2.5960178, 0.8895954
2.7724187, 2.5863419, 1.7453337
2.7864282, 2.5712252, 1.3140062
2.684332, 2.6255627, 1.8291883
2.7050781, 2.600957, 1.1282293
2.8109334, 2.569889, 1.3899773
2.7274852, 2.6066864, 1.6121254
2.7381706, 2.5788035, 1.3189223
2.724926, 2.59622, 1.6527817
2.7892795, 2.573196, 1.4870594
2.7117538, 2.6138318, 1.8902351
2.7408314, 2.6120288, 1.6250739
2.7938173, 2.5809457, 1.3742284
2.7898233, 2.5723891, 1.6112643
2.7468278, 2.5931976, 1.4720017
2.7070968, 2.6022286, 1.2172356
2.7074182, 2.6045315, 1.172262
2.6726284, 2.6314797, 1.9265107
2.6754804, 2.6151695, 1.4904536
2.7338243, 2.596553, 1.2067465
2.7101698, 2.6139379, 1.3287909
2.7108717, 2.6155157, 1.946251
2.652903, 2.6555429, 1.9706303
2.7088208, 2.6159098, 1.9695772
2.6679213, 2.6326575, 1.9955082
2.6428423, 2.6532207, 2.005424
2.6676073, 2.643252, 2.0094593
2.6502354, 2.663832, 2.0493872
2.7280543, 2.6108341, 1.6505265
2.7932208, 2.569481, 1.0866352
2.7384427, 2.5947783, 1.4926354
2.794773, 2.5716143, 1.1291993
2.6909742, 2.6148753, 1.4656894
2.7760148, 2.5741625, 1.3897374
2.7301145, 2.6089604, 1.8683913
2.690755, 2.6080847, 1.3758621
2.7704368, 2.569588, 1.1915064
2.7378867, 2.5898192, 1.8712947
2.7347598, 2.6126466, 1.9315758
2.7959638, 2.5557156, 1.0480282
2.7686782, 2.5833786, 1.9346251
2.7230651, 2.6088166, 1.2681947
2.7906423, 2.5685196, 1.7278309
2.7437298, 2.603233, 1.4854075
2.7341437, 2.6064038, 1.0677623
2.827829, 2.565009, 1.1105022
2.6922793, 2.617145, 1.7703118
2.6514404, 2.6470518, 1.9250904
2.7092333, 2.6102371, 1.2910979
2.7311792, 2.5891132, 1.7516899
2.7647252, 2.5903096, 1.990716
2.7461674, 2.600942, 1.8934529
2.8076487, 2.5594997, 1.0721505
2.7955227, 2.5704026, 1.1076714
2.7109003, 2.6047266, 1.0915065
2.8085954, 2.564468, 0.9095415
2.7138495, 2.5978975, 1.3452647
2.765778, 2.5722563, 1.3473136
2.7307909, 2.6018057, 1.2171553
2.8101945, 2.5677526, 0.9309147
2.7077727, 2.6061978, 1.471544
2.7525473, 2.5930116, 0.984481
2.6868982, 2.6099448, 1.3494856
2.7339184, 2.6029954, 1.0249473
2.7122104, 2.5979114, 1.2839717
2.8059354, 2.571524, 1.0312899
2.7474248, 2.5938835, 1.0291972
2.7882848, 2.587983, 1.5098654
2.6896026, 2.6140933, 1.4117118
2.7437422, 2.6076708, 1.1442003
2.7309923, 2.5942008, 1.1293323
2.7364497, 2.6004434, 0.9523703
2.7007914, 2.6146488, 1.6881839
2.71733, 2.610787, 1.408162
2.785191, 2.5709765, 1.4470268
2.80763, 2.573275, 1.5069203
2.7530084, 2.5898268, 0.9272835
2.8083239, 2.5673022, 1.0133078
2.7683651, 2.5735278, 1.0082473
2.7067091, 2.630345, 1.0118344
2.7367215, 2.6121852, 1.9069729
2.751021, 2.5957854, 1.0091802
2.693796, 2.6110544, 1.6510607
2.7214384, 2.6177104, 2.1046093
2.729153, 2.5850372, 1.7341449
2.8042364, 2.5729685, 1.2444117
2.660252, 2.6431663, 1.9689106
2.6937413, 2.615147, 1.7311803
2.775135, 2.5876458, 1.486963
2.7105522, 2.6214595, 1.6325551
2.6914012, 2.6091871, 1.3306668
2.752488, 2.5738702, 1.134653
2.7533643, 2.586229, 1.2702159
2.7330244, 2.6066906, 1.5931351
2.7853298, 2.5786004, 1.9169589
2.8079195, 2.5737264, 1.6061631
2.8064513, 2.5748684, 1.1260817
2.8079987, 2.5591993, 1.1051095
2.7288399, 2.603825, 1.4522636
2.73579, 2.604446, 1.353636
2.7471247, 2.5843625, 1.5534444
2.7245426, 2.6030843, 1.5083414
2.7283154, 2.6087036, 1.5290785
2.6645517, 2.6291275, 1.8505285
2.7545443, 2.5795424, 1.6133204
2.7850766, 2.570292, 1.5137379
2.6518974, 2.6500874, 1.9922862
2.7564027, 2.5837889, 1.2112749
2.8020468, 2.5687623, 1.2235703
2.6511595, 2.6368947, 1.6569384
2.7278738, 2.608171, 1.3312839
2.731213, 2.614856, 1.5709064
2.7801688, 2.5874128, 1.260116
2.7905498, 2.5742888, 1.4294381
2.7884064, 2.5713797, 1.3452729
2.68797, 2.6219058, 1.4240594
2.6742187, 2.6258326, 1.5695622
2.7577682, 2.5788066, 1.1759895
2.7520316, 2.6012533, 1.3869196
2.7309563, 2.6177263, 1.7720029
2.7941604, 2.5697858, 0.99026936
2.6813424, 2.6151123, 1.5312507
2.6569333, 2.6423264, 1.5774652
2.6717787, 2.6354458, 1.3507215
2.6878111, 2.609879, 1.1288795
2.6485493, 2.6349733, 1.6707321
2.6533802, 2.6324172, 1.5670443
2.6493316, 2.6478016, 1.8236543
2.6672075, 2.6368382, 1.4207684
2.6664793, 2.6349173, 1.4069579
2.7811549, 2.5824997, 1.2034861
2.7871366, 2.5698547, 1.9304914
2.7613728, 2.5830917, 1.4027642
2.7199354, 2.5938034, 1.9048247
2.765996, 2.571255, 1.2483951
2.7915196, 2.5578187, 0.8724128
2.6642022, 2.6477625, 1.888048
2.776044, 2.5710716, 1.1480452
2.739605, 2.602807, 0.936938
2.7140594, 2.62751, 2.0142245
2.732966, 2.6064343, 1.89234
2.7463405, 2.6088676, 1.2157944
2.725943, 2.6075876, 1.5501083
2.6705167, 2.6427984, 1.4482594
2.7777882, 2.5621798, 1.0485271
2.7325575, 2.593002, 0.9103073
2.6913056, 2.6226957, 1.4723439
2.6957526, 2.6406476, 1.8890429
2.7356625, 2.6070092, 1.0530834
2.7279117, 2.5990717, 1.2896526
2.7436526, 2.60143, 1.1904414
2.676481, 2.6440206, 1.4058994
2.725071, 2.6064794, 1.9692233
2.752887, 2.5794582, 1.4522903
2.7013514, 2.6217573, 1.3982322
2.7677834, 2.5708437, 1.2270637
2.682534, 2.623994, 1.186656
2.7313337, 2.5963564, 1.0902661
2.8086386, 2.5494115, 1.0050592
2.6635432, 2.6288474, 1.8735421
2.7542825, 2.585981, 1.851897
2.7969716, 2.5587316, 0.82693416
2.7609687, 2.598997, 1.3298846
2.7458527, 2.6029751, 1.513096
2.7306526, 2.5931225, 1.569361
2.7526777, 2.6089196, 1.4498196
2.6459856, 2.650093, 2.0322518
2.6555324, 2.633261, 1.5462315
2.6641283, 2.6293635, 1.8277934
2.6378632, 2.6459713, 1.9693692
2.7896967, 2.569777, 0.92907387
2.777778, 2.5825982, 1.5516461
2.7210069, 2.612926, 1.792673
2.7295265, 2.6034198, 1.1859279
2.8017604, 2.5728421, 1.5732858
2.7752352, 2.5708172, 1.4116492
2.8099155, 2.5664604, 1.6717516
2.7892313, 2.5819244, 1.3538615
2.668093, 2.6451862, 2.0237765
2.7897356, 2.569537, 1.7909343
2.7549202, 2.579331, 1.4312491
2.6492546, 2.6543458, 2.0523183
2.7246528, 2.6130733, 2.0333576
2.6604602, 2.6662316, 2.0414095
2.7695527, 2.5863764, 1.8705232
2.6944094, 2.6247063, 1.8080342
2.692905, 2.6311395, 1.7879019
2.7871149, 2.5761662, 1.995761
2.686356, 2.6285434, 1.717157
2.7885737, 2.566174, 1.7697282
2.724361, 2.6080544, 1.9904504
2.7528715, 2.586382, 1.8303571
2.7654607, 2.589291, 1.9676464
2.686339, 2.628417, 1.671218
2.6514885, 2.6535954, 1.9528257
2.7514846, 2.584933, 1.9863179
2.7280614, 2.607368, 1.9483666
2.7250566, 2.6111572, 2.0119727
2.7911804, 2.571738, 1.8103224
2.6835337, 2.6262023, 1.6310476
2.712928, 2.619841, 1.932815
2.6897519, 2.6284704, 1.5487859
2.6890738, 2.6275048, 1.5319471
2.6721976, 2.6488833, 2.0466332
2.6537414, 2.6578207, 1.8872316
2.77181, 2.5718913, 2.0295253
2.7093642, 2.6265576, 2.0562959
2.73369, 2.589148, 1.9060258
2.684561, 2.62428, 1.6503439
2.772075, 2.5701816, 1.9306259
2.7708726, 2.5916064, 1.8900031
2.7299056, 2.614713, 1.4890491
2.6721482, 2.618521, 1.6571174
2.6775162, 2.6347637, 1.6079053
2.7542262, 2.572465, 1.5507195
2.7339492, 2.6092136, 1.833512
2.7601483, 2.598069, 0.8919146
2.6809347, 2.6369317, 1.5939858
2.7717037, 2.5723686, 1.551443
2.7027423, 2.626982, 1.5102354
2.749398, 2.5853133, 2.0291326
2.7323513, 2.6257648, 1.7909043
