1.1757969, 0.2505831, 0.070697084
1.1869792, 0.16870634, 0.12878935
1.1883061, 0.17001021, 0.11016396
1.1827664, 0.22857904, 0.14969185
1.174028, 0.29076725, 0.088551864
1.1695048, 0.3089301, 0.14927055
1.183353, 0.2691104, 0.050925374
1.1842808, 0.2106129, 0.14845847
1.1893965, 0.16977972, 0.06976838
1.189564, 0.12957081, 0.1493507
1.1889831, 0.22946845, 0.18588628
1.1890438, 0.14893456, 0.08960738
1.1902863, 0.149274, 0.06999147
1.1891538, 0.14985925, 0.1084864
1.1869284, 0.22875842, 0.17252679
1.187432, 0.21032345, 0.17114978
1.1906037, 0.21044153, 0.18484874
1.1898162, 0.2700623, 0.1867725
1.1914964, 0.24896096, 0.18587159
1.1889638, 0.2509197, 0.17541498
1.1752527, 0.27125072, 0.18686736
1.2082802, 0.031292923, 0.11104684
1.2013748, 0.1105597, 0.14874832
1.2067944, 0.030959323, 0.17239045
1.1560309, 0.4503412, 0.11009527
1.1523794, 0.47171304, 0.15066896
1.1680046, 0.32861578, 0.15053828
1.1633897, 0.40866262, 0.13019052
1.1531969, 0.47159007, 0.12829736
1.1567225, 0.45166993, 0.08845449
1.1637765, 0.3890372, 0.15249321
1.1693541, 0.3305071, 0.0696673
1.1657591, 0.37048265, 0.0700898
1.1734681, 0.34992605, 0.18442482
1.1496223, 0.48904037, 0.15011634
1.1472132, 0.5088775, 0.14971195
1.14863, 0.5099005, 0.10949984
1.1518863, 0.48907864, 0.11066025
1.2224185, -0.051142365, 0.11155063
1.2246995, -0.07282799, 0.14949593
1.2242925, -0.06843421, 0.13184845
1.2248772, -0.0697563, 0.10839839
1.22791, -0.13115321, 0.111889474
1.2272995, -0.13219468, 0.12886311
1.2291616, -0.14953461, 0.13120529
1.2086011, 0.009165497, 0.09040133
1.2098234, -0.009131641, 0.09259042
1.2128024, -0.009936551, 0.18687236
1.1570834, 0.43017763, 0.14748621
1.1636251, 0.40815216, 0.11145086
1.189437, 0.15136068, 0.15041365
1.2093331, 0.029819151, 0.12932351
1.2075629, -0.029462941, 0.04953864
1.208104, -0.010041151, 0.13065976
1.177504, 0.23126769, 0.16737063
1.1498917, 0.5091265, 0.08884347
1.1687834, 0.38914362, 0.17222561
1.207056, 0.030829096, 0.09215978
1.2106862, -0.011004473, 0.06648582
1.2096717, 0.010677172, 0.07101001
1.169282, 0.32899585, 0.17191592
1.1861877, 0.16888388, 0.14752173
1.1893641, 0.19178729, 0.1710794
1.2094202, -0.009811712, 0.14993013
1.2085243, -0.02758467, 0.090477385
1.1538175, 0.44981208, 0.17076187
1.1513755, 0.48960465, 0.17198041
1.1889751, 0.20766404, 0.10937128
1.2103033, 0.008294095, 0.05248856
1.1723839, 0.38781202, 0.18392536
1.1554434, 0.47085184, 0.110015914
1.2091283, -0.029623039, 0.12875997
1.2103583, -0.030344248, 0.14906377
1.2080864, 0.008584912, 0.10933223
1.1894934, 0.13117744, 0.13031074
1.1856946, 0.2288251, 0.049577855
1.2273959, -0.08672765, 0.13161628
1.2104167, -0.029585749, 0.17293221
1.1644002, 0.3499527, 0.14852764
1.1617368, 0.42581868, 0.1545163
1.1851424, 0.22999702, 0.10892117
1.1558404, 0.42946818, 0.1710849
1.1505065, 0.50935596, 0.067399085
1.167189, 0.35049528, 0.06935081
1.1647785, 0.3699602, 0.0918301
1.1504837, 0.5304419, 0.17245157
1.1695149, 0.31015074, 0.11224829
1.1685102, 0.32886335, 0.08873038
1.174136, 0.26991963, 0.17084916
1.2076594, 0.051527858, 0.14932872
1.2113891, -0.051515818, 0.18589473
1.1809901, 0.2863556, 0.07063724
1.1732496, 0.31001103, 0.06871719
1.2083099, 0.02932429, 0.15069608
1.1754658, 0.27188686, 0.14997302
1.2090942, -0.027162047, 0.07281525
1.2316067, -0.1296514, 0.089505315
1.2101884, 0.007946134, 0.14825982
1.1821045, 0.2637661, 0.1085854
1.1708808, 0.4703572, 0.18633442
1.1658092, 0.35088187, 0.09056323
1.1759555, 0.25097066, 0.14975415
1.1723971, 0.29030696, 0.15036547
1.1678188, 0.34766838, 0.017245527
1.169742, 0.42878973, 0.1845821
1.1769946, 0.25308806, 0.17083551
1.1824224, 0.24849433, 0.12719429
1.1892881, 0.16921818, 0.18623343
1.2288483, -0.146815, 0.07095737
1.1621449, 0.4098125, 0.15043378
1.1568326, 0.42912635, 0.12901826
1.1907848, 0.14969577, 0.17163056
1.227634, -0.067112975, 0.09022822
1.1662667, 0.39012742, 0.07038197
1.1614842, 0.4516907, 0.13259427
1.1743153, 0.2703947, 0.131439
1.1645539, 0.36889327, 0.12816781
1.1695141, 0.41013947, 0.18502872
1.1812633, 0.28903306, 0.04872543
1.1465122, 0.52919585, 0.14890257
1.1549312, 0.47065482, 0.09054669
1.1902162, 0.35112956, 0.18580715
1.233362, -0.14915745, 0.15019695
1.2122576, 0.012967573, 0.1868946
1.17445, 0.28938866, 0.069288254
1.2287924, -0.093462706, 0.08855053
1.2308437, -0.11091671, 0.1293693
1.1731459, 0.28933468, 0.13109738
1.2302413, -0.11317633, 0.15038586
1.2082758, -0.008650376, 0.048160587
1.2305751, -0.113146745, 0.06968427
1.229024, -0.1513248, 0.09081354
1.1490089, 0.55010474, 0.17292182
1.1569597, 0.41150516, 0.045615852
1.1650734, 0.40957612, 0.09141566
1.2287662, -0.1498836, 0.10993966
1.1478137, 0.53046376, 0.09092251
1.2293781, -0.09008227, 0.070583045
1.188346, 0.1698125, 0.17103292
1.2209803, -0.029230062, 0.12805377
1.2083237, -0.029037202, 0.110661134
1.2404511, -0.15645927, 0.10742001
1.1834412, 0.20874432, 0.015448993
1.1609367, 0.46946278, 0.110038094
1.2296599, -0.111158766, 0.17150068
1.1455832, 0.5301287, 0.13105719
1.2276478, -0.06759518, 0.06763761
1.1607758, 0.48517004, 0.04075831
1.227863, -0.0894725, 0.14754137
1.2291052, -0.13222814, 0.069006845
1.1905257, 0.33108893, 0.18666838
1.2106948, -0.048500054, 0.171017
1.1890423, 0.29029974, 0.17516103
1.1651875, 0.34963062, 0.108855784
1.1583891, 0.43048972, 0.108193375
1.1706805, 0.30977708, 0.17211008
1.1544368, 0.4499741, 0.1483131
1.2071851, 0.05000076, 0.11001185
1.2113534, -0.06943127, 0.045669742
1.1769897, 0.2499161, 0.109838754
1.1888583, 0.1700805, 0.090401076
1.2120818, -0.06612179, 0.091258325
1.1644695, 0.4097097, 0.050862923
1.1919563, 0.12938091, 0.08750372
1.1908306, 0.12922421, 0.1709534
1.2241937, -0.050892886, 0.07102748
1.2404364, -0.14010799, 0.086458996
1.2109522, -0.04853227, 0.1276933
1.1629246, 0.44913003, 0.05166088
1.1693013, 0.33012947, 0.049748708
1.2293679, -0.08770668, 0.04815997
1.230204, -0.13002299, 0.18740727
1.2083057, 0.0062606363, 0.12959144
1.1743859, 0.31126115, 0.18484262
1.153953, 0.47073185, 0.04897669
1.1631432, 0.44156128, 0.110896334
1.1731161, 0.29005417, 0.049525958
1.2092175, -0.049349345, 0.03290013
1.2264483, -0.09025781, 0.17132406
1.2113044, -0.0118287755, 0.17068507
1.2084128, 0.047553014, 0.1283783
1.1757063, 0.24707173, 0.1862325
1.2061862, 0.026697788, 0.048865873
1.2310568, -0.1698054, 0.17254664
1.1875674, 0.21068442, 0.089096084
1.1716803, 0.3098462, 0.090409994
1.2076838, 0.048589926, 0.090723015
1.1685144, 0.40854082, 0.17370474
1.2278365, -0.14879224, 0.048870716
1.2334778, -0.17099293, 0.06832144
1.1821464, 0.24858987, 0.10999545
1.1828265, 0.24844511, 0.09105025
1.1478772, 0.5303841, 0.10944746
1.1651678, 0.36950693, 0.15021524
1.1756068, 0.24964747, 0.05046046
1.1629192, 0.4301007, 0.090658225
1.1631407, 0.42881113, 0.052243028
1.1380448, 0.54990155, 0.14705977
1.2106557, 0.05006033, 0.18822363
1.2415724, -0.1712701, 0.13173324
1.1862886, 0.18959142, 0.1498449
1.2228426, -0.033456482, 0.07545733
1.2098953, -0.052593082, 0.068987034
1.1569573, 0.4308483, 0.046322756
1.1579983, 0.41041666, 0.16921662
1.1732832, 0.28932846, 0.18628357
1.2088156, -0.02860335, 0.031240407
1.1853691, 0.19177859, 0.015118346
1.2306539, -0.08937564, 0.18797083
1.1763383, 0.23268443, 0.047205552
1.2021067, 0.10872178, 0.1120061
1.1875672, 0.1902776, 0.090624765
1.1656156, 0.36963242, 0.049010027
1.2314404, -0.10828409, 0.11132262
1.1549603, 0.45077246, 0.18518187
1.1385796, 0.54912734, 0.090550326
1.1640347, 0.38866496, 0.11291306
1.164152, 0.4079183, 0.0326193
1.1909546, 0.19102937, 0.18629551
1.1856862, 0.22937013, 0.06935
1.1768651, 0.23334296, 0.15059525
1.1511652, 0.5502066, 0.18396287
1.166979, 0.3718549, 0.017187048
1.2202392, -0.012459065, 0.14346483
1.2307849, -0.111626014, 0.04887616
1.2065187, -0.013449006, 0.11202482
1.2286189, -0.13279003, 0.149632
1.2291015, -0.15073137, 0.032679725
1.227583, -0.17551757, 0.09069564
1.1928468, 0.12822129, 0.18652722
1.1873811, 0.18976851, 0.110008754
1.1660987, 0.39026636, 0.049373202
1.2139819, -0.08756936, 0.09214407
1.2088628, 0.01104846, 0.1738501
1.2299517, -0.16733687, 0.1295146
1.213541, -0.068642475, 0.069222145
1.1571395, 0.4503362, 0.068105005
1.1835248, 0.22744879, 0.12999348
1.1619136, 0.46716258, 0.086944416
1.1909144, 0.13136984, 0.06859281
1.2285062, -0.16898116, 0.15117563
1.2095946, -0.05066465, 0.14740142
1.1810654, 0.28169596, 0.11239193
1.2230842, -0.032023154, 0.032480933
1.1700245, 0.31056172, 0.12943573
1.1903111, 0.15096386, 0.12930349
1.1484121, 0.56472015, 0.072107345
1.1619408, 0.42793307, 0.12977952
1.1803191, 0.28817043, 0.086944975
1.1729746, 0.28997904, 0.17157146
1.1591094, 0.38930959, 0.14840658
1.1612301, 0.44951448, 0.15182044
1.1640735, 0.38932064, 0.12988204
1.2077768, -0.069238566, 0.14955851
1.2105691, -0.051782507, 0.1098226
1.2269025, -0.1104255, 0.03269771
1.2087635, 0.008628503, 0.031118307
1.1629514, 0.46579394, 0.067795865
1.1352205, 0.56955135, 0.110034354
1.2091935, -0.0444047, 0.094314426
1.1486225, 0.5297217, 0.069793336
1.1698575, 0.48913485, 0.18532808
1.2318532, -0.050678466, 0.1885736
1.2076689, 0.030534303, 0.06957457
1.174455, 0.27111104, 0.11174965
1.153326, 0.5095287, 0.18414028
1.1802073, 0.28867787, 0.1274519
1.2236471, -0.05451899, 0.12977824
1.1867223, 0.1895116, 0.070189595
1.1791637, 0.20938835, 0.10652032
1.1797519, 0.18017118, 0.0954014
1.1861981, 0.19055809, 0.13035944
1.1978388, 0.026293851, 0.088280894
1.1789322, 0.2335698, 0.105952285
1.1980871, 0.030899085, 0.15003867
1.1477969, 0.5500856, 0.08982245
1.2339236, -0.2044414, 0.14322247
1.1641234, 0.36884156, 0.11276397
1.1770703, 0.20819904, 0.15008171
1.2002233, 0.12170858, 0.098825
