4.229005, 2.4334135, 0.5673273
4.2295275, 2.4427552, 0.6648661
4.2267137, 2.4458425, 0.85014176
4.210086, 2.4909658, 0.8726227
4.215184, 2.4713616, 0.9271034
4.2138844, 2.4737892, 0.7467433
4.223834, 2.4923139, 0.41426697
4.2344303, 2.432797, 0.35044074
4.228322, 2.4662044, 0.34677172
4.223901, 2.4914377, 0.29201993
4.2307415, 2.4693375, 0.2540066
4.2415032, 2.4414861, 0.23188275
4.2415423, 2.4500155, 0.19144528
4.2338824, 2.471207, 0.18899772
4.227496, 2.4519844, 0.41085452
4.2244368, 2.4844036, 0.3549024
4.2465777, 2.4465666, 0.80863637
4.2256465, 2.4883041, 0.2480615
4.2254286, 2.4672656, 0.6698715
4.2314363, 2.4463716, 0.8941225
4.2281365, 2.4892323, 0.4312047
4.2265854, 2.4874945, 0.4953739
4.2301917, 2.4439824, 0.6094404
4.224097, 2.419221, 0.44179633
4.2161045, 2.4718366, 0.94609547
4.2290854, 2.4284835, 0.6105359
4.2045517, 2.49141, 1.0448668
4.212296, 2.450117, 1.2309682
4.2288084, 2.4099019, 1.2942611
4.203726, 2.468339, 1.2726688
4.2102866, 2.4499, 1.292052
4.2108755, 2.4683967, 1.0457418
4.2062216, 2.4716518, 1.235837
4.216102, 2.4288852, 1.2889162
4.205948, 2.4889019, 1.0681643
4.227327, 2.4850895, 0.21147282
4.2349815, 2.4435554, 0.49215755
4.2109118, 2.4717906, 1.0907725
4.2125425, 2.4298322, 1.2723086
4.204985, 2.4857597, 1.2313291
4.19341, 2.5083227, 1.286513
4.2129707, 2.4133792, 1.3338227
4.202775, 2.473384, 1.3284951
4.2137575, 2.4522133, 1.3293916
4.229164, 2.423149, 1.0623386
4.2060184, 2.4854012, 1.1972593
4.207674, 2.470493, 1.1290202
4.2220936, 2.4242623, 1.0826756
4.208265, 2.4467616, 1.3504896
4.2114267, 2.4147096, 1.3713684
4.222305, 2.3961155, 1.3728304
4.226225, 2.4053502, 1.3524901
4.1964107, 2.4934094, 1.3491586
4.201691, 2.4832757, 1.3443097
4.210826, 2.4508862, 1.170327
4.215661, 2.4490814, 1.1295065
4.222388, 2.44096, 1.1568824
4.2076387, 2.4978423, 1.1462741
4.209305, 2.428069, 1.3844702
4.2082696, 2.4166336, 1.4132073
4.210479, 2.4247463, 1.4012474
4.2063584, 2.4473321, 1.4104565
4.189583, 2.5054858, 1.4367045
4.2060347, 2.4341445, 1.4237511
4.2074757, 2.410329, 1.4320158
4.2112637, 2.4526618, 1.4482391
4.211379, 2.4876566, 0.83300066
4.2095866, 2.4750898, 1.1175754
4.225265, 2.40693, 1.1049848
4.2109756, 2.4839945, 1.2151079
4.213109, 2.4299636, 1.2301571
4.2268896, 2.5016122, 0.5509449
4.217085, 2.4583657, 1.0224829
4.210224, 2.4734092, 1.3657522
4.2320023, 2.442528, 0.6361365
4.2072268, 2.488943, 1.3117042
4.2086153, 2.4881165, 0.6093483
4.2175517, 2.4596653, 0.83077455
4.244604, 2.4066677, 0.55114084
4.2146015, 2.447503, 0.92898893
4.197722, 2.507763, 1.069649
4.209717, 2.4255457, 1.2147207
4.2142677, 2.4324055, 0.79080164
4.2096524, 2.4379613, 1.3151801
4.1964526, 2.489604, 1.2910917
4.22369, 2.4660075, 0.27230653
4.2320065, 2.430276, 0.5545688
4.218584, 2.4663377, 0.62973213
4.224569, 2.433352, 0.7936176
4.1876945, 2.5043602, 1.4181179
4.226967, 2.4684968, 0.6915007
4.221076, 2.4394667, 0.8037017
4.2255177, 2.4362485, 0.8981131
4.2266984, 2.4662316, 0.6103312
4.20646, 2.465931, 1.3465179
4.2421203, 2.4275506, 0.1797556
4.2440276, 2.4085603, 0.17010212
4.2288795, 2.489827, 0.39041704
4.212246, 2.434174, 1.0675781
4.2304125, 2.4431608, 0.5468516
4.220883, 2.4869137, 0.61916006
4.208645, 2.5026011, 1.404496
4.230427, 2.4896867, 0.6896361
4.2122455, 2.429245, 1.0468669
4.21214, 2.4675834, 1.0667547
4.23388, 2.4923334, 0.5499792
4.2105393, 2.4267874, 1.1019195
4.212058, 2.4964924, 1.0912186
4.2090673, 2.4994795, 1.2918539
4.2234836, 2.4303567, 0.71283853
4.22381, 2.4860728, 0.5728272
4.230876, 2.4021468, 0.36702716
4.201549, 2.5092201, 1.3049451
4.21193, 2.484776, 0.7284624
4.2137322, 2.4358375, 1.1463196
4.2350173, 2.4298818, 0.27203605
4.215248, 2.4485338, 1.1117821
4.223186, 2.468888, 0.7958749
4.230267, 2.4316282, 0.45425323
4.2123837, 2.4706273, 1.0061568
4.2278347, 2.4743445, 0.8127425
4.224405, 2.4665728, 0.73067516
4.2276945, 2.4125633, 0.40259832
4.2151546, 2.430954, 1.0274732
4.2260714, 2.4665687, 0.71193933
4.2285833, 2.4353566, 0.6523973
4.2131824, 2.4713547, 1.1872213
4.253383, 2.3747058, 0.20186119
4.244203, 2.4254308, 1.2111534
4.2042065, 2.4694061, 1.3884171
4.2168245, 2.4112124, 1.1899772
4.226076, 2.425529, 0.49386436
4.2322855, 2.390471, 0.59128964
4.2074785, 2.4942257, 1.027849
4.220743, 2.4166753, 0.5225938
4.227211, 2.4599593, 0.5633733
4.2114043, 2.4126801, 1.1732262
4.1991396, 2.4464092, 1.2137334
4.2105417, 2.4121122, 1.1522633
4.2131677, 2.449423, 1.1500696
4.2134767, 2.4714146, 1.0250065
4.237602, 2.4552526, 0.23040794
4.2089047, 2.4241793, 1.3455132
4.2092113, 2.4136815, 1.254508
4.2052846, 2.4854176, 1.3627775
4.2289886, 2.4333935, 0.38950178
4.20821, 2.4326663, 1.1716318
4.2489047, 2.3680408, 0.15908913
4.2269993, 2.41127, 0.65374076
4.2208643, 2.4718995, 0.95227623
4.229864, 2.4097838, 0.6884188
4.253051, 2.3472414, 0.16708009
4.250388, 2.3472347, 0.21148832
4.2262154, 2.388341, 0.6515004
4.255652, 2.3129084, 0.17080188
4.271016, 2.2935336, 0.19353066
4.2514014, 2.4067008, 0.20025896
4.206188, 2.4222658, 0.8064915
4.266864, 2.3157845, 0.20318635
4.228618, 2.4064944, 0.7453411
4.217209, 2.4497232, 0.813153
4.2458997, 2.4329002, 0.22969082
4.223151, 2.4071162, 0.89997125
4.2149177, 2.4583602, 0.7733176
4.2178082, 2.4025621, 0.84383464
4.208993, 2.4150023, 1.3117266
4.214391, 2.4287894, 0.5624453
4.233098, 2.4062345, 0.62761164
4.1925316, 2.5072823, 1.392472
4.253223, 2.273208, 0.19499977
4.2269907, 2.4021924, 0.6097303
4.220975, 2.4039373, 0.82402205
4.218636, 2.431453, 0.54141736
4.2083097, 2.4254591, 0.9510954
4.232999, 2.4100103, 0.78290546
4.270047, 2.231985, 0.20390138
4.2916803, 2.1514924, 0.16599715
4.276714, 2.1722443, 0.16522665
4.286788, 2.170877, 0.16769904
4.2961283, 2.1301873, 0.20756575
4.23301, 2.4056468, 0.54283565
4.309522, 2.1943116, 0.19740489
4.232392, 2.4077408, 0.70569927
4.2060056, 2.4991806, 1.1041853
4.221075, 2.4135165, 1.2021986
4.2253623, 2.5070875, 0.9677074
4.273554, 2.2123663, 0.15687834
4.2026453, 2.4077754, 1.3531879
4.210169, 2.4887736, 0.7534227
4.2380576, 2.407684, 0.56735975
4.225294, 2.4098, 0.95662075
4.3033547, 2.0871792, 0.17162299
4.2349634, 2.40347, 0.4693317
4.2902236, 2.171265, 0.20397836
4.1957154, 2.5176518, 1.2468208
4.2324944, 2.4121058, 0.87901056
4.2411413, 2.4075496, 1.3902016
4.226914, 2.4327855, 1.1184765
4.2450957, 2.4049957, 0.28469104
4.2825637, 2.2351058, 0.1587791
4.2460704, 2.450601, 0.1531866
4.213337, 2.4305136, 1.3655059
4.212701, 2.489093, 0.68784773
4.24889, 2.3934875, 0.4689328
4.2383423, 2.4015584, 0.30747008
4.216075, 2.4690752, 0.9689056
4.20062, 2.47884, 1.4438637
4.2210684, 2.4848185, 0.45366558
4.207586, 2.4105763, 1.276384
4.211992, 2.4517832, 1.3666692
4.2248464, 2.4315472, 0.7706993
4.2077246, 2.4517317, 1.1939725
4.240168, 2.4146793, 0.80056083
4.1972017, 2.4963083, 1.1902702
4.2192163, 2.4485471, 1.2011055
4.294489, 2.10998, 0.20696574
4.2304163, 2.4663002, 0.23330975
4.2119255, 2.448183, 1.2544106
4.189913, 2.506023, 1.3243674
4.247126, 2.40892, 0.18880914
4.222167, 2.4483256, 1.0317307
4.2350054, 2.4145308, 0.9167275
4.225837, 2.4371243, 0.6265738
4.2194147, 2.441893, 0.6978485
4.2223816, 2.403329, 0.7661019
4.196536, 2.504047, 1.4620328
4.2671785, 2.328473, 0.19236547
4.3044357, 2.0731325, 0.15042685
4.2216415, 2.410517, 1.070694
4.214868, 2.5012298, 0.9886976
4.220793, 2.3966262, 1.4286151
