2.2502718, -0.7939731, 0.2288087
2.228842, -0.79154366, 0.22729884
2.2505314, -0.82744473, 0.23333688
2.2713804, -0.81019735, 0.23165116
2.286972, -0.814832, 0.23683669
2.2686877, -0.82782215, 0.23530729
2.2300632, -0.871235, 0.23110907
2.2918575, -0.8480556, 0.246308
2.2110462, -0.84823936, 0.23219734
2.2913418, -0.86720043, 0.25128126
2.2341568, -0.8882911, 0.2480325
2.2486417, -0.91293526, 0.25458384
2.1897085, -0.84951246, 0.22976363
2.2492313, -0.8891582, 0.25000906
2.3061907, -0.8916068, 0.2653108
2.309062, -0.87081385, 0.25352085
2.3084946, -0.88282424, 0.2547137
2.3342416, -0.8899985, 0.26477152
2.2901294, -0.9280132, 0.25480536
2.2684026, -0.9282203, 0.25728124
2.3511322, -0.9101573, 0.2687154
2.3087022, -0.9467974, 0.26784506
2.2859886, -0.94845104, 0.267711
2.3680162, -0.9277393, 0.2721861
2.3241873, -0.9839479, 0.27743477
2.3498697, -0.9712522, 0.2743396
2.3880367, -0.952168, 0.287314
2.3513863, -0.9878723, 0.2762662
2.350015, -1.0287827, 0.29226086
2.3501592, -0.9874235, 0.28521094
2.356416, -1.0094751, 0.27790815
2.332719, -0.9954668, 0.28357333
2.3872185, -1.0103536, 0.2918809
2.271483, -0.85091245, 0.24417357
2.3672223, -1.0113921, 0.29156712
2.3496726, -0.92868435, 0.2692792
2.3473558, -1.0108726, 0.2872845
2.2475681, -0.7746239, 0.23016036
2.4113107, -0.9874093, 0.29055855
2.2100809, -0.87242264, 0.2336488
2.252404, -0.8077598, 0.23076811
2.3299613, -0.96623117, 0.27807373
2.212846, -0.77082074, 0.22234522
2.1691186, -0.8469076, 0.22832985
2.2721617, -0.8695974, 0.24681418
2.2872882, -0.89101994, 0.25274628
2.2527218, -0.85097456, 0.2441202
2.3307512, -0.86735374, 0.2524631
2.3922467, -0.990816, 0.28901684
2.2667782, -0.90457904, 0.2550949
2.296711, -0.9091607, 0.26196438
2.3118067, -0.9258716, 0.2690014
2.3492649, -0.9526005, 0.27253813
2.2349138, -0.902134, 0.25144765
2.231302, -0.8512301, 0.2365479
2.329449, -0.9476503, 0.27083457
2.2298973, -0.8885006, 0.236441
2.249743, -0.8673521, 0.2384054
2.2870889, -0.90652335, 0.25644973
2.212056, -0.8298258, 0.23108476
2.3345718, -1.0290697, 0.28960404
2.2732885, -0.8858407, 0.24710555
2.2906175, -0.8287935, 0.24537718
2.2527428, -0.8687878, 0.24780928
2.1881654, -0.8307643, 0.22503375
2.3606439, -1.024222, 0.29202563
2.3687403, -0.9705951, 0.28636196
2.3092618, -0.9083015, 0.2667356
2.2916763, -1.0109615, 0.28685325
2.388515, -0.97057647, 0.29089472
2.3672323, -0.9923209, 0.288709
2.3358583, -0.88757807, 0.25687742
2.315864, -0.87442356, 0.26032656
2.4098382, -0.9505396, 0.27209958
2.3230088, -1.0291529, 0.27916044
2.395771, -0.9485664, 0.2758524
2.231585, -0.7882621, 0.21705179
2.331887, -0.90976804, 0.26421237
2.2277694, -0.8104862, 0.23249267
2.369646, -0.9511785, 0.28447047
2.3684185, -0.94525266, 0.27744067
2.2097957, -0.8112936, 0.22497198
2.3269334, -1.0128489, 0.28729373
2.2451515, -0.7823119, 0.2136305
2.3243897, -1.0119675, 0.27406916
2.3728833, -0.9915259, 0.2792625
2.3891525, -1.0109229, 0.30319446
2.3002014, -0.9157371, 0.25352782
2.3039165, -1.0520865, 0.28563553
2.2872725, -1.0718596, 0.2910936
2.4288585, -0.9685004, 0.29363912
2.3079066, -1.0086107, 0.2751696
2.267801, -0.8486028, 0.2375791
2.3087115, -0.93147814, 0.25687256
2.251592, -0.92219794, 0.2617605
2.2066016, -0.8046849, 0.21583787
2.4284532, -0.98908556, 0.2929409
2.2128572, -0.8917211, 0.24578875
2.2294376, -0.8307658, 0.23561291
2.338198, -0.9280177, 0.25795645
2.1818967, -0.82231206, 0.21888046
2.3253887, -0.8508118, 0.2526201
2.2124748, -0.8882717, 0.2315011
2.3071992, -0.85396, 0.24874118
2.3076968, -0.8357756, 0.24879128
2.2334828, -0.7692325, 0.22425118
2.1742253, -0.865662, 0.23457965
2.3089042, -0.9675873, 0.27462938
2.2258153, -0.8727957, 0.24492282
2.3636873, -1.0002735, 0.2794195
2.2967496, -0.973122, 0.2731706
2.2084465, -0.788425, 0.22446316
2.1910815, -0.8677092, 0.23077656
2.288148, -0.83240587, 0.2383173
2.3652515, -0.96656907, 0.2791317
2.2128706, -0.8271188, 0.21872535
2.329962, -0.9338509, 0.2650477
2.310741, -1.0285214, 0.2884565
2.4129925, -0.96700174, 0.27950025
2.3097818, -0.99191916, 0.27802968
2.4141638, -0.99450105, 0.30041748
2.3565226, -0.9477749, 0.28201395
2.270905, -0.82855713, 0.24390996
2.3178647, -1.0048395, 0.28933018
2.256932, -0.8815231, 0.23781416
2.3456717, -0.96948564, 0.28541017
2.285685, -1.0356714, 0.28796765
2.2780726, -0.9069578, 0.26727313
2.3718402, -0.930798, 0.28254476
2.3177655, -0.94493556, 0.28302968
2.1499052, -0.83143884, 0.22244251
2.4152224, -0.96882176, 0.2926188
2.3519864, -0.86669123, 0.252536
2.316348, -0.9826394, 0.28470147
2.312928, -0.82254815, 0.23434411
2.2918587, -0.92689204, 0.26562726
2.1899908, -0.8658608, 0.24037209
2.2731252, -0.8034284, 0.21460192
2.270241, -0.78864235, 0.23329122
