0.30990893, 2.312447, 0.022043282
0.2902514, 2.288415, 0.028979726
0.3278667, 2.286279, 0.030138416
0.27122232, 2.306329, 0.024816787
0.25179172, 2.2901058, 0.027529115
0.37159365, 2.2887056, 0.030439371
0.23383665, 2.3079717, 0.025493652
0.19109167, 2.3316083, 0.018255156
0.22870603, 2.3366566, 0.014531973
0.41309366, 2.3069236, 0.025379147
0.27144566, 2.2696273, 0.03195013
0.42859292, 2.3468938, 0.0072258394
0.34427607, 2.3100748, 0.016522434
0.20612131, 2.3086464, 0.025587032
0.25032952, 2.3317685, 0.010521743
0.3098323, 2.2674408, 0.03181871
0.4057058, 2.385445, 0.0034041896
0.4252566, 2.3910549, -0.007246187
0.5059179, 2.3520494, -0.005021113
0.36185473, 2.303571, 0.012398016
0.33054057, 2.3363981, 0.00773638
0.47675896, 2.3697138, -0.0043016747
0.24670081, 2.3544595, 0.009326914
0.45299035, 2.3672962, -0.002205366
0.23039518, 2.3521743, 0.0011574388
0.45075944, 2.3889117, -0.0030901807
0.3505345, 2.3917696, -0.009786773
0.3666759, 2.3767693, -0.009875309
0.29262587, 2.331029, 0.010737374
0.3503895, 2.347548, 0.009072581
0.40814108, 2.3568819, 0.010077652
0.29017556, 2.3502922, 0.011468766
0.368157, 2.330762, 0.0119853625
0.31749627, 2.3669717, -0.0053849597
0.31018716, 2.391404, -0.008090446
0.32610774, 2.4058707, -0.015039775
0.3303027, 2.3885477, -0.010287254
0.47012827, 2.3152678, 0.011352412
0.3897293, 2.313381, 0.017201368
0.41129187, 2.3274574, 0.016224343
0.38974977, 2.3901126, -0.0064262063
0.34718356, 2.4122314, -0.010495934
0.27122998, 2.3484764, 0.008036868
0.38902006, 2.347928, 0.008591731
0.46837705, 2.4696162, -0.011407746
0.30368394, 2.3559737, -0.0027856221
0.3085161, 2.315021, 0.013914199
0.5306081, 2.3148205, 0.021857768
0.47073668, 2.2894962, 0.030417658
0.50759876, 2.290381, 0.01528364
0.4492613, 2.3272195, 0.012620666
0.28777662, 2.2644289, 0.030270083
0.2752344, 2.3131328, 0.017276108
0.50640666, 2.3065722, 0.015874404
0.2783391, 2.2931714, 0.018174738
0.50752234, 2.3895597, -0.0019515262
0.3717881, 2.4260044, -0.0107885795
0.49248844, 2.3503022, -2.1363367E-4
0.49619558, 2.3288512, 0.013854863
0.29274076, 2.3637257, 0.0061201137
0.37133184, 2.3852203, -0.005605991
0.48961493, 2.3499126, 0.0117293745
0.38756287, 2.2704322, 0.032633528
0.23201384, 2.3065054, 0.019245865
0.4516511, 2.2884233, 0.028336683
0.48482805, 2.309111, 0.026128907
0.38943735, 2.408191, -0.0061825477
0.41195312, 2.3104858, 0.010485858
0.3078695, 2.288269, 0.028583676
0.40776536, 2.3668969, -0.0013306193
0.48701018, 2.2879243, 0.024744196
0.47385767, 2.3543782, -0.002046568
0.4277544, 2.37957, -0.0033500995
0.37450808, 2.4068816, -0.010735573
0.354029, 2.3654227, -0.005868148
0.37027976, 2.3075786, 0.024717305
0.4704944, 2.333922, 0.018149447
0.46866205, 2.3699048, 0.0052487915
0.28305703, 2.3191147, 0.016116984
0.41327903, 2.3959098, -0.0017449342
0.42626902, 2.3180058, 0.015715403
0.45285496, 2.2666383, 0.031186046
0.3554811, 2.3268423, 0.008177244
0.26499218, 2.3359272, 0.017718473
0.35898304, 2.2899904, 0.02465828
0.4903872, 2.2267122, 0.028258571
0.48376963, 2.312941, 0.013361264
0.45127434, 2.3748574, 0.0034517688
0.44651115, 2.355565, 0.008640507
0.5243017, 2.3142562, 0.013062119
0.37184808, 2.351583, -0.003967622
0.3656951, 2.3561754, 0.010870867
0.33002573, 2.30862, 0.017084718
0.47251543, 2.2735298, 0.033341616
0.2949148, 2.3821063, -0.009571238
0.43943748, 2.3571098, -6.150124E-5
0.32564566, 2.3638039, -8.844171E-5
0.279279, 2.3662455, -0.004709712
0.2345877, 2.3578856, -6.925026E-4
0.43373862, 2.3061485, 0.02483498
0.39700535, 2.282239, 0.029797606
0.44122368, 2.2705054, 0.041652493
0.4972614, 2.3727245, -0.008011868
0.20771581, 2.314168, 0.018272225
0.34653252, 2.378408, 0.0027644308
0.30239475, 2.3385088, 0.015118277
0.5467508, 2.331359, -0.0015402688
0.40038568, 2.376272, 0.0024399373
0.5414141, 2.3110447, 0.013386616
0.41157606, 2.2670412, 0.035187338
0.21106336, 2.3210223, 0.015932117
0.39672002, 2.3250396, 0.00994687
0.39164189, 2.3561575, -8.924421E-5
0.19579975, 2.333558, 0.020635845
0.361582, 2.2952034, 0.019485286
0.47595555, 2.3092983, 0.024090065
0.31084883, 2.3563244, 0.0054725683
0.43698058, 2.269432, 0.041159205
0.3960911, 2.2701876, 0.042067464
0.39079937, 2.3042643, 0.029280176
0.26186138, 2.371788, 0.005860438
0.3321968, 2.264976, 0.032511454
