3.616328, 3.3346612, 0.06462723
3.6514435, 3.303649, 0.071568176
3.6313558, 3.3090355, 0.07254173
3.6244195, 3.320291, 0.0675229
3.647709, 3.2697203, 0.070108846
3.6643105, 3.3507853, 0.073795035
3.6915166, 3.3096454, 0.08530082
3.6752515, 3.288604, 0.07092451
3.68636, 3.3321085, 0.07661509
3.6204224, 3.2635837, 0.063723475
3.6500945, 3.2893982, 0.074893534
3.647507, 3.3676865, 0.06987042
3.6265752, 3.239426, 0.07029864
3.7039547, 3.3109303, 0.07457281
3.5850081, 3.2756228, 0.07150026
3.577252, 3.2714229, 0.07086665
3.6656551, 3.2108, 0.07648651
3.5878682, 3.2071154, 0.074036494
3.6813483, 3.4034398, 0.07415953
3.710951, 3.4102676, 0.0664839
3.7051551, 3.390296, 0.073501945
3.7573152, 3.3819914, 0.07318364
3.5483017, 3.2312646, 0.06860174
3.5665424, 3.2090254, 0.07490437
3.701252, 3.2385976, 0.08202586
3.5834508, 3.1959186, 0.07167769
3.5585527, 3.2085605, 0.077571124
3.7510996, 3.4317174, 0.07449296
3.7225015, 3.4466493, 0.07526222
3.7632246, 3.409945, 0.07793406
3.7786295, 3.3936846, 0.079913735
3.7873087, 3.4124866, 0.075648986
3.5239003, 3.195905, 0.06426797
3.727417, 3.2326975, 0.079501666
3.5009253, 3.1919224, 0.0697792
3.7445922, 3.4445038, 0.07151629
3.8031883, 3.4192483, 0.07434872
3.4847407, 3.197157, 0.07143007
3.7407548, 3.2779534, 0.08370626
3.8300796, 3.37059, 0.07621617
3.7945042, 3.2994268, 0.089382686
3.7705965, 3.2750735, 0.079623215
3.7722752, 3.3139172, 0.082299866
3.843466, 3.4514165, 0.07176233
3.81232, 3.497123, 0.07058254
3.8364062, 3.4666433, 0.07425569
3.8107328, 3.4697413, 0.08279322
3.851241, 3.3498678, 0.0853364
3.8771632, 3.34127, 0.08314861
3.8169975, 3.2835972, 0.089821026
3.8383844, 3.29468, 0.08010882
3.8714032, 3.4874294, 0.079622224
3.7902966, 3.4920068, 0.071093276
3.774977, 3.5014024, 0.071383424
3.895494, 3.3981326, 0.085204646
3.8871527, 3.5085073, 0.077825844
3.8453095, 3.5286553, 0.07362676
3.8815584, 3.4065323, 0.076726444
3.811561, 3.540033, 0.07576332
3.9492936, 3.4457827, 0.083793476
3.9305449, 3.4694676, 0.0731913
3.960866, 3.4137375, 0.08878209
3.987836, 3.4075937, 0.077472925
3.9946637, 3.373932, 0.08723488
3.9509954, 3.359935, 0.075021185
4.0481267, 3.4564123, 0.07415257
3.9690368, 3.317645, 0.08862334
3.9508686, 3.3326917, 0.08495766
4.091947, 3.404032, 0.07919478
4.1003485, 3.4001937, 0.07738666
4.062271, 3.368411, 0.07523707
4.0333114, 3.4750597, 0.07342022
4.118279, 3.3994186, 0.0757014
3.933648, 3.379804, 0.07399486
4.0522666, 3.4268425, 0.09038735
3.6148906, 3.3157725, 0.07447885
4.0754676, 3.4289002, 0.07737963
4.0076594, 3.4666126, 0.08578231
3.9631336, 3.4314568, 0.07685769
4.0130157, 3.3894224, 0.08549823
3.9674652, 3.351859, 0.08205596
3.9131732, 3.3833704, 0.07765182
3.5893548, 3.1676629, 0.07864813
3.72119, 3.3669267, 0.07694252
3.7631583, 3.3410058, 0.07595382
3.802653, 3.3805742, 0.078494646
3.6788633, 3.256803, 0.074941404
3.6490567, 3.224403, 0.07391146
3.7518625, 3.4278252, 0.08442256
3.8340201, 3.5536282, 0.076150045
3.848294, 3.4261377, 0.07860839
3.672181, 3.3677151, 0.064545006
3.901464, 3.4790459, 0.07577417
3.8336978, 3.5360692, 0.07236854
3.6910172, 3.3536308, 0.07479869
3.8696208, 3.5694294, 0.085035756
3.7230203, 3.3008392, 0.07420386
3.9165256, 3.566686, 0.07096713
3.9116771, 3.5824757, 0.07781169
3.9069538, 3.6309292, 0.07793082
3.9485638, 3.5260909, 0.07637638
3.9656265, 3.5106616, 0.082275525
3.9174252, 3.5589814, 0.08116284
3.6174357, 3.2506037, 0.07592618
3.8917286, 3.5875196, 0.07065418
4.0955625, 3.4087806, 0.08533037
3.871001, 3.5112722, 0.08051763
3.7910984, 3.4286954, 0.07472882
3.6294613, 3.2452393, 0.07159091
3.4874904, 3.1765437, 0.076979935
3.9609106, 3.5814638, 0.08908414
3.9116173, 3.5381558, 0.07848409
3.532443, 3.1533222, 0.07327692
3.8718336, 3.509246, 0.07213357
3.6825578, 3.3059425, 0.07958774
4.0332103, 3.463714, 0.084535345
3.5781147, 3.1994436, 0.06996112
3.8641376, 3.5949655, 0.07305062
3.830264, 3.2694154, 0.08970665
3.9497743, 3.3693614, 0.07730588
3.7731738, 3.5214877, 0.06651886
3.5881348, 3.326496, 0.07342897
4.042245, 3.467267, 0.07418295
3.7407985, 3.294062, 0.0788848
4.0264044, 3.3698642, 0.08847197
3.928164, 3.4808388, 0.07679483
3.8467453, 3.5997934, 0.075505964
3.5648901, 3.2415886, 0.070070535
3.607648, 3.3586266, 0.081184775
3.8840578, 3.4309611, 0.071224175
3.7082214, 3.2610743, 0.07381299
3.606806, 3.283681, 0.06513532
3.923697, 3.6104662, 0.08116911
3.8177323, 3.465372, 0.07347867
3.7890851, 3.5392463, 0.080805436
3.8548727, 3.5446007, 0.075693294
3.6830664, 3.3650792, 0.07246899
4.001433, 3.4075456, 0.07429686
3.7121885, 3.2093935, 0.08941086
3.764377, 3.2600408, 0.08512087
3.9961262, 3.4917617, 0.0848818
3.818694, 3.3127363, 0.080455974
3.7897215, 3.252139, 0.08172894
3.8906884, 3.5762117, 0.073361985
4.118885, 3.3952549, 0.08362046
3.8336968, 3.517623, 0.07792614
3.746522, 3.3620696, 0.08017471
3.7344632, 3.358321, 0.07525722
3.7288213, 3.474635, 0.06643319
4.0733275, 3.3534029, 0.08108336
3.7901473, 3.4725587, 0.07674286
3.8742683, 3.2870576, 0.07466396
4.0226593, 3.4301167, 0.09473399
3.9863458, 3.5331903, 0.09124001
3.7877314, 3.3884058, 0.07761238
3.671157, 3.2707608, 0.07083972
3.7510922, 3.3513327, 0.07380474
3.9262938, 3.5278082, 0.07844906
3.5799599, 3.179311, 0.07561052
3.8422384, 3.36054, 0.0748566
4.0173664, 3.3412507, 0.07402806
3.8841298, 3.4852455, 0.075726256
4.02502, 3.3713202, 0.078701064
3.9594214, 3.4214804, 0.089144535
3.9152641, 3.4325352, 0.08463566
3.9296649, 3.5478642, 0.078927755
3.764037, 3.2222228, 0.09510348
3.9005032, 3.3519938, 0.0736415
3.9261825, 3.3126082, 0.07904406
3.8409061, 3.2950425, 0.07989944
3.968305, 3.4843333, 0.08266263
4.0512743, 3.3732474, 0.081101604
3.8766549, 3.524739, 0.06800971
3.5895846, 3.1633067, 0.08828306
3.5253947, 3.1248899, 0.08351877
3.5051382, 3.124538, 0.07650725
3.8619976, 3.4363773, 0.081979685
3.6802273, 3.2539601, 0.08406131
3.79601, 3.3709838, 0.09138612
3.9109497, 3.485487, 0.081216276
3.6151054, 3.2148175, 0.0782541
3.7994905, 3.3355784, 0.07668818
3.8955858, 3.5449085, 0.08146486
3.5348883, 3.176177, 0.07511006
3.6614032, 3.305904, 0.08567616
3.5133805, 3.1550522, 0.078125164
4.088185, 3.399879, 0.08135445
3.7208433, 3.29486, 0.0850617
3.5996194, 3.24212, 0.075101785
3.9800956, 3.3522532, 0.08004848
3.9462485, 3.5833364, 0.0921482
3.771721, 3.3456442, 0.081631266
3.9183319, 3.294684, 0.08630053
3.9592538, 3.5340319, 0.0813382
