4.4009013, 1.0355183, 2.0644155
4.391836, 1.0518514, 2.071735
4.39454, 1.048187, 2.1118336
4.4014616, 1.0294795, 2.1149888
4.403079, 1.0332189, 2.1340272
4.395417, 1.0344647, 1.9946038
4.3955445, 0.98902625, 1.9849689
4.394575, 1.0659261, 1.929676
4.3986197, 0.98853207, 1.9506781
4.397023, 0.94272554, 1.8693416
4.4021077, 0.9328992, 1.8459772
4.4070196, 0.94598335, 1.8496461
4.395795, 0.9922449, 1.8494774
4.40322, 0.9299791, 1.8103516
4.404463, 0.9478565, 1.808741
4.4060807, 0.949172, 1.7874243
4.4058003, 0.929981, 1.7926648
4.3918896, 0.9957485, 1.8306985
4.39398, 0.9468002, 1.7688593
4.4073076, 0.92973447, 1.7468098
4.395213, 0.99322, 1.7726164
4.4072785, 0.9500971, 1.7447132
4.4110217, 0.9541686, 1.71379
4.406308, 1.0109766, 1.7299992
4.3966904, 0.9378921, 2.0048308
4.405936, 0.93265915, 2.0296156
4.409357, 0.9327028, 2.052848
4.409465, 0.95018154, 1.6265935
4.406256, 0.9733697, 2.091145
4.4071865, 0.9525829, 1.5514376
4.4104657, 0.96926206, 1.5084202
4.394815, 0.9865662, 1.967463
4.3947916, 1.0113146, 1.7664468
4.4027367, 1.0120528, 1.8097106
4.404667, 1.0029237, 1.9509561
4.401893, 0.998389, 1.7970343
4.4029007, 0.9750095, 2.0510855
4.405826, 1.0138776, 1.7468684
4.405768, 0.93228495, 2.11055
4.405442, 0.9918984, 2.0553646
4.3961287, 0.9974781, 2.022821
4.404322, 1.0207365, 1.712914
4.4058867, 1.0295861, 1.6921645
4.409882, 0.9946141, 2.0925438
4.4076843, 1.0026041, 1.9723551
4.39482, 0.97334266, 2.0720134
4.4041567, 1.0104027, 1.8288395
4.401975, 0.98550886, 2.002415
4.396842, 1.0060008, 1.8689878
4.393344, 1.0082885, 1.9082996
4.3922186, 1.0529767, 2.0252824
4.3900847, 1.0035563, 1.887763
4.404091, 1.0030576, 1.9353384
4.395768, 1.0055344, 1.7487991
4.4037848, 0.9896172, 1.8871971
4.3987145, 0.98800534, 2.1246362
4.3955007, 1.0146186, 1.8491135
4.4080977, 0.9947874, 1.8107294
4.3966384, 1.0114328, 1.6622502
4.409104, 1.0138348, 1.6742541
4.403596, 1.0085943, 1.6435331
4.4072075, 1.0266662, 1.6105672
4.4020696, 1.0351202, 2.0124917
4.402457, 1.0145084, 1.546729
4.403454, 0.9905427, 1.8653334
4.402825, 1.0133337, 1.5932318
4.403054, 0.9348829, 1.7705586
4.4030194, 1.0322249, 2.0933816
4.417577, 0.9689927, 1.3870206
4.4147162, 0.96951866, 1.2889663
4.4321065, 0.92662144, 1.2465487
4.4257216, 0.9719781, 1.2481565
4.4252286, 0.97121555, 1.2138625
4.427809, 0.9718696, 1.1926148
4.428558, 0.92844516, 1.1719937
4.4267826, 0.97448826, 1.1726637
4.4263926, 0.9900702, 1.1904467
4.4318027, 0.9490685, 1.1326057
4.432515, 0.9862913, 1.1260028
4.431224, 0.9841968, 1.1070875
4.4331045, 0.9875284, 1.0527314
4.432965, 0.98939824, 1.0071101
4.40543, 0.97113144, 2.1256123
4.429907, 0.91827464, 1.3521163
4.428087, 0.9289768, 1.1906438
4.4284296, 0.9317447, 1.1504078
4.395443, 1.0642126, 2.045735
4.4163303, 0.9709929, 1.2661709
4.4310102, 1.0082023, 0.9666538
4.434833, 0.9890259, 1.0319481
4.4430566, 0.92822564, 1.0682346
4.394324, 1.007289, 1.7119505
4.3910637, 0.89128435, 1.8645337
4.433286, 1.0095689, 0.98665965
4.4334846, 0.9921741, 0.9312752
4.4409537, 1.004244, 0.9453467
4.4047074, 0.8623037, 2.114749
4.432866, 1.006548, 0.89322245
4.4365454, 0.9159432, 0.89658284
4.4450293, 1.0148419, 0.8103955
4.4331646, 0.9290696, 0.8514498
4.4344354, 1.0152289, 0.7316126
4.435431, 1.0122048, 0.75286776
4.4333525, 0.9484753, 0.7144842
4.4388494, 0.9751228, 0.6934557
4.4360867, 0.99238217, 0.73665905
4.4351497, 1.0073085, 0.6889849
4.43229, 1.0279076, 0.70933485
4.444549, 0.97892416, 0.65556365
4.4461393, 1.0229073, 0.6558532
4.4465213, 0.957137, 0.6318536
4.4488225, 0.9311621, 0.6231288
4.443742, 0.98717827, 0.6129891
4.428987, 1.0306723, 0.62779903
4.4327025, 0.9609726, 0.5844168
4.441465, 0.93078554, 0.6066789
4.4310284, 0.9304802, 0.5888472
4.4332967, 1.0106015, 0.57172716
4.434535, 1.030968, 0.5864102
4.4429336, 0.9640319, 0.5470311
4.4338813, 0.98893356, 0.5512631
4.4298487, 0.93242997, 0.55235136
4.4419317, 1.0321342, 0.5644693
4.447356, 1.0112948, 0.532014
4.4358845, 1.0138702, 0.5507868
4.44089, 1.0332652, 0.5461883
4.4437895, 0.9313813, 0.5327509
4.447357, 0.9624524, 0.53193957
4.4342585, 0.9678898, 0.5284484
4.435622, 1.0072778, 0.49297622
4.433573, 1.0125066, 0.47079238
4.4309235, 1.03197, 0.4560494
4.435689, 0.99566936, 0.44794527
4.445924, 0.9929333, 0.46991917
4.4462357, 0.96340173, 0.4524219
4.445246, 0.9888253, 0.43438643
4.4409585, 1.0067592, 0.42551854
4.4445944, 1.0118161, 0.4043856
4.444527, 0.96587044, 0.40803996
4.440261, 0.93349564, 0.4779188
4.4372106, 0.97144145, 0.39242727
4.4348783, 1.0151517, 0.36976698
4.433665, 0.99183893, 0.35598257
4.435094, 0.93164176, 0.36766213
4.4325175, 0.9844135, 0.3245372
4.4458017, 1.0044583, 0.3309024
4.4441237, 0.94638693, 0.311584
4.443351, 0.9467555, 0.28684676
4.451918, 0.9750688, 0.26856533
4.4482174, 0.97021383, 0.22803868
4.44542, 0.9914476, 0.48880786
4.443849, 0.9928154, 0.9507638
4.4334755, 0.95469874, 0.5873387
4.433238, 1.0516852, 0.37180182
4.408812, 0.99236435, 1.5933213
4.4330006, 0.94357955, 0.8530329
4.433515, 1.0311532, 0.47351325
4.445315, 1.011741, 0.51394165
4.407709, 0.96910393, 1.9051193
4.41269, 1.0059017, 1.3890818
4.4151354, 0.9957263, 1.4427097
4.433144, 0.98955303, 0.9667169
4.3955016, 1.0256469, 1.5498933
4.4369545, 0.9649739, 0.42821217
4.405715, 0.9670565, 2.0060406
4.439125, 0.94412315, 0.32661766
4.44234, 1.0214882, 0.28726617
4.4460926, 0.94513804, 0.89593333
4.398294, 0.97279567, 1.7477908
4.433931, 0.9512519, 1.1061513
4.422716, 1.0327973, 1.1737565
4.4343653, 1.0319011, 0.6909887
4.4134617, 1.0122787, 1.6894333
4.411976, 0.9944705, 1.5680918
4.439085, 1.0203954, 0.96993923
4.437259, 0.97889, 0.6390951
4.4440002, 0.97474957, 0.71041673
4.4304543, 0.9876096, 1.090133
4.4337273, 1.0150499, 0.3457121
4.41366, 0.99161386, 1.3539023
4.4254065, 0.99295926, 1.4253731
4.4077497, 0.9895114, 1.5482507
4.451842, 1.0076472, 0.19057903
4.4066095, 0.9965993, 1.5107343
4.3981256, 0.96904343, 1.8345311
4.4299803, 1.0501492, 0.9289692
4.4322386, 1.029832, 0.5503561
4.434038, 1.0107288, 1.0097587
4.4282293, 1.0159283, 1.2897613
4.4067044, 0.98648036, 1.4948196
4.417183, 0.9936218, 1.3742148
4.430704, 1.0676169, 0.5518292
4.396833, 0.97821575, 1.727456
4.444527, 1.0272802, 0.71779656
4.39971, 0.9627199, 1.9492265
4.4239864, 1.0099354, 1.3077773
4.4165006, 1.0324211, 1.1262869
4.4298515, 1.0273578, 1.0705777
4.432251, 0.92094505, 0.70978963
4.4316297, 1.0341122, 0.5293077
4.4500036, 0.95079356, 0.2519263
4.406079, 0.9878209, 1.7494879
4.4314814, 0.9323955, 0.4717582
4.4311476, 1.0495653, 0.32454056
4.4230404, 1.0117967, 1.2689254
4.4360666, 1.0535486, 0.7857857
4.44336, 0.9705558, 0.83329475
4.4468555, 0.97547066, 0.24774796
4.4307194, 1.0536488, 0.8269003
4.408699, 0.98920345, 1.7324791
4.431764, 1.0238554, 0.90748733
4.4433045, 0.9906078, 0.5123966
4.428461, 1.0098585, 1.111584
4.4121213, 1.0083445, 1.3514334
4.444227, 1.0083227, 0.26404428
4.436359, 0.9866857, 0.56811804
4.4292226, 1.0123521, 1.2132643
4.398263, 0.9862013, 1.611264
4.4075665, 0.99099976, 1.6900202
4.4362783, 1.014838, 1.1863372
4.407051, 0.96898985, 1.8692341
4.4461756, 0.9904998, 0.25305486
4.39346, 0.9743506, 1.8526148
4.4458184, 0.9867389, 0.52934945
4.443964, 0.96858925, 0.38822758
4.432428, 1.0250589, 0.8865627
4.420994, 0.99830055, 1.4080255
4.4232206, 1.0298136, 1.188949
4.430231, 1.0521903, 0.89327705
4.4253116, 1.0515958, 0.84594893
4.4283433, 1.0379016, 0.9838124
4.4500494, 0.9017703, 1.850942
4.42838, 1.0112636, 1.2350922
4.446383, 0.9909334, 0.589917
4.394847, 0.97518224, 1.7899435
4.4052033, 1.0066311, 1.455096
4.407504, 1.0265954, 1.4920356
4.4073133, 0.9898468, 1.7153571
4.4367785, 1.0121636, 0.3041924
4.430983, 1.0505223, 0.9142886
4.3972983, 0.9548157, 2.0517802
4.4014163, 0.98582894, 1.6282974
4.4336476, 0.9837369, 0.28333816
4.431145, 1.0719621, 0.47705036
4.4286914, 1.052846, 1.0111297
4.4106493, 0.9730367, 1.969506
4.4255004, 0.9082534, 1.329835
4.443566, 1.00816, 0.31474313
4.4335384, 1.049265, 0.41409725
4.4038663, 0.9726548, 1.9551556
4.4180217, 1.0194696, 1.2127781
4.431018, 1.0489672, 0.39219558
4.4293137, 1.0144062, 1.1653364
4.4419537, 0.98815936, 0.7696161
4.423661, 1.0537304, 1.3002813
4.413713, 1.0319849, 1.3080851
4.4282722, 1.035099, 1.3531445
4.413619, 1.0303988, 1.3318079
4.424556, 1.0489415, 1.2478805
4.414777, 1.0367548, 1.2673848
4.4132957, 1.0294225, 1.4053853
4.414401, 1.0521784, 1.3703258
4.407798, 1.031034, 1.4309798
4.410992, 1.0532281, 1.3877455
4.4470854, 1.0241842, 0.24688776
4.4466295, 1.0241531, 0.26661202
4.433881, 1.0481982, 0.26590616
4.4466014, 1.0510857, 0.2940894
4.42365, 1.0439632, 1.1916283
4.417068, 1.049727, 1.1438866
4.412005, 1.0541768, 1.1943461
4.4324827, 1.0702679, 0.98482245
4.4471884, 1.0250262, 0.22598375
4.4353576, 1.053268, 0.2076563
4.4278817, 1.0490735, 1.1092017
4.4323425, 1.0730758, 0.78676826
4.4342084, 1.0747533, 0.76826966
4.432124, 1.0700686, 0.8288821
4.443636, 1.0634848, 0.18455555
4.448044, 1.0694519, 0.16141164
4.4344664, 1.1145306, 0.20807038
4.441503, 1.145533, 0.22359386
4.4451404, 1.1287858, 0.22538398
4.4324846, 1.1891971, 0.14754826
4.4370317, 1.2322478, 0.18741417
4.387052, 1.0336499, 2.0047064
4.4413614, 0.96504384, 0.8763453
4.4299746, 1.0303211, 0.57105714
4.413402, 1.0459394, 1.3153988
4.432397, 0.90509117, 1.1083715
4.431677, 1.0239894, 0.60443944
4.4300213, 1.0077043, 1.3259825
4.431239, 1.0538176, 0.7687689
4.418106, 0.90354097, 1.6953576
4.3931155, 1.0455616, 1.8511362
4.414523, 1.0475411, 1.335744
4.40518, 1.0467705, 1.9639325
4.4426346, 0.9334241, 0.40903655
4.431307, 1.092831, 1.2833259
4.43117, 0.95557797, 1.0306369
4.4223604, 1.0498158, 1.3522793
4.432162, 0.95434535, 1.0538932
4.389391, 1.0497587, 1.9541082
4.3940806, 1.0431697, 1.889752
4.430114, 1.0238376, 0.8485484
4.395519, 1.0643682, 1.9555084
4.4465938, 1.0083656, 0.7847324
4.433283, 1.0280713, 0.66914356
4.426325, 1.0297704, 0.7942005
4.43756, 1.0276306, 0.8108346
4.3949475, 1.0765747, 1.7325261
4.430529, 1.0121577, 0.9126687
4.447931, 0.99274117, 0.2136617
4.4696884, 0.99360377, 0.23189652
4.44833, 0.9481425, 0.82718706
4.4335656, 1.009965, 0.5895164
4.4442673, 1.0318003, 0.6747979
4.430232, 1.0286541, 1.0485452
4.428599, 1.0090089, 1.1290535
4.443873, 0.94218147, 0.8703333
4.390932, 1.0701962, 1.835025
4.4012713, 1.0769222, 1.7672029
4.388651, 1.1152635, 1.7543032
4.4316254, 0.98878205, 1.148058
4.413405, 1.0047798, 1.3369007
4.439965, 1.0213307, 0.95202744
4.4363074, 1.0115893, 0.93122107
4.452416, 1.0544329, 0.34185678
4.410027, 1.027603, 1.3884922
4.4150147, 1.0497346, 1.266286
4.465636, 0.92847437, 0.24201412
4.4065814, 1.0524089, 2.1104085
4.4322615, 1.0259577, 0.8687211
4.426734, 0.91025853, 1.1717863
4.431268, 0.98601604, 1.0734756
4.4017324, 1.0820917, 1.7158921
4.450388, 0.92527854, 0.31063333
4.4091907, 1.03792, 1.9786547
4.4312687, 0.9898882, 1.1690093
4.4445004, 0.95084405, 0.6710271
4.4329844, 0.90757984, 0.42360705
4.3942213, 1.0517337, 1.9752543
4.395444, 1.0508618, 1.669799
4.436822, 1.0543513, 0.8063636
4.3926787, 1.0725764, 1.7837204
4.4014187, 1.0536375, 1.8247243
4.432669, 0.9113308, 0.34818462
4.426843, 0.8641749, 1.4201181
4.433029, 0.8684908, 1.3511014
4.4033427, 1.0290965, 1.5248271
4.446571, 1.0322386, 0.8259586
4.4482355, 0.92612875, 0.29217026
4.442978, 0.91210425, 0.36379528
4.436217, 0.91271925, 0.5681946
4.4361105, 0.9195624, 0.32918507
4.446557, 0.9112578, 0.39107087
4.4467735, 0.9272112, 0.20987622
4.432868, 0.9126073, 0.46748757
4.4296174, 0.8497214, 1.5517975
4.462461, 0.8994138, 0.18346556
4.4567566, 0.90111834, 0.17767096
4.466311, 0.8990854, 0.212327
4.4336925, 0.80878, 1.3501283
4.4408984, 0.80068463, 1.4080731
4.432214, 0.7857872, 1.3509206
4.4325657, 0.8022288, 1.374354
4.427878, 0.8001672, 1.3917346
4.4654694, 0.87728626, 0.16156636
4.450925, 0.8498545, 0.22375694
4.432766, 0.78852427, 1.447126
4.4299207, 0.7687172, 1.4078616
4.4341817, 0.7899308, 1.4314742
4.4314075, 0.7702349, 1.39071
4.4312496, 0.7665429, 1.448788
4.430397, 0.7666007, 1.4709533
4.4323387, 0.78808, 1.4924664
4.4294887, 0.7668012, 1.4892867
4.4235168, 0.75713557, 1.5121671
4.431257, 0.7870764, 1.5149503
4.425352, 0.8312309, 1.4893332
4.429371, 0.7533678, 1.5280226
4.4323215, 0.70778036, 1.4902623
4.4296913, 0.7077574, 1.5080917
4.431466, 0.7731879, 1.5484412
4.430196, 0.7520216, 1.5505483
4.4308534, 0.71135193, 1.4710921
4.4304547, 0.685399, 1.4539376
4.431125, 0.68776566, 1.5052596
4.429981, 0.7069911, 1.4507548
4.4259815, 0.6857354, 1.5301708
4.4296813, 0.6842379, 1.5533867
4.434545, 0.7829512, 1.5680513
4.426975, 0.6555294, 1.4721948
4.4448376, 0.6584357, 1.4495169
4.4363184, 0.65489006, 1.4520547
4.4258566, 0.6535593, 1.4292772
4.4339886, 0.6651686, 1.4332341
4.4294457, 0.6490479, 1.5302517
4.428849, 0.6521916, 1.4879065
4.4252677, 0.65040696, 1.5070896
4.429222, 0.652912, 1.549398
4.398988, 0.77427113, 1.5852189
4.4305706, 0.65319145, 1.4092758
4.419649, 0.65466696, 1.4169114
4.43132, 0.66505414, 1.3859085
4.4243846, 0.6499217, 1.5888295
4.430375, 0.68807983, 1.4312903
4.4345794, 0.6666277, 1.3686663
4.407846, 0.93323004, 1.6075271
4.435768, 0.75096893, 1.3713641
4.4340286, 1.0090681, 0.6078094
4.441324, 0.9993708, 0.75362164
4.413077, 0.96679103, 1.3134928
4.446188, 0.98881125, 1.029959
4.4297686, 1.044777, 0.9508333
4.4229, 0.9691445, 1.1545142
4.4371815, 0.8073855, 1.4320885
4.4301457, 1.0108436, 1.1486313
4.4325643, 0.9302449, 1.0112451
4.439333, 0.9531716, 0.9887688
4.406141, 1.0556357, 1.5837132
4.418878, 1.043943, 1.2306546
4.449689, 0.7716371, 1.3554862
4.4320807, 1.0073682, 0.6734553
4.446326, 1.0055225, 0.7317766
4.4327726, 0.9144739, 0.53223974
4.394088, 1.0121336, 1.6281712
4.4345446, 0.74987406, 1.3532321
4.4359794, 0.9691852, 0.76655936
4.396792, 0.9345752, 1.6529632
4.4300475, 0.9689868, 1.2650554
4.428012, 1.2504845, 0.14658001
4.406007, 0.92888623, 1.7272254
4.427283, 0.7325779, 1.4316998
4.42976, 0.930651, 0.9912107
4.4279137, 0.7319548, 1.4733644
4.4289904, 1.0293965, 1.0311191
4.436927, 0.97057086, 0.8205764
4.4410443, 0.8096824, 1.3975953
4.4299374, 1.0097952, 1.0920007
4.4301705, 0.68821025, 1.4727331
4.408738, 0.93572545, 1.5706174
4.43297, 0.99100745, 0.9482395
4.408851, 0.9345198, 1.5904909
4.398821, 0.925785, 1.7760653
4.4474173, 1.0282373, 0.5076047
4.434609, 0.9627177, 0.56547165
4.4089704, 0.9506656, 1.4516624
4.4325757, 0.99373394, 0.9128909
4.4408813, 1.016201, 1.0756971
4.429384, 0.7336526, 1.4477606
4.4280767, 0.6764403, 1.5897601
4.4335833, 1.0720692, 0.8045555
4.432667, 1.069249, 0.5339668
4.4237595, 0.7889597, 1.4669341
4.432973, 0.7302659, 1.5114732
4.40443, 1.0438471, 1.9443959
4.4463573, 0.7422736, 1.4218769
4.4315767, 0.72903144, 1.5285279
4.436065, 1.0098755, 0.8297789
4.429669, 0.727587, 1.5476928
4.4037437, 0.9525314, 1.6472509
4.4285707, 0.90849066, 1.0708735
4.4133177, 0.9678569, 1.4082735
4.431432, 1.0334488, 0.36441454
4.4083295, 0.93145066, 1.6932249
4.433694, 0.72472, 1.5949206
4.432756, 1.0064398, 0.7124839
4.4394836, 0.75003946, 1.3882163
4.435587, 0.9461173, 0.9467428
4.4467735, 1.0467474, 0.2054505
4.408238, 0.95124394, 1.6877664
4.4044046, 0.89670676, 2.1173277
4.4380455, 0.79055905, 1.3710659
4.4356217, 0.7421746, 1.4080714
4.4430013, 0.9091234, 0.54813635
4.4420652, 0.7110264, 1.3897021
4.4266133, 1.0500455, 1.0502247
4.432163, 1.00797, 1.0518966
4.4131336, 0.97152627, 1.1948802
4.4442043, 0.9937138, 0.84934
4.3961625, 0.98792183, 1.5913824
4.445481, 1.0063746, 0.76747584
4.4074974, 0.9312285, 1.6745068
4.4066486, 1.0287273, 1.3697668
4.432811, 0.7312809, 1.4944566
4.429842, 1.0261326, 1.0925279
4.4350443, 1.0475775, 0.47173294
4.4657507, 0.80436766, 0.134451
4.4527435, 0.797411, 0.17364582
4.4379625, 0.9676797, 0.7054324
4.4291134, 0.91383064, 0.91569793
4.4481416, 1.046075, 0.227296
4.445287, 0.969179, 0.43403155
4.447007, 0.9885186, 0.3874802
4.423504, 0.9501545, 1.3338587
4.407611, 0.95292395, 1.5680281
4.419414, 0.94475883, 1.302837
4.4209113, 0.9835907, 0.46534747
4.4382486, 0.97327435, 0.61403894
4.430497, 0.96836734, 1.0113478
4.422024, 1.0488226, 1.0716627
4.4344835, 0.96941763, 0.8690556
4.433241, 1.0094544, 0.8544689
4.4285765, 0.9467466, 1.2297902
4.4289494, 0.945776, 1.2470627
4.432316, 0.9672989, 0.3707383
4.406458, 1.0261331, 1.5704582
4.414445, 0.93725795, 1.4490948
4.4353237, 1.0126352, 0.627929
4.417075, 0.79674524, 1.5861508
4.4124775, 0.95107394, 1.432248
4.4453115, 0.9732521, 0.30919293
4.466213, 0.8281175, 0.14930597
4.3932815, 0.9193481, 1.7642949
4.4411383, 0.9917985, 0.36474907
4.4424715, 0.6687136, 1.3510547
4.4407606, 0.9661709, 0.915391
4.4467993, 0.9790993, 0.37456664
4.442372, 0.94681686, 0.81353635
4.4425735, 0.96641994, 0.5099666
4.42712, 1.0311543, 0.28830954
4.431404, 0.8916479, 0.73643327
4.426614, 0.9538364, 1.3145322
4.4148126, 0.97151023, 1.3686496
4.4431562, 0.7277558, 1.4093883
4.444728, 0.97177094, 0.33094087
4.396482, 0.9175988, 1.8154342
4.4402213, 0.9609917, 0.6008104
4.4316955, 0.975541, 0.34385398
4.442436, 0.9877256, 1.016213
4.432108, 0.9750825, 1.0893544
4.4050074, 0.91982514, 1.7988023
4.441034, 0.9783927, 1.139355
4.435675, 1.008458, 0.80612516
4.415358, 0.9127607, 2.0106547
4.393782, 1.1080912, 2.0646796
4.426941, 1.0330023, 1.1467841
4.3952827, 0.92964137, 1.6683433
4.4172864, 0.9276129, 1.2788204
4.4191647, 0.80310726, 1.4670646
4.4352884, 0.7299798, 1.5668068
4.460524, 0.9266227, 0.26321188
4.4400086, 1.0230246, 0.5283839
4.445055, 0.94405353, 0.928098
4.4153757, 0.906917, 2.125795
4.4229546, 0.9422561, 1.3714164
4.4449806, 0.9883355, 0.22370075
4.433455, 0.94993097, 1.1902251
4.4265947, 0.97230643, 1.2870374
4.417348, 1.0069087, 1.2881179
4.4431853, 0.6039187, 1.5654213
4.3960447, 1.0131621, 1.6953297
4.4352436, 0.6060781, 1.504133
4.400673, 1.0059325, 1.7630292
4.4047556, 1.0076382, 1.8532628
4.426671, 1.031925, 1.3741465
4.4029455, 1.0060561, 1.9891473
4.4276648, 0.7934007, 1.5500911
4.44871, 1.0853641, 0.18605071
4.4532695, 0.98098314, 0.6416105
4.4071684, 1.0089452, 1.6291223
4.4072523, 0.9946505, 2.076028
4.4299827, 1.07086, 1.1078457
4.4256477, 0.791377, 1.5332652
4.4476814, 0.9932993, 0.31085968
4.432205, 0.6077003, 1.3927481
4.442745, 0.94951963, 0.7664355
4.394162, 1.0090188, 1.9310952
4.44652, 0.9961816, 0.8954461
4.4171286, 1.0346273, 1.2073053
4.4416623, 0.93288285, 1.1434872
4.425409, 0.81242585, 1.551238
4.449783, 0.8840158, 0.2243559
4.3918653, 1.0107628, 1.8353635
4.4036264, 1.0124109, 1.6133673
4.3939896, 1.0141107, 1.6495595
4.40736, 1.0260985, 1.3513433
4.446401, 0.607437, 1.3847618
4.43256, 0.6156324, 1.4081501
4.4229994, 1.0380359, 1.209756
4.4362774, 1.081031, 0.22975948
4.406418, 1.0052557, 1.788867
4.4299846, 0.6084299, 1.5514659
4.3919578, 1.0055566, 1.8134542
4.397143, 1.0110681, 1.5753489
4.423334, 1.0331379, 1.2859787
4.4353065, 0.9908798, 0.48886663
4.4373274, 0.9676876, 0.45289868
4.4339166, 0.61024463, 1.5312049
4.4418054, 0.95585984, 1.1443671
4.418403, 0.6117489, 1.5157006
4.4295163, 0.61211026, 1.4903116
4.430028, 0.63258433, 1.3651844
4.401719, 0.9884119, 2.1081123
4.4331255, 0.6121945, 1.4306943
4.446396, 1.0110708, 0.6230895
4.426979, 1.0647331, 1.0554163
4.4302316, 0.8097902, 1.4492502
4.4265413, 0.94995856, 1.2157531
4.4316006, 0.609524, 1.4689658
4.414477, 0.8125847, 1.5174639
4.444668, 0.9867023, 0.4119119
4.4264593, 1.0506861, 1.0923424
4.436222, 1.0698617, 0.32408106
4.4368544, 1.0688487, 0.9651871
4.4272966, 0.61026657, 1.4521909
4.4374065, 0.57016647, 1.570472
4.423682, 0.5891553, 1.5501025
4.431656, 0.5737064, 1.5847704
4.4172883, 0.58991843, 1.5553786
4.4301667, 0.5895315, 1.5301903
4.419579, 0.5704268, 1.5372262
4.431261, 0.5956218, 1.4707365
4.425448, 0.59157485, 1.4896226
4.4280906, 0.5908715, 1.5076854
4.4239607, 0.59456664, 1.4514295
4.4320207, 0.5724693, 1.4687151
4.434086, 0.59962684, 1.4174724
4.4310226, 0.5963724, 1.4341484
4.4293885, 0.5913733, 1.3476322
4.4424143, 0.9717314, 0.93276
4.446269, 0.9686289, 0.4715813
4.429397, 1.0664577, 1.0090213
4.409758, 1.0317714, 1.2341006
4.4408445, 1.0782782, 1.0035094
4.432725, 0.97111356, 0.8035207
4.4092455, 0.9908167, 1.9123713
4.4416823, 0.95710415, 0.54699033
4.423932, 0.5204955, 1.5268176
4.394501, 1.0727232, 1.8095624
4.434246, 0.5310501, 1.4762911
4.435099, 0.586291, 1.3876716
4.4278774, 0.52964723, 1.4457446
4.4071927, 0.93395495, 1.6276851
4.4274855, 1.0474815, 1.023421
4.430802, 1.0474817, 1.1274679
4.432515, 0.57396376, 1.4135807
4.432316, 0.80688614, 1.5118033
4.4339457, 0.96757, 0.5101118
4.403266, 1.0461802, 1.8894898
4.4314847, 0.9834559, 0.3790854
4.429659, 0.5702809, 1.4500434
4.431045, 0.5698009, 1.5111145
4.429432, 0.5712236, 1.4857652
4.4339724, 0.94576865, 0.86790633
4.443214, 0.9570004, 0.61105037
4.3949494, 1.0330288, 1.6278586
4.4238462, 0.608737, 1.3510066
4.4318357, 0.9614109, 0.49917197
4.433693, 0.93408287, 1.0338978
4.414916, 1.0474225, 1.17028
4.439011, 0.95612407, 0.5640887
4.4340816, 0.95616084, 1.0898757
4.4418545, 1.071004, 0.6505929
4.4549932, 1.1258308, 0.21622361
4.429338, 0.52245635, 1.5098042
4.4603558, 0.85475355, 0.13031475
4.443678, 0.9555335, 0.5847686
4.447202, 1.0513973, 0.14412174
4.4474864, 1.0459405, 0.24947117
4.4342237, 1.2056578, 0.19007923
4.444665, 0.9692225, 0.599304
4.412384, 1.1130446, 1.7477404
4.436269, 0.98941433, 0.9868481
4.4379115, 0.9807043, 0.5903872
4.443386, 0.9491956, 0.69465375
4.4416895, 1.0050025, 0.7477783
4.4351907, 0.9403759, 0.961626
4.4423914, 0.6903528, 1.4515368
4.419794, 0.7839051, 1.5791229
4.443615, 0.9899051, 0.45442605
4.433697, 0.9469698, 0.73137957
4.431211, 0.5290456, 1.4922558
4.402296, 1.0490849, 1.994198
4.430476, 0.97297895, 0.7291846
4.438953, 0.9722921, 0.54543245
4.432496, 0.5716773, 1.4329506
4.4383554, 0.2838987, 1.0494173
4.439151, 0.8085385, 1.4148529
4.4275327, 0.97199154, 1.1249131
4.4345374, 0.94975615, 0.7502443
4.419876, 0.51707816, 1.5605766
4.420923, 0.51466644, 1.547002
4.426017, 0.51271725, 1.5741369
4.430021, 0.52924675, 1.4108806
4.4417715, 0.48065892, 1.4371538
4.438661, 0.5318663, 1.3923659
4.4354515, 0.25204828, 1.0105846
4.43248, 0.51486474, 1.5941186
4.4293823, 0.46561512, 1.5506839
4.420797, 0.46398813, 1.5901701
4.41741, 0.4680034, 1.5560219
4.428754, 0.46410477, 1.5670415
4.4462767, 0.46566916, 1.5749203
4.426609, 0.4689858, 1.5303316
4.4355345, 0.45408073, 1.4095838
4.446102, 0.45631, 1.4249866
4.427206, 0.4497803, 1.4358585
4.442011, 0.45497447, 1.4421757
4.430335, 0.44996578, 1.4549431
4.428622, 0.45110974, 1.5087062
4.430478, 0.45004845, 1.5493073
4.428056, 0.4493072, 1.5331311
4.427511, 0.47138262, 1.5065142
4.416636, 0.44170263, 1.5540513
4.42768, 0.4432609, 1.5701001
4.4194193, 0.44823933, 1.527541
4.4142756, 0.43837667, 1.5876383
4.432596, 0.45014742, 1.4882072
4.4476614, 0.4240821, 1.4312359
4.430917, 0.40408838, 1.4321315
4.4385533, 0.408691, 1.3873475
4.444786, 0.40037745, 1.4024546
4.4339647, 0.45872337, 1.3848479
4.4467607, 0.4224964, 1.4043764
4.4376035, 0.42443618, 1.3709602
4.446154, 0.45526218, 1.3874727
4.433459, 0.40960708, 1.4148126
4.4330616, 0.4261065, 1.38929
4.4461284, 0.40310654, 1.3937984
4.4297843, 0.44849303, 1.4718479
4.4336424, 0.41051552, 1.4523995
4.4284277, 0.40888882, 1.4695096
4.4312143, 0.4118439, 1.5729241
4.4284334, 0.41215473, 1.591671
4.426215, 0.4133958, 1.4904426
4.424616, 0.41183892, 1.5118897
4.426749, 0.41497576, 1.5497512
4.4274397, 0.3857502, 1.6174276
4.4538093, 0.46668887, 1.3542186
4.432019, 0.39458647, 1.4317056
4.4381747, 0.39659974, 1.4113541
4.430196, 0.3931804, 1.4519243
4.4474883, 0.37119004, 1.413122
4.4303946, 0.39369294, 1.466714
4.4352884, 0.37382317, 1.4487859
4.4465756, 0.39050043, 1.3891752
4.4444194, 0.3889271, 1.4710146
4.44562, 0.40778708, 1.345744
4.4481306, 0.40750977, 1.371711
4.4454236, 0.3711477, 1.3893416
4.452548, 0.39742795, 1.3515731
4.4364176, 0.40357828, 1.3520435
4.4378214, 0.38012046, 1.3788103
4.4348116, 0.37112933, 1.4666808
4.4334297, 0.39111155, 1.4893498
4.431059, 0.37039447, 1.4855256
4.4189425, 0.36776558, 1.4977031
4.433369, 0.3889797, 1.510238
4.4304094, 0.36244038, 1.567991
4.415715, 0.38333753, 1.5394377
4.4142256, 0.3852866, 1.5521352
4.4287276, 0.39466447, 1.5524464
4.43081, 0.36559498, 1.5300751
4.4397855, 0.34327325, 1.3932215
4.4441476, 0.34538087, 1.387834
4.412549, 0.32288, 1.5691407
4.395867, 0.3091619, 1.5946553
4.408565, 0.30352274, 1.6135774
4.4049606, 0.3123014, 1.5653569
4.3979235, 0.28887478, 1.5460863
4.4181004, 0.28745466, 1.3292916
4.429596, 0.25281695, 1.3323865
4.4264784, 0.25385386, 1.3489766
4.407288, 0.29070923, 1.6293683
4.4096384, 0.24462996, 1.5941889
4.415914, 0.26723158, 1.5073333
4.4054384, 0.31077293, 1.6472979
4.4250693, 0.22940975, 1.3306373
4.423659, 0.22885838, 1.287771
4.428287, 0.2312695, 1.3078157
4.4273024, 0.2292712, 1.3521131
4.4051876, 0.2946783, 1.6686629
4.3964305, 0.27515662, 1.6524955
4.4010105, 0.23699112, 1.6103095
4.4045186, 0.2303682, 1.5497733
4.415435, 0.22756818, 1.5359905
4.405308, 0.23547727, 1.590178
4.4008584, 0.23321575, 1.627139
4.399061, 0.29202983, 1.6938137
4.4034224, 0.27072072, 1.6958046
4.420337, 0.27130166, 1.6926136
4.4231343, 0.26991656, 1.2716352
4.41811, 0.25488997, 1.2703171
4.421054, 0.23153277, 1.253466
4.392751, 0.2902433, 1.710351
4.3982186, 0.29791963, 1.7337734
4.4090705, 0.23362783, 1.711343
4.4037914, 0.23316263, 1.6945792
4.395227, 0.24587792, 1.7312801
4.4328237, 0.31056538, 1.2267098
4.404755, 0.21050264, 1.75312
4.391879, 0.29177815, 1.7467494
4.442602, 0.23501304, 1.1998724
4.3933654, 0.28275305, 1.7883595
4.402579, 0.2907715, 1.7912146
4.3927937, 0.23125264, 1.7915752
4.403149, 0.20875737, 1.7697709
4.4130583, 0.21676522, 1.4337746
4.3965254, 0.21067515, 1.7864631
4.3947725, 0.2904106, 1.8314129
4.38794, 0.27367446, 1.8271631
4.3952284, 0.26957327, 1.8466802
4.391698, 0.29228058, 1.847323
4.387744, 0.27247158, 1.8124439
4.424343, 0.19470417, 1.388727
4.441375, 0.2657111, 1.114007
4.433079, 0.24334109, 1.1141671
4.407906, 0.29401687, 1.8709904
4.3973546, 0.29025733, 1.8699672
4.403041, 0.2278657, 1.852571
4.3911676, 0.2892782, 1.8900607
4.403425, 0.30982703, 1.8885376
4.4015236, 0.2488469, 1.909631
4.390299, 0.26801077, 1.9121608
4.3935423, 0.29298767, 1.9117024
4.394418, 0.21471171, 1.8700805
4.3970556, 0.21621144, 1.8884064
4.4042006, 0.24932462, 1.9266688
4.4034286, 0.24920951, 1.9547493
4.3949337, 0.22516878, 1.931682
4.389864, 0.22258644, 1.9563987
4.382618, 0.1901588, 1.8883626
4.4028606, 0.24681266, 1.9661299
4.4007673, 0.22045726, 1.9687006
4.407474, 0.95177305, 1.5933801
4.4390583, 0.9356779, 1.0738486
4.4417825, 0.9684708, 0.9693538
4.4065657, 0.9633599, 1.5719831
4.4415317, 1.0697533, 1.1238977
4.458748, 0.8810632, 0.15712455
4.427929, 0.67692804, 1.5473557
4.428264, 0.67553556, 1.5728045
4.433313, 1.0297431, 0.4335466
4.430298, 0.95046616, 0.91007936
4.4342165, 0.97273093, 0.78523403
4.4442196, 0.93177557, 0.51100683
4.4539437, 0.46985865, 1.4766295
4.4447517, 0.96120477, 1.0386637
4.44241, 0.8046237, 1.500353
4.4266133, 0.6744372, 1.6082824
4.395527, 0.9463113, 1.8142269
4.436231, 1.0513256, 0.43114355
4.4154863, 0.96773505, 1.3306484
4.4189215, 0.7028551, 1.5230725
4.434272, 0.9140216, 0.4483708
4.4312067, 1.1898435, 0.1663389
4.4435835, 1.0455333, 0.54769325
4.4050164, 1.0711024, 1.8523775
4.407718, 1.0225518, 1.5497034
4.3954253, 0.94767624, 1.7886975
4.4188294, 0.39036635, 1.5671144
4.405308, 0.9670334, 1.653816
4.416292, 0.4656294, 1.5117677
4.44304, 0.4738807, 1.3918006
4.43344, 0.38481176, 1.345392
4.4435863, 1.0592095, 0.77142453
4.4381504, 1.049004, 0.51367974
4.4056063, 0.96870583, 1.6282555
4.4366274, 0.96927416, 0.47145653
4.395107, 1.0121943, 1.609504
4.3955746, 0.17797896, 1.5489088
4.443514, 0.73630655, 1.3750526
4.4438295, 0.8241595, 1.3707876
4.3970575, 0.30725056, 1.7124603
4.421316, 0.95928895, 1.3492384
4.425214, 0.994495, 1.2497797
4.396556, 1.0748711, 2.1010153
4.384225, 0.29015133, 1.7663579
4.4285564, 1.0309736, 0.73505354
4.4416766, 0.8335058, 1.4168428
4.421328, 0.68512994, 1.486975
4.4194865, 1.0687103, 1.3248379
4.4371314, 1.0129582, 0.9484871
4.42509, 0.6722434, 1.5293134
4.4354525, 1.0430884, 0.60717815
4.395574, 0.26567253, 1.7912704
4.393858, 0.20972921, 1.833467
4.453609, 0.8711669, 0.19775726
4.4225397, 0.9099508, 1.0555644
4.395674, 1.0755676, 1.7496432
4.4064527, 0.25069028, 1.5517538
4.396885, 0.9528426, 1.6933658
4.447427, 1.1495168, 0.16726488
4.43355, 0.67187023, 1.5093873
4.426522, 0.6513599, 1.6072812
4.4416175, 1.0124615, 1.0347614
4.4115562, 0.25057018, 1.4912448
4.3929915, 0.17131299, 1.7475045
4.4274817, 0.71131825, 1.4093164
4.4261665, 0.26480573, 1.3499618
4.4407053, 0.9880732, 0.33802086
4.448674, 0.8120799, 1.3713479
4.419515, 0.68179345, 1.4415016
4.4260077, 0.90998065, 0.4927797
4.4280086, 0.9717663, 1.2309247
4.4424853, 1.0786294, 0.8566104
4.4302053, 0.77055436, 1.5302789
4.403226, 1.0554183, 1.7514042
4.4264874, 0.4105469, 1.5304111
4.453266, 0.75173336, 0.19370054
4.442532, 0.7720785, 1.3717089
4.4084144, 0.9715907, 1.5855862
4.402149, 0.22567466, 1.7949971
4.4407253, 0.24424222, 1.080001
4.4059696, 1.0523571, 1.5497708
4.4186487, 0.23025197, 1.2706399
4.4467907, 1.0286689, 0.69526243
4.433099, 0.47022724, 1.4098743
4.413425, 1.0177432, 1.5712504
4.4319353, 1.0259966, 0.82301635
4.434911, 0.82998526, 1.4331802
4.429915, 0.9090955, 0.5189241
4.4437556, 0.68155843, 1.4915287
4.4085274, 0.3896953, 1.6030908
4.433491, 0.83106077, 1.4083865
4.4312134, 0.9273625, 1.0870625
4.444212, 0.9716031, 0.48841143
4.4614587, 0.8532553, 0.18274125
4.4500284, 0.49052882, 1.3516423
4.443491, 0.76884913, 1.4310011
4.3911605, 0.17457935, 1.70574
4.377965, 0.17130625, 1.6879818
4.3992934, 0.3079119, 2.0332818
4.395527, 0.30616304, 2.0497346
4.4051013, 0.3121052, 2.068221
4.405284, 0.26983163, 2.053402
4.402415, 0.24117771, 2.0474277
4.406634, 0.24688265, 2.0690217
4.4090166, 0.23677193, 2.028111
4.3919916, 0.30511594, 2.134297
4.442875, 1.0067432, 0.6868762
4.395622, 0.30835757, 1.7321645
4.443557, 1.0118885, 0.6041372
4.429266, 0.55194265, 1.4921393
4.424843, 0.55130655, 1.5491699
4.4646244, 0.83124006, 0.21017243
4.4342265, 0.95351446, 0.63356805
4.446656, 0.991194, 0.26521793
4.43267, 0.350476, 1.4689327
4.4248266, 0.47133622, 1.4909705
4.4426956, 0.96935487, 0.98591626
4.4069777, 0.23225832, 1.6730765
4.3984456, 1.0634662, 2.0247586
4.4518423, 0.9501936, 0.27045238
4.426739, 0.5670862, 1.3770436
4.4486504, 1.0879343, 0.12674248
4.3997707, 0.95190406, 1.7322583
4.3979597, 0.2443985, 1.6114483
4.3926735, 0.3101405, 1.9482092
4.4053597, 1.0721132, 1.8089676
4.4336576, 1.0312018, 0.24834026
4.4346848, 1.0680213, 1.0748904
4.398479, 0.94717747, 1.83445
4.446849, 1.0276604, 0.9334775
4.3980684, 0.32527995, 1.7979784
4.446478, 0.974837, 0.28716248
4.39988, 0.33032024, 1.7479426
4.445847, 0.36173233, 1.4453211
4.4691143, 0.34178996, 1.3626596
4.43204, 1.0151143, 0.51465523
4.3962684, 0.31355664, 1.914975
4.4178143, 0.95142126, 1.2857131
4.410222, 1.015372, 1.5264556
4.442848, 0.7661214, 1.4124111
4.432536, 1.0301533, 0.6470629
4.4318237, 1.0107123, 0.64611363
4.421354, 0.98310447, 1.3848107
4.4316454, 0.5481691, 1.5319299
4.426393, 0.5497328, 1.567251
4.3953214, 0.323551, 1.8145521
4.4299583, 0.5681948, 1.3886931
4.3921638, 0.2917967, 1.8098193
4.429855, 1.0862119, 1.1505344
4.4318204, 0.9998807, 0.7710708
4.4493904, 1.0315014, 0.3434111
4.434214, 0.37321773, 1.4091474
4.4312983, 1.0296843, 0.49213427
4.4337735, 0.7184743, 1.3693796
4.448346, 0.97160494, 0.20525895
4.4353065, 0.75473857, 1.5713576
4.42799, 0.5499902, 1.5110952
4.4492254, 0.34345788, 1.4310237
4.426932, 0.75344664, 1.4930651
4.3966384, 0.30730873, 2.1137378
4.4417944, 1.0126321, 0.5861435
4.445572, 0.37410766, 1.364109
4.395188, 0.298432, 2.0661817
4.420325, 0.9829599, 1.7683628
4.415994, 1.0672878, 1.342408
4.4284563, 1.0132858, 0.5342642
4.4553676, 1.0474515, 0.41688848
4.4419346, 0.56528026, 1.4100686
4.4437494, 0.7671453, 1.3952215
4.390269, 0.30842152, 1.9647665
4.426772, 0.9271868, 1.050958
4.431688, 0.9928153, 0.88758206
4.4428596, 0.5498587, 1.5795996
4.427841, 0.5536286, 1.4710644
4.4077396, 0.37436402, 1.7873654
4.4328866, 1.0446104, 0.5676852
4.4053774, 1.0352519, 1.8918202
4.400444, 1.0438983, 1.6517311
4.432686, 0.6266475, 1.5310955
4.3967524, 1.025925, 2.0805583
4.443563, 0.42989424, 1.388478
4.432376, 0.42137396, 1.5076071
4.407211, 1.0367877, 1.644528
4.4697695, 0.9137407, 0.27700648
4.391896, 1.029295, 1.7302182
4.432666, 0.6300278, 1.5507152
4.4074516, 0.839841, 1.5714351
4.4304347, 0.42530394, 1.448518
4.449168, 0.90754914, 0.22625291
4.441851, 0.9517511, 0.7304809
4.397277, 1.0340649, 1.7682464
4.460384, 0.431785, 1.3703704
4.4141216, 0.19572408, 1.7533141
4.3907084, 1.0297594, 1.6955178
4.427933, 1.0667143, 1.1646979
4.4020896, 1.0200752, 1.8666095
4.434469, 0.42512184, 1.4270182
4.4303923, 0.62989247, 1.4510292
4.435148, 0.64797807, 1.3941274
4.4084744, 1.0286196, 1.7642679
4.4099874, 1.0119879, 2.004572
4.4304743, 0.8474643, 1.4660963
4.4173675, 0.1996767, 1.6859871
4.430525, 0.8500254, 1.4444522
4.4340982, 0.42743808, 1.408539
4.4416776, 0.8874262, 0.71476895
4.4050727, 1.0049136, 2.090274
4.4465947, 0.9012079, 0.455777
4.445547, 0.42830166, 1.3504335
4.3958926, 1.0488844, 1.5908146
4.4364924, 0.3426323, 1.413656
4.4234004, 0.24405497, 1.2658175
4.432164, 0.6276374, 1.5710106
4.4253893, 0.62678045, 1.4853731
4.433117, 0.63463473, 1.4313389
4.403551, 0.2121732, 1.5689732
4.4473305, 1.0024732, 0.3686221
4.4244394, 0.849205, 1.4297026
4.4208927, 1.0405172, 1.3343612
4.431673, 0.42208064, 1.4874012
4.448241, 1.0072465, 0.83093625
4.4054785, 1.0494218, 2.0920172
4.4295506, 0.6499891, 1.3647287
4.4461155, 1.0663875, 0.29906416
4.4371614, 0.65104884, 1.3489563
4.432112, 1.0083697, 0.39072424
4.429468, 0.3679963, 1.5108455
4.4262667, 0.91137, 0.58486766
4.393484, 1.0336485, 1.7108002
4.394896, 1.027903, 1.8707004
4.4403834, 1.0143945, 0.49719152
4.394079, 1.0292313, 1.810175
4.400383, 1.0356246, 1.8571614
4.4331703, 0.93042254, 0.5092335
4.408919, 0.9511234, 1.6104231
4.407605, 1.0058942, 2.108551
4.4300804, 0.928665, 0.4504803
4.4185534, 0.41787153, 1.5247126
4.394663, 0.9409956, 1.8904912
4.4404073, 0.98600125, 1.128058
4.4288225, 0.84748155, 1.5306985
4.413684, 0.6353869, 1.4495136
4.4453626, 0.9213873, 0.5471332
4.4299684, 0.9263697, 1.2108519
4.432751, 0.24586296, 1.2479872
4.437347, 1.0482156, 0.5293002
4.3997703, 1.0475276, 1.7548996
4.4412656, 0.9070378, 0.3251213
4.435029, 1.0115294, 0.41100466
4.4454646, 0.8506137, 1.4679532
4.4293914, 0.93370795, 1.2953602
4.430289, 0.6347068, 1.3887737
4.4421716, 0.6392904, 1.4043581
4.4076147, 0.20153889, 1.6691275
4.415551, 0.6340932, 1.4663153
4.4527802, 0.48295677, 1.4196277
4.4355764, 0.93212706, 0.39555386
4.3772793, 1.0198056, 1.7970903
4.4280787, 0.25072616, 1.2318919
4.430477, 0.4707775, 1.4697536
4.4162993, 0.9807222, 1.1485482
4.425562, 0.6280745, 1.5059166
4.4350615, 0.84700084, 1.3908728
4.424073, 0.90918666, 0.39407682
4.445074, 0.42419901, 1.4732989
4.4357786, 0.2525487, 1.2141056
4.4259386, 0.62812704, 1.4681675
4.406698, 1.0524378, 1.4688504
4.4451103, 1.0110388, 0.4503438
4.449221, 0.84907186, 1.5107528
4.44204, 0.4171859, 1.5750374
4.407201, 0.96564454, 1.4518412
4.4114537, 0.19079897, 1.7100785
4.4176216, 0.6239007, 1.5843301
4.4317837, 0.8469553, 1.4906328
4.442617, 0.7078443, 1.4725969
4.437084, 0.98783106, 0.6699101
4.431303, 0.9358759, 0.33093542
4.404599, 0.26612276, 1.8296664
4.429489, 0.99604297, 1.2287232
4.437231, 0.9903934, 0.6287081
4.4250193, 0.9400728, 1.2702556
4.4330797, 0.93913454, 0.2921215
4.417389, 0.4963141, 1.5119405
4.4371867, 0.9625675, 0.99858326
4.4336333, 0.96718436, 0.92847395
4.420962, 1.0784403, 1.09115
4.4515734, 0.7100906, 0.2208101
4.4255424, 0.9473108, 1.1750515
4.4445157, 1.0324837, 0.76621324
4.4629164, 1.0570602, 0.11659224
4.4593987, 0.8332069, 0.20246486
4.4170923, 0.98739225, 1.2919317
4.3996787, 0.8976564, 1.7742279
4.4319477, 0.50659174, 1.3930607
4.431818, 0.5088686, 1.4695219
4.397698, 0.89475185, 1.8080747
4.4238024, 0.9340298, 1.3478208
4.4254217, 0.9072483, 1.7069298
4.4358597, 0.889219, 0.66173804
4.4335775, 0.48883468, 1.4242022
4.4110594, 0.90154374, 1.749155
4.4035187, 0.24865274, 1.9898621
4.394707, 0.28469884, 1.6500131
4.4541793, 0.9525775, 0.18690942
4.3892736, 1.049565, 1.7697324
4.416426, 0.49324033, 1.5255857
4.448031, 1.0038095, 0.46974304
4.4321537, 0.5123381, 1.427197
4.4142056, 0.2516977, 1.4484547
4.4332886, 0.770614, 1.3727994
4.436628, 0.98872244, 0.75289327
4.4263144, 0.32752335, 1.1872528
4.430767, 0.33003628, 1.169344
4.432508, 0.5074418, 1.488524
4.4301014, 0.7076255, 1.532901
4.424918, 0.49290425, 1.54813
4.4094615, 0.9634428, 1.5485402
4.4355936, 0.9728675, 0.8569296
4.388096, 1.0285802, 1.8318479
4.4441657, 0.9301698, 0.43088895
4.4009814, 0.24113958, 2.0273664
4.4304037, 0.62796986, 1.3457842
4.4346666, 0.9984085, 0.5110539
4.432127, 0.50669336, 1.4091836
4.40517, 1.0194955, 1.8839332
4.425301, 0.9485683, 1.1577208
4.41595, 0.94989395, 1.3526316
4.433091, 0.9954824, 0.5329605
4.4302063, 0.9733594, 0.8920113
4.4464064, 0.8968023, 1.4486282
4.442615, 0.9835943, 0.7294408
4.406622, 0.8915525, 1.6368036
4.39449, 0.95544547, 1.6300954
4.4448757, 0.9671954, 0.8488289
4.428127, 0.9102236, 1.5896018
4.396733, 1.0465583, 1.8288423
4.4006343, 0.25494283, 1.8929081
4.4347916, 0.5081502, 1.3759203
4.3966465, 1.0302231, 1.4566026
4.4322786, 0.98802495, 0.6528543
4.4112825, 1.0743706, 2.0684667
4.4306736, 0.7062079, 1.551154
4.4343357, 1.0289481, 0.32565248
4.404502, 0.26355773, 1.8094287
4.4198, 1.047215, 0.4970739
4.4144793, 1.0677674, 1.2494073
4.39258, 0.95446086, 1.6490098
4.3948426, 0.26789522, 1.89147
4.418956, 0.37739924, 1.4307649
4.437758, 1.0794053, 0.62140924
4.4336658, 0.9645643, 0.9491668
4.4405837, 0.37483144, 1.4634829
4.401495, 0.9909868, 1.7626344
4.4198656, 1.0513608, 0.96799666
4.40563, 0.27238244, 1.7683876
4.4360175, 0.4030892, 1.3629498
4.4213014, 1.057184, 1.4280345
4.432145, 0.5894548, 1.5690975
4.4436016, 1.0800681, 0.4328002
4.394738, 1.0291462, 1.7876018
4.407989, 1.0276486, 1.4510955
4.402443, 0.2618567, 1.9507118
4.4465146, 0.7205789, 1.4263803
4.3981667, 0.9706983, 2.0358992
4.4297056, 0.5119508, 1.4496505
4.443096, 0.58306134, 1.3662376
4.435159, 0.72677356, 1.3760103
4.4350357, 0.97300065, 0.9133407
4.397999, 0.27886677, 1.7156785
4.4083056, 0.98697263, 1.8301406
4.42474, 0.3619166, 1.589224
4.396929, 1.0698783, 1.6851745
4.409198, 1.0283691, 1.472167
4.432674, 0.50737435, 1.5115466
4.4141636, 0.49238956, 1.5824472
4.4194756, 0.36573654, 1.5483105
4.428847, 1.0732083, 0.5900151
4.4390783, 0.81869674, 1.4654218
4.441556, 0.51046395, 1.4947027
4.432168, 0.96343476, 0.6483761
4.40344, 1.0317822, 1.6705654
4.444131, 0.51014036, 1.3909714
4.4227743, 1.0774428, 0.6068966
4.408189, 0.9303504, 1.7102535
4.4319496, 0.36800167, 1.3784415
4.431521, 0.49304482, 1.5681
4.4331083, 0.9935686, 0.7896812
4.4449387, 1.088813, 0.50788313
4.390244, 1.0475987, 1.810321
4.443097, 0.5880995, 1.410284
4.447743, 0.9448408, 1.1193335
4.444319, 0.9938578, 0.86920416
4.4239144, 0.5054643, 1.5297649
4.440582, 0.59055525, 1.4630541
4.416167, 1.0670524, 1.2086117
4.392685, 0.28732342, 1.6658052
4.434866, 0.6933098, 1.3693099
4.410312, 0.9332849, 2.074751
4.4353266, 0.725855, 1.3930888
4.4608245, 0.91250575, 0.16335775
4.465947, 0.7522256, 0.13067895
4.408554, 1.0514722, 1.634973
4.426896, 0.59769845, 1.3704896
4.406757, 1.0650455, 1.7311893
4.3994203, 0.9966877, 1.6773907
4.4322042, 0.6638295, 1.3382168
4.405363, 1.0251781, 1.5895886
4.393271, 1.0066762, 2.055102
4.4562416, 0.90772986, 0.24312699
4.4323225, 0.35482475, 1.6249422
4.4449534, 0.9556248, 1.1614599
4.4514837, 0.94559383, 0.37656385
4.4323807, 0.67220485, 1.4165536
4.4633737, 0.78948444, 0.21924224
4.4404316, 0.910828, 1.1354647
4.4457574, 0.7139613, 1.4523655
4.4086533, 0.23657566, 1.728629
4.4318237, 1.0492208, 0.4513316
4.4480715, 1.0569192, 0.3628179
4.4460626, 1.0355822, 0.8445214
4.399956, 0.9773905, 2.0085514
4.434978, 0.9485408, 0.6461084
4.431073, 1.0707574, 1.143807
4.442553, 1.0295019, 0.97030026
4.4282336, 1.1912768, 0.20921369
4.431187, 0.47232845, 1.4333887
4.4338703, 0.487875, 1.3718607
4.432806, 0.8841684, 1.4638875
4.4013305, 1.0427008, 1.6859556
4.4127216, 0.92181057, 1.1570768
4.4146852, 0.1742214, 1.4189411
4.4223356, 1.0874597, 1.4707944
4.3941507, 1.0562329, 1.9888752
4.4114714, 0.5328777, 1.3413439
4.4269667, 0.672916, 1.4884965
4.4093537, 0.22628924, 1.4350736
4.4218597, 0.2560834, 1.3881868
4.4004984, 0.99404466, 1.6153065
4.419462, 0.91120493, 1.0860187
4.393603, 0.3201798, 1.8478684
4.3934717, 1.0267256, 1.6450096
4.432622, 0.9975779, 0.8113897
4.4448633, 0.9901476, 0.9893136
4.428513, 0.5665056, 1.5363705
4.440444, 0.4513859, 1.5711739
4.408682, 0.9874919, 1.9306681
4.426833, 0.9103822, 1.1292373
4.399448, 0.3602483, 1.6052285
4.428162, 0.5708324, 1.5534323
4.4270544, 1.0901524, 0.43797198
4.43628, 0.9582245, 0.50868183
4.433964, 0.8042307, 1.5686564
4.425475, 0.7087076, 1.4292954
4.4112287, 0.18759787, 1.2505553
4.450807, 0.9099353, 1.1690593
4.4439073, 0.5845429, 1.3488582
4.4347267, 0.33398503, 1.9942586
4.4225016, 1.0055068, 1.4434689
4.420221, 0.7831877, 1.5855261
4.4111104, 1.0594991, 0.61518735
4.44074, 0.47291335, 1.4540997
4.397493, 0.942503, 1.936842
4.420521, 0.2581203, 1.3683105
4.443136, 1.0484806, 0.5341844
4.409075, 1.0652485, 1.704529
4.4444094, 0.25158074, 0.9115279
4.442046, 1.0515323, 0.45956337
4.4069567, 1.0480965, 1.8499612
4.4320593, 1.069647, 0.6457504
4.442193, 0.6747842, 1.3989806
4.4224453, 0.668152, 1.4509774
4.4437323, 0.7911765, 1.4912052
4.399714, 1.0644773, 1.8863121
4.4322586, 0.6677766, 1.4675109
4.434888, 0.9306375, 0.78613985
4.4384265, 0.46897402, 1.3852112
4.438954, 0.16967563, 1.4683882
4.4383926, 0.8784581, 1.5492833
4.419045, 0.25442722, 1.3342025
4.393733, 0.21103, 1.8513123
4.4435306, 1.0289332, 0.98789334
4.4589643, 0.87370926, 0.12467785
4.4310193, 0.60665804, 1.3717285
4.4154058, 1.0483911, 1.2864364
4.3957624, 0.22429782, 1.8673215
4.4164853, 0.35716534, 1.655528
4.4143786, 1.0340375, 1.1964233
4.41317, 0.24993727, 1.3885528
4.3915524, 0.22812885, 1.8278836
4.391258, 0.21608001, 1.7698437
4.3995275, 1.0052532, 1.5581297
4.3995237, 1.046812, 1.5461671
4.429536, 0.52548265, 1.5680361
4.4248085, 0.5268503, 1.5470266
4.4585814, 0.8874713, 0.18216258
4.4317884, 1.1838919, 0.22246206
4.4309044, 1.0448442, 0.4961302
4.4500246, 1.0681444, 0.15361568
4.4077163, 0.9648391, 1.526127
4.433276, 1.0663323, 0.69578606
4.44249, 0.7463526, 1.5076861
4.414378, 1.0024879, 1.4781802
4.4100394, 0.9525234, 1.4125003
4.442471, 1.0309451, 0.49031425
4.404289, 1.0463284, 1.8744417
4.4299154, 0.9169401, 1.4104499
4.412725, 0.26203427, 2.1336696
4.461753, 0.6873722, 0.1958293
4.4492693, 1.0596064, 0.7883192
4.4444003, 1.0306314, 0.95219916
4.4093604, 1.0659727, 1.8244361
4.3989544, 0.24757014, 2.1300802
4.4465914, 1.0122099, 0.66804075
4.4409714, 1.0430431, 0.32011855
4.4314365, 0.5495844, 1.4091468
4.4428616, 0.5501846, 1.3695079
4.3969502, 1.0755823, 1.7149807
4.434219, 0.75082237, 1.426749
4.386964, 1.0481768, 1.7878531
4.421626, 1.0134013, 1.2536323
4.417807, 0.5289563, 1.513485
4.4298253, 1.0159928, 0.7723303
4.4400187, 0.65903366, 1.4389426
4.4059806, 1.0057774, 1.4926436
4.4227676, 0.3162632, 0.9263306
4.443573, 0.7920938, 1.4138558
4.440724, 0.5382125, 1.4595411
4.4042964, 1.0569468, 2.0309544
4.4267473, 0.749211, 1.4486992
4.392514, 0.31272525, 1.6288291
4.446298, 1.012136, 0.8752871
4.389771, 1.0367522, 1.5933673
4.4024706, 0.26870823, 2.094473
4.4485455, 1.1413964, 0.12625659
4.44179, 1.0402029, 0.7187499
4.446642, 0.54886067, 1.3487663
4.434825, 0.54667866, 1.4276823
4.400923, 0.23105624, 1.7696412
4.405145, 0.2500067, 1.627792
4.4215937, 0.9881848, 1.3159313
4.395028, 1.0467374, 1.491517
4.4051666, 1.0153215, 1.5094864
4.4318104, 0.54376256, 1.3922106
4.420056, 0.9841106, 1.3677008
4.4098287, 0.3773393, 1.6161747
4.4564705, 0.91547596, 0.20401582
4.4278994, 1.0865743, 1.0675088
4.403124, 0.2710305, 2.0362325
4.397788, 0.9613001, 1.5109193
4.4557176, 0.839041, 1.3470832
4.4430423, 0.6603258, 1.4217335
4.418676, 0.6432388, 1.6768166
4.431805, 0.9212044, 1.9490949
4.4489098, 0.7556921, 1.4049033
4.4300456, 0.48614705, 1.3890444
4.4343905, 0.347002, 1.3288524
4.4064894, 0.21565543, 1.8953502
4.4649043, 0.8582525, 0.16782925
4.398719, 0.9472837, 1.5738097
4.3967123, 0.99260294, 1.6323608
4.408755, 1.0527221, 1.5287623
4.461673, 0.6773135, 0.18906228
4.462343, 0.63020706, 0.20624515
4.46909, 0.5979784, 0.20095985
4.453937, 0.5922873, 0.20978892
4.4625835, 0.5905812, 0.18754151
4.465126, 0.54059154, 0.1873057
4.4458237, 0.52939445, 0.18573448
4.4547443, 0.5300325, 0.22549622
4.4634805, 0.5074131, 0.18483452
4.4539123, 0.5130765, 0.22287378
4.4482317, 0.49119756, 0.22378674
4.4638686, 0.4794861, 0.18383253
4.455736, 0.47629967, 0.22536036
4.460957, 0.44868156, 0.21006963
4.453425, 0.42880204, 0.18754642
4.4638743, 0.43906733, 0.16115922
4.4575777, 0.42933148, 0.22085808
4.4454193, 0.41335985, 0.22341764
4.44981, 0.40548038, 0.20790696
4.4488287, 0.40500587, 0.1869115
4.470251, 0.40796405, 0.1555507
4.455884, 0.38686752, 0.17918809
4.445424, 0.3749073, 0.22527696
4.451309, 0.3768872, 0.19915743
4.43451, 1.0673772, 0.5693341
4.3943486, 0.9345001, 1.8123401
4.4435678, 0.40886003, 1.4647421
4.4026694, 0.9984015, 1.969615
4.4303102, 0.9709945, 1.1077375
4.418716, 0.8332124, 1.4626149
4.436626, 0.36726168, 1.8867514
4.411376, 1.0329096, 1.507952
4.4065485, 1.0462731, 1.5076573
4.3853927, 0.9841687, 1.8130052
4.448366, 0.99036837, 0.67913014
4.446875, 0.4123172, 1.4307313
4.41908, 0.38478354, 1.7007185
4.4375334, 0.83773965, 1.4477823
4.4376197, 1.1279925, 0.22325318
4.4201813, 0.31391, 1.6681769
4.4624505, 0.4857788, 0.18348634
4.4448457, 0.6275499, 1.4304274
4.4606013, 0.93835956, 0.19626454
4.4378166, 1.0433742, 0.6282031
4.4048777, 1.0290835, 1.7470448
4.402565, 1.1091588, 2.1155415
4.402005, 0.31414735, 1.476656
4.419537, 1.0063938, 1.409204
4.4324617, 0.60950065, 1.5697308
4.4493666, 0.9570129, 0.9605525
4.42996, 0.89752716, 0.4794174
4.449312, 1.0113537, 0.22660325
4.428519, 0.5273514, 1.4275644
4.446756, 0.4106564, 1.4476776
4.443239, 1.1897588, 0.21589416
4.456606, 0.36125672, 1.9562112
4.468883, 0.6316584, 0.14514565
4.4323797, 0.9199728, 0.37900907
4.4302316, 0.522733, 1.5832142
4.429141, 0.8322891, 1.5121936
4.43266, 1.0111274, 1.3566096
4.4469237, 0.91815513, 0.43099058
4.4445405, 0.531208, 1.4641978
4.4522114, 0.36855265, 1.431649
4.4619265, 0.7289809, 0.21294323
4.4328694, 0.48485392, 1.4058037
4.4137597, 0.90658885, 0.5153703
4.402115, 1.0551126, 2.044691
4.4315295, 1.0919675, 0.87735766
4.4405737, 0.74452096, 1.3762454
4.441134, 1.0618018, 0.6991742
4.427994, 0.8345129, 1.4738189
4.402371, 0.99712324, 1.9867508
4.4424276, 0.8395802, 1.4273506
4.446496, 0.9079665, 0.5615458
4.3942313, 1.0506939, 1.9339914
4.397296, 0.9083992, 2.1342416
4.4090495, 0.24835765, 1.5711976
4.4547906, 0.31863505, 1.6091931
4.4355187, 0.63078165, 1.4143331
4.3997517, 0.30284947, 1.8185872
4.45473, 0.99578595, 0.9670845
4.4476757, 0.7444821, 1.3929416
4.4345284, 1.0099444, 0.28372848
4.397274, 0.22973888, 1.808485
4.416256, 0.6903809, 1.4197874
4.4075136, 0.9322014, 1.889807
4.4524236, 0.9323932, 0.25756434
4.449383, 1.0089629, 0.8434427
4.4069486, 0.24832305, 2.110399
4.444524, 0.9294936, 0.27961308
4.442832, 0.9336631, 0.2222244
4.3921394, 1.0714656, 1.6466926
4.4098353, 0.3967165, 2.126843
4.4222856, 0.34518465, 2.1059556
4.4153666, 0.3885299, 2.1097798
4.3932896, 0.37806347, 2.1267662
4.3934717, 0.4252169, 2.1319065
4.403995, 0.3997155, 2.092142
4.3959675, 0.46750098, 2.1321669
4.4054317, 0.46735144, 2.1129072
4.3957024, 1.0346956, 1.7511089
4.4163446, 0.955008, 1.3374639
4.4061437, 0.94924235, 1.4709388
4.432147, 1.0296917, 0.41789898
4.4240875, 0.9737907, 1.3069934
4.4562755, 0.94890404, 0.15785916
4.444794, 1.0363922, 0.3913557
4.4109583, 0.9301766, 2.1267543
4.425309, 0.21516673, 1.2349627
4.430986, 0.6057456, 1.6548086
4.403773, 0.28479105, 1.9116421
4.405629, 1.0724223, 1.8703831
4.4289885, 1.0423781, 1.1660452
4.4578414, 0.52553463, 0.16124696
4.443349, 1.0145459, 0.24515179
4.4488583, 1.0697546, 0.606391
4.3888307, 1.0088736, 1.7875148
4.4023547, 1.0065721, 2.0334003
4.4359474, 0.27090386, 0.9905899
4.424175, 0.2171537, 1.2095838
4.402022, 1.0225155, 1.6277826
4.467558, 0.78406036, 0.15433508
4.4114194, 1.0546744, 1.4471796
4.4167056, 0.60531807, 1.5393637
4.46332, 0.68874, 0.1757991
4.402741, 0.22600003, 1.8735132
4.4401555, 0.22560526, 1.096468
4.4163938, 0.95887226, 1.2513044
4.379357, 0.18993863, 1.5733532
4.428728, 0.22305278, 1.1322844
4.4473343, 0.89943945, 0.49293822
4.4308186, 0.6926565, 1.385977
4.44551, 0.9948773, 0.56946695
4.4539676, 1.0094273, 0.16768168
4.4319572, 1.0325534, 0.30961707
4.44408, 0.60876983, 1.5217355
4.4474177, 0.61204183, 1.3641608
4.4506164, 0.8735975, 0.21035683
4.4452753, 0.92537206, 0.6611796
4.433126, 0.97504133, 1.0460156
4.442107, 0.6484532, 1.5685755
4.4242697, 0.9696127, 1.3535497
4.447209, 0.94821805, 0.2283704
4.395713, 0.9866779, 1.7911122
4.424364, 1.0051366, 1.4605923
4.4533343, 0.38986516, 1.3668932
4.466473, 0.6301899, 0.12846804
4.425933, 0.4873883, 1.5100763
4.4388537, 0.95834404, 0.47765526
4.4296007, 0.49030706, 1.4761842
4.4244976, 0.48760444, 1.5301974
4.385355, 1.0021853, 2.0707104
4.442355, 0.98548377, 1.1098583
4.4324937, 0.8286844, 1.5517116
4.4368258, 0.84567314, 1.51257
4.430608, 1.0343417, 0.51401097
4.433262, 0.91238785, 1.2675322
4.417562, 0.48350343, 1.5750782
4.4445076, 1.1237575, 0.16879724
4.391609, 0.23891884, 2.0321238
4.4460335, 0.9578335, 0.5128908
4.455649, 0.61161685, 0.22696492
4.4490023, 0.95005363, 0.74667126
4.4146123, 0.4848174, 1.4960531
4.4350023, 0.32911292, 1.4318464
4.4467363, 0.9086379, 0.66591775
4.4424105, 0.899717, 1.7290155
4.418662, 0.49623019, 1.4404851
4.455965, 0.8937228, 0.16490391
4.431512, 1.04828, 1.2329761
4.404922, 0.22654653, 1.8398141
4.3956275, 0.238264, 2.0546293
4.467224, 0.67806107, 0.1747869
4.4432693, 1.0074948, 0.2868903
4.4277086, 0.9084958, 1.4890958
4.4618006, 0.8710185, 0.1826027
4.468723, 0.82630956, 0.1325108
4.418668, 0.49240783, 1.5583403
4.417075, 0.47840536, 1.5970092
4.396354, 0.4472702, 2.13173
4.395611, 0.25674534, 1.789022
4.4659166, 0.65385616, 0.17414314
4.455634, 1.065298, 0.20526911
4.447185, 0.9553602, 0.56826556
4.4716687, 0.7391005, 0.11774286
4.3990216, 0.26962888, 1.6136053
4.4456973, 1.0954455, 0.22039784
4.405756, 0.2545656, 1.8704054
4.4147296, 0.69666874, 1.5216701
4.440474, 0.70054126, 1.49365
4.416457, 1.0537481, 1.4885585
4.430727, 1.1689899, 0.20830312
4.4036083, 0.21782747, 1.9804313
4.3943243, 1.0525453, 1.709098
4.4453545, 1.2202756, 0.1645498
4.4270973, 0.4932081, 1.4938805
4.412409, 0.923065, 1.139812
4.425331, 0.481178, 1.5859377
4.4361176, 0.14745787, 1.4495813
4.4495015, 0.92051417, 1.029117
4.447638, 0.9266639, 0.6423029
4.4176364, 0.15332407, 1.3830795
4.413679, 1.009774, 1.2506121
4.4283543, 0.56774974, 1.3456216
4.4034257, 0.22937702, 1.8123248
4.4477644, 1.134106, 0.14376363
4.4480395, 0.9271417, 0.48561418
4.4317384, 1.0165207, 0.79366
4.401372, 0.3107929, 2.1253536
4.428776, 0.7808994, 1.4145985
4.446595, 1.0089213, 0.65051347
4.411253, 0.90618706, 2.1092381
4.3974867, 0.5556247, 1.5873003
4.4158077, 0.98990506, 1.2323549
4.4184356, 1.0435641, 1.0738385
4.4349074, 0.35976675, 1.4348719
4.4265957, 0.9252983, 1.3662978
4.4473743, 0.94233555, 0.8411772
4.4098, 0.19215955, 1.4147584
4.446173, 0.56714165, 1.3699054
4.4478436, 1.0871693, 0.16722842
4.4471602, 1.0061222, 1.093343
4.402603, 1.122664, 1.6900659
4.4300146, 0.99252653, 1.330559
4.4430923, 0.7114905, 1.3725256
4.430123, 0.77312464, 1.5680095
4.4286184, 0.7822095, 1.3889678
4.4157004, 0.3651872, 1.351532
4.433613, 1.1890329, 0.18445078
4.435659, 0.4953484, 1.4482405
4.4335113, 1.0108078, 0.87027776
4.4541473, 0.65196943, 0.17130394
4.4326506, 0.92438555, 1.2309945
4.458009, 0.7357084, 0.21135736
4.422727, 0.9547161, 0.9298207
4.4216323, 0.38004243, 1.5897946
4.4363627, 0.36693895, 1.3330785
4.413187, 1.0655401, 1.0752783
4.4549155, 0.67342734, 0.19593227
4.444687, 1.0477393, 1.1114542
4.4419003, 0.9752345, 1.0710893
4.441439, 0.97203875, 1.0565931
4.4169173, 0.43421784, 1.553913
4.425116, 0.7468842, 1.4742552
4.438669, 1.1621914, 0.22110257
4.441246, 0.9452872, 0.4076364
4.420643, 0.980626, 1.5633003
4.4346786, 0.9423222, 0.4535402
4.4557433, 0.70917815, 0.19467276
4.430973, 0.9272121, 0.6696921
4.4449506, 0.30246487, 1.3951278
4.456959, 0.9392125, 0.1780153
4.435724, 0.9291795, 0.6502936
4.4499874, 0.77549094, 0.2232751
4.4282556, 0.8646353, 1.446457
4.4053807, 0.6152641, 1.6684505
4.440371, 0.6477377, 1.4669499
4.434561, 0.93169284, 0.52966857
4.402741, 0.20953503, 1.6532129
4.445201, 1.0275475, 0.7831638
4.4443655, 0.44048402, 1.5026785
4.3977604, 1.0575863, 1.6287324
4.403919, 0.23254943, 2.1335635
4.4229803, 0.4377509, 1.5201721
4.4153585, 1.0486348, 0.36646616
4.4057665, 0.31169456, 1.8677015
4.449807, 0.8708111, 1.4110698
4.4016457, 0.97041225, 1.7170689
4.427789, 0.8539243, 1.5829748
4.4458055, 0.45516863, 1.350026
4.436445, 0.91045916, 0.87209225
4.398433, 0.86772454, 1.3458965
4.4448643, 0.9293122, 1.1688075
4.396565, 1.0521983, 2.0893004
4.4131417, 0.41794908, 1.7215993
4.42426, 0.43298203, 1.5705929
4.3938074, 0.20343307, 1.7114223
4.450904, 0.44948646, 0.20798296
4.404188, 0.41110304, 1.7883132
4.441237, 1.1876477, 0.18758819
4.446949, 0.86633325, 1.462764
4.445279, 1.0281308, 0.58968025
4.437515, 1.0619788, 0.7375771
4.4386764, 0.9546219, 0.30069506
4.4604173, 0.4834011, 0.21690707
4.442298, 0.86357725, 1.4886699
4.4130726, 0.9113941, 2.0849214
4.445643, 0.947262, 0.38733166
4.4326544, 0.9423245, 0.43383634
4.437941, 1.1762264, 0.15015781
4.434614, 0.70656604, 1.5627961
4.4241323, 0.20050716, 1.7372732
4.4252996, 0.23244296, 1.4351075
4.399367, 1.0342952, 1.9709435
4.456961, 0.8013782, 0.16317433
4.3797235, 0.7128696, 1.598314
4.419929, 0.19803454, 1.8712091
4.4428134, 1.1536424, 0.18832704
4.4682345, 0.7344677, 0.19497854
4.419998, 0.9917676, 1.3054447
4.4454374, 1.0367228, 0.33140904
4.3988943, 0.30063218, 1.5491757
4.4044366, 0.93202746, 1.5262965
4.3996773, 0.97523624, 1.5977361
4.407309, 1.0160534, 1.2312108
4.407897, 0.968598, 1.7855613
4.417225, 0.3212755, 1.4086853
4.4106503, 1.1234112, 2.1244059
4.385844, 0.927628, 1.8320909
4.4416757, 0.310835, 1.4128952
4.4298153, 1.0055473, 1.0749396
4.4449997, 0.7280294, 1.4612331
4.444597, 0.9476718, 0.70971966
4.4352665, 0.35032237, 1.2086964
4.4015026, 0.30226713, 1.5933274
4.4542966, 0.6317507, 0.19159336
4.4450336, 1.051005, 0.16558228
4.4172115, 0.32298118, 1.391874
4.4483533, 0.39201307, 0.20165327
4.4080772, 0.30723792, 1.7492064
4.4366074, 0.9939274, 0.8686552
4.467414, 0.60848105, 0.14639044
4.401523, 0.9973364, 2.130858
4.409047, 0.5880747, 1.6726763
4.428726, 0.91430074, 1.3689057
4.4453497, 0.49295384, 1.4660089
4.4399815, 0.9957806, 0.8377601
4.427577, 1.0505663, 0.9874296
4.4187613, 0.9096648, 1.9464945
4.440481, 0.5225006, 1.3958887
4.431443, 1.0263906, 0.39858627
4.416073, 1.068689, 1.3077941
4.4365273, 1.037178, 0.26291174
4.4265337, 0.9748204, 1.0294414
4.4205904, 0.9583828, 1.296556
4.418774, 0.512378, 1.5256864
4.419955, 0.3264588, 1.358032
4.4258432, 0.35117078, 1.5502502
4.4447284, 0.51894987, 1.4741838
4.4462304, 0.9194914, 0.41237262
4.421015, 1.0434133, 1.3871971
4.4161305, 0.5076356, 1.5918337
4.4342585, 0.7295313, 1.4105072
4.447609, 1.0255486, 0.45025334
4.4342823, 0.9569717, 0.53053427
4.4242435, 1.0696554, 0.9315757
4.426139, 0.7711394, 1.5133749
4.447548, 0.35129872, 1.1172279
4.44823, 0.35305783, 1.0999442
4.3998394, 0.9565361, 2.0348933
4.394732, 0.99057657, 2.0103462
4.4230986, 0.1893902, 1.4637253
4.402287, 0.9676267, 1.8502884
4.409745, 0.9246031, 1.9673799
4.400167, 1.0062209, 1.9067012
4.4647045, 0.91388065, 0.25940874
4.4481716, 1.0440278, 0.43480158
4.4098215, 0.19761449, 1.3888965
4.4459305, 0.97764987, 0.94979984
4.4609213, 0.9812893, 0.18381639
4.4178905, 0.97335637, 1.1504536
4.4301996, 1.0083355, 1.0280942
4.4488373, 1.0920911, 0.60898215
4.4104185, 0.932874, 1.9872923
4.4038706, 0.9724467, 2.0700927
4.4473095, 1.0065176, 0.70964056
4.3931456, 1.0091454, 1.9711063
4.403794, 0.37220424, 1.6663083
4.4421372, 0.78845286, 1.561798
4.3970084, 0.99510586, 2.065929
4.4366918, 1.0874809, 0.6398103
4.405326, 0.9726804, 1.8108137
4.404302, 0.97016114, 1.7341968
4.4386864, 0.3747441, 1.6741287
4.408562, 0.9304192, 2.0907402
4.4080563, 0.8913691, 2.1338758
4.415496, 0.5968114, 1.429942
4.4153066, 0.36248028, 1.8420138
4.4347787, 1.2011837, 0.13050134
4.3986626, 0.94646084, 1.8515186
4.4289985, 0.9238645, 1.3324618
4.4332013, 1.0828888, 0.7320622
4.385696, 1.0637934, 1.851189
4.4509516, 0.44591823, 0.2247082
4.392778, 1.0359848, 1.9273416
4.391228, 0.35377118, 1.9580855
4.4556117, 0.5625318, 0.2237953
4.412198, 0.9690145, 1.926908
4.418207, 0.37182677, 1.707506
4.450001, 1.0472008, 0.39956322
4.3902855, 0.27489877, 2.009192
4.409839, 1.014756, 1.7095793
4.410159, 0.9541865, 2.1086068
4.40916, 0.98961073, 2.0346634
4.39545, 0.95816565, 1.9729184
4.3945036, 1.0641363, 1.9034882
4.4223857, 0.19119558, 1.4469591
4.3966866, 1.0094862, 2.0253868
4.4100013, 0.94173795, 1.9717575
4.389974, 0.97074324, 1.8122092
4.4115324, 0.95585847, 2.0951347
4.4175043, 0.58942443, 1.5141848
4.3978353, 0.17899449, 1.5648124
4.4194264, 0.5956623, 1.4466352
4.4109755, 0.9279438, 1.949112
4.4510756, 0.3763561, 0.17947339
4.40754, 0.9473192, 1.9897193
4.440295, 0.5854184, 1.5813031
4.448336, 0.4739133, 1.372167
4.412856, 0.37051636, 1.724188
4.389535, 1.0111405, 1.7352839
4.4346795, 0.20007014, 1.362035
4.4466586, 0.7357569, 1.3919938
4.4287667, 1.0243051, 0.7714565
4.3939114, 1.0324447, 1.9521906
4.3976145, 0.9536297, 2.068989
4.4221287, 0.58729494, 1.6059775
4.394823, 1.0066671, 2.0068223
4.434628, 1.0165973, 0.2645882
4.4180837, 0.58796316, 1.5310208
4.396722, 0.3654494, 1.7907155
4.43983, 0.68917316, 1.3553427
4.4494324, 1.082676, 0.41202065
4.4397182, 0.48925823, 1.3360828
4.410095, 0.45901558, 1.5785165
4.428271, 0.8495769, 1.374853
4.419921, 0.92476845, 1.0345689
4.412382, 0.59035623, 1.5888895
4.406617, 0.6656022, 1.7123474
4.4321427, 1.2446404, 0.16394985
4.4031706, 1.0538487, 2.1304128
4.4279385, 0.87812847, 1.7272067
4.440198, 1.0506221, 1.0354327
4.4429035, 1.016407, 0.563762
4.4029436, 0.21252915, 2.064842
4.400651, 0.2213565, 1.9463997
4.4506803, 0.94122726, 0.49242008
4.410888, 0.99125993, 1.5298173
4.3960204, 1.0244067, 1.4902345
4.4367223, 0.92627716, 0.7528827
4.441102, 0.91452384, 1.0102553
4.4117317, 1.0028301, 2.0455072
4.443233, 0.68762285, 1.3893242
4.4320765, 0.30439186, 1.0896112
4.443338, 1.062415, 0.7544321
4.4380364, 0.31248918, 1.0113412
4.44318, 0.92914504, 0.71522737
4.442584, 0.93617964, 0.5690036
4.3917675, 1.0639355, 1.868656
4.443335, 0.6866725, 1.4064127
4.453352, 1.1169279, 0.1320506
4.4124136, 0.9829735, 1.4058843
4.395667, 0.2928592, 2.0857663
4.4114256, 0.8763034, 1.7097577
4.435742, 0.88833266, 1.5390205
4.4173675, 0.28570917, 1.2698925
4.4242043, 0.25630683, 1.476582
4.4058895, 0.969764, 1.6112022
4.4588103, 1.0914905, 0.14385597
4.405244, 0.22283007, 1.913161
4.4442163, 1.1500823, 0.14480273
4.4461603, 1.014391, 0.14932595
4.4187317, 0.90197617, 1.1963936
4.425898, 1.0359877, 1.3055458
4.424605, 0.8816539, 1.6417457
4.3950367, 1.0105588, 1.954135
4.41818, 1.0484754, 1.1088405
4.438934, 0.91487384, 1.2061642
4.434384, 0.9738907, 0.41636428
4.4159803, 0.95879734, 1.2797351
4.432598, 0.94890803, 0.7692757
4.425352, 0.8858378, 1.5563445
4.4472046, 1.024093, 0.46920007
4.4300933, 0.91140234, 1.0383185
4.399231, 0.25133556, 1.5444583
4.418951, 0.46277207, 1.5278853
4.4453673, 0.93021655, 1.0895725
4.4118743, 0.66970503, 1.6562682
4.444197, 0.6445399, 1.3799891
4.4213686, 0.93763953, 0.76860154
4.390072, 0.8753058, 1.6585307
4.438647, 1.1224546, 0.1436232
4.405738, 0.3271261, 1.7815875
4.4500384, 0.28184217, 1.13442
4.4373345, 0.9151636, 0.9844419
4.40388, 0.28839642, 1.7286706
4.4083576, 0.5306606, 1.5928576
4.4072227, 0.23631513, 1.7452865
4.446244, 0.92879, 0.7326423
4.4329977, 0.31417298, 1.830791
4.436421, 1.0835605, 0.69489926
4.4421325, 1.0457796, 0.4698247
4.4110427, 0.5687166, 1.5542694
4.4044433, 1.073178, 1.4230869
4.4129844, 0.914281, 1.1571867
4.433094, 0.5503082, 1.4549357
4.405147, 0.9496611, 1.766202
4.438202, 0.9428148, 0.83691734
4.405943, 0.22156996, 1.9300531
4.4423013, 0.7584246, 1.4633468
4.4404926, 0.5507885, 1.4156955
4.4424343, 0.7593527, 1.4462358
4.4349546, 0.9825511, 0.30209914
4.4091167, 0.5043874, 2.126384
4.4153843, 0.9871758, 1.2755764
4.444033, 0.99355704, 0.9330627
4.4257803, 0.7638381, 1.4235412
4.390298, 1.0699033, 1.6637423
4.4290214, 0.8291869, 1.5347229
4.410187, 0.74788225, 1.5884061
4.4172726, 0.5411852, 1.5699179
4.423464, 0.9331076, 1.9648796
4.4192553, 0.99792093, 1.071139
4.447132, 1.1646471, 0.1475214
4.4405203, 0.7536524, 1.5488114
4.43808, 0.9550712, 0.6745632
4.446983, 1.0276394, 0.60771483
4.4318085, 1.264998, 0.20898816
4.4163585, 0.52755034, 1.530365
4.4199963, 0.55295914, 1.4435195
4.42956, 0.37198627, 1.8356475
4.450037, 0.9114547, 0.52352035
4.3960977, 0.94206333, 1.9022299
4.4404926, 0.2493309, 0.89906114
4.444032, 1.0640934, 0.7178551
4.446637, 1.1138868, 0.16436473
4.4280972, 1.0179254, 0.33071977
4.3956275, 0.49100864, 2.0988114
4.441912, 0.98371685, 1.1450816
4.380353, 0.13931322, 1.4450283
4.4281154, 0.9060339, 1.1432903
4.434204, 1.2309669, 0.12578544
4.451112, 0.9951061, 0.2904263
4.416998, 0.9898498, 1.1759338
4.4502807, 0.8264108, 0.2249358
4.432369, 1.0846007, 0.6684402
4.45628, 0.5637239, 1.3565476
4.4406147, 0.7630396, 1.4569219
4.3898773, 0.93957734, 1.7919701
4.4175296, 0.757106, 1.4918408
4.4428024, 0.9465655, 1.0849677
4.3963475, 0.947016, 1.7073357
4.443033, 1.0811579, 0.7480665
4.4419036, 1.0215048, 0.3068975
4.441201, 1.0592763, 0.27950546
4.417651, 0.5450642, 1.527852
4.428112, 1.0592723, 0.24536914
4.398599, 0.30122524, 2.0731242
4.4534893, 0.6655804, 0.22939411
4.430947, 0.55431813, 1.3482655
4.403559, 0.2451598, 1.6923648
4.428399, 1.2326511, 0.21037556
4.442859, 0.5548639, 1.3905152
4.4401116, 0.89889026, 1.332529
4.4174356, 0.6375949, 1.3480053
4.4148006, 1.0331556, 1.251471
4.387558, 0.19633846, 1.6006652
4.3806896, 0.39193493, 1.768459
4.442295, 0.43053693, 1.3682004
4.395883, 0.21387629, 2.04713
4.4159565, 0.8887351, 0.61221105
4.4031563, 0.20884395, 1.5122894
4.4508796, 0.8007569, 0.15810485
4.4145427, 0.23316152, 1.2374374
4.3935604, 0.40052977, 1.6855568
4.4152966, 0.9768922, 1.3486922
4.413699, 0.4030126, 1.6691185
4.4134564, 0.22636402, 1.315493
4.401816, 0.24063423, 1.6616004
4.407401, 0.41083175, 1.5854001
4.384212, 1.0210035, 1.8497243
4.416956, 0.2098969, 1.5406206
4.380426, 0.38870272, 1.8017186
4.396871, 0.39931956, 1.7593205
4.4275866, 0.9736637, 1.3334386
4.3995748, 0.36341932, 2.0714152
4.428476, 1.0752777, 1.2060914
4.4610744, 0.89294463, 0.4327445
4.4231853, 0.9441364, 0.78637886
4.4654565, 0.91604465, 0.6481043
4.405782, 0.22460137, 1.3329029
4.435251, 0.89480084, 1.40175
4.4047456, 0.40747765, 1.6188647
4.4340034, 1.1471815, 0.18481995
4.420069, 0.23172118, 1.2643194
4.433388, 0.8514169, 1.4106835
4.3924356, 0.19805785, 1.5839974
4.4192433, 0.41948402, 1.5013217
4.4152656, 0.98445135, 1.2453538
4.4455338, 0.9506035, 0.2093853
4.3954844, 0.19093777, 1.6505647
4.4371057, 0.91253054, 0.6369619
4.453498, 0.88979214, 0.47258797
4.3973513, 0.37654847, 2.0959716
4.4499755, 0.34866074, 1.4161916
4.405944, 0.21516922, 1.4738495
4.4220243, 0.39198783, 1.7868257
4.4165854, 0.843386, 1.4797281
4.425681, 0.96818185, 1.3876077
4.447535, 0.9381192, 0.93038374
4.426531, 0.91504186, 0.95101297
4.3967733, 1.081187, 1.6900818
4.4437246, 1.0174031, 0.38255394
4.4056053, 0.19437179, 1.6172454
4.4193177, 0.6228074, 1.5170152
4.446118, 1.0217448, 0.7361812
4.447794, 0.42379904, 1.4527557
4.393501, 0.8984503, 2.0994334
4.4130588, 0.3720674, 1.9883547
4.4220743, 0.2396444, 1.1515913
4.418366, 0.84232515, 1.4966775
4.40928, 1.0516647, 1.4050473
4.444201, 0.93542063, 0.35555914
4.4184294, 0.94649315, 0.62406456
4.445407, 0.25492442, 0.84565634
4.420595, 0.4098058, 1.6020533
4.4464474, 0.8920271, 0.40898845
4.42675, 0.6065557, 1.5830431
4.4544816, 0.23507288, 0.8487883
4.4403, 0.90472394, 1.2113618
4.446736, 0.9735237, 0.67205805
4.4075813, 0.19257209, 1.6339436
4.4404025, 0.9159495, 0.59949136
4.410559, 0.9866303, 1.8484542
4.4232745, 0.3658503, 2.0571702
4.443634, 1.0845928, 0.5642793
4.415897, 1.0919639, 0.51588297
4.4498196, 0.34840405, 1.368696
4.4249454, 1.0827092, 1.0916942
4.44109, 0.26806438, 0.9188472
4.444313, 0.5073334, 1.4495186
4.4464817, 1.094745, 0.72981626
4.451582, 0.99374413, 0.18953094
4.433599, 0.4217695, 1.4702854
4.4436398, 0.9905857, 0.8254876
4.410171, 0.39475608, 1.7528104
4.440369, 1.147334, 0.20214964
4.421958, 0.8127939, 1.534281
4.441721, 0.8888498, 0.45739448
4.4545307, 0.4458698, 0.1767204
4.4573, 0.87150437, 0.15693015
4.3978987, 1.045595, 1.7256525
4.4144173, 0.40451112, 1.6926919
4.419145, 0.45179018, 1.6962385
4.4122133, 0.45869103, 1.6405436
4.4218, 0.36909086, 2.023063
4.4423456, 0.25007796, 0.8324426
4.4306197, 0.19962096, 0.8796459
4.4323053, 0.2962211, 0.80765533
4.4419684, 0.3017479, 0.85793895
4.4436436, 0.33054852, 0.83623916
4.435232, 0.31072006, 0.78252274
4.43774, 0.28467795, 0.7617424
4.4487085, 0.26544586, 0.769333
4.4366837, 0.32677692, 0.87265956
4.440561, 0.3029714, 0.8688964
4.4298124, 0.30865037, 0.7512269
4.4208775, 0.6979604, 1.5964572
4.411086, 0.31123266, 1.3569527
4.439162, 0.32561618, 1.0191346
4.4226065, 0.2701022, 1.759201
4.4331317, 0.89527535, 1.3846852
4.393421, 0.2870098, 1.5701182
4.4491463, 1.0283384, 0.16893442
4.4449687, 1.0957425, 0.96471673
4.398692, 0.24751818, 2.0853393
4.4228024, 1.2968694, 0.21137953
4.442994, 0.892923, 0.3817524
4.47439, 0.5078905, 0.22023696
4.4552083, 0.6252402, 0.22679634
4.436562, 1.0143826, 0.44178024
4.418073, 0.32519397, 1.2213732
4.436647, 0.5214002, 1.3380022
4.4156513, 1.0751867, 1.1716224
4.4324903, 0.31046438, 1.3078611
4.4369926, 0.269869, 0.90219206
4.4443254, 1.092166, 0.52660954
4.4326234, 0.87067664, 1.377735
4.426874, 0.89753807, 1.316326
4.416014, 0.68494236, 1.7590957
4.45473, 0.9104792, 0.18524238
4.397725, 0.28497398, 1.5951016
4.414507, 0.69910735, 1.5902554
4.42782, 0.3358648, 1.1181334
4.407526, 0.23022492, 1.5111109
4.429751, 0.92873, 0.874829
4.4607944, 0.98320657, 0.35095045
4.376309, 0.45244566, 2.1005676
4.431753, 1.0416073, 1.1516349
4.430523, 0.9899335, 1.2622433
4.4197674, 1.0317693, 0.60613006
4.4464164, 0.30555946, 1.2928274
4.447692, 1.110821, 0.22301118
4.411916, 0.45043388, 2.0803423
4.4270163, 0.69197893, 1.6917366
4.4152746, 1.089292, 1.2353299
4.4097466, 0.6870808, 1.7251534
4.469375, 0.6286761, 0.2254167
4.441463, 0.8308939, 1.4683182
4.4232507, 0.2892446, 1.5142474
4.4175878, 0.7123919, 1.4379746
4.447731, 1.067518, 0.62461925
4.3953323, 1.0208747, 1.8845526
4.447917, 0.93315613, 0.39231613
4.458292, 0.8247872, 0.15566511
4.419115, 0.701095, 1.57331
4.3866577, 0.35019362, 2.0081244
4.4023304, 1.0837721, 1.6123775
4.440248, 0.7180763, 1.4027641
4.458889, 0.6986315, 1.6581454
4.4533157, 0.33532146, 0.7901511
4.42356, 0.9215678, 0.49345368
4.4374285, 0.3378619, 1.0997304
4.4187984, 1.2194825, 0.18756157
4.4656305, 0.32222068, 1.0671536
4.4006734, 0.6817286, 1.7753897
4.4130526, 0.6817269, 1.7927604
4.3826084, 0.7301843, 1.7614155
4.4093857, 0.9114261, 2.0321631
4.416327, 0.9030464, 1.3117913
4.3972344, 0.9417064, 1.9539278
4.4060783, 0.95711595, 2.0427008
4.4067063, 0.97390836, 1.9882135
4.409367, 0.94280607, 1.929543
4.453568, 0.51152194, 0.20551796
4.4398546, 0.30718857, 1.0627656
4.3959384, 1.0178872, 1.5072103
4.425561, 0.9296988, 2.0697014
