4.3286843, 1.8894187, 1.7835119
4.3099117, 1.8532408, 1.7704029
4.3338556, 1.8624213, 1.8250842
4.324043, 1.8439889, 1.8067361
4.314829, 1.8552864, 1.7884418
4.3294144, 1.8887514, 1.8134578
4.3498564, 1.8982613, 1.7480601
4.3242664, 1.8509138, 1.7709038
4.2996297, 1.8219424, 1.7522717
4.302849, 1.8233466, 1.7346424
4.3098693, 1.8477156, 1.8485775
4.332475, 1.8864993, 1.8733069
4.3173923, 1.8291051, 1.8241491
4.327413, 1.8696678, 1.8793213
4.311457, 1.8529738, 1.8744621
4.3267694, 1.866275, 1.8060796
4.2813582, 1.8153279, 1.8509693
4.322092, 1.8564016, 1.8960462
4.2817707, 1.8103037, 1.9031677
4.2761917, 1.8068547, 1.9336455
4.3341107, 1.8637583, 1.6637762
4.3263655, 1.858901, 1.6278044
4.304612, 1.8328952, 1.6305918
4.312155, 1.8646958, 1.670008
4.3294425, 1.8634582, 1.6498342
4.3033495, 1.8113642, 1.6057521
4.339209, 1.8643944, 1.6098713
4.286307, 1.7905821, 1.603337
4.321873, 1.8424138, 1.5682365
4.3480563, 1.8727773, 1.5540329
4.3031244, 1.814932, 1.5151803
4.341548, 1.8532927, 1.496202
4.309514, 1.8105133, 1.46599
4.3166094, 1.8557221, 1.9316598
4.2872496, 1.8020422, 1.8096256
4.3609834, 1.8622262, 1.4774944
4.3127837, 1.840221, 1.5035993
4.346803, 1.8963298, 1.7659892
4.368309, 1.8786671, 1.5013642
4.3287406, 1.8459637, 1.5502671
4.283059, 1.8009882, 1.5685815
4.3339267, 1.8481966, 1.7892889
4.308765, 1.825876, 1.7170521
4.30836, 1.8249166, 1.948422
4.3250585, 1.8632882, 1.6248965
4.330856, 1.8724009, 1.7110153
4.3418903, 1.8653884, 1.6637162
4.2839966, 1.8695138, 1.8886815
4.3257093, 1.8459029, 1.5146117
4.3354883, 1.8476853, 1.4541434
4.3095083, 1.8120731, 1.445893
4.2856946, 1.8074743, 1.7112154
4.289008, 1.8028599, 1.5861198
4.3151236, 1.8565645, 1.8092663
4.3313365, 1.8650804, 1.7652758
4.285681, 1.8116245, 1.7480758
4.3043733, 1.8105444, 1.6629368
