1.4108894, 0.069773436, 0.19194226
1.3901151, 0.090984195, 0.19141985
1.4088038, 0.030451898, 0.19239604
1.3709749, 0.090656385, 0.19013985
1.3897517, 0.10831787, 0.19167282
1.4299612, 0.07145477, 0.19127586
1.4296434, 0.02870784, 0.19086859
1.4499862, 0.0689853, 0.19209877
1.4102688, 0.050424162, 0.19333512
1.3896456, 0.049247906, 0.19055575
1.408571, 0.04845333, 0.2043895
1.4106393, 0.088616334, 0.19142021
1.3697584, 0.05006582, 0.19127886
1.3711671, 0.10967631, 0.19067125
1.3494526, 0.06925887, 0.19121931
1.3485706, 0.08926977, 0.18913104
1.3897922, 0.13038078, 0.18992768
1.3495197, 0.11049427, 0.18999432
1.3420047, 0.07656744, 0.1780623
1.344243, 0.088446364, 0.17787236
1.4087538, -0.010949156, 0.1882688
1.4297465, -0.009236839, 0.19189267
1.410678, 0.012379593, 0.19163176
1.4492587, 0.010078222, 0.19095662
1.3891041, 0.010026479, 0.19181529
1.3702499, 0.030537713, 0.18985076
1.449931, 0.030681508, 0.19163996
1.3689206, 0.008665893, 0.18980674
1.3877276, 0.019355401, 0.17911285
1.3301768, 0.1106694, 0.190482
1.3499564, 0.049065284, 0.18957484
1.4308687, 0.1294002, 0.19131547
1.4099555, 0.15006998, 0.19073614
1.4708389, 0.05210721, 0.19159386
1.4699453, 0.06961844, 0.19247033
1.449579, 0.110013366, 0.19108318
1.46944, 0.010253019, 0.1939704
1.4505527, -0.009879366, 0.1921401
1.489066, 0.050477035, 0.19248168
1.4908209, 0.090397626, 0.19089012
1.4706348, 0.11162971, 0.19278383
1.3492628, 0.029151868, 0.19114551
1.3488643, 0.008598266, 0.19023892
1.3309153, 0.03068897, 0.19068335
1.3502908, 0.15077376, 0.18974803
1.3300669, 0.12986054, 0.18956208
1.3256798, 0.13044648, 0.1768409
1.3099498, 0.04846979, 0.18771228
1.3102039, 0.08978361, 0.18828338
1.3106973, 0.07068521, 0.19045423
1.312596, 0.107444346, 0.17725386
1.3093208, 0.108871065, 0.18850003
1.3998626, 0.1651451, 0.17859241
1.3697783, 0.16902235, 0.19054903
1.3887372, 0.17102036, 0.18977398
1.4101515, 0.16986416, 0.19081344
1.4278603, 0.15029742, 0.19095024
1.3093874, 0.13070643, 0.18736464
1.4296076, 0.16932338, 0.19190209
1.4500303, 0.1515233, 0.19147491
1.3699955, -0.0103411935, 0.19093043
1.3498921, -0.007864339, 0.19026262
1.4100356, -0.031416453, 0.18884036
1.3724445, -0.029187284, 0.18937916
1.389933, -0.029993, 0.18988079
1.4554006, -0.026130127, 0.20346354
1.4114532, -0.04926534, 0.19190052
1.4505789, -0.028884904, 0.1925535
1.4905485, -0.010696256, 0.19082938
1.4884733, 0.029331435, 0.19291139
1.3292594, 0.016729657, 0.17722613
1.291406, 0.1100089, 0.18874937
1.2888895, 0.06957881, 0.18875344
1.2907299, 0.09019504, 0.18901634
1.3091565, 0.029465627, 0.18849319
1.469872, 0.12970217, 0.19270445
1.4685363, 0.14964664, 0.19256644
1.4098276, 0.1915917, 0.19087592
1.4305441, 0.19002238, 0.19145907
1.5101776, 0.048637494, 0.19318734
1.5097452, 0.03200586, 0.19358453
1.4899828, 0.13141313, 0.19086048
1.4882916, 0.10823484, 0.19337127
1.5102232, 0.08656061, 0.20287733
1.5113082, -0.0094577605, 0.19269805
1.5309533, 0.09034019, 0.19290704
1.5112469, 0.13116306, 0.19105242
1.5303952, 0.030420173, 0.19133218
1.4894464, 0.14959267, 0.19134535
1.3097879, -0.010301584, 0.19020613
1.2903785, 0.03285193, 0.18944536
1.2888488, 0.008561662, 0.18776217
1.289081, 0.05019084, 0.18999359
1.2852914, 0.04715365, 0.17556807
1.2876385, 0.14898673, 0.18981627
1.3894006, 0.210018, 0.19019797
1.4102472, 0.21189791, 0.19093156
1.4499215, 0.1887784, 0.19029786
1.4295672, 0.20964845, 0.19083482
1.4489489, 0.18995564, 0.17725237
1.4700143, 0.17047092, 0.19308317
1.4708794, 0.192024, 0.19159299
1.4902062, 0.17032106, 0.19046867
1.3490566, -0.050226722, 0.1897836
1.3673757, -0.051706847, 0.19068116
1.3109651, -0.029819714, 0.18922295
1.430802, -0.06793113, 0.19138755
1.3895413, -0.07000633, 0.19055052
1.3756788, -0.06924495, 0.17886828
1.3695618, -0.06901762, 0.1902528
1.4690353, -0.06984673, 0.19219285
1.4908388, -0.04812589, 0.19181742
1.4098085, -0.0901828, 0.19279817
1.3911675, -0.088899784, 0.19263473
1.5114516, -0.029686974, 0.20305672
1.5102565, -0.048859343, 0.19244331
1.530046, -0.03019093, 0.19268729
1.5293267, -0.010266981, 0.20356326
1.2895308, -0.010936252, 0.18758497
1.253695, 0.13143764, 0.17715274
1.5084431, 0.16951877, 0.1926036
1.409589, 0.23154919, 0.18968952
1.4288166, 0.23128884, 0.19002178
1.4484214, 0.23104559, 0.17892534
1.4488548, 0.23057115, 0.19188842
1.4482142, 0.22875464, 0.20194438
1.5505868, 0.029169187, 0.1933495
1.5495831, 0.01188004, 0.19430467
1.5493246, 0.109023415, 0.19218348
1.5456322, 0.109167546, 0.20246483
1.5695825, 0.07072265, 0.19344261
1.5495472, 0.12847488, 0.19449823
1.5494114, 0.15151258, 0.19379127
1.2701213, -0.031114107, 0.1875587
1.2298898, 0.08951705, 0.18851796
1.2300745, 0.17064753, 0.18738201
1.2306201, 0.07017271, 0.18896556
1.3905725, 0.24873646, 0.18841635
1.4096707, 0.2493508, 0.18914203
1.4700873, 0.22843322, 0.1894402
1.4494741, 0.25161797, 0.19106244
1.488755, 0.22787608, 0.19084957
1.3488574, -0.08869725, 0.1889852
1.3105375, -0.07118215, 0.18815063
1.3301244, -0.091038145, 0.18982978
1.4681493, -0.08703498, 0.20311612
1.4703206, -0.08754906, 0.19301455
1.3692778, -0.10930789, 0.19220106
1.3453333, -0.10083052, 0.17876428
1.351584, -0.10964631, 0.19002622
1.531074, -0.06907812, 0.19386019
1.3888029, -0.12924917, 0.19097626
1.3723582, -0.12898508, 0.18908639
1.5508575, -0.047870554, 0.19319752
1.5522922, -0.050982192, 0.2029424
1.5282475, -0.09186712, 0.19433367
1.5487719, -0.07084977, 0.1938332
1.5725336, -0.052407246, 0.20281371
1.5706451, -0.032302007, 0.20218898
1.2507197, -0.0304147, 0.17742501
1.549015, 0.17103118, 0.20273392
1.3898915, 0.26862362, 0.18913253
1.4285355, 0.2692336, 0.19059016
1.4693696, 0.2505485, 0.19056928
1.4891243, 0.24994053, 0.19066763
1.5690076, 0.14822732, 0.1940584
1.5872018, 0.10889763, 0.19387786
1.2297536, 0.048959855, 0.19021982
1.5083185, 0.22950317, 0.19246127
1.5300652, 0.24881288, 0.19188216
1.3299276, -0.13107967, 0.19013675
1.2897018, -0.09087128, 0.18760423
1.4694375, -0.1295981, 0.19048469
1.5099828, -0.11076905, 0.19217744
1.3496323, -0.14913581, 0.1901448
1.309356, -0.13034095, 0.19057968
1.3288618, -0.15026072, 0.18903646
1.5530959, -0.08768844, 0.20403288
1.5508627, -0.08939371, 0.1925281
1.5704622, -0.08941472, 0.20296666
1.5512941, -0.111193955, 0.1925925
1.5701859, -0.08878428, 0.19442017
1.3687012, -0.1695013, 0.18830517
1.3498604, -0.16865835, 0.18955044
1.5908006, -0.04953507, 0.19309103
1.5692732, -0.10840853, 0.19560142
1.5508866, -0.1309654, 0.19355425
1.5903218, -0.0069402554, 0.2031917
1.6084205, -0.07106246, 0.19316897
1.5685389, 0.20825954, 0.19214863
1.2912296, -0.14773443, 0.17555732
1.3079984, -0.17390217, 0.1768798
1.3093586, -0.1696822, 0.18849759
1.4726243, -0.14812922, 0.18988381
1.5921443, -0.10755745, 0.19511443
1.251068, -0.12990054, 0.18772577
1.5487754, 0.07067816, 0.19190739
1.4500843, -0.06983149, 0.19251516
1.3323522, -0.029176474, 0.18697174
1.2688941, 0.12846269, 0.18786626
1.5283958, 0.109493434, 0.1944303
1.3293284, 0.09047614, 0.19031252
1.2711618, 0.15054691, 0.18798351
1.5898509, -0.070529394, 0.20234294
1.2498174, -0.0696701, 0.18734755
1.5671084, 0.2896577, 0.19020995
1.2498674, 0.12976699, 0.18790193
1.2115074, 0.031814784, 0.18847658
1.2897718, -0.11019332, 0.18684967
1.4095019, 0.1309406, 0.19221352
1.349925, -0.06956916, 0.19011703
1.549368, 0.19107771, 0.19522628
1.309815, -0.11016517, 0.1885017
1.5288215, 0.06796533, 0.19297032
1.5085044, -0.03010951, 0.19256797
1.3704804, 0.2508361, 0.18956475
1.4287195, -0.03100927, 0.1934529
1.4698226, 0.20892617, 0.18887965
1.5499128, 0.14955096, 0.20340517
1.3100848, 0.17013688, 0.18852638
1.4710286, -0.029838583, 0.19207655
1.3302035, 0.050308403, 0.19148296
1.5456284, -0.10462795, 0.20454027
1.409705, -0.111032896, 0.19010268
1.2492787, -0.15017569, 0.186768
1.3114306, -0.09090874, 0.18889646
1.2283013, -0.031835794, 0.17679462
1.4104068, 0.26974285, 0.18840232
1.2707132, 0.14941204, 0.17778149
1.4903184, 0.0102797635, 0.1923372
1.5281554, 0.21054582, 0.19233255
1.5706589, 0.010798014, 0.19342357
1.4893055, 0.20997775, 0.19124557
1.5499094, 0.29103267, 0.19168596
1.2498047, 0.010290511, 0.18836257
1.3693811, 0.12967235, 0.19030315
1.5481508, -0.030529642, 0.19313219
1.4290133, -0.12909846, 0.19282699
1.4500445, 0.15123908, 0.20047265
1.2906288, 0.24863926, 0.18883297
1.3286399, -0.051821284, 0.18832558
1.2920494, -0.068612896, 0.18775947
1.3299587, 0.25113967, 0.18824102
1.2304878, 0.0088657765, 0.1757829
1.492295, -0.10712912, 0.19057794
1.5503552, 0.2506228, 0.19191661
1.2291617, -0.048010994, 0.17460868
1.2693473, -0.07198274, 0.17760809
1.4697435, 0.28777817, 0.18836273
1.410712, 0.31117994, 0.18816265
1.287536, -0.15186122, 0.18762329
1.2494304, 0.11037222, 0.1885145
1.4897137, 0.28849792, 0.19011015
1.5095146, 0.06956224, 0.19344555
1.330374, 0.23133112, 0.18816085
1.3689553, 0.07024653, 0.19309711
1.5084733, 0.21236318, 0.19230478
1.3902607, -0.049081475, 0.19027051
1.4478549, 0.28894556, 0.19062889
1.5305576, 0.13001086, 0.19458988
1.2915512, 0.17077008, 0.17776671
1.2474142, 0.06585077, 0.17758004
1.3716885, 0.10565047, 0.17807037
1.4291029, 0.109131895, 0.18968208
1.3316778, -0.11018281, 0.18871036
1.4901937, 0.19058421, 0.19162941
1.5287454, -0.1300298, 0.19252366
1.2694902, 0.009712881, 0.18857607
1.2887248, 0.13009398, 0.19055213
1.2503335, 0.0307102, 0.1877738
1.3097638, 0.010607517, 0.18967482
1.5731775, -0.11314775, 0.20490849
1.5091331, 0.09014119, 0.19351088
1.389419, 0.22873582, 0.18921497
1.3683051, 0.2281457, 0.18792252
1.5299371, 0.1516404, 0.19435325
1.5094911, -0.07225444, 0.19274367
1.2489818, 0.16847986, 0.18735644
1.2685165, 0.1886106, 0.18640995
1.3505116, 0.12895992, 0.18903573
1.3899673, 0.31042528, 0.18957312
1.4905374, -0.072563015, 0.19394538
1.5305196, 0.288941, 0.19094943
1.4481249, 0.15853395, 0.17850462
1.588939, 0.0084519945, 0.19380178
1.2513769, -0.1109776, 0.1865854
1.3295813, -0.009944739, 0.1895703
1.2500472, -0.027955355, 0.18834749
1.4695784, 0.05099827, 0.2015476
1.271155, 0.051051266, 0.18843253
1.5661308, 0.18817398, 0.1949648
1.5492524, 0.18939596, 0.20314947
1.4294276, 0.087698445, 0.19006391
1.3505679, -0.12946372, 0.1897065
1.430015, 0.32930037, 0.18949011
1.3881298, 0.32912236, 0.17862983
1.3894161, 0.3294598, 0.1875153
1.4090233, 0.33008653, 0.18836093
1.4277593, 0.3311132, 0.17740093
1.4482055, 0.3291277, 0.19081385
1.4700466, 0.32962844, 0.1893238
1.2484561, -0.18637839, 0.18641101
1.4895521, 0.3308741, 0.18849282
1.2699013, 0.28932574, 0.18636559
1.2316929, 0.24919935, 0.17553535
1.2293159, 0.28933495, 0.17438218
1.2303553, 0.30976182, 0.17530154
1.3483158, 0.34907308, 0.1883792
1.5108136, 0.3323441, 0.19106956
1.3906958, 0.41022614, 0.18557796
1.4096469, 0.41017663, 0.18748036
1.4286395, 0.41048765, 0.18997204
1.2509576, 0.38980788, 0.18561374
1.5099196, 0.4097233, 0.18824995
1.4697213, 0.41037896, 0.18905446
1.4888072, 0.41016135, 0.18937717
1.4496033, 0.40985787, 0.18820994
1.1515743, 0.5309817, 0.18307279
1.5467689, 0.40967008, 0.18927102
1.5300567, 0.40917858, 0.19075632
1.2105312, 0.46951997, 0.17582102
1.2296398, 0.49166504, 0.17575133
1.2700047, 0.25044513, 0.18749517
1.2885342, 0.0702334, 0.17786339
1.5662354, 0.30881745, 0.1864774
1.4721568, -0.011892274, 0.20183563
1.3492508, 0.25127742, 0.1896636
1.4512413, 0.42893246, 0.18711577
1.4510994, 0.20821187, 0.18918954
1.5707468, 0.17133781, 0.19275184
1.5142957, 0.39077067, 0.17812142
1.2700334, -0.008573945, 0.18717097
1.4894233, 0.4684491, 0.1892589
1.5108883, -0.090284675, 0.19211209
1.4095826, 0.38962603, 0.18838598
1.5298864, 0.30987266, 0.19261986
1.4499102, -0.0500881, 0.19071266
1.466059, -0.05001956, 0.19292457
1.4490569, 0.089668654, 0.1905537
1.4706165, 0.3894083, 0.18880168
1.3090528, -0.06687517, 0.17751157
1.2710611, 0.17022303, 0.18782516
1.226024, 0.048650805, 0.17665684
1.2688044, 0.25075254, 0.17627598
1.2516202, 0.030716203, 0.17787096
1.350473, 0.32968158, 0.18998456
1.5097803, 0.2892489, 0.19161016
1.4514629, 0.16989659, 0.18881558
1.3311512, 0.22878198, 0.17792894
1.528265, -0.05287503, 0.19420859
1.5502906, 0.30949458, 0.19043
1.4566318, 0.46742976, 0.1771475
1.5915753, -0.0897729, 0.20375302
1.5076191, -0.13020393, 0.19512215
1.3522224, 0.20875597, 0.17786154
1.4679173, 0.42900622, 0.1917106
1.529527, 0.18901898, 0.19223605
1.3291098, 0.06947788, 0.18974544
1.3907012, -0.14975998, 0.19067204
1.2298657, 0.26950744, 0.17631915
1.5307558, 0.050963722, 0.19380692
1.3897594, 0.19012806, 0.18895906
1.2914879, 0.190465, 0.1762345
1.5885433, -0.07058363, 0.19595262
1.4892292, 0.31098303, 0.19114369
1.4685954, 0.090525225, 0.19271205
1.5297873, 0.46978545, 0.18985969
1.5583273, 0.4706693, 0.17642143
1.2921298, 0.030309573, 0.17816786
1.4710339, -0.06768381, 0.20235682
1.5687209, -0.049320124, 0.19454555
1.3659781, 0.05175066, 0.17851512
1.168059, 0.35007274, 0.17151833
1.5300401, 0.388885, 0.19024801
1.5508279, 0.26959845, 0.19253498
1.4301939, 0.46806067, 0.18782435
1.2296163, 0.23007229, 0.18653712
1.4914417, 0.06896996, 0.19261675
1.3894708, 0.2894912, 0.18908215
1.5092697, 0.46935356, 0.18823898
1.4296364, 0.309893, 0.18812712
1.5886948, 0.030599589, 0.19327419
1.5086088, 0.18899472, 0.19107884
1.4101417, -0.1492166, 0.19275685
1.5316178, -0.0474985, 0.20259383
1.4306134, 0.3900678, 0.18824649
1.5309948, 0.03004071, 0.20366007
1.5100912, 0.3889901, 0.19007984
1.3299041, 0.1496675, 0.18885557
1.5513582, 0.17090893, 0.19358745
1.4099144, 0.2886164, 0.1878466
1.5306764, 0.3312349, 0.19204336
1.5300336, 0.42993158, 0.1913732
1.2307068, 0.11163003, 0.18825309
1.5308393, 0.23133273, 0.1915044
1.5680051, 0.067788586, 0.20383744
1.4294491, 0.2888116, 0.18942623
1.4892426, 0.38932717, 0.19093844
1.4292619, 0.009526324, 0.19196284
1.2500563, 0.5296013, 0.18548115
1.5312997, 0.26904714, 0.19155693
1.4289595, 0.42888206, 0.18991604
1.469749, 0.46902645, 0.1884025
1.5093398, 0.14949867, 0.19232361
1.4496617, 0.38995448, 0.18923639
1.1891322, 0.46976486, 0.18622987
1.5303013, 0.17023702, 0.19315244
1.5114104, 0.42887193, 0.18706936
1.5512666, 0.3302027, 0.18969914
1.3884426, -0.010069593, 0.19196942
1.5502567, 0.43096754, 0.18791659
1.3918514, 0.42987856, 0.18721972
1.2704103, 0.10864756, 0.18818893
1.288994, 0.14917104, 0.17678885
1.431, 0.25042576, 0.1898051
1.3087602, 0.39041686, 0.17660609
1.2500726, 0.25103486, 0.18679225
1.4492636, 0.46831992, 0.18685386
1.4496117, 0.2715408, 0.19065191
1.3298289, 0.010217126, 0.18943262
1.4101642, 0.11033326, 0.19099723
1.4131149, -0.021369936, 0.17719573
1.509192, 0.3104245, 0.19092683
1.4018328, 0.19076316, 0.17815991
1.3902849, 0.38924655, 0.18673791
1.6087831, -0.12974823, 0.1931337
1.4307586, 0.52883697, 0.18786503
1.388515, 0.53256446, 0.17656168
1.40906, 0.48907065, 0.18742952
1.4902186, 0.51083547, 0.18856527
1.4304829, 0.5700369, 0.18707062
1.4114175, 0.57085854, 0.17568573
1.4501134, 0.5108949, 0.18798932
1.4109274, 0.5488533, 0.18725878
1.4491379, 0.55273294, 0.18640478
1.4110551, 0.5092019, 0.18705493
1.4975634, 0.55190325, 0.17655659
1.3487694, 0.49234137, 0.18692556
1.3899463, 0.5500492, 0.18770413
1.4699961, 0.528808, 0.18764855
1.4270779, 0.56631655, 0.17712377
1.3901694, 0.5090808, 0.18757918
1.4092718, 0.50876284, 0.17809068
1.4485415, 0.52963567, 0.18928726
1.4901406, 0.52841866, 0.18773553
1.4080586, 0.5711279, 0.18681443
1.4073615, 0.53150964, 0.17686976
1.467817, 0.5091212, 0.17820033
1.3895696, 0.55122286, 0.17767124
1.4873611, 0.55024916, 0.18712458
1.4092021, 0.5891247, 0.18733037
1.3688462, 0.5897199, 0.17435528
1.4454439, 0.5110271, 0.17799187
1.4099323, 0.5299736, 0.188149
1.389228, 0.5092232, 0.17650719
1.5099269, 0.52945507, 0.19021909
1.4286969, 0.5505452, 0.1877179
1.3085812, 0.5705027, 0.17484254
1.3892417, 0.48973984, 0.18778953
1.4315935, 0.5286346, 0.17750388
1.4702991, 0.51079696, 0.18994856
1.449384, 0.53061026, 0.17473975
1.4310969, 0.5897786, 0.18700254
1.3906797, 0.53153384, 0.18697926
1.5285792, 0.53079534, 0.1898672
1.5259483, 0.54895604, 0.18933497
1.5488812, 0.5492823, 0.17460468
1.4878765, 0.58550364, 0.17797536
1.4495217, 0.5896193, 0.18612994
1.5113662, 0.58776957, 0.18866947
1.4715483, 0.5723964, 0.17693602
1.4495687, 0.569366, 0.18922906
1.4694551, 0.56916755, 0.18793218
1.5320171, 0.57234716, 0.17854574
1.5279756, 0.5716641, 0.18786292
1.5274528, 0.58967096, 0.18656217
1.5085413, 0.23898752, 0.17855616
1.4511691, 0.049906008, 0.1917198
1.2296311, -0.06997938, 0.18668957
1.4695162, 0.5902053, 0.18826397
1.2687681, 0.06883515, 0.18689126
1.4486237, -0.15078032, 0.19167002
1.3302482, 0.4096148, 0.18630722
1.2488902, 0.43142736, 0.18613262
1.4081802, 0.29219154, 0.17818779
1.607529, -0.0504871, 0.19337189
1.4481832, -0.029085081, 0.178768
1.3688972, -0.089064576, 0.19028522
1.3291421, -0.17079669, 0.18756841
1.5316678, 0.18821043, 0.2028951
1.3081222, -0.00886646, 0.17751813
1.2682846, 0.44968736, 0.18422769
1.2092631, 0.38964704, 0.1858408
1.2520299, -0.086579666, 0.17787413
1.4496832, -0.1293813, 0.19233148
1.5086086, 0.24834473, 0.19106029
1.3511493, 0.38915333, 0.1870001
1.3527821, 0.304427, 0.17784953
1.5472347, 0.3897297, 0.18920307
1.4104141, 0.42932457, 0.1884792
1.5101343, 0.26952866, 0.19069207
1.3109311, -0.048360396, 0.1881422
1.3095275, 0.14873362, 0.1874215
1.3475586, 0.3934227, 0.17875855
1.2693889, 0.54925054, 0.18497908
1.3296914, 0.38775384, 0.18873611
1.4312098, -0.10930541, 0.19232467
1.5691302, -0.12878565, 0.19281456
1.5110353, 0.5087757, 0.1893512
1.5668762, 0.24976285, 0.18973014
1.5706568, 0.05191954, 0.20368439
1.4903742, 0.2707061, 0.19110009
1.4089509, 0.4509783, 0.1876758
1.4892867, 0.42862564, 0.19021705
1.5090003, 0.54831314, 0.18913132
1.4683248, 0.61008304, 0.17695549
1.3307816, 0.21218783, 0.18776913
1.4289951, 0.5112486, 0.18697642
1.2893088, -0.05004364, 0.18946034
1.2507906, 0.22998276, 0.18727201
1.2705008, -0.1695458, 0.18720265
1.3894278, -0.10914039, 0.19197832
1.290044, -0.13075009, 0.18825126
1.408329, -0.13005465, 0.19246222
1.3712299, 0.32999316, 0.18798335
1.2516339, 0.08695705, 0.1759616
1.5485158, 0.23036052, 0.19177149
1.2710639, 0.27141103, 0.1873081
1.2696874, 0.028781567, 0.18865617
1.4302666, 0.49003533, 0.18774442
1.4094065, 0.3490316, 0.18734768
1.4509931, 0.49078178, 0.18732417
1.4693979, 0.5509072, 0.18905497
1.4108757, 0.21053596, 0.17828697
1.4899945, 0.49243242, 0.18757662
1.3501234, 0.22981319, 0.18806835
1.2081589, 0.27074435, 0.1767257
1.2706217, 0.09058259, 0.17847617
1.4268183, -0.031016644, 0.20401114
1.271375, 0.44978184, 0.17692743
1.2715924, -0.048993327, 0.1875433
1.3901312, 0.34940702, 0.18776049
1.5299188, 0.34924597, 0.19082092
1.4499788, 0.45069316, 0.19012329
1.2500658, -0.11152964, 0.17687663
1.3506416, 0.19075276, 0.18906753
1.4258549, 0.4484924, 0.17760985
1.4692775, 0.30963576, 0.19104224
1.5085137, 0.5702382, 0.18692619
1.4149616, 0.38364205, 0.17706336
1.3892831, 0.20855367, 0.17810045
1.4311279, 0.44953352, 0.18767296
1.3451042, 0.13037528, 0.17903228
1.4914739, 0.58954895, 0.1875364
1.38879, 0.4714566, 0.18730977
1.3697042, 0.34916726, 0.18681294
1.4697447, 0.34827137, 0.1893828
1.2706573, 0.46958745, 0.1748425
1.4707758, -0.010024334, 0.19356783
1.4902483, 0.4512962, 0.18911283
1.4306657, 0.5106304, 0.1776411
1.5094963, 0.34878853, 0.19206388
1.4295605, 0.34937257, 0.18963286
1.5095258, 0.49243587, 0.1898239
1.2097013, 0.49139658, 0.18673813
1.2279484, 0.1488392, 0.1887682
1.4706165, 0.49057525, 0.18774343
1.5253562, 0.60837036, 0.1870574
1.2096789, 0.45007443, 0.18579929
1.4704783, 0.45038068, 0.18964745
1.4703876, 0.26983467, 0.18973477
1.4497098, 0.31068605, 0.18943089
1.4904906, 0.3485043, 0.18932772
1.3893356, 0.28720152, 0.1784837
1.5388244, 0.5895557, 0.17417888
1.2090245, 0.4083632, 0.18657745
1.2910025, -0.028340539, 0.18928482
1.5101861, 0.48961508, 0.17835303
1.450516, 0.3485814, 0.18947656
1.3317105, 0.15264282, 0.17856249
1.4303458, 0.35063565, 0.1765411
1.2504246, 0.070554316, 0.18871298
1.3909833, 0.570958, 0.1759054
1.2299325, 0.4911346, 0.18440533
1.3343928, -0.12774424, 0.17775258
1.2684777, 0.16982317, 0.1771646
1.4075978, 0.547871, 0.17711772
1.3912623, 0.3898399, 0.17706336
1.5309818, 0.43120068, 0.175844
1.4104646, 0.4890736, 0.17637342
1.5287282, 0.0891195, 0.20401073
1.2522074, 0.1501903, 0.18778285
1.528418, 0.49098516, 0.1908145
1.4491401, 0.34999976, 0.17662239
1.5490808, 0.37130412, 0.1899728
1.5122464, 0.13250369, 0.20134376
1.5703747, 0.113543876, 0.19301586
1.3928181, -0.04759908, 0.202423
1.1873527, 0.4093242, 0.17466101
1.5700443, -0.14838949, 0.19151716
1.3438181, -0.050072253, 0.1757306
1.4310545, -0.049868125, 0.19157282
1.3893243, 0.028925024, 0.19026892
1.5107844, 0.37026542, 0.17856464
1.2707047, 0.43047225, 0.18579358
1.2699515, 0.27171513, 0.17528366
1.249549, 0.3311673, 0.18606518
1.5283028, -0.111003794, 0.19401534
1.48872, -0.030706426, 0.19290794
1.2500836, 0.45160156, 0.18553838
1.1885786, 0.3701319, 0.18386424
1.4907798, -0.090867475, 0.19225854
1.4431224, 0.028120482, 0.17926227
1.5290447, 0.50884694, 0.19001049
1.3918163, 0.14533302, 0.17909153
1.5308399, -0.06750291, 0.20330295
1.367739, 0.032974895, 0.1778105
1.5042377, 0.5300941, 0.17767715
1.5303795, 0.37171206, 0.19023365
1.4503262, 0.37100118, 0.18845809
1.4099804, 0.087397136, 0.1792137
1.4116429, 0.46952462, 0.18669723
1.3685374, 0.18891624, 0.1903705
1.3884796, 0.3701939, 0.1769751
1.4504471, 0.33158204, 0.17663614
1.2301619, 0.29105636, 0.1859323
1.5107214, 0.37037775, 0.19035608
1.4092172, 0.37020805, 0.18856233
1.2491729, 0.1706271, 0.17737545
1.3908386, 0.34927222, 0.1778547
1.2696826, 0.35170072, 0.17499627
1.2914927, 0.22805247, 0.17709652
1.5312406, 0.4888876, 0.17774759
1.2311105, -0.10748281, 0.18776366
1.4255198, 0.089109726, 0.2010346
1.3882926, 0.4498828, 0.18799946
1.2930664, -0.10625452, 0.17809829
1.3500634, 0.55258507, 0.17636938
1.3903491, 0.37091693, 0.1875304
1.5930948, -0.13152547, 0.19674502
1.3304527, -0.031114146, 0.17899963
1.2693714, 0.112071216, 0.17772877
1.3102837, 0.031802025, 0.1778764
1.5479972, 0.48823962, 0.18529879
1.2907369, 0.16929567, 0.1888085
1.289589, 0.29111004, 0.17676394
1.4703414, 0.37050247, 0.18923332
1.3695436, 0.5890666, 0.1854115
1.3118324, 0.44799766, 0.18621998
1.4669166, 0.27136147, 0.17765138
1.3521814, -0.17554182, 0.17445323
1.270525, 0.23142815, 0.18665811
1.2504612, 0.05090911, 0.1887925
1.1678787, 0.5328982, 0.17397355
1.3674121, 0.4471494, 0.1748393
1.1735729, 0.32921234, 0.185406
1.4288529, 0.5899949, 0.17695762
1.2284801, 0.550168, 0.18441737
1.2300872, -0.01023429, 0.18676168
1.2503915, 0.43001178, 0.17593834
1.2891233, 0.11113025, 0.17797595
1.2911295, -0.010146597, 0.17857565
1.2901422, -0.08903049, 0.17824386
1.2713071, -0.028597476, 0.17785294
1.3503476, 0.26979265, 0.18803363
1.290764, 0.3711138, 0.18616207
1.229432, 0.33401874, 0.17592458
1.5126842, 0.59084976, 0.1782487
1.24876, -0.091254406, 0.18744893
1.4248722, 0.5533245, 0.17872718
1.2312754, 0.20947486, 0.1865463
1.1916454, 0.46768844, 0.17569922
1.4893973, 0.49105623, 0.17728613
1.3948996, -0.03536617, 0.17803362
1.2496289, -0.048059534, 0.17644677
1.3313454, 0.32977194, 0.18842982
1.250526, 0.21082178, 0.17732745
1.3937981, 0.4531233, 0.17662308
1.3963971, 0.13309544, 0.17922463
1.5691571, 0.028741406, 0.19325654
1.2291805, -0.1278409, 0.17334941
1.3910974, 0.58663356, 0.17717864
1.6098462, -0.08883434, 0.19508982
1.5745679, 0.3517992, 0.17586803
1.2250614, 0.4109867, 0.18649682
1.3307639, 0.29414973, 0.17702192
1.4682578, 0.55465996, 0.1778875
1.430754, -0.14873402, 0.1936371
1.2475964, 0.2909984, 0.17569406
1.3077046, 0.13344769, 0.17682065
1.1893173, 0.5105678, 0.17404824
1.2499377, 0.55001265, 0.18349725
1.2087228, 0.3302861, 0.17522797
1.5512073, 0.087887935, 0.20481533
1.5697829, -0.06918801, 0.19344574
1.2734474, -0.15225509, 0.17740798
1.3504735, 0.3692775, 0.18806715
1.2924403, 0.41063455, 0.185913
1.3302292, 0.43134493, 0.18829755
1.3703552, 0.33096406, 0.17711763
1.3504525, 0.41231975, 0.17542332
1.2697618, 0.21001078, 0.18756488
1.4245214, 0.36910006, 0.17679185
1.2683642, 0.41096538, 0.18461227
1.5126064, 0.47350416, 0.177343
1.5758104, 0.33051544, 0.17680302
1.229133, -0.0073737176, 0.17753693
1.4496936, 0.5880884, 0.17655736
1.2497147, -0.12924063, 0.17652689
1.152837, 0.49167183, 0.184419
1.1897571, 0.4882633, 0.18534106
1.1702266, 0.48871338, 0.1750609
1.479224, 0.32203484, 0.1758179
1.4511522, 0.1298876, 0.18993738
1.4333912, 0.14559764, 0.17922574
1.3326118, 0.37048078, 0.1778359
1.2077358, 0.3512343, 0.17705785
1.2688186, 0.369114, 0.17723443
1.568306, 0.09021897, 0.19229692
1.4105169, 0.58757967, 0.17731613
1.509027, 0.110162444, 0.19188873
1.2685592, 0.07122119, 0.17651503
1.3896507, 0.14898798, 0.19019738
1.3498038, 0.31033677, 0.18681033
1.426477, 0.4762699, 0.17526397
1.2281227, -0.07164001, 0.17304616
1.2907157, 0.26985246, 0.17609623
1.2290019, 0.45179117, 0.1846533
1.5490072, 0.08916512, 0.194546
1.3294696, 0.16894129, 0.18971595
1.4303192, 0.3708958, 0.18864648
1.2695659, -0.08988858, 0.18900302
1.2107139, 0.23015799, 0.18698353
1.4931808, 0.5102843, 0.178646
1.269747, 0.37140575, 0.1873417
1.2692243, 0.3084859, 0.18619438
1.5683511, -0.13242646, 0.2043885
1.3298551, 0.38833737, 0.1754989
1.3322794, -0.049241837, 0.17627658
1.3107221, 0.19047393, 0.18911669
1.2095807, 0.50893664, 0.17409885
1.314161, 0.17632452, 0.17368338
1.2299501, 0.45129648, 0.17501259
1.2096233, 0.4501977, 0.17467086
1.4128013, 0.3529826, 0.17855285
1.5074997, -0.1488912, 0.1936356
1.1903282, 0.42808375, 0.17405047
1.3684336, 0.1710914, 0.17713803
1.4845473, 0.3957872, 0.17778227
1.2893261, 0.44864613, 0.17479731
1.5562835, 0.51234055, 0.17358446
1.6117381, -0.109362334, 0.19318415
1.3299428, 0.21169396, 0.17747186
1.5112739, 0.51367736, 0.17515919
1.2500789, 0.45035696, 0.17471445
1.5899132, -0.08872854, 0.19483377
1.496788, 0.30968362, 0.17801768
1.1702142, 0.44965547, 0.17394021
1.5487115, 0.02668141, 0.20416845
1.470826, 0.38672724, 0.17841907
1.3302504, 0.47066578, 0.18716742
1.2317295, 0.02796199, 0.17664152
1.2299186, -0.14945193, 0.17245726
1.490195, 0.37032777, 0.18906052
1.4299836, 0.49085778, 0.17793016
1.2513863, 0.108753406, 0.17747627
1.4292045, -0.0897391, 0.19287172
1.2904279, 0.23010291, 0.18874818
1.2078803, 0.3098929, 0.17472717
1.4320328, 0.2476913, 0.20377125
1.2298807, 0.029353585, 0.18844868
1.3501476, -0.031911954, 0.18987158
1.445694, 0.12808365, 0.20176654
1.2285042, 0.09137161, 0.17700061
1.5490944, 0.050772157, 0.19542114
1.2708865, -0.048622746, 0.1766963
1.2316381, 0.38878816, 0.17457904
1.331619, 0.49043596, 0.17707795
1.347681, 0.010309474, 0.17885485
1.1897823, 0.3105534, 0.17543003
1.2693214, -0.110564955, 0.17853613
1.49334, 0.5299973, 0.17724057
1.1898754, 0.4508879, 0.17404367
1.3496146, 0.37517655, 0.17759037
1.3080254, -0.15125823, 0.18924388
1.3571936, 0.033254553, 0.17848445
1.1537238, 0.47312346, 0.18358697
1.5500032, 0.5308175, 0.17667149
1.5100156, -0.1263962, 0.20123638
1.3113647, 0.08804226, 0.17671147
1.1890829, 0.51029223, 0.18493497
1.3701019, 0.309793, 0.18740585
1.1899571, 0.48884636, 0.17551821
1.5871814, 0.06971207, 0.19280826
1.2303286, 0.3717739, 0.17526263
1.4088601, -0.07140377, 0.19057745
1.4506125, 0.5699495, 0.1778163
1.2902716, -0.05289016, 0.17689872
1.246188, -0.17062095, 0.17540099
1.4480941, -0.1103058, 0.19279188
1.3123846, 0.35144362, 0.17506534
1.2697998, 0.3881717, 0.17647098
1.3314213, 0.09292489, 0.17735445
1.4131709, -0.13347244, 0.20306323
1.1683555, 0.42779094, 0.17437151
1.2873898, 0.24854752, 0.17648953
1.4492438, 0.6070619, 0.17509954
1.4483709, 0.5492612, 0.17782672
1.3895389, 0.069757216, 0.19060588
1.3703814, 0.38901156, 0.18878138
1.5066302, 0.5666359, 0.17921089
1.2699786, -0.14831206, 0.18907468
1.3091264, 0.2697666, 0.18982951
1.5300257, -0.087509654, 0.20287111
1.2105381, 0.56868464, 0.17455646
1.3720231, 0.22800031, 0.1762087
1.2894377, 0.55093795, 0.18485057
1.3104007, 0.43199298, 0.1865167
1.5904776, -0.10911153, 0.20331539
1.2747092, -0.008330142, 0.17572209
1.3116877, 0.23011361, 0.18927409
1.4691656, -0.11015577, 0.19023298
1.3967487, 0.093811676, 0.17913266
1.3086791, 0.33056104, 0.17666137
1.5105617, 0.15584174, 0.20319757
1.4300388, 0.033933453, 0.17839265
1.5519804, -0.14752997, 0.19220746
1.5487208, 0.3484644, 0.19049354
1.2692941, 0.007765937, 0.17470706
1.4474596, 0.36759797, 0.17623164
1.2100034, 0.34997103, 0.1862331
1.4504559, -0.090419255, 0.19220312
1.2297043, -0.15017612, 0.18697177
1.2293862, -0.029523918, 0.18764493
1.5305533, 0.15092638, 0.20280991
1.4483327, 0.24932961, 0.17819709
1.3839793, -0.090817526, 0.17864229
1.3683219, 0.4890977, 0.17660028
1.2097617, 0.089731455, 0.17440824
1.2677792, 0.031691223, 0.1780252
1.1505096, 0.5104772, 0.17153877
1.3096062, 0.38914183, 0.18705186
1.30925, 0.3298232, 0.1883987
1.4316711, 0.25421894, 0.17829832
1.3702755, 0.3900777, 0.17695065
1.4651954, 0.0039976016, 0.1798712
1.2507563, 0.050974354, 0.17765549
1.1897136, 0.38959914, 0.17469303
1.4087859, 0.47031605, 0.17728731
1.2483302, 0.41034433, 0.17381538
1.5288635, 0.07081965, 0.20229845
1.3500359, 0.29025713, 0.18916537
1.331169, -0.009503677, 0.1784382
1.250174, 0.47131276, 0.18511455
1.2104956, 0.16740383, 0.17556475
1.5498035, 0.20941117, 0.19245894
1.2721046, 0.4083066, 0.17601112
1.3679494, -0.15309182, 0.18846257
1.4705381, 0.4926233, 0.17665899
1.5888572, 0.04962487, 0.19427013
1.3919804, 0.48886028, 0.17766091
1.3112748, 0.37076032, 0.18805662
1.3292649, 0.5114475, 0.17640138
1.2251287, 0.109667905, 0.17831925
1.5881346, -0.029496312, 0.19524463
1.310808, -0.11032581, 0.17842871
1.2880774, 0.41053763, 0.1750071
1.451095, -0.007640029, 0.2021235
1.2900882, -0.1301669, 0.17706616
1.4689994, 0.0746309, 0.20295654
1.3279516, 0.27459648, 0.17665227
1.5503792, -0.06817328, 0.20268989
1.4697038, 0.029867765, 0.19138916
1.3665656, 0.3704724, 0.17621258
1.2464846, 0.012826158, 0.17734315
1.5891451, -0.007542959, 0.19326705
1.5721697, 0.37298554, 0.17295656
1.5474426, 0.4682332, 0.18654536
1.509863, 0.60853726, 0.18634862
1.4302566, 0.050587498, 0.19128676
1.5280238, 0.0070097162, 0.19278656
1.3273289, 0.349468, 0.17687663
1.4919916, 0.46790516, 0.1780054
1.1687945, 0.36958727, 0.17306267
1.4258312, 0.39105472, 0.17845899
1.5667719, 0.12893468, 0.20214969
1.5500162, -0.012765893, 0.1922201
1.2876339, -0.06731403, 0.17667593
1.326508, -0.11735954, 0.17817928
1.3912979, 0.5898471, 0.18686786
1.2084322, 0.21284956, 0.17614126
1.5084882, 0.0089023635, 0.19229695
1.3734326, -0.10860346, 0.17901288
1.3086262, 0.43245873, 0.17463191
1.5144368, -0.11080927, 0.17879345
1.511481, 0.5542497, 0.17849262
1.2503655, -0.012642328, 0.17584081
1.3664446, -0.006725073, 0.17901187
1.4051421, 0.13181184, 0.1791278
1.5312026, -0.14730653, 0.19063711
1.5903374, -0.048922524, 0.20234112
1.3497125, 0.5084103, 0.18757686
1.4698138, -0.04596028, 0.20287928
1.2303827, 0.26952183, 0.18733999
1.3296167, 0.58947295, 0.17456363
1.4648961, 0.20192942, 0.17994048
1.4677347, 0.37319276, 0.17698641
1.2693456, 0.33033755, 0.18587478
1.2307453, 0.009934283, 0.18656932
1.5311563, -0.008900107, 0.19442338
1.5259031, 0.5324835, 0.17770293
1.1935885, 0.110449895, 0.18580088
1.2720525, 0.09172416, 0.18822692
1.2305325, 0.43145514, 0.17455503
1.306474, 0.15359508, 0.17568856
1.3714716, 0.010191531, 0.17779884
1.2884307, 0.009534024, 0.1771926
1.309821, 0.20835423, 0.18903415
1.5691277, -0.010924827, 0.19328713
1.5511343, -0.05293143, 0.17933153
1.4529252, 0.010884052, 0.2023803
1.2680091, -0.11153639, 0.18751425
1.2885325, 0.3514616, 0.17674881
1.5308112, 0.37617937, 0.17977546
1.4898738, 0.5683614, 0.17677745
1.350777, 0.5700277, 0.18546303
1.1892534, 0.45084226, 0.18562682
1.2900922, -0.16439939, 0.17700392
1.5680382, 0.05048984, 0.19520314
1.5684584, 0.26921204, 0.18970847
1.5336342, -0.12903038, 0.20260888
1.2900288, 0.21086162, 0.1883392
1.3702662, 0.27397385, 0.17720161
1.3616297, -0.08843591, 0.17915654
1.5303826, 0.452, 0.19008346
1.5151918, 0.029312296, 0.2037239
1.5484662, 0.45328292, 0.18555254
1.3542503, -0.076450415, 0.17883009
1.2915746, 0.570401, 0.17478144
1.2898366, 0.30856398, 0.18738253
1.5680352, 0.087467454, 0.20460235
1.3870956, -0.16957018, 0.18962221
1.5686208, 0.4088753, 0.17047401
1.2116923, 0.2910532, 0.17572041
1.5700293, -0.012407794, 0.20182002
1.2483953, 0.150275, 0.17691815
1.5680466, -0.028693346, 0.19334364
1.5500851, -0.007925011, 0.20320383
1.5650487, 0.32879782, 0.18705967
1.3699979, 0.37112045, 0.18856372
1.485859, 0.41157216, 0.17414017
1.2692239, 0.29090756, 0.17510307
1.5332073, 0.1016863, 0.17956497
1.3887228, 0.5699999, 0.18539801
1.3080293, 0.006347559, 0.1769889
1.4856004, 0.27156946, 0.17926714
1.2693378, -0.09024589, 0.17786227
1.2686765, 0.42919073, 0.17598014
1.5093793, 0.4512559, 0.192184
1.5563976, 0.49231768, 0.17600475
1.4135247, 0.32964218, 0.17862174
1.3297757, 0.34954116, 0.18914518
1.2520623, -0.06919946, 0.17553803
1.1707993, 0.3700825, 0.18448712
1.4272759, 0.29327852, 0.17665872
1.5684708, 0.13135959, 0.1938467
1.3056694, 0.050845753, 0.17879945
1.230363, 0.309566, 0.18666041
1.3080829, 0.30912772, 0.17658047
1.3093271, 0.34965658, 0.1865753
1.4911352, 0.60826135, 0.18685812
1.2505801, 0.5098115, 0.1754918
1.3106557, 0.072983064, 0.17810866
1.2901103, 0.12676269, 0.17843348
1.1868844, 0.26987976, 0.17517379
1.3712403, 0.21023838, 0.18879423
1.263963, 0.047888126, 0.17807688
1.268569, -0.12882791, 0.17654625
1.5319355, 0.17133212, 0.20354871
1.372838, 0.3507837, 0.17757528
1.2681298, 0.31189695, 0.17674036
1.3532842, 0.10723101, 0.17751661
1.3537159, -0.00491409, 0.17859066
1.4869015, 0.37324184, 0.17822106
1.4029415, 0.4039177, 0.17348619
1.2888077, 0.3893782, 0.1856341
1.1881019, 0.3290198, 0.17483838
1.4875671, -0.13301612, 0.1918588
1.2903253, 0.26933077, 0.18759534
1.327262, -0.09053782, 0.17822343
1.2277205, 0.06932633, 0.1762174
1.4862716, 0.04914261, 0.20340009
1.3691915, 0.5321181, 0.18615869
1.4507242, 0.40921375, 0.17658874
1.3917161, 0.41205046, 0.17736486
1.528909, 0.41829726, 0.17899877
1.2913662, 0.43278807, 0.17566475
1.3491535, -0.15171686, 0.17845534
1.3097422, 0.41138777, 0.1880609
1.3099846, -0.08864037, 0.17656463
1.2919044, 0.5298747, 0.17544574
1.3730718, -0.05363632, 0.17877322
1.228214, 0.17065525, 0.17637415
1.325088, 0.11022878, 0.17768033
1.2904961, 0.35011485, 0.18725024
1.3304052, 0.19079463, 0.18917339
1.2308222, 0.15350229, 0.17727414
1.2316794, 0.3291938, 0.18539666
1.589848, -0.031635795, 0.20331034
1.3534085, 0.22874115, 0.17522277
1.2514786, 0.2102745, 0.18714045
1.2710012, 0.35123914, 0.18591914
1.5144039, 0.11066816, 0.20161703
1.2094991, 0.4929902, 0.17542131
1.5727894, -0.06971304, 0.2015506
1.4317918, 0.42888936, 0.17691462
1.2889265, -0.1703017, 0.1882973
1.2702067, 0.54987025, 0.17499079
1.3709602, 0.15128112, 0.1906336
1.4892011, -0.14944434, 0.19205713
1.2504992, -0.15470539, 0.17807157
1.5486045, 0.13054818, 0.20191242
1.4888586, 0.570685, 0.18776308
1.5274587, 0.25618482, 0.17863375
1.1694628, 0.54866886, 0.17492218
1.3260661, 0.43188006, 0.17702273
1.4453827, 0.27269837, 0.20409887
1.3118984, -0.0525359, 0.17771463
1.4109275, 0.42684865, 0.17232716
1.4503851, 0.42730895, 0.17683311
1.2122761, -0.0909485, 0.17260577
1.3297197, 0.37049097, 0.18971847
1.5687516, 0.3908024, 0.17391971
1.2908828, 0.09129168, 0.17794882
1.5291203, 0.6109064, 0.17581649
1.3897787, 0.4294563, 0.17647623
1.3262055, 0.06471588, 0.17438836
1.4092846, 0.6082184, 0.17399807
1.2505091, 0.38858262, 0.17497396
1.3500303, 0.16981201, 0.18806204
1.2687895, 0.48864335, 0.17371657
1.1897316, 0.37061942, 0.176142
1.3099253, 0.19048722, 0.17727484
1.2908695, -0.18490283, 0.18763524
1.428575, 0.12884192, 0.17939986
1.3877108, 0.27187505, 0.17773682
1.5110857, 0.28744733, 0.20178704
1.2116809, 0.15152015, 0.17720227
1.3901653, 0.4711265, 0.1760739
1.2302907, 0.12957719, 0.18818039
1.2300335, 0.46931502, 0.17429294
1.3090827, 0.53032064, 0.17515236
1.5019579, 0.45243663, 0.1759301
1.5111935, 0.60892755, 0.17589366
1.228905, 0.351571, 0.17602411
1.4092469, 0.1889458, 0.20349443
1.2286171, 0.19024375, 0.17460303
1.4096601, 0.12808469, 0.20302282
1.4739947, -0.112461954, 0.20182687
1.4513614, 0.38675636, 0.17843275
1.5306493, 0.012302466, 0.20155655
1.4861894, 0.6081535, 0.17645378
1.4351851, 0.27567208, 0.177025
1.4723904, 0.359662, 0.1771743
1.1922977, 0.40944883, 0.18536429
1.2710549, 0.1322336, 0.17740591
1.5280797, 0.4706174, 0.1788554
1.211253, 0.26888415, 0.18603952
1.2691859, 0.33136994, 0.17596544
1.5087173, 0.07004152, 0.20228188
1.4902802, 0.4529832, 0.17749766
1.3299483, 0.29065153, 0.19060242
1.4303284, 0.30796164, 0.17838305
1.4697651, 0.60737485, 0.18745674
1.4093901, -0.16607898, 0.18886995
1.2077283, 0.4115734, 0.17533907
1.5439935, 0.5621269, 0.17727399
1.3490702, 0.28893793, 0.17708583
1.4256026, -0.096541606, 0.17944512
1.4486301, 0.49047285, 0.1773252
1.450865, 0.60716707, 0.18794774
1.548612, -0.12730138, 0.202841
1.2910436, 0.44863325, 0.1875596
1.3098056, 0.26861182, 0.17806105
1.2096587, 0.52917284, 0.18592255
1.2107586, -0.07020473, 0.17243265
1.3106061, 0.28947058, 0.18984972
1.3654053, 0.08800391, 0.17579463
1.3554838, -0.09491714, 0.17884573
1.309308, -0.14958, 0.17573059
1.5339904, 0.34502766, 0.17935802
1.3933464, 0.31139562, 0.17769217
1.4694853, 0.11560705, 0.17801556
1.2898529, 0.52784306, 0.18647742
1.4743507, 0.5928947, 0.17713967
1.4260888, 0.23076813, 0.1759291
1.2504977, 0.31103984, 0.17699936
1.2297918, 0.4289532, 0.18552266
1.2298452, 0.5293802, 0.18477204
1.3701024, 0.43306097, 0.17749488
1.3292727, -0.0799354, 0.17631605
1.5069656, 0.31219175, 0.17799586
1.4672325, 0.41286236, 0.17325863
1.4060667, 0.16804866, 0.17833883
1.2901565, 0.4885896, 0.18583266
1.3677819, 0.5323909, 0.17766443
1.2907264, 0.5491644, 0.17633279
1.4459903, -0.070168436, 0.1779513
1.5087935, 0.4102597, 0.1781086
1.2491536, 0.35078982, 0.18566877
1.2491628, 0.37208742, 0.17518313
1.3485988, 0.33350563, 0.17803466
1.1899421, 0.42856714, 0.18462111
1.2892085, 0.372158, 0.17714494
1.2911363, 0.38967836, 0.1761603
1.5883263, -0.14877816, 0.19194402
1.3442829, 0.054733627, 0.17846626
1.3099436, 0.23361419, 0.17688411
1.4001809, 0.11082404, 0.17950912
1.4285822, 0.6063758, 0.17221826
1.5092669, 0.619996, 0.15392289
1.4738991, 0.032737136, 0.17957026
1.4062059, 0.4499641, 0.17758453
1.5329096, 0.45026758, 0.17824848
1.5304368, 0.113028176, 0.20293249
1.2318054, -0.1704035, 0.18810885
1.455537, 0.28144392, 0.17862613
1.4718279, 0.4659209, 0.17717305
1.4158099, 0.028998442, 0.1790244
1.1692926, 0.4694564, 0.17459114
1.3453758, -0.032455415, 0.17797957
1.3289938, 0.33151752, 0.17716257
1.3490863, 0.53104717, 0.17635334
1.4516343, 0.31387642, 0.17868985
1.4295967, 0.6078731, 0.18618788
1.3513728, 0.16963598, 0.17832647
1.3839674, 0.2374513, 0.1760052
1.3907409, 0.06107504, 0.1793754
1.4412171, 0.13310598, 0.17869456
1.3704773, 0.2902941, 0.18866958
1.2135764, -0.08892884, 0.18520668
1.5297965, 0.12793182, 0.20418945
1.1870762, 0.3502311, 0.17614768
1.3264031, 0.31080887, 0.17899941
1.2302427, 0.47092506, 0.18577164
1.2860186, 0.30716252, 0.1768778
1.2082468, 0.06896157, 0.17345797
1.4013128, -0.10129154, 0.17955565
1.4100579, 0.22778344, 0.17445017
1.5108174, 0.43820179, 0.17821118
1.2509135, 0.41024244, 0.18489617
1.1689175, 0.51089174, 0.18468687
1.570787, 0.29435316, 0.17739682
1.3489965, 0.40983534, 0.18799235
1.3694967, 0.2697173, 0.18840285
1.3900701, 0.049793694, 0.20233707
1.3829771, 0.18988585, 0.17945977
1.2087816, 0.42844105, 0.17433038
1.2878914, 0.33200106, 0.17586985
1.3716881, 0.18804896, 0.1790177
1.528445, 0.51341987, 0.17913967
1.2129973, -0.06628848, 0.1836005
1.410793, 0.2544096, 0.17789371
1.2521667, 0.5499771, 0.17504464
1.3670622, 0.21115108, 0.1778735
1.5259677, 0.32437056, 0.17876326
1.368926, 0.25254077, 0.17747435
1.5087688, -0.05214717, 0.2016579
1.3922052, 0.06730601, 0.2045769
1.2899386, 0.18915455, 0.1880757
1.1940727, 0.028773164, 0.17366135
1.2893093, 0.43082318, 0.18598172
1.3882859, 0.032819845, 0.17804572
1.2313082, 0.4085984, 0.17569983
1.5280979, -0.10869262, 0.20296478
1.6120499, -0.112403385, 0.20150243
1.4088739, 0.37413025, 0.17597105
1.4858568, -0.08829348, 0.1777548
1.2106535, 0.36952728, 0.18651569
1.4862019, 0.34775856, 0.17819716
1.3667828, 0.30498177, 0.17864712
1.1710945, 0.44914287, 0.18386051
1.3852174, -0.05733014, 0.17775698
1.5506442, 0.2087661, 0.20258208
1.2887003, -0.02673231, 0.1753254
1.312265, 0.24624741, 0.17688364
1.2109011, 0.428855, 0.18619709
1.3701221, 0.41294113, 0.17699443
1.526989, 0.14673835, 0.17866638
1.5509926, 0.6294821, 0.15381917
1.2493081, 0.47116187, 0.17519465
1.5710262, 0.110740125, 0.2032272
1.5098976, -0.11143107, 0.20360798
1.3297833, -0.06940112, 0.19128272
1.2492251, 0.09058149, 0.19023708
1.4918606, 0.030890081, 0.20141748
1.5094165, 0.32986376, 0.17898414
1.3079444, -0.033673935, 0.17619355
1.4284523, 0.21429858, 0.17755544
1.609274, 0.010906303, 0.18978554
1.4537904, 0.20807448, 0.17860004
1.2498262, -0.05152992, 0.18793698
1.373699, 0.07312487, 0.17963545
1.5535014, 0.07066492, 0.2013926
1.47323, 0.5327913, 0.17735076
1.249971, 0.2894897, 0.18665655
1.4274192, 0.045181636, 0.17727044
1.189195, 0.5501022, 0.18473133
1.4872584, 0.43526992, 0.17973542
1.4553577, 0.031905122, 0.20087123
1.4105206, 0.30673498, 0.17942151
1.3668773, 0.04651033, 0.20222226
1.5640455, 0.34886706, 0.1860666
1.2498407, 0.33102283, 0.17659916
1.2100476, 0.4683684, 0.18444362
1.3471143, 0.4701998, 0.1769582
1.4796098, 0.24699037, 0.17767607
1.5526632, 0.43029377, 0.17764579
1.2093372, 0.37060684, 0.17508575
1.5106351, 0.34341246, 0.17812952
1.4517324, 0.44915277, 0.17855504
1.6058315, -0.03296263, 0.19312324
1.5711105, 0.009732452, 0.2030874
1.4347616, 0.4094159, 0.17521757
1.2489798, 0.22941062, 0.17770652
1.5787652, 0.3115847, 0.1755482
1.4732978, 0.45307028, 0.17826916
1.210413, 0.55125254, 0.1743233
1.4492713, -0.08444956, 0.2025253
1.5070497, 0.049592443, 0.20247401
1.2304678, 0.54996455, 0.17584717
1.3431003, 0.343978, 0.17950466
1.3493768, -0.010038729, 0.20238249
1.3056366, -0.13523307, 0.17353576
1.5536975, 0.32996285, 0.1796621
1.3864641, 0.2501975, 0.17829083
1.492262, -0.03304129, 0.20163637
1.4329925, 0.13068618, 0.20355098
1.4292449, -0.1697085, 0.1835606
1.1562575, 0.4290781, 0.18524359
1.3697097, 0.54966724, 0.1751458
1.2899278, 0.33020815, 0.18706176
1.4012258, -0.1250382, 0.17950855
1.4880772, 0.109793775, 0.20218186
1.5140455, 0.004151207, 0.20230222
1.5404191, 0.37417194, 0.1785771
1.5126647, -0.00852568, 0.20198026
1.3254218, 0.17288117, 0.17704049
1.3675728, 0.29399583, 0.17804752
1.490699, 0.61802375, 0.15959734
1.3370858, 0.056182504, 0.17681265
1.4491482, 0.25066432, 0.2046119
1.4845072, 0.2355384, 0.17965801
1.5617656, 0.45032865, 0.17225517
1.4407992, 0.045441963, 0.17974633
1.4992745, 0.0038553183, 0.17646764
1.1900631, 0.52861583, 0.17594591
1.5227844, 0.27047694, 0.17969935
1.5500227, 0.049243048, 0.20184964
1.5308921, 0.052688748, 0.20267108
1.3513377, 0.24958013, 0.17683612
1.4933441, -0.049244322, 0.20139576
1.3860031, -0.06320051, 0.17946541
1.5865546, 0.090473115, 0.19279106
1.4672729, 0.42233315, 0.20177865
1.4476743, 0.28652492, 0.20182988
1.2293026, 0.39045253, 0.18649684
1.3917571, -0.109902546, 0.17968762
1.3647662, 0.15810174, 0.17850494
1.5510879, 0.23456024, 0.20288123
1.3807526, -0.008584204, 0.17884885
1.3293462, 0.30843025, 0.19051139
1.2490779, 0.24898829, 0.17542602
1.3489244, 0.21050182, 0.18833427
1.3627514, -0.13791034, 0.1786733
1.5361218, 0.28175175, 0.1754967
1.3273493, 0.24743944, 0.17745467
1.5660645, 0.60626644, 0.14556113
1.5718204, 0.5891592, 0.14809261
1.2072598, 0.23011416, 0.17603454
1.421698, -0.12182187, 0.17506246
1.1888963, 0.5677961, 0.17296009
1.211619, -0.028264705, 0.18497102
1.5851763, -0.12845813, 0.20283811
1.4451305, -0.13265446, 0.20132141
1.3326111, -0.1701276, 0.17645448
1.3086832, 0.4492735, 0.17494102
1.4657705, -0.028965134, 0.20239997
1.3088303, -0.19044985, 0.17578863
1.23022, 0.5080793, 0.17506076
1.4259502, -0.045439698, 0.20227595
1.475264, 0.14612962, 0.20179266
1.4895793, 0.33951423, 0.17747492
1.2683747, -0.0706012, 0.18891771
1.5690459, 0.14997582, 0.2025038
1.4709752, 0.0146295, 0.20140639
1.2691218, -0.12978037, 0.18997094
1.4502767, 0.11167949, 0.20128345
1.4930269, -0.14472134, 0.2024092
1.2900714, 0.47013217, 0.18512829
1.4652627, 0.42679468, 0.17954624
1.4492058, 0.3117211, 0.2010348
1.350972, -0.025881799, 0.20234846
1.2099473, 0.25054058, 0.1858448
1.3080399, 0.4096376, 0.17467254
1.4508665, 0.32767567, 0.20072144
1.349812, -0.18410054, 0.18407506
1.2497101, 0.53120655, 0.17368612
1.5740438, 0.41905266, 0.15883766
1.3103709, 0.4705772, 0.1773549
1.4439776, 0.61094326, 0.15294829
1.5212333, 0.24446422, 0.20091629
1.3089657, 0.37197983, 0.1762876
1.4898992, 0.12537797, 0.20157264
1.4458997, -0.14908594, 0.20140597
1.4975307, 0.2842369, 0.17843919
1.269876, -0.18749785, 0.18679732
1.5424016, 0.5061606, 0.18731308
1.1526123, 0.47162992, 0.17192073
1.1946265, 0.05258643, 0.17383628
1.5273699, 0.39011863, 0.17252617
1.5155935, 0.17111754, 0.2016655
1.4132476, 0.2743734, 0.17373906
1.2113464, 0.24967742, 0.17530622
1.2683794, -0.1691741, 0.17582364
1.2504607, 0.37191817, 0.18564576
1.2698885, 0.39071992, 0.18532944
1.5636857, 0.46570414, 0.1720563
1.4090705, -0.11381654, 0.20020452
1.4569664, 0.085227, 0.20118234
1.4345026, 0.17188497, 0.1783434
1.4366074, 0.16632216, 0.20281547
1.5211353, 0.64390665, 0.14788437
1.3604233, -0.1401425, 0.17824559
1.420739, -0.079248704, 0.20350628
1.4113125, -0.040013783, 0.20030186
1.5609883, 0.43083435, 0.17525728
1.4160501, 0.11007874, 0.20056242
1.5500793, 0.5897294, 0.1681194
1.5694339, 0.02474076, 0.20239598
1.3108451, 0.4897203, 0.176422
1.4075147, 0.1649557, 0.20397982
1.551547, 0.011625502, 0.20417708
1.4754853, -0.16418314, 0.18725482
1.5542533, 0.61005, 0.16460857
1.4362476, 0.07153552, 0.20291361
1.4061602, -0.0071555865, 0.17652135
1.3955859, 0.39641654, 0.20078705
1.3211657, 0.027595721, 0.20116761
1.4079345, 0.14362162, 0.1787835
1.3149915, -0.18268757, 0.1860502
1.3462133, 0.15205574, 0.17739904
1.1987379, 0.029721063, 0.18361023
1.4869839, -0.12692903, 0.2014199
1.4840357, 0.32515854, 0.20161177
1.5253354, 0.20023514, 0.20513354
1.2700533, 0.5099871, 0.18533075
1.4861342, 0.18450122, 0.20002863
1.328536, 0.09271065, 0.20094353
1.4949305, 0.6284611, 0.17434523
1.4275874, 0.21012555, 0.2001545
1.5855422, 0.02108994, 0.20080523
1.4352233, 0.034978755, 0.20620674
1.4372545, -0.012676186, 0.20107217
1.5205933, 0.46581805, 0.20186643
1.499899, -0.104021765, 0.20158593
1.2893279, 0.4884609, 0.17674094
1.3061495, 0.02802101, 0.20143746
1.5245149, 0.29714602, 0.20203717
1.5614383, 0.17447296, 0.20448181
1.4669698, 0.4591276, 0.20182915
1.5140887, 0.30878535, 0.20157416
1.2886773, -0.19781828, 0.1775721
1.3319602, -0.080867305, 0.20135184
1.3691629, 0.40992787, 0.18651159
1.3464031, 0.052091997, 0.20080823
1.1362408, 0.5164331, 0.1763935
1.4519502, 0.4074832, 0.20104623
1.3911562, -0.1833249, 0.17699766
1.3116151, -0.12959997, 0.20124428
1.220084, 0.0579697, 0.20360172
1.5400947, 0.388733, 0.20173141
1.412832, 0.062935114, 0.17706925
1.2509696, 0.27098504, 0.17623696
1.3954688, -0.13028818, 0.1799658
1.4351525, -0.10230526, 0.20362145
1.4341763, 0.44140762, 0.20017885
