3.7657428, 0.067825235, 0.8055456
3.7713413, 0.06735714, 0.84878623
3.7909846, 0.07992847, 0.8754301
3.8032215, 0.0753562, 0.87231386
3.7916005, 0.076016344, 0.88990283
3.773151, 0.06593694, 0.86312115
3.7334309, 0.069098435, 1.0911075
3.7770581, 0.07738594, 1.1274236
3.7867608, 0.078067705, 1.111529
3.7761564, 0.07375379, 1.1704761
3.7968953, 0.07501564, 1.1387577
3.805089, 0.07488511, 0.6894017
3.811954, 0.07859687, 0.6413177
3.7848933, 0.070666805, 0.7556744
3.7529993, 0.07160461, 1.2448325
3.7890916, 0.07450958, 1.212371
3.7140183, 0.060650934, 1.1634976
3.7955177, 0.07907495, 1.1541679
3.7923584, 0.07616717, 1.1904864
3.7277193, 0.046638258, 0.79411125
3.790326, 0.072359666, 0.7315613
3.834394, 0.08191641, 1.0901344
3.7855487, 0.07937374, 1.0973209
3.738934, 0.04409275, 0.8833942
3.8023255, 0.073686846, 0.70544565
3.752894, 0.07333058, 1.2308348
3.7532153, 0.056065463, 0.64812326
3.7787836, 0.057903323, 0.6019105
3.7297173, 0.04754391, 0.58864194
3.7142928, 0.050048497, 0.5688439
3.789561, 0.07817517, 1.1693814
3.742235, 0.06245206, 1.0738974
3.7677472, 0.059992127, 0.5900595
3.7652297, 0.069368035, 0.8318051
3.8151104, 0.0804683, 1.122338
3.7911844, 0.08816044, 1.1462901
3.8018155, 0.07734185, 0.7515021
3.76484, 0.06867214, 1.0270271
3.8331223, 0.08916122, 0.6720005
3.8384862, 0.07797656, 0.7109543
3.7666342, 0.06756079, 0.8942592
3.741834, 0.05999138, 1.1024481
3.7256126, 0.044755854, 0.9093926
3.7316797, 0.05484159, 1.1903468
3.7451212, 0.06470115, 1.1098934
3.7516756, 0.065620214, 1.0292447
3.7467065, 0.070076965, 0.6529265
3.7269342, 0.04903845, 0.67658377
3.745153, 0.056084678, 0.67314076
3.7053094, 0.05216533, 0.7110869
3.7256663, 0.054189302, 0.83816344
3.7126133, 0.05067469, 0.67073536
3.8545496, 0.07982054, 0.67552525
3.799164, 0.073498, 0.79737455
3.714643, 0.06282667, 0.7855723
3.7649791, 0.059147708, 0.6910949
3.7617266, 0.031811494, 1.276971
3.8868725, 0.10506843, 0.74589616
3.7338877, 0.07002032, 0.71014047
3.7290187, 0.047536936, 0.69094604
3.7878351, 0.05692342, 0.5269027
3.7073991, 0.053545356, 0.8125083
3.7241244, 0.06831155, 1.1306307
3.71133, 0.051443525, 0.7938918
3.8156416, 0.07858279, 0.8245273
3.7087452, 0.0620023, 1.0524225
3.8288734, 0.07715912, 0.7289351
3.814677, 0.10292062, 1.0763552
3.800961, 0.08203249, 0.79819524
3.7658694, 0.06635624, 0.6308033
3.7267675, 0.06150396, 0.6128155
3.7458968, 0.056957982, 0.7341128
3.7333086, 0.054225363, 0.72941524
3.7069817, 0.0507202, 0.8718569
3.7693012, 0.06714509, 1.0406286
3.830567, 0.07641822, 0.8510381
3.729625, 0.07681465, 1.2294341
3.7031088, 0.046918552, 0.929356
3.8015666, 0.086386785, 1.0518575
3.7863188, 0.08561069, 1.0916976
3.8466773, 0.10567865, 0.7912846
3.7270107, 0.06818547, 0.65128934
3.8036294, 0.07597793, 0.90955055
3.7292132, 0.06883701, 0.91483676
3.7717006, 0.07063872, 1.2713168
3.8518207, 0.08325767, 0.7393065
3.807672, 0.08590907, 0.8105217
3.730658, 0.06849222, 0.9543642
3.7241507, 0.07287838, 1.1149453
3.726492, 0.068636164, 1.2906058
3.7084517, 0.04712023, 0.631455
3.7073772, 0.06461532, 0.75398105
3.7310188, 0.07453568, 1.2076007
3.823644, 0.08393791, 1.062572
3.7716098, 0.07936275, 1.157542
3.708527, 0.056105446, 0.5559789
3.7917452, 0.09814279, 1.1305442
3.7348769, 0.042004738, 0.5045429
3.8797328, 0.0816617, 0.7783347
3.7979364, 0.06333673, 0.61237776
