1.9269357, -0.78455377, 0.106424525
1.872154, -0.78955233, 0.08786507
1.9873137, -0.7661762, 0.15066658
1.889518, -0.76806, 0.13331908
1.9763281, -0.7709291, 0.12908421
1.944406, -0.7650649, 0.16421293
1.9111688, -0.76743394, 0.17514887
1.869057, -0.7693, 0.14956194
1.891855, -0.76815206, 0.17144753
1.9098293, -0.77199847, 0.14869708
1.8489827, -0.7695942, 0.15207145
1.927732, -0.77353764, 0.12856723
2.0090456, -0.76895577, 0.08922541
1.932363, -0.7659582, 0.17433156
1.871289, -0.7692199, 0.18863973
1.8713642, -0.76890135, 0.16875349
1.8517832, -0.7692376, 0.16797872
1.9474974, -0.76999336, 0.14547859
1.8284204, -0.7686018, 0.18809123
1.8113782, -0.7871216, 0.14687075
1.8095526, -0.77629375, 0.17488763
1.7894559, -0.7701738, 0.14995807
1.8726594, -0.76541287, 0.13290426
1.9479555, -0.7834902, 0.11314799
1.7902081, -0.793566, 0.10821201
1.769178, -0.77073544, 0.17097992
1.7942828, -0.79251254, 0.09068894
1.8721817, -0.7772337, 0.09406149
1.8283188, -0.7887603, 0.09005515
1.7545015, -0.7827602, 0.17217886
1.7485452, -0.7878492, 0.15184931
1.7506386, -0.78899556, 0.13034943
1.7710457, -0.7703176, 0.20803805
1.9277651, -0.7856652, 0.094132274
1.7344038, -0.785038, 0.16656457
1.7331712, -0.78844905, 0.1475656
1.7075672, -0.7838335, 0.18676803
1.711838, -0.78256094, 0.1575831
1.7694623, -0.79435146, 0.10751932
1.8258692, -0.76720256, 0.16934118
1.7738451, -0.7913091, 0.14584902
1.9708341, -0.74908435, 0.16701254
2.0147705, -0.77106774, 0.10775459
1.8725576, -0.7847955, 0.14042191
1.9280733, -0.77137864, 0.15225662
2.007558, -0.7531462, 0.18979156
1.786097, -0.78660345, 0.14767413
1.9461783, -0.7671919, 0.11300256
1.8092833, -0.78859776, 0.10891191
1.7742678, -0.79508305, 0.08815064
1.7874624, -0.7677616, 0.19198447
1.7327574, -0.78677154, 0.13488315
1.8702639, -0.78911287, 0.10958786
1.750694, -0.7910924, 0.10620614
1.8300078, -0.78418636, 0.14858346
1.7884266, -0.76465595, 0.1708286
1.9508075, -0.7723698, 0.1305921
1.7696607, -0.7718852, 0.1889258
1.9935508, -0.7523947, 0.20798606
1.8492144, -0.7864362, 0.13204698
1.903657, -0.7653579, 0.19334538
1.9668932, -0.76396924, 0.17196041
1.9497937, -0.7613001, 0.19333452
2.0084143, -0.7472699, 0.17026672
1.9916375, -0.75086963, 0.16896957
2.0273516, -0.772707, 0.11125945
1.8266437, -0.78057677, 0.16628514
1.8872874, -0.78547573, 0.13272852
1.7668098, -0.7913828, 0.12487316
2.0448809, -0.75959235, 0.17929381
1.9100842, -0.7517237, 0.19078644
1.731964, -0.77110445, 0.1900222
1.8703108, -0.7890976, 0.069805175
1.7576941, -0.79477787, 0.0786805
1.7405531, -0.78195053, 0.1927844
1.7806654, -0.8024315, 0.08870615
1.9918188, -0.7660591, 0.11220153
2.0051303, -0.7660825, 0.14473823
1.8376671, -0.76477563, 0.1548662
1.9937574, -0.7516182, 0.1913191
1.974606, -0.7483668, 0.19115213
1.8154297, -0.77873623, 0.11438316
1.8098234, -0.7950695, 0.08740803
1.8200173, -0.78555715, 0.12538415
2.0310593, -0.7584341, 0.18704893
2.0346327, -0.7705981, 0.12549122
1.8009348, -0.78285813, 0.16254902
1.9936734, -0.77047527, 0.13095376
1.8898493, -0.7871992, 0.114876404
1.9689252, -0.76659393, 0.1527431
1.9100338, -0.75108004, 0.16932723
1.8945833, -0.7705057, 0.15352441
1.9708173, -0.7533216, 0.20689364
