3.744483, 0.32798916, 0.22379999
3.7095888, 0.31005362, 0.2296707
3.7729018, 0.30676356, 0.23069975
3.7469056, 0.29050818, 0.25379795
3.7316728, 0.2768378, 0.27233005
3.7288222, 0.32558447, 0.21618386
3.7295394, 0.30387512, 0.23237589
3.7776985, 0.29491058, 0.25483075
3.7069829, 0.3268347, 0.21195285
3.7523792, 0.2992397, 0.23812246
3.8086853, 0.30742252, 0.24242014
3.788736, 0.28392035, 0.25464392
3.7296286, 0.25233972, 0.27714145
3.7751071, 0.24294743, 0.28877255
3.698428, 0.24572814, 0.28876966
3.7529914, 0.24642767, 0.28239024
3.7257214, 0.240827, 0.28703877
3.787134, 0.35665563, 0.17820963
3.7855606, 0.3485106, 0.19484517
3.7074041, 0.37294284, 0.17214872
3.734694, 0.34970003, 0.1841996
3.7288547, 0.23300746, 0.306304
3.7495098, 0.21297264, 0.31347573
3.7698216, 0.22888105, 0.30468833
3.765162, 0.3896771, 0.15769124
3.7241433, 0.1958547, 0.33410203
3.7537754, 0.20608488, 0.33174294
3.7336593, 0.21109734, 0.32695374
3.7614572, 0.18825892, 0.3374886
3.7685673, 0.43010274, 0.1306416
3.767252, 0.41562006, 0.1414397
3.7476778, 0.41773015, 0.13392666
3.7277699, 0.16948968, 0.34960088
3.7346935, 0.1695222, 0.37260842
3.7830799, 0.18239252, 0.344505
3.811044, 0.1907782, 0.3522829
3.8070664, 0.17819479, 0.35070726
3.7547865, 0.14711374, 0.38420963
3.7311647, 0.15331186, 0.37018713
3.7827134, 0.1477457, 0.37295765
3.8343232, 0.18166913, 0.36872193
3.767878, 0.12427379, 0.3918203
3.7897394, 0.12521134, 0.41302937
3.7927623, 0.121791154, 0.39832422
3.8069713, 0.11591104, 0.40870413
3.822514, 0.09629946, 0.43328345
3.811549, 0.073019855, 0.44705153
3.7669148, 0.08140187, 0.44818836
3.8614008, 0.11059662, 0.42087552
3.8273294, 0.13792585, 0.38716123
3.7896361, 0.2983534, 0.23859143
3.7803257, 0.34976566, 0.20803627
3.8057613, 0.20935786, 0.3231761
3.6929398, 0.3320017, 0.19212894
3.6851435, 0.35320127, 0.18454738
3.8052757, 0.246854, 0.27768153
3.8325133, 0.19160293, 0.33423805
3.7722695, 0.14699724, 0.3768615
3.8503969, 0.11383369, 0.40878713
3.7468352, 0.18885906, 0.35046074
3.7855344, 0.28551933, 0.26708674
3.810791, 0.2694702, 0.26625738
3.7216508, 0.28608733, 0.25056452
3.836672, 0.23184419, 0.32312173
3.8268278, 0.34964314, 0.20449744
3.7459474, 0.26583007, 0.25480202
3.8319216, 0.20801692, 0.33933067
3.8076706, 0.14545134, 0.37945363
3.870298, 0.14485957, 0.39856896
3.7176797, 0.3509777, 0.2027027
3.8006768, 0.38658458, 0.15836899
3.710682, 0.3525, 0.1760829
3.7586105, 0.060623728, 0.4768787
3.7263343, 0.4046004, 0.14805605
3.851618, 0.2374601, 0.31788048
3.8305078, 0.3258287, 0.21266247
3.8462305, 0.16613488, 0.37847698
3.771931, 0.42562166, 0.15032616
3.789849, 0.2519942, 0.2849949
3.766475, 0.2534011, 0.278332
3.7850573, 0.14699876, 0.39389914
3.790319, 0.39793035, 0.14651643
