1.7268778, 2.4582863, 0.07195506
1.7129015, 2.4476883, 0.11184096
1.7094011, 2.4578247, 0.0673727
1.7501289, 2.468867, 0.0685896
1.7268956, 2.4514544, 0.09087453
1.7373796, 2.461496, 0.088278286
1.7500494, 2.482299, 0.04396031
1.690671, 2.458218, 0.054762524
1.718599, 2.4735708, 0.047241725
1.7664073, 2.4485488, 0.11006716
1.7880154, 2.4545374, 0.12050206
1.7722471, 2.470532, 0.11050688
1.7882297, 2.4753914, 0.13158986
1.665682, 2.436132, 0.13414991
1.7547139, 2.4680126, 0.12657385
1.7269868, 2.450815, 0.1269082
1.6911719, 2.4460063, 0.11176889
1.6754289, 2.4446256, 0.09022202
1.6545314, 2.4476955, 0.06900352
1.7697806, 2.4724796, 0.12719712
1.6294775, 2.43334, 0.10984736
1.6286587, 2.4314497, 0.08958386
1.6268802, 2.432128, 0.12535913
1.6481309, 2.4360714, 0.089821436
1.6469593, 2.4315689, 0.11011782
1.6327547, 2.45169, 0.047657885
1.614263, 2.4473698, 0.053088434
1.7314823, 2.453993, 0.10822437
1.6078682, 2.4263947, 0.11282489
1.5910718, 2.4239457, 0.11339661
1.5932456, 2.4278896, 0.08497921
1.5733063, 2.4311283, 0.049870223
1.5907733, 2.442636, 0.051220328
1.6126978, 2.4472232, 0.029568553
1.5681051, 2.4264553, 0.10932669
1.5475179, 2.426658, 0.065789305
1.5309598, 2.4102602, 0.115446486
1.6273599, 2.4544098, 0.030699918
1.5718662, 2.4169524, 0.08727142
1.5467725, 2.4099965, 0.102978185
1.5699353, 2.4246626, 0.06804674
1.6306485, 2.4410024, 0.06550254
1.5342064, 2.4116814, 0.093072176
1.667575, 2.4542828, 0.057267006
1.5312036, 2.4122243, 0.07146725
1.6103638, 2.4414117, 0.072670475
1.6394032, 2.440406, 0.11522039
1.7693754, 2.4770164, 0.05310061
1.5919948, 2.4334211, 0.12219777
1.6916386, 2.4484668, 0.12768069
1.7574856, 2.462006, 0.11076505
1.6126069, 2.4324517, 0.070555106
1.5378753, 2.4226906, 0.07765438
1.652709, 2.4645212, 0.036488608
1.7682133, 2.4685764, 0.06918439
1.5931927, 2.4367752, 0.052594956
1.6523049, 2.4424155, 0.09407026
1.7647463, 2.4809978, 0.030355977
1.6516471, 2.445557, 0.110905066
1.7655246, 2.4528842, 0.091517314
1.6813879, 2.436101, 0.08718601
1.5714467, 2.4276993, 0.08838421
1.5685658, 2.4442239, 0.032713324
1.7081708, 2.4515057, 0.091402255
1.6065074, 2.4283912, 0.091315605
1.7889329, 2.482252, 0.04350315
1.7405671, 2.4564362, 0.12554173
1.726363, 2.4602334, 0.10673542
1.6068859, 2.4322867, 0.12587751
1.7927423, 2.459147, 0.10187909
1.6694268, 2.4456267, 0.07733044
1.7839382, 2.477209, 0.06289901
1.7883111, 2.4677944, 0.08171854
1.653143, 2.453375, 0.12254517
1.6304659, 2.4366088, 0.073416755
1.5525293, 2.4138381, 0.08886636
1.7515762, 2.481606, 0.028618572
1.801268, 2.4831536, 0.039316863
1.7457715, 2.450197, 0.14356838
1.5525016, 2.4314084, 0.047055263
