3.7041588, 0.04870106, 1.549458
3.725038, 0.05319173, 1.512153
3.7482462, 0.06412476, 1.5694946
3.730515, 0.06288645, 1.5974443
3.7707806, 0.069234736, 1.4920976
3.7263258, 0.054882124, 1.4913797
3.7350423, 0.075098604, 1.4802976
3.7444363, 0.055489816, 1.4697576
3.741367, 0.07942388, 1.6124854
3.6897993, 0.049959816, 1.6103785
3.7254202, 0.05971529, 1.6388677
3.729159, 0.07171677, 1.628449
3.7719347, 0.08847234, 1.4530092
3.7700467, 0.08474459, 1.4691975
3.7246823, 0.05572909, 1.4530882
3.7286508, 0.06750238, 1.4307766
3.7519317, 0.09001261, 1.6473757
3.7212732, 0.058817178, 1.6526276
3.6854558, 0.0492871, 1.6528398
3.7480028, 0.09476805, 1.6678658
3.724201, 0.047060095, 1.4090722
3.6996367, 0.03492101, 1.4281557
3.6957033, 0.056466345, 1.4259957
3.720347, 0.048883114, 1.3955411
3.6726823, 0.045227047, 1.6934608
3.7696872, 0.07818845, 1.3869547
3.7322156, 0.059543315, 1.3724916
3.7627106, 0.07977097, 1.3734509
3.7696857, 0.09252351, 1.3559136
3.707864, 0.0483233, 1.3311431
3.6962025, 0.032444227, 1.3585479
3.7606182, 0.068874724, 1.300723
3.7294636, 0.06791462, 1.3129004
3.7227252, 0.052347235, 1.2827494
3.7103612, 0.049847838, 1.3107101
3.7135594, 0.049236856, 1.2932845
3.7942379, 0.10309845, 1.2892189
3.769171, 0.06957451, 1.2857301
3.7216978, 0.047811028, 1.2601517
3.7100124, 0.05169089, 1.2719661
3.7106771, 0.04992907, 1.2441194
3.7314715, 0.052210346, 1.2452352
3.7259219, 0.049056, 1.2137125
3.7510347, 0.07218456, 1.2093936
3.743262, 0.08095501, 1.1855782
3.7521434, 0.077809066, 1.1671455
3.748047, 0.07622028, 1.1889496
3.7104948, 0.050081804, 1.1495112
3.752268, 0.08699171, 1.1277398
3.7276368, 0.05677243, 1.1185379
3.7106357, 0.048412733, 1.1282878
3.7299438, 0.0716153, 1.6880115
3.6926053, 0.050259348, 1.5894775
3.6994183, 0.031451136, 1.4831126
3.7097676, 0.046359207, 1.3480086
3.6931233, 0.04996425, 1.6883302
3.7319272, 0.07042755, 1.2686851
3.7877111, 0.09412914, 1.36753
3.7760952, 0.09500919, 1.3289816
3.721793, 0.050091192, 1.0902424
3.7257884, 0.055655174, 1.1329554
3.753654, 0.0909335, 1.21409
3.7906384, 0.09036902, 1.4996027
3.7783556, 0.10135378, 1.3120204
3.709007, 0.046075482, 1.3682048
3.7245584, 0.05730253, 1.428838
3.7295442, 0.061285764, 1.408097
3.7323208, 0.0722577, 1.7300222
3.7279837, 0.048998803, 1.0535079
3.7511013, 0.0669923, 1.0582865
3.6841798, 0.054363158, 1.7446697
3.7292874, 0.06686199, 1.7711078
3.7125444, 0.08395645, 1.7531135
3.7084355, 0.047683135, 1.0037006
3.7349358, 0.060569793, 1.0025262
3.7467124, 0.069875315, 1.0150732
3.6769562, 0.05281643, 1.7831905
3.7057953, 0.04206089, 0.96754277
3.722574, 0.030390358, 0.99451107
3.739762, 0.055189323, 0.9724333
3.7567692, 0.07035844, 0.9705302
3.7601097, 0.07400417, 0.9700993
3.7948694, 0.0973832, 1.0127401
3.693122, 0.04903039, 1.837152
3.7447877, 0.05614317, 0.9569467
3.6992779, 0.042990252, 0.94389194
3.7135205, 0.045793377, 0.9499184
3.750831, 0.070395604, 0.94236475
3.7409673, 0.058950756, 0.9288043
3.766803, 0.07231665, 0.95400846
3.7745092, 0.0731372, 0.92306334
3.8085897, 0.09929556, 0.9882309
3.7167935, 0.063297756, 1.8744316
3.6757903, 0.0514957, 1.8506761
3.674923, 0.049907397, 1.8676641
3.7070181, 0.050718192, 1.8277591
3.766678, 0.07199775, 0.909736
3.7111049, 0.047283806, 0.91267914
3.787969, 0.096141025, 0.9096328
3.7043273, 0.046548944, 1.8829377
3.6890755, 0.053929593, 1.9089068
3.7122645, 0.04903179, 0.888834
3.723151, 0.046478096, 0.8725662
3.6826885, 0.06318669, 1.9498094
3.7114038, 0.050354593, 0.82945824
3.68946, 0.052146442, 1.9897051
3.6883814, 0.051807262, 1.9692241
3.7129893, 0.072312996, 1.9738175
3.7100093, 0.07286755, 2.0294852
3.7143826, 0.06415039, 2.0072525
3.687856, 0.05113727, 2.008669
3.7287621, 0.07347421, 2.0108383
3.7283103, 0.06500789, 1.9879316
3.7144322, 0.07029128, 2.0524058
3.7044575, 0.064829655, 2.070365
3.7264214, 0.07099268, 2.0308337
3.7268996, 0.07509667, 2.0741258
3.7209337, 0.07944523, 2.0452368
3.7083268, 0.050255023, 2.0734687
3.750002, 0.08976565, 2.005729
3.772081, 0.08779989, 2.0315137
3.6737554, 0.04978322, 2.0726428
3.6941476, 0.051281903, 2.0916224
3.7579327, 0.098996505, 2.0613718
3.733788, 0.07525329, 2.0892458
3.7063446, 0.04926963, 2.0868125
3.7260098, 0.06117656, 2.1015992
3.7104473, 0.07130071, 2.1112423
3.7771657, 0.098495424, 2.0685997
3.724325, 0.09070515, 2.0697837
3.7921531, 0.09117177, 1.3124568
3.7866511, 0.075016506, 0.9353545
3.731904, 0.06467696, 0.98997986
3.7516913, 0.094894096, 1.8112322
3.7080655, 0.04960937, 1.1749126
3.7110155, 0.044400472, 2.106019
3.7657192, 0.06920865, 0.9905317
3.7258263, 0.04623067, 0.84580445
3.7078042, 0.050393287, 1.53092
3.7870243, 0.096847236, 2.0842907
3.6932812, 0.049534928, 2.0325665
3.7365239, 0.092174694, 2.128987
3.7127492, 0.05136883, 1.106599
3.7561378, 0.06561964, 0.92584616
