1.1862525, 2.4089599, 1.4075553
1.1862442, 2.4129205, 1.431473
1.1473606, 2.409302, 1.4371269
1.1905594, 2.409791, 1.4469889
1.1712344, 2.4146063, 1.4541562
1.1782244, 2.397481, 1.3739834
1.1871794, 2.4080286, 1.367789
1.1789184, 2.408778, 1.3924277
1.1949383, 2.4075506, 1.3898432
1.1743736, 2.410306, 1.431699
1.1798713, 2.418838, 1.4062
1.1753801, 2.4206135, 1.4455804
1.1868994, 2.403195, 1.4754863
1.1744765, 2.4272485, 1.4728324
1.1706502, 2.4218416, 1.4919322
1.1717559, 2.4151173, 1.491647
1.1793575, 2.3948898, 1.3595163
1.188869, 2.4043183, 1.330949
1.1476907, 2.375649, 1.3497348
1.1745064, 2.4078557, 1.327777
1.1728089, 2.409869, 1.3494179
1.152546, 2.3981843, 1.3566401
1.1844263, 2.422636, 1.5098678
1.1643162, 2.4091759, 1.5122076
1.1626413, 2.4129431, 1.5335578
1.1878407, 2.4049528, 1.5314136
1.1580182, 2.3906763, 1.2985139
1.1646507, 2.4335194, 1.5572243
1.1751038, 2.460458, 1.5323468
1.1561701, 2.3982048, 1.5486617
1.1542073, 2.40466, 1.5726023
1.1813115, 2.4369168, 1.5791526
1.177742, 2.400776, 1.2730641
1.1874157, 2.3793705, 1.2628818
1.1679301, 2.4082997, 1.2557975
1.1729159, 2.466275, 1.5620785
1.1667897, 2.4528928, 1.582313
1.174758, 2.4045682, 1.5904868
1.1744132, 2.4081247, 1.6167747
1.1543251, 2.4200246, 1.6043961
1.1540723, 2.4194415, 1.6122745
1.1704159, 2.4034276, 1.2265116
1.2199863, 2.4044607, 1.250335
1.1774688, 2.4241443, 1.2124867
1.2079382, 2.406466, 1.2329763
1.1450826, 2.3949807, 1.6317272
1.1480244, 2.401438, 1.6220717
1.1836749, 2.4103115, 1.6315919
1.144971, 2.3991094, 1.6413907
1.188144, 2.3788965, 1.6290735
1.1795372, 2.4013102, 1.1859059
1.1905247, 2.4080496, 1.1693332
1.173421, 2.4109247, 1.6749129
1.1383877, 2.401765, 1.6993781
1.1697675, 2.4120386, 1.6901791
1.1689601, 2.3920562, 1.1879209
1.190129, 2.4118085, 1.132577
1.1894941, 2.4206805, 1.69032
1.1695746, 2.4129353, 1.7084022
1.1798948, 2.3973694, 1.7088746
1.1863724, 2.4213593, 1.7098958
1.110717, 2.4222312, 1.7352712
1.1412656, 2.4267, 1.7295252
1.1725283, 2.4114192, 1.7350397
1.1796052, 2.4050896, 1.1028823
1.1806597, 2.461915, 1.719129
1.191332, 2.4117877, 1.7553777
1.1311699, 2.3973732, 1.7474394
1.1797853, 2.3917124, 1.075235
1.185468, 2.424719, 1.799117
1.1182193, 2.3974109, 1.7888112
1.1715205, 2.4222655, 1.8112923
1.1712953, 2.4307292, 1.8300472
1.1277186, 2.426645, 1.8371761
1.1675354, 2.42292, 1.8528987
1.0865743, 2.3663332, 1.7539518
1.1264408, 2.3596163, 1.6209776
1.139812, 2.3670564, 1.3400714
