1.8313239, 2.690845, 0.053800117
1.8481486, 2.692506, 0.057000093
1.867693, 2.6682043, 0.05761355
1.8309516, 2.7110896, 0.05642233
1.8101206, 2.7132988, 0.057477087
1.8545316, 2.729146, 0.055336274
1.8972727, 2.711542, 0.053857025
1.8561418, 2.7499352, 0.06262608
1.8258535, 2.7699854, 0.057264198
1.8774717, 2.7658987, 0.05057532
1.8122705, 2.751365, 0.051767655
1.8918215, 2.6928575, 0.05458466
1.8369536, 2.7964752, 0.05741567
1.8725711, 2.7907627, 0.055412345
1.8958415, 2.8150067, 0.052395556
1.8905996, 2.790255, 0.05020092
1.8921824, 2.8286872, 0.051399138
1.905715, 2.8537953, 0.0511963
1.9114456, 2.8378973, 0.055363383
1.93356, 2.792459, 0.05517962
1.9287468, 2.7722883, 0.05397831
1.927623, 2.8755417, 0.05025654
1.8864146, 2.9186444, 0.051384807
1.9267161, 2.907127, 0.05074443
1.9512087, 2.9307868, 0.05040186
1.9332232, 2.935311, 0.052976705
1.9664084, 2.8634045, 0.05305305
1.9096082, 2.9450955, 0.04988291
1.9894117, 2.9287705, 0.04803928
1.9544847, 2.9729772, 0.047414184
1.9129504, 2.9756718, 0.051923707
1.9887223, 2.8933017, 0.04858929
2.0101101, 2.9485676, 0.05115275
1.9263895, 3.0073755, 0.05097864
2.023633, 2.9905663, 0.046828173
1.9793236, 3.030295, 0.04931745
2.030455, 3.0135775, 0.04788798
1.9877919, 3.0077622, 0.03875057
2.0007613, 3.0368948, 0.039591916
2.0511665, 3.0499403, 0.04679017
2.068986, 3.0740933, 0.047178272
2.00337, 3.0831277, 0.043020383
2.0843797, 3.110136, 0.045997404
2.044555, 3.1342278, 0.038322054
2.0521536, 3.16594, 0.03937687
2.0299087, 3.168412, 0.046505053
2.0042608, 3.1887488, 0.03852338
2.0510616, 3.2059755, 0.044148747
1.9503258, 2.8308442, 0.054638684
2.0479412, 3.0120354, 0.04882936
1.9114282, 2.751539, 0.053453043
2.0073588, 3.0545173, 0.049974985
2.076693, 3.208904, 0.033919852
2.1133325, 3.1643584, 0.03400292
1.906793, 2.7326696, 0.056966163
2.168909, 3.29201, 0.03961554
2.1889713, 3.3272383, 0.039664634
2.1993222, 3.3539376, 0.04703788
2.207478, 3.366452, 0.038357493
2.1572697, 3.4386456, 0.053989414
2.1307082, 3.3697317, 0.04842288
2.024618, 3.2402103, 0.0471956
2.0286167, 3.1411698, 0.035875466
2.1308036, 3.3306825, 0.046361893
1.8873209, 2.8478532, 0.049244966
2.1089272, 3.30686, 0.03788527
1.9977767, 3.0720565, 0.038740616
2.2275121, 3.4276133, 0.04579947
2.0690742, 3.3461986, 0.04721095
1.7972713, 2.6134152, 0.055748902
1.8256526, 2.6343317, 0.052734997
1.769979, 2.6478536, 0.05428326
2.2507281, 3.4724638, 0.042695004
1.7288523, 2.6703184, 0.053358812
1.7283713, 2.6525354, 0.050967813
1.7114203, 2.6313648, 0.05116997
1.7327249, 2.6909957, 0.055436634
1.75285, 2.7244205, 0.052690737
1.7513307, 2.7537699, 0.053575814
1.7766535, 2.7872386, 0.05196019
1.7916399, 2.8323815, 0.053426847
1.7234482, 2.8083515, 0.04988361
1.8080368, 2.8635511, 0.051710412
1.7096442, 2.7911105, 0.05159652
1.7333367, 2.8517754, 0.048324093
1.9900597, 3.1550267, 0.03889633
2.087214, 3.3884897, 0.044384625
2.0784552, 3.0909321, 0.038568698
2.0929973, 3.1857104, 0.0501051
2.0500379, 3.09097, 0.046193413
1.9913839, 2.9527488, 0.05023019
1.8719225, 2.703044, 0.05724994
1.9690748, 2.8935688, 0.053202
2.0293055, 3.0273902, 0.0498375
1.89196, 2.745211, 0.06338777
1.8239654, 2.671599, 0.054736495
1.9521695, 2.8706236, 0.05097005
2.1506705, 3.2285218, 0.03557938
1.9712152, 2.9699893, 0.046390794
1.9721743, 3.0135903, 0.03686945
1.852146, 2.6520727, 0.056508105
1.9250153, 2.8081765, 0.055165265
2.032992, 3.0533733, 0.05131513
2.0710561, 3.1149447, 0.048784446
2.272131, 3.412055, 0.04805358
1.7020725, 2.845621, 0.05114143
2.2146287, 3.3919778, 0.045796797
2.1841528, 3.2263687, 0.03159296
2.2890596, 3.4542797, 0.05075121
1.6860473, 2.8139508, 0.04300615
1.746472, 2.8707774, 0.053672064
1.6883448, 2.8696852, 0.048629083
2.2515793, 3.3762407, 0.051442154
1.6918547, 2.885122, 0.04962481
1.7255234, 2.9110656, 0.05072447
1.6460725, 2.8674846, 0.051004972
1.7081919, 2.9064305, 0.052657142
1.6484522, 2.914656, 0.04614428
1.6275736, 2.849927, 0.048878163
1.7155901, 2.945045, 0.047323346
1.8901902, 2.8740306, 0.053274002
1.8471617, 2.8264866, 0.056076758
2.1279109, 3.2138, 0.046415947
2.0769265, 3.3061004, 0.044961542
1.8110844, 2.6926615, 0.050582588
1.7869058, 2.6659074, 0.055464413
2.1163387, 3.39817, 0.055925056
1.7965196, 2.6513336, 0.049166854
1.8055718, 2.6714206, 0.051504966
2.0517187, 3.2430897, 0.043205798
1.8558218, 2.795712, 0.055177335
2.1069505, 3.2766032, 0.03454303
1.9528451, 3.0702045, 0.050340634
1.9072841, 2.9120216, 0.049314726
1.870249, 2.8926344, 0.04910999
1.6739475, 2.8363512, 0.044971548
1.8459338, 2.7708228, 0.05324983
1.8672414, 2.823093, 0.05128876
2.0023673, 3.1317115, 0.046032824
1.7939916, 2.6986365, 0.053540494
1.9828628, 3.0838141, 0.03687995
1.9679285, 3.049644, 0.038528595
1.7070872, 2.6536806, 0.054868307
1.7857373, 2.6299698, 0.050111443
1.7131889, 2.6713932, 0.053836156
1.7635331, 2.807899, 0.05434385
1.7754266, 2.8469048, 0.056863382
1.7297194, 2.9656482, 0.05208955
1.7316593, 2.7338502, 0.051442094
1.6303496, 2.887443, 0.049214553
2.1700842, 3.3473225, 0.056513023
1.7110426, 2.7071223, 0.05425088
1.692973, 2.6102326, 0.048493635
2.0083077, 2.9406698, 0.036915354
1.6295912, 2.8504758, 0.037395388
1.6326272, 2.7827146, 0.046877667
1.8077309, 2.9096406, 0.056875437
1.7964227, 2.8904543, 0.052486736
1.8702495, 2.8716347, 0.045100357
1.6268194, 2.8087025, 0.047413215
1.6052992, 2.8033774, 0.050908316
2.1051145, 3.3726647, 0.048023004
1.7702862, 2.8340564, 0.054992314
1.6740261, 2.9476542, 0.04543858
1.7866639, 2.8099558, 0.052592885
1.670226, 2.6662285, 0.05051832
1.6737306, 2.6862388, 0.05426585
1.6900933, 2.7334204, 0.053010844
1.6645318, 2.728553, 0.047602072
1.6328306, 2.7472205, 0.05057504
1.6718878, 2.9804542, 0.043461777
1.6291034, 2.6519, 0.049133647
1.6305133, 2.690425, 0.048841532
1.6303344, 2.7117076, 0.052431643
1.6107522, 2.5923285, 0.04297663
1.6079717, 2.7257543, 0.05279654
1.6120701, 2.6505315, 0.049928725
1.5892715, 2.6857567, 0.04183295
1.5513829, 2.5766997, 0.050803516
1.5694265, 2.5508485, 0.053431053
1.8258855, 2.8548393, 0.05184553
2.124672, 3.1896257, 0.03844649
1.8684257, 2.9730275, 0.05404477
1.8680869, 2.951157, 0.049444806
2.1340592, 3.1839006, 0.043945715
2.1109054, 3.1387348, 0.05332139
1.9514316, 3.1642852, 0.034834962
1.8511277, 2.928431, 0.047812484
1.9201517, 2.7179105, 0.058722347
1.9406191, 3.0407503, 0.049399212
2.233712, 3.389897, 0.04681855
2.0122454, 2.9252279, 0.049035497
1.8068688, 2.8104858, 0.049225852
1.9688822, 3.1935105, 0.037021764
1.8290002, 2.8889377, 0.053366214
1.7310295, 2.6303165, 0.052702416
1.9852964, 2.8562522, 0.05703901
1.9284608, 2.7485619, 0.056625187
1.6103194, 2.6083314, 0.04730288
1.6950347, 2.6489148, 0.053176183
1.7838356, 2.7472458, 0.05586672
1.7249842, 2.603663, 0.054219864
1.910198, 3.0870652, 0.043016028
1.9356499, 2.9767864, 0.045683738
2.0118003, 2.8939548, 0.05051551
1.9656487, 2.8122728, 0.04989699
2.071663, 3.0464745, 0.0468529
2.2678304, 3.4737449, 0.047907807
1.8497162, 2.9784942, 0.052506857
1.9093416, 3.1707668, 0.03092949
1.9328082, 3.1686132, 0.032545287
1.9927309, 3.3277278, 0.036037378
1.952721, 3.23376, 0.030929612
1.9704325, 3.2290046, 0.035419576
2.137806, 3.078761, 0.04386664
1.8949677, 3.093731, 0.035872683
1.9117701, 3.1259727, 0.03571728
1.8723607, 3.090074, 0.044412248
1.8720143, 3.0657992, 0.03529374
1.8892071, 3.0705814, 0.034456424
1.8478554, 3.0240462, 0.044945844
1.894073, 3.1489692, 0.025524242
1.9117607, 3.2041268, 0.03149714
1.9923627, 3.2848186, 0.043892
1.9686962, 3.2595873, 0.035121452
1.950797, 3.2664063, 0.03284296
1.9306028, 3.235472, 0.03355956
1.8352396, 3.1058574, 0.034540914
1.8835965, 3.22675, 0.038953777
1.895391, 3.2663426, 0.036418397
1.8652656, 3.1756432, 0.030854343
1.8753419, 3.2032325, 0.0336962
1.630796, 2.8695164, 0.045812074
1.8118392, 2.8879726, 0.051971585
1.6422627, 2.9718885, 0.056233883
2.1899662, 3.449943, 0.045321435
1.6714193, 2.9362447, 0.035386667
1.6620915, 2.9642115, 0.037261747
2.2173598, 3.298959, 0.048967347
1.7663058, 2.631009, 0.048970606
1.6537957, 2.783238, 0.047688972
2.1130748, 3.2910218, 0.049626157
1.909851, 3.051392, 0.044676375
1.8081713, 3.0378315, 0.03801663
1.8902909, 2.7724118, 0.06486812
2.07275, 3.153204, 0.049625654
1.9450727, 2.9131598, 0.04619098
1.9751139, 3.0758927, 0.03908079
1.8626051, 2.7342682, 0.053949848
2.048288, 3.1549683, 0.04921573
2.0432415, 2.991776, 0.046877258
1.8552411, 2.8006434, 0.047051143
1.9935054, 3.03263, 0.044802364
1.8306932, 2.7358234, 0.05571901
2.0533485, 3.1315212, 0.045192454
2.1691132, 3.4107168, 0.044075143
2.0207765, 3.1803958, 0.03485104
1.879588, 2.8567665, 0.046216168
2.0131814, 3.2247608, 0.035614934
2.0278075, 3.1078782, 0.03786733
1.9875867, 3.0976083, 0.04732866
1.9498515, 3.0091538, 0.04459048
2.1552129, 3.3279529, 0.048787087
1.8324983, 3.2115896, 0.034969978
1.6023388, 2.9824126, 0.04473873
1.7046268, 3.034392, 0.045831185
1.7508957, 3.0431716, 0.038632683
1.8151329, 3.2334983, 0.039134327
1.8108375, 3.21096, 0.03320735
1.6164187, 3.0325775, 0.033504315
1.5952961, 2.967929, 0.045529865
1.6893493, 3.0665007, 0.035092354
1.7214973, 3.076217, 0.038296945
1.6257958, 3.0632868, 0.033047546
1.7141542, 3.1189113, 0.036979876
1.7262135, 3.1521933, 0.03268424
1.7867272, 2.7747939, 0.05485753
1.9479173, 2.7937136, 0.056613088
1.8288488, 3.079324, 0.031450015
1.7500396, 2.6737127, 0.050236806
2.0275643, 2.9532847, 0.04779811
1.912463, 3.075293, 0.045513965
1.7578348, 2.7154202, 0.058703963
1.8723172, 3.0114737, 0.050989233
2.27139, 3.4538364, 0.050209656
1.9345559, 3.1899862, 0.036476493
1.9827844, 2.8633614, 0.047970153
1.9509828, 3.1551685, 0.037708208
2.0905583, 3.248536, 0.04648134
1.8260496, 2.6528816, 0.05716511
2.1026375, 3.1152864, 0.042284336
2.1700559, 3.229835, 0.052967563
2.0083218, 2.9196272, 0.04856997
1.7728696, 2.7505467, 0.052590873
1.7081403, 3.072461, 0.04397451
2.1631808, 3.2550545, 0.042912588
1.9540036, 3.1995013, 0.032972608
1.81302, 2.828583, 0.052201856
2.198645, 3.426671, 0.05580099
1.968406, 2.8332644, 0.049254913
1.910307, 2.7141306, 0.056601994
2.2014205, 3.3259048, 0.039746154
1.7499504, 2.6914427, 0.057061538
2.1307704, 3.1556988, 0.03707154
1.927537, 3.1258695, 0.035844974
1.7096919, 2.6123002, 0.04968909
2.1444426, 3.2156987, 0.04539247
2.0090084, 3.326273, 0.03703008
2.0509834, 3.243909, 0.03646186
1.9860461, 3.259397, 0.035340812
2.209545, 3.2734747, 0.048470773
2.2219841, 3.255689, 0.05752976
2.2508698, 3.3327441, 0.056389425
1.6918037, 2.8284943, 0.049939185
2.2455125, 3.3024807, 0.05185837
1.8893404, 2.951403, 0.048244003
2.0911334, 3.344394, 0.039808366
1.9627393, 2.7370415, 0.05806981
2.152717, 3.1287715, 0.05350964
2.0183134, 2.8511438, 0.055107716
1.7341238, 2.9480226, 0.048199587
1.9340284, 3.051575, 0.0445109
1.6840918, 2.7971587, 0.052447647
2.0067406, 3.2260218, 0.04230189
1.7481694, 2.9870503, 0.04669105
1.7732584, 2.6735291, 0.05187051
2.3292181, 3.450574, 0.052428268
1.8186138, 2.7709033, 0.057899028
1.8323982, 2.8028977, 0.054664973
2.3089943, 3.4307706, 0.043778207
1.7744968, 2.6105793, 0.054007147
2.1389737, 3.0997484, 0.05145849
1.905964, 2.986336, 0.05132652
1.7123559, 2.8875062, 0.050447777
2.092243, 3.092159, 0.037235215
1.6663067, 2.750591, 0.048072048
1.645198, 2.6887598, 0.05197948
1.8497708, 2.8664312, 0.047447868
2.0799806, 2.9772067, 0.049779367
2.060082, 2.937618, 0.055353034
1.9745111, 3.1487637, 0.043518852
1.5917832, 2.58584, 0.046393767
1.9662894, 3.1314356, 0.033252124
2.0658548, 3.009121, 0.05286833
2.0080147, 2.8288524, 0.05160921
1.6471108, 2.714261, 0.056199282
2.2233014, 3.368847, 0.036602817
2.2469926, 3.425664, 0.04919256
2.2090867, 3.228053, 0.05357287
2.046745, 2.9097612, 0.054413512
1.9872648, 2.7882085, 0.05964699
2.1536393, 3.2663913, 0.0345768
2.3179874, 3.4686325, 0.04564569
1.748357, 2.606461, 0.050157133
1.8545988, 2.9552147, 0.0471078
2.2885773, 3.389238, 0.04541647
2.0331593, 3.1257818, 0.046427462
1.9095576, 3.2668965, 0.038488384
1.6963223, 2.6963944, 0.059167515
1.5920318, 2.8114104, 0.054853212
1.7324845, 2.7674413, 0.046315297
2.0819464, 3.2366161, 0.038469926
1.6676873, 2.6297886, 0.05073726
1.8428392, 2.703984, 0.05529071
1.688686, 2.6693091, 0.0500945
2.3089907, 3.4956455, 0.04984282
1.7161794, 2.733943, 0.05139376
1.7523491, 2.8287172, 0.05331045
2.210647, 3.2463143, 0.045235667
2.26607, 3.3362105, 0.052764826
2.2362342, 3.3478684, 0.04643344
1.8291973, 3.0571246, 0.04652546
1.7474743, 3.0134468, 0.045264732
1.8063831, 2.9884675, 0.050862353
1.8508925, 3.0933862, 0.039930657
1.7067838, 3.1581445, 0.030638924
1.8925662, 3.0508127, 0.042373072
1.5753206, 2.7735052, 0.05412679
1.8090607, 2.6268632, 0.05814123
1.6916883, 3.0262828, 0.034372587
1.8885448, 3.16956, 0.032787357
2.0583844, 3.268391, 0.04527179
1.8705004, 2.7597551, 0.05201203
1.8647901, 3.128928, 0.037752584
2.1677313, 3.42874, 0.04433081
2.0476007, 3.3036911, 0.050957292
1.6312951, 2.9294488, 0.0442363
1.727197, 2.7887826, 0.054179687
1.9706246, 2.9897256, 0.05040303
1.8318477, 2.9308736, 0.049565144
1.9689286, 2.9771554, 0.03944371
1.6681972, 2.6433434, 0.049210425
1.6465327, 2.9902322, 0.0395147
2.1694357, 3.1438208, 0.043965884
1.7088076, 2.8749015, 0.051671103
1.8526503, 3.1423805, 0.03138495
1.7930927, 2.825191, 0.06186664
1.6479139, 2.7363591, 0.055390164
1.6717516, 2.7889545, 0.04923971
1.6697612, 2.791476, 0.037059244
1.7272602, 2.7062054, 0.054749083
1.8906438, 3.0636306, 0.041507773
2.0489151, 3.0708199, 0.058009002
2.0737376, 3.3885672, 0.045463618
1.6896899, 2.8516133, 0.04993199
2.2337754, 3.476162, 0.047187585
1.795187, 3.1754534, 0.034919616
1.809419, 3.1453202, 0.032837857
1.6933633, 2.8433661, 0.03764337
1.8540691, 3.0146844, 0.05068875
2.0872715, 3.1505804, 0.04864313
1.73186, 2.937546, 0.047928844
1.6549003, 3.0296056, 0.03432253
1.9500481, 3.2953968, 0.03705756
1.8548436, 2.6451373, 0.06302525
1.7417907, 2.9740586, 0.04369285
1.7619265, 3.0809882, 0.034730442
2.1149712, 3.048124, 0.044560913
1.8141048, 3.1725454, 0.035904348
1.908075, 3.1272273, 0.04256566
1.8962411, 3.208453, 0.02988693
1.961961, 3.2643485, 0.039458152
2.0329669, 2.8811905, 0.05417291
1.6898429, 2.7135694, 0.054995503
1.6834356, 3.1505628, 0.039996877
2.1507008, 3.287204, 0.04766727
1.7489431, 2.9084864, 0.050200567
1.7300203, 2.8335166, 0.045656633
2.0301232, 3.2829838, 0.04412877
1.7900085, 2.970781, 0.047650803
2.1928775, 3.387951, 0.05527963
1.6335387, 2.578372, 0.04859519
1.702934, 2.759258, 0.058498945
2.1874447, 3.2956688, 0.036760144
1.8330022, 3.127453, 0.04455609
2.125682, 3.2237446, 0.038913853
1.8468357, 3.0025764, 0.03671838
1.6675384, 2.9338284, 0.052435793
1.9337156, 2.8317444, 0.05719247
2.021982, 2.9996567, 0.03803603
2.0611215, 3.085201, 0.042385645
1.8798362, 2.6962838, 0.053282227
1.8867586, 3.2648103, 0.043592907
1.7039949, 3.0570633, 0.03238789
1.7686946, 2.7710118, 0.053146113
1.8107705, 3.0100272, 0.051688537
2.2901576, 3.4133222, 0.053742677
1.7874111, 2.853437, 0.056929544
2.109434, 3.1887958, 0.039436832
2.1708539, 3.1657472, 0.05154127
1.9156092, 3.1586967, 0.035497397
1.9682958, 3.266813, 0.044575296
1.9710351, 3.2972865, 0.033497557
1.8935268, 2.7253568, 0.05117384
1.6438243, 2.609589, 0.038340412
1.6768074, 2.8501258, 0.04871651
1.652489, 2.632903, 0.038711406
1.7857231, 2.9897907, 0.04886005
1.65317, 2.6481943, 0.0504294
1.6751311, 2.7116437, 0.05090731
1.7227058, 3.1141171, 0.034873147
1.8205664, 3.0803108, 0.031716313
1.7306051, 2.8649058, 0.05180571
1.8641814, 3.198584, 0.036983777
1.6499822, 2.7705379, 0.044467878
1.7748519, 3.0637848, 0.05011341
1.7745734, 3.1328309, 0.04694446
1.6704512, 2.8127928, 0.04339639
1.6895136, 2.6323686, 0.05132237
1.8249189, 2.9898229, 0.048234105
2.136208, 3.2905846, 0.04983969
1.629872, 2.945398, 0.05321414
1.769309, 3.1081433, 0.043245476
1.7503121, 2.7847543, 0.05377467
2.173892, 3.3662739, 0.04859253
1.9655027, 2.9060361, 0.04955145
2.2152815, 3.4724832, 0.053354606
1.6151918, 2.6678112, 0.05292399
1.6711098, 2.5926185, 0.048967153
1.9826095, 2.7759678, 0.05040507
1.8622031, 3.0650997, 0.04307376
1.9346452, 3.2700849, 0.04731219
1.8521918, 3.172232, 0.033602078
2.19312, 3.4061236, 0.043819524
1.990477, 2.9617643, 0.048477598
1.6535703, 2.6683242, 0.054201722
1.8580823, 3.2292006, 0.045840926
1.7477229, 2.9451652, 0.053894386
2.2439034, 3.2720122, 0.0472642
1.6483941, 2.5938, 0.05030652
1.9865444, 3.2291963, 0.031992428
2.3230307, 3.436443, 0.058524814
2.0374818, 3.352348, 0.031553973
1.7658973, 2.9753456, 0.047259655
1.8941928, 3.01456, 0.046031386
2.268428, 3.4243245, 0.044801217
2.0080345, 3.289506, 0.036887985
2.3325322, 3.4875655, 0.053291246
2.1578004, 3.1915505, 0.034806374
1.7144058, 2.8289838, 0.04721257
1.8496915, 2.9088326, 0.04945921
2.1871777, 3.1656456, 0.04952273
1.9089003, 3.0555625, 0.03905929
2.265914, 3.3051195, 0.048451267
2.197673, 3.2768793, 0.04469155
1.8003099, 3.128376, 0.04887163
1.6858559, 2.753029, 0.053318217
1.8618782, 3.2437985, 0.0559874
2.170668, 3.2191541, 0.038284477
2.3142874, 3.4040277, 0.05542521
1.7479943, 3.0289998, 0.052920897
1.7058859, 2.8093338, 0.04612911
1.6327776, 2.610856, 0.047372736
1.9727389, 3.2007575, 0.028917184
1.9325991, 3.113893, 0.04153781
2.172708, 3.1279113, 0.05087481
1.6677706, 3.0746057, 0.046312347
2.30618, 3.5029366, 0.04464463
1.7364367, 2.7574072, 0.0570629
2.1945148, 3.2025623, 0.049161986
2.2525697, 3.3907793, 0.042561345
2.2955494, 3.3709517, 0.053243086
2.1213686, 3.1166828, 0.039483946
2.2269638, 3.2307925, 0.050643988
1.7901832, 3.111477, 0.036698896
1.6855886, 2.7730134, 0.05002307
1.6951449, 3.008741, 0.027482728
1.7653096, 3.0287673, 0.052438937
1.8125503, 3.2241502, 0.050428905
2.355645, 3.5353124, 0.05139983
1.865608, 2.9885497, 0.046104297
2.1479576, 3.0755277, 0.0438505
1.7643747, 3.2169292, 0.03301198
1.649967, 2.8086796, 0.049395964
1.671309, 2.889989, 0.05030055
1.6928438, 3.1260395, 0.03133636
1.7873679, 3.1447692, 0.033908598
1.5980284, 2.6651065, 0.04499589
1.8550166, 3.0700364, 0.035223998
1.6118072, 2.869012, 0.044400338
1.6953993, 2.9506128, 0.0488311
1.8977207, 3.1827507, 0.026044821
1.5736821, 2.608355, 0.049980965
1.6829202, 2.9147096, 0.050305262
1.6113434, 2.770753, 0.04289647
1.6933949, 2.991851, 0.03516153
1.7183436, 3.0145063, 0.043847002
1.729427, 3.1878064, 0.03162096
2.1068654, 3.0814672, 0.0438305
1.6672611, 2.866045, 0.047147434
1.5924442, 2.727367, 0.049072973
1.8358185, 3.0233712, 0.04434766
1.7304444, 3.0392275, 0.048167713
1.8867824, 2.6882305, 0.06426602
2.176801, 3.2941463, 0.044374596
1.6084962, 2.7589042, 0.0436574
1.8960288, 3.2811499, 0.028913926
1.8304446, 2.6462655, 0.063405454
1.9059564, 2.709025, 0.062837414
1.929842, 3.2629662, 0.036512516
1.8112669, 2.8566074, 0.056086615
1.6511924, 2.983316, 0.043430507
1.7703308, 2.7270448, 0.052525863
1.6359365, 3.096136, 0.031677935
1.9561218, 2.8122368, 0.048273616
1.6565421, 2.8477044, 0.042349238
1.587759, 2.627777, 0.052230157
1.682938, 2.6319582, 0.036854964
2.1122124, 3.253946, 0.05114477
1.5781435, 2.7166014, 0.0570402
1.8131282, 3.169398, 0.04417742
1.6014657, 2.71975, 0.03593133
1.7535686, 2.8123152, 0.05264189
2.213468, 3.3065686, 0.05078218
1.6119404, 2.842315, 0.043581687
2.1991916, 3.1836095, 0.057093933
1.9239154, 3.2501562, 0.025629798
1.8521631, 3.1267033, 0.04604461
1.70858, 2.766428, 0.05457226
1.7834009, 3.058341, 0.046242733
1.832077, 3.0628731, 0.046273474
1.7671783, 2.8945725, 0.05824373
1.923936, 3.305217, 0.039724413
1.5904899, 2.7569575, 0.04740935
1.6688188, 3.061889, 0.03900999
1.8437021, 3.1024535, 0.041922025
1.6712025, 3.0323997, 0.031981084
1.6528715, 2.607903, 0.050194833
1.5691034, 2.6441512, 0.054280445
1.8108912, 3.1057615, 0.036058478
1.7208611, 2.5964608, 0.054035995
2.090512, 3.0524158, 0.039698415
2.0226407, 3.330702, 0.03388176
1.8165262, 3.023386, 0.05131423
1.6058563, 2.6864188, 0.04820545
1.909032, 3.2417986, 0.02996578
1.5848947, 2.9444263, 0.051640242
1.7497472, 2.8516111, 0.0672148
1.748256, 2.850823, 0.05146226
1.984996, 3.2974856, 0.033608362
1.8583641, 2.9731224, 0.03485589
1.9872899, 3.021389, 0.03731002
1.9528913, 2.951295, 0.0497163
2.2689683, 3.3701842, 0.056297947
1.9995528, 3.266149, 0.030183718
1.787194, 3.2092876, 0.04770526
1.7348404, 2.9934971, 0.03571914
1.8838737, 3.2458, 0.02967691
1.6161021, 2.5945246, 0.035266
1.6438684, 2.571932, 0.05192618
2.1513484, 3.37675, 0.038631286
1.7754433, 3.1113727, 0.03489724
1.7553738, 3.1323478, 0.048506115
1.6347288, 2.9849381, 0.043626092
1.9984269, 3.0526028, 0.043785
1.7516596, 2.627995, 0.049551383
2.1583622, 3.4154058, 0.040001836
1.9296147, 2.8914433, 0.047705725
1.6102546, 2.90876, 0.046552047
1.6583549, 3.05675, 0.036438093
1.779064, 2.6861482, 0.046322946
2.0908263, 3.262522, 0.046259686
1.8085383, 2.7629972, 0.062997624
1.9479061, 3.0915635, 0.039653536
1.8871236, 3.1337683, 0.03434205
1.8716437, 2.9262981, 0.04489961
1.5994937, 2.873339, 0.04295548
2.234531, 3.2985747, 0.05516649
2.035971, 3.139524, 0.03758951
2.0969455, 3.161102, 0.036348917
1.670477, 3.093623, 0.032827992
1.8271149, 3.1745667, 0.034317143
1.9833194, 3.1789553, 0.045009166
1.8298854, 2.828212, 0.053215876
1.5898232, 2.548915, 0.05704945
1.7923231, 2.7261057, 0.050782084
1.8890754, 2.718529, 0.06325911
1.9766939, 3.16647, 0.027887842
2.0710647, 3.126304, 0.04607229
1.8071843, 2.6165218, 0.051812224
1.9363035, 3.074258, 0.043495234
1.5712339, 2.589167, 0.053272035
2.042855, 3.3261034, 0.033854295
1.7803378, 2.7025023, 0.046976015
2.1286323, 3.250033, 0.052028723
2.1616254, 3.3252969, 0.046572693
2.011414, 3.2516544, 0.036170162
1.909133, 3.0098057, 0.04516065
1.6140424, 2.6279876, 0.048702344
1.809064, 2.7924354, 0.053479936
1.8466158, 3.2415435, 0.034199174
1.9255997, 2.7985532, 0.06317972
1.9302804, 3.0576394, 0.03533994
1.986977, 3.1921196, 0.031874157
2.0628772, 3.1895995, 0.048279658
2.025574, 3.285575, 0.036558617
1.5936235, 2.6075244, 0.0469817
1.888633, 2.9764712, 0.04830034
2.0145252, 3.002401, 0.038460717
1.7527016, 2.650178, 0.049780756
1.9685454, 3.0431259, 0.04534663
1.8037254, 3.1818514, 0.03102682
1.7405344, 2.8822222, 0.05083055
2.2194808, 3.4479747, 0.03768475
1.8324859, 2.956696, 0.050211392
2.0514855, 3.3636713, 0.034212373
1.8748518, 2.7174213, 0.06241521
2.2858157, 3.503098, 0.04633385
2.3051338, 3.3731627, 0.05121022
1.8796341, 3.092312, 0.038939323
2.1358125, 3.2658587, 0.036946986
1.8114387, 2.922869, 0.050126903
1.8479251, 2.9927535, 0.04706936
1.5595893, 2.6641767, 0.05872397
1.9240568, 3.2086563, 0.031273007
1.6559546, 2.9477475, 0.049065277
1.9043639, 2.769936, 0.05282262
1.7631013, 2.9484255, 0.06214054
2.1285963, 3.3476548, 0.03677971
1.667088, 3.043282, 0.04503822
2.3299477, 3.5314987, 0.047421847
1.9747201, 3.3321452, 0.03574639
2.26455, 3.2876258, 0.03845026
1.9542774, 2.9554718, 0.036611725
1.7601948, 2.9365115, 0.052233484
1.8665167, 3.0593908, 0.039964084
1.9120413, 2.7823262, 0.050584853
1.6138709, 2.826968, 0.052716456
1.6891336, 3.0481992, 0.04628922
2.3838196, 3.5319955, 0.050380886
1.8660579, 2.6884942, 0.06305071
1.6890795, 3.0079224, 0.046902604
1.7272134, 3.1621022, 0.027918955
1.6719272, 3.0025053, 0.031553384
1.8987828, 2.8887393, 0.04281235
1.795326, 3.02673, 0.044915173
2.072702, 3.285976, 0.032041308
2.0477657, 3.327115, 0.04886078
1.7263072, 2.9874387, 0.043158077
1.9945872, 3.2506762, 0.04142359
1.9216671, 2.9420414, 0.045309626
2.3751926, 3.532344, 0.05111593
2.0252233, 3.1776326, 0.035271715
1.805264, 3.0672162, 0.03924308
1.9273734, 3.097612, 0.035571523
1.7519737, 2.92733, 0.05147601
1.697903, 3.077605, 0.04008259
1.7272975, 3.010655, 0.04693684
1.6924393, 2.9282317, 0.04861968
2.0690753, 3.276679, 0.0437825
1.8570862, 3.2051966, 0.03351468
1.8358282, 3.2576413, 0.050749727
1.8327565, 2.8695278, 0.04735134
1.6438628, 2.6254077, 0.04685673
1.7675356, 2.7078936, 0.053117562
2.0892346, 2.9797783, 0.04696078
1.5787598, 2.575073, 0.040622715
2.0271833, 3.345858, 0.04734451
1.9454764, 3.1290843, 0.035317026
2.2821906, 3.3278987, 0.055246603
2.1251261, 3.409393, 0.043180518
2.0370488, 3.2055914, 0.03821603
1.8297564, 3.132775, 0.037601866
2.0897305, 3.324686, 0.030324897
1.7616663, 2.6899307, 0.06151934
1.8442495, 2.8902323, 0.053445812
1.991582, 3.1018019, 0.041206885
1.8417653, 2.6603107, 0.05284256
1.7878861, 3.1670635, 0.046212815
2.1157491, 3.3860233, 0.03617789
1.8294991, 3.0084598, 0.057465598
1.8134499, 3.205041, 0.043170266
2.185744, 3.2879944, 0.040867627
1.9698292, 2.932095, 0.051299997
2.1157277, 3.1414165, 0.045949977
2.009848, 3.0342524, 0.045133345
1.749839, 3.0729737, 0.04624913
1.7404011, 2.6381068, 0.0628538
1.6333239, 2.7638187, 0.040950168
1.9421548, 2.9907668, 0.051434845
1.8659157, 3.230405, 0.037853856
1.7103382, 2.9862375, 0.039339982
1.7144334, 3.130589, 0.027741294
2.0393665, 3.0999048, 0.043639395
1.8766428, 2.7424555, 0.065931134
2.157938, 3.3669827, 0.048164953
2.275338, 3.476802, 0.039913207
1.5954406, 2.654778, 0.04939497
2.0495374, 2.9995806, 0.036751833
1.87912, 3.137296, 0.055219498
1.8474176, 2.911961, 0.037155677
1.8893564, 3.1880133, 0.046589285
1.5652845, 2.6340637, 0.045511924
2.1467493, 3.388015, 0.03494592
1.7387494, 2.7734735, 0.06303004
1.5898294, 2.570357, 0.049631316
1.6141584, 2.708312, 0.046658747
1.7712867, 3.16982, 0.043778207
1.6793761, 2.615443, 0.049222864
1.7062955, 2.686872, 0.05454053
1.7661445, 3.1462746, 0.03516941
1.7420772, 3.07778, 0.038439218
2.0932255, 3.20496, 0.052197624
2.048369, 3.108458, 0.05606622
1.9965343, 3.0043023, 0.044716448
1.9575171, 3.1814663, 0.04087565
1.9090956, 2.812044, 0.05608411
2.0974786, 3.2304847, 0.04489121
1.7320698, 3.0485642, 0.03771619
1.6265576, 2.7262113, 0.051663417
1.6460631, 3.1290622, 0.03057658
1.9864465, 3.1281028, 0.03499775
1.6359718, 2.6708717, 0.05187707
1.737651, 3.1902568, 0.053131387
2.0994728, 3.2826977, 0.056394525
1.7850794, 3.202654, 0.03971138
1.7515993, 3.1305904, 0.025810152
1.9325234, 3.2570853, 0.044538237
2.2018697, 3.322224, 0.04175125
2.055164, 3.0680068, 0.060516153
1.632882, 2.6635396, 0.037977666
2.1612732, 3.396647, 0.047271874
1.6573715, 3.1095755, 0.04714622
2.19372, 3.3666105, 0.047975194
1.690891, 3.1086686, 0.029113175
1.8114667, 2.887233, 0.06016836
1.977569, 3.3013093, 0.040189598
1.693408, 2.987429, 0.04622856
1.7663887, 2.7738204, 0.06260939
1.9236, 3.167292, 0.048181176
1.8979483, 3.0996246, 0.04111532
2.1232727, 3.3091161, 0.03591965
1.8177532, 2.9053907, 0.06623107
1.6719832, 2.7751632, 0.047294836
1.656874, 3.0099323, 0.045126628
2.1319335, 3.2305932, 0.04420933
1.710746, 2.5905447, 0.054184034
2.1167717, 3.1893275, 0.043477517
1.904741, 2.6971705, 0.05108726
2.2457047, 3.4802728, 0.048530858
1.6304162, 3.0142903, 0.046580777
1.6288663, 2.9177678, 0.03182719
2.1881921, 3.4542146, 0.03752933
1.8664389, 3.155067, 0.04780779
1.7146965, 2.969512, 0.036752056
1.5974395, 2.8282187, 0.052859694
1.6505936, 2.9663172, 0.036129814
2.0122123, 2.9699144, 0.046111587
2.1121361, 3.3532367, 0.033586692
1.6134765, 2.7929726, 0.051154174
1.7635486, 2.9023757, 0.05432696
2.0160947, 3.0745788, 0.053551205
2.031516, 3.1456754, 0.040438868
2.2279606, 3.441497, 0.048415754
1.7680119, 2.917454, 0.062206667
2.078161, 3.2568684, 0.053320374
2.1001813, 3.3052127, 0.046550125
2.0635405, 3.223164, 0.05284485
2.0152094, 3.109014, 0.042766437
1.9054567, 2.863697, 0.06273155
1.708022, 2.755846, 0.060887672
2.0779223, 3.2514756, 0.030605076
1.8042836, 3.138678, 0.03704598
2.1835792, 3.3239052, 0.041702233
1.974033, 3.014638, 0.04302959
1.6339188, 2.833814, 0.047864705
1.8486001, 2.7324693, 0.060078423
1.8767123, 3.2070386, 0.055958908
1.7697676, 3.2145133, 0.041129336
1.9137626, 2.6758862, 0.06696755
2.0316007, 2.9192634, 0.05171364
1.8555167, 3.148533, 0.052023627
1.6210923, 2.978208, 0.04754844
2.1247985, 3.113797, 0.046496745
1.6545275, 3.0819771, 0.039324615
2.0786355, 2.9526026, 0.027730655
1.6469154, 2.7462375, 0.05586641
1.7227628, 3.0759847, 0.047099564
1.90573, 2.6576736, 0.062357623
1.5904329, 2.8825803, 0.053950567
2.140235, 3.399695, 0.054449122
1.678165, 3.169939, 0.031325646
1.5980315, 2.9075668, 0.055576976
2.1240022, 3.1168373, 0.062783875
1.849591, 3.2652206, 0.039924216
1.8641198, 3.1932867, 0.040014848
1.9021935, 3.1023571, 0.032097623
2.3963656, 3.5592074, 0.057083577
1.5762591, 2.669906, 0.053722825
1.8146724, 3.062082, 0.042141654
1.6510828, 3.0673923, 0.030411618
1.842285, 3.1340818, 0.036931146
1.9524074, 2.7566867, 0.06542363
2.0035405, 2.8604593, 0.05243342
2.1142774, 3.0326667, 0.05197991
1.9664332, 2.785797, 0.06410454
2.26131, 3.40509, 0.060401164
2.1667566, 3.2037125, 0.052146096
1.950836, 2.749813, 0.053038638
2.023591, 3.362096, 0.03710039
1.8907592, 3.2201211, 0.048358474
2.0938194, 3.1339235, 0.050953757
1.9882141, 2.8288496, 0.05458019
1.6131938, 2.9522614, 0.04591208
2.055994, 2.9085202, 0.036488377
1.9277892, 2.7047868, 0.0649309
1.9624611, 3.3201647, 0.048035886
1.6671226, 2.9770272, 0.05125671
2.013832, 3.0160294, 0.054157313
1.6759316, 3.149363, 0.036485467
1.9538093, 3.2957146, 0.04243781
1.9437864, 3.2183015, 0.04760572
2.2116663, 3.4558654, 0.059517205
1.7830626, 3.1336641, 0.046818174
1.7243619, 3.1516824, 0.047458634
1.9856002, 3.3240867, 0.046721075
1.7467343, 2.7644224, 0.05200103
2.00249, 2.9901075, 0.05152636
2.0977626, 3.2507029, 0.029722128
1.7699324, 2.8280945, 0.062178608
2.0369024, 3.0641534, 0.044546187
1.7080864, 2.6690967, 0.06393852
1.6484916, 2.9292495, 0.043138508
1.6416461, 2.8970654, 0.04806538
1.690666, 3.1754036, 0.030995995
1.926344, 3.0807772, 0.042213224
2.0527174, 2.965845, 0.05921363
1.9031112, 3.1640186, 0.040563244
1.5921055, 2.7082825, 0.045375764
2.1711597, 3.1082017, 0.04412719
2.2077239, 3.1857588, 0.056470104
2.0825644, 3.1694458, 0.058094975
2.2445595, 3.2598338, 0.054192275
2.3571715, 3.4880173, 0.05332118
1.9545846, 3.3233604, 0.044628955
2.368101, 3.4991884, 0.046640683
1.7060205, 3.181783, 0.041983083
1.6802703, 2.5923696, 0.050591387
2.2889946, 3.34778, 0.046324033
2.36477, 3.547645, 0.038842604
1.8875654, 3.1251857, 0.044127263
1.8125492, 2.9590445, 0.046781372
1.7079816, 3.1623077, 0.02854852
1.5927804, 2.7932525, 0.049415763
1.6580108, 2.8368382, 0.050346423
2.1806853, 3.1293063, 0.050603013
1.8691988, 3.1010046, 0.034929246
1.709887, 2.9871778, 0.044633325
2.1263232, 3.243624, 0.030317249
1.7316518, 3.0504217, 0.042589087
2.2643144, 3.2993808, 0.052315816
1.6740327, 3.0093784, 0.04699695
1.7984817, 2.9239848, 0.050378237
1.7371894, 3.1333675, 0.025862444
1.8339046, 3.2487018, 0.032850236
2.2000587, 3.4284377, 0.0539826
1.683668, 3.0483513, 0.039257303
1.8701656, 2.6539137, 0.07004419
