4.882738, 2.3555875, 0.6238829
4.9124107, 2.3339329, 0.6465653
4.891796, 2.3650544, 0.5998704
4.9027143, 2.3442245, 0.64220494
4.9068274, 2.3492527, 0.5939732
4.912304, 2.333981, 0.62463635
4.905247, 2.350272, 0.663247
4.909707, 2.3297532, 0.6059188
4.9310207, 2.3154466, 0.66411906
4.909267, 2.3300278, 0.6936008
4.9009876, 2.3422835, 0.6864232
4.932466, 2.3131423, 0.6875997
4.942934, 2.3212254, 0.6377818
4.902636, 2.3488638, 0.5760309
4.879671, 2.3601654, 0.55870235
4.8910346, 2.365217, 0.57799387
4.892452, 2.3467948, 0.55615884
4.9442344, 2.323043, 0.593221
4.910571, 2.3283303, 0.7152072
4.935334, 2.3142464, 0.7088957
4.9525247, 2.2936144, 0.6901592
4.905749, 2.346489, 0.7312876
4.9301934, 2.3142805, 0.73004246
4.890973, 2.361434, 0.731537
4.894598, 2.349318, 0.5335058
4.929299, 2.3234117, 0.5313948
4.9292192, 2.313561, 0.5562353
4.931754, 2.3146453, 0.7515619
4.9048715, 2.3455422, 0.75102377
4.9678154, 2.2951486, 0.7225348
4.889345, 2.3601, 0.753641
4.890481, 2.3501039, 0.7709272
4.9403825, 2.3164277, 0.77007616
4.911229, 2.333775, 0.4910096
4.890837, 2.3464112, 0.4921268
4.97659, 2.2905633, 0.5279983
4.947504, 2.3192132, 0.7905412
4.9125094, 2.3303595, 0.80541867
4.953598, 2.3105047, 0.8159311
4.971031, 2.2940457, 0.78978956
4.9678335, 2.287842, 0.5047817
4.887205, 2.3523636, 0.8405554
4.9679303, 2.2949448, 0.87146604
4.9491243, 2.3075876, 0.8710754
4.8892064, 2.3489335, 0.8619224
4.9442825, 2.3161778, 0.8922465
4.870448, 2.3509362, 0.58639306
4.863463, 2.3533792, 0.74378705
4.848881, 2.3829381, 0.80150527
4.8402915, 2.3851635, 0.5201913
4.8430457, 2.3855393, 0.56349915
4.864, 2.3549182, 0.9155167
4.880674, 2.36095, 0.63136446
4.8887033, 2.3659592, 0.7820152
4.8668966, 2.3574362, 0.8902923
4.868777, 2.3547053, 0.56848025
4.869201, 2.3546014, 0.5244198
4.844576, 2.3853009, 0.6069766
4.964442, 2.2902584, 0.5515629
4.8476763, 2.3862662, 0.7083219
4.847912, 2.385599, 0.8485037
4.8115478, 2.3979661, 0.8138914
4.839027, 2.3775043, 0.8248957
4.828287, 2.404121, 0.5943811
4.888225, 2.347241, 0.93107414
4.8453217, 2.3913212, 0.6500198
4.8314238, 2.4029424, 0.6362991
4.8453093, 2.3852386, 0.68713665
4.8257427, 2.3937283, 0.71082467
4.823736, 2.4002616, 0.7461689
4.8116255, 2.412086, 0.6929804
4.989167, 2.2740474, 0.8332273
4.970575, 2.2910383, 0.48461965
4.987126, 2.2820368, 0.5467115
4.8437467, 2.378865, 0.86694896
4.8150253, 2.3970208, 0.55399966
4.846878, 2.3857248, 0.73015964
4.8435864, 2.3899546, 0.67220515
4.8759513, 2.3599234, 0.8060817
4.986597, 2.2723882, 0.746101
4.9449563, 2.322787, 0.61520946
4.9848166, 2.276821, 0.8879522
4.8697495, 2.355489, 0.6120377
4.987527, 2.2746878, 0.79083776
4.869664, 2.3571887, 0.85028595
4.8344517, 2.3893116, 0.49910307
4.85134, 2.3948367, 0.6267785
4.9558277, 2.292956, 0.75088483
4.9762125, 2.2890954, 0.66867167
4.9852777, 2.2869146, 0.58953524
5.037281, 2.2506843, 0.8061438
5.018235, 2.243678, 0.8777687
5.0113163, 2.244549, 0.8573954
5.0271683, 2.2493467, 0.8307711
5.0167537, 2.2468903, 0.56959707
5.015034, 2.2461624, 0.7471762
5.028535, 2.2482233, 0.72220904
5.010643, 2.2442622, 0.901083
5.0254474, 2.2468612, 0.788911
4.980942, 2.2809546, 0.63256
4.9841857, 2.2818139, 0.65399426
5.0659137, 2.223734, 0.7887435
5.0504894, 2.237075, 0.79926735
5.047233, 2.233919, 0.77468956
5.0532475, 2.2319458, 0.84664905
5.0612817, 2.227106, 0.82853866
5.0449867, 2.2339191, 0.822316
5.0565577, 2.2232416, 0.80751383
5.0488014, 2.2294316, 0.89468926
5.0577335, 2.230939, 0.86869353
5.050257, 2.2315316, 0.7476477
5.048375, 2.2342753, 0.72712225
5.0231237, 2.2497501, 0.70143557
5.034003, 2.2330732, 0.6878902
5.0521784, 2.246215, 0.7102053
5.070821, 2.2127838, 0.81320465
5.0879507, 2.203092, 0.8259161
5.0708957, 2.2155106, 0.7712069
5.069651, 2.212643, 0.79131985
5.097927, 2.1885967, 0.7799986
5.085848, 2.2023094, 0.78205514
5.075976, 2.2157125, 0.86602294
5.0956764, 2.2063453, 0.84666896
5.0393224, 2.2368505, 0.6274117
5.0603642, 2.2268507, 0.6959831
5.0274386, 2.2477324, 0.67818207
5.058392, 2.2260163, 0.6741568
5.0606537, 2.216749, 0.6662932
5.0299625, 2.2519145, 0.6535953
5.1018786, 2.1901214, 0.82359004
5.1004014, 2.1895702, 0.8017106
5.008977, 2.25137, 0.81462437
5.015867, 2.2542937, 0.5478214
4.9506435, 2.2928393, 0.60766333
5.049385, 2.235033, 0.64731276
5.0253334, 2.2455847, 0.7717039
4.869938, 2.3574822, 0.8716991
4.9468555, 2.2912617, 0.7326577
5.0357, 2.2347093, 0.669291
4.9839187, 2.289968, 0.6092851
5.0039086, 2.2490878, 0.79367393
5.0253286, 2.2446623, 0.63050705
5.009981, 2.2517045, 0.6382497
4.965415, 2.3027916, 0.5887521
4.9886327, 2.2825878, 0.69726634
4.891779, 2.3496518, 0.8830274
4.881367, 2.3615363, 0.53618646
4.8315377, 2.3910584, 0.61636895
4.873363, 2.3562315, 0.6514577
4.8770113, 2.3576512, 0.6942475
4.9089904, 2.3482378, 0.8152316
4.8750124, 2.3568506, 0.6729033
4.9756207, 2.2875972, 0.6425154
5.009989, 2.2516856, 0.5938271
4.8871255, 2.3451393, 0.6673343
4.896285, 2.3339503, 0.83488804
4.9039545, 2.356102, 0.55334353
4.8951244, 2.3432593, 0.83318275
4.912724, 2.343564, 0.873078
4.887746, 2.3667922, 0.71009374
4.8913317, 2.3471286, 0.6473964
4.9076533, 2.330114, 0.84578747
4.911433, 2.348173, 0.77150196
4.9135637, 2.3338373, 0.77729505
4.892534, 2.3439362, 0.81842995
5.0261083, 2.2453585, 0.608055
4.8964934, 2.347352, 0.7915549
4.893776, 2.3513474, 0.68736887
5.045199, 2.2203119, 0.6324945
4.874819, 2.3580043, 0.5083187
4.9075007, 2.3448923, 0.7068993
5.010657, 2.2520585, 0.7264926
4.89196, 2.3464706, 0.7127832
5.0478363, 2.230988, 0.9119961
5.044343, 2.2475753, 0.73388946
4.8495035, 2.3746622, 0.88714814
4.9436207, 2.3173018, 0.66684204
4.9284506, 2.3098881, 0.60429084
4.8347564, 2.3884723, 0.5430752
4.930376, 2.3143702, 0.7961785
4.931689, 2.3139014, 0.77560514
4.913424, 2.3333726, 0.93095225
4.9960213, 2.2742763, 0.90830433
4.875284, 2.355688, 0.8245515
4.984329, 2.2710733, 0.7684727
5.0333776, 2.233715, 0.80759823
4.937393, 2.313586, 0.4913807
5.0509453, 2.2422574, 0.82166225
4.9320803, 2.3168118, 0.6317941
4.9335027, 2.3140569, 0.86929107
5.0481114, 2.2485652, 0.7553172
4.9422045, 2.316068, 0.6451138
5.04021, 2.243079, 0.6463888
4.829312, 2.3799138, 0.79141915
4.9743085, 2.3075838, 0.5643617
4.8331804, 2.38525, 0.8079374
4.826973, 2.378549, 0.7704255
4.95227, 2.2935786, 0.7752262
5.064947, 2.2133887, 0.69258976
4.993167, 2.2865875, 0.8717598
4.851144, 2.3912807, 0.77908385
5.064498, 2.2120595, 0.7481972
4.8301067, 2.38522, 0.5703509
4.9318175, 2.3127835, 0.82895136
4.933997, 2.3144205, 0.8475577
4.9594765, 2.3031342, 0.5234962
4.889594, 2.3519168, 0.9047885
5.0042205, 2.249118, 0.61736506
4.848571, 2.3870237, 0.9086362
4.9530354, 2.3093672, 0.595126
4.9499207, 2.2927938, 0.7101527
4.9671345, 2.293887, 0.57136846
4.850534, 2.3908503, 0.8303186
4.986519, 2.2710977, 0.8108113
4.935902, 2.3148293, 0.90774673
4.9805646, 2.285284, 0.47639993
4.8514733, 2.3886561, 0.54782104
4.8411846, 2.3839638, 0.59414554
5.0428314, 2.2489886, 0.66750705
4.8682194, 2.3630333, 0.73563987
4.8763227, 2.3679273, 0.76980513
4.8659325, 2.3670719, 0.866708
4.877009, 2.3691008, 0.9306293
4.868942, 2.3654644, 0.6517714
5.0814943, 2.1927428, 0.79736924
4.971038, 2.2930057, 0.8495834
4.969721, 2.274095, 0.7750117
4.99201, 2.2831392, 0.5663789
4.8715343, 2.3657513, 0.7490978
4.8298607, 2.389348, 0.5294144
4.8859663, 2.3760297, 0.55634683
4.8814006, 2.3711255, 0.6674302
4.879157, 2.369489, 0.68978363
4.8375196, 2.3825536, 0.6385722
4.8682218, 2.36899, 0.79448634
4.987261, 2.2717624, 0.50624025
4.8694124, 2.3658676, 0.6298163
4.971831, 2.275353, 0.9266973
4.992143, 2.2748914, 0.68778306
4.872714, 2.3678358, 0.5851996
4.86979, 2.366233, 0.6078354
4.974932, 2.2765536, 0.8176459
4.8858643, 2.3696356, 0.8188739
4.9551597, 2.2954893, 0.62968826
4.898033, 2.3416011, 0.56464255
4.836866, 2.382433, 0.6604336
4.907732, 2.348313, 0.88925385
5.0648756, 2.2067726, 0.8298404
4.98444, 2.2781587, 0.49158314
4.885916, 2.337292, 0.806929
4.9312468, 2.3104506, 0.5373137
4.839609, 2.3858454, 0.8751525
4.9097147, 2.3437614, 0.7936474
4.804619, 2.4178019, 0.5456827
4.9061174, 2.3426661, 0.85501075
4.908343, 2.3496118, 0.61566556
4.9890585, 2.2742805, 0.61468536
5.0194645, 2.255968, 0.6805059
4.9862146, 2.3043714, 0.6966652
4.931913, 2.3330476, 0.8565804
4.9199634, 2.3301618, 0.7500371
4.9232855, 2.329478, 0.8364215
4.9470415, 2.294748, 0.8645049
4.9208603, 2.3271766, 0.88016057
4.915666, 2.3253422, 0.7872547
4.9855313, 2.2845383, 0.72229385
4.926634, 2.334509, 0.7049197
4.9234333, 2.3272731, 0.9229206
4.952319, 2.3063426, 0.5086327
4.910727, 2.328479, 0.56681687
4.9135485, 2.3312974, 0.6690887
4.9618616, 2.3013778, 0.79665023
4.868492, 2.3679895, 0.9066261
5.06452, 2.2187853, 0.71033627
5.075842, 2.220101, 0.81907755
4.8941274, 2.355924, 0.5110421
4.9524956, 2.297209, 0.55717826
4.8663154, 2.367893, 0.4949391
4.9224052, 2.3292775, 0.7314768
5.0693016, 2.2201564, 0.73161423
4.932162, 2.3292775, 0.6819566
5.0535207, 2.2168746, 0.6234871
4.908179, 2.3306205, 0.88879704
4.8574452, 2.3589485, 0.54861647
5.078534, 2.2154264, 0.91117
4.9558787, 2.2895436, 0.65840995
4.927066, 2.3091395, 0.58258665
4.9736648, 2.2960222, 0.477236
4.9893217, 2.2729673, 0.705397
4.8652606, 2.3723803, 0.6727094
4.9760284, 2.2850554, 0.6928839
4.9692135, 2.293068, 0.8117423
5.1055684, 2.193377, 0.8451573
5.0836134, 2.20106, 0.8927632
4.9848857, 2.293584, 0.7414633
4.8596573, 2.3624456, 0.85158545
4.9629493, 2.2966278, 0.59105223
4.93124, 2.332334, 0.5495698
4.970365, 2.2923546, 0.83117133
4.996596, 2.25905, 0.90229535
4.886457, 2.3501859, 0.7321754
5.0085826, 2.2641764, 0.70303553
4.965706, 2.3014047, 0.649357
5.0103054, 2.2699776, 0.6578847
5.004863, 2.2623994, 0.6152828
4.8446217, 2.3880365, 0.75428665
5.001296, 2.2608712, 0.6824889
5.004069, 2.2622008, 0.748003
4.885713, 2.3492744, 0.7540619
5.0030937, 2.27052, 0.76595455
5.0709066, 2.213987, 0.8448541
4.929538, 2.3127453, 0.89380515
5.0076275, 2.2686703, 0.56953627
4.9958143, 2.2692764, 0.59171605
4.9813714, 2.3027356, 0.675572
5.0074167, 2.2638252, 0.8350665
5.008737, 2.2643888, 0.8129431
4.912551, 2.3292236, 0.5884257
4.810856, 2.4145765, 0.61013615
4.928835, 2.3275936, 0.5064614
4.889029, 2.3547397, 0.60032874
4.96842, 2.2951407, 0.89592135
5.0061426, 2.2684116, 0.87849283
4.8085055, 2.4162948, 0.5916056
5.004038, 2.2674365, 0.857031
5.007045, 2.263406, 0.63698685
4.9784584, 2.2937794, 0.6323429
4.9139657, 2.323377, 0.86690205
4.829079, 2.377161, 0.50965023
4.865936, 2.354739, 0.7648806
4.9460154, 2.2942762, 0.5808733
4.911885, 2.332513, 0.90969723
4.803816, 2.409856, 0.52436674
4.8470373, 2.3872254, 0.9328425
5.025265, 2.249282, 0.58148986
4.85399, 2.359503, 0.8311742
5.005924, 2.2630076, 0.72562927
5.0426764, 2.2536664, 0.6892102
4.962971, 2.304738, 0.4776823
4.855418, 2.3581295, 0.5710282
4.9637594, 2.303379, 0.84019905
4.82934, 2.3860376, 0.82597476
4.926416, 2.3280954, 0.6468854
4.9143257, 2.330685, 0.8232529
4.8334913, 2.3876443, 0.846656
5.0538664, 2.2203941, 0.71983683
4.9256525, 2.3249917, 0.48840624
5.0456805, 2.216866, 0.69935757
5.049264, 2.2182062, 0.8309713
5.0654855, 2.2253816, 0.7618406
4.8483286, 2.3558702, 0.7247362
4.964526, 2.271682, 0.754195
4.8086433, 2.4095726, 0.65411425
4.988376, 2.2907577, 0.8941417
4.968171, 2.3031592, 0.67172366
4.9824934, 2.2873945, 0.9168656
5.052718, 2.2199717, 0.6757067
4.8647556, 2.3643837, 0.5101162
5.0032544, 2.2487795, 0.7718937
4.989733, 2.2859845, 0.83728343
4.9661593, 2.3025236, 0.61078674
4.967556, 2.2975967, 0.7652513
4.9651723, 2.298367, 0.74338156
4.8268647, 2.3867264, 0.7403917
4.984981, 2.2831552, 0.5070216
4.9865217, 2.2842386, 0.7063675
4.8629913, 2.3708665, 0.7058506
4.96908, 2.276056, 0.5998632
4.8568997, 2.3788958, 0.5819555
4.867226, 2.3784363, 0.8192259
4.848883, 2.3743875, 0.6058094
4.855803, 2.3747845, 0.7349383
4.8578215, 2.3798661, 0.55973697
4.9738727, 2.2782032, 0.5765822
4.8649707, 2.3803694, 0.6895092
4.972204, 2.277525, 0.62125486
4.971203, 2.3018062, 0.72017944
5.103449, 2.175072, 0.8026508
4.9859056, 2.293422, 0.76326245
4.867401, 2.3655167, 0.53150916
4.82226, 2.4042604, 0.8304039
4.98396, 2.267885, 0.8529224
4.9725804, 2.278054, 0.7967742
4.8140783, 2.396103, 0.51049936
4.94621, 2.2914057, 0.9088002
4.8568316, 2.37428, 0.77802026
4.8608174, 2.3747394, 0.84197325
5.008797, 2.27734, 0.914189
4.9907436, 2.2715354, 0.64667106
4.925756, 2.3289554, 0.9009496
4.9943523, 2.2722325, 0.72316873
4.9415307, 2.315001, 0.57902986
4.9297347, 2.3091977, 0.51546794
4.9409256, 2.3146243, 0.55703485
4.9447374, 2.3161328, 0.48937201
5.0062766, 2.238329, 0.5941325
4.8909593, 2.3716211, 0.83958256
4.8334384, 2.3910103, 0.69571835
4.9432435, 2.3164709, 0.73257136
4.990819, 2.2703867, 0.8735359
4.847771, 2.373324, 0.6279307
4.846385, 2.3936512, 0.86579496
4.9318256, 2.3142977, 0.80673164
4.9440203, 2.3169324, 0.7542633
5.102657, 2.1743028, 0.91310436
4.949686, 2.320283, 0.9053849
4.9955587, 2.2834024, 0.85708624
5.0076833, 2.2807333, 0.7828878
4.852397, 2.37258, 0.75728875
4.9477906, 2.3181217, 0.6217604
4.9376087, 2.315856, 0.9247918
5.000229, 2.2703345, 0.5260432
4.826378, 2.405867, 0.90959716
4.9529004, 2.295285, 0.79426
4.8234944, 2.4085703, 0.71665174
4.9699445, 2.3050933, 0.52422905
4.989178, 2.265923, 0.9242963
4.82777, 2.4070387, 0.8879803
4.8307843, 2.3920991, 0.5874001
5.110387, 2.1779037, 0.82355607
5.007219, 2.2735229, 0.5466994
4.9824905, 2.2769685, 0.52218056
5.0773, 2.2152853, 0.8893751
4.9500647, 2.298055, 0.5034071
5.0658846, 2.2253122, 0.9159541
4.9588027, 2.271623, 0.73398054
5.0048094, 2.2807164, 0.73936045
4.92524, 2.341486, 0.49123788
4.898276, 2.3306544, 0.8688938
4.907466, 2.3257873, 0.51861197
4.807973, 2.4126449, 0.6325958
4.974464, 2.30395, 0.69746184
4.848618, 2.3942895, 0.88687015
4.890787, 2.3262448, 0.7191084
5.076967, 2.1985626, 0.7615869
4.9013743, 2.3314075, 0.7386309
4.9066234, 2.3186185, 0.6294356
5.03682, 2.2339919, 0.612649
5.037842, 2.2342627, 0.83352196
5.0325694, 2.2320404, 0.70237875
5.0331345, 2.2322206, 0.7904573
4.8213, 2.4042606, 0.64046323
5.0369606, 2.2339213, 0.7677275
4.8253727, 2.4060922, 0.61777383
4.9207797, 2.3183556, 0.5745514
4.981532, 2.3065846, 0.5419944
4.9171624, 2.316039, 0.59749883
4.898562, 2.330187, 0.76089233
5.0330873, 2.2323067, 0.65795934
