0.4289478, 2.1502829, 0.03254187
0.44932848, 2.1075246, 0.014751241
0.39104423, 2.1491194, 0.032310635
0.44963384, 2.1671238, 0.03715245
0.41237047, 2.189848, 0.034487005
0.3901743, 2.166537, 0.032629088
0.44889972, 2.1875906, 0.03698365
0.40473217, 2.1489763, 0.016659092
0.42703998, 2.189804, 0.036217444
0.4288265, 2.0697289, -0.010807195
0.46925855, 2.0913546, 0.0062497873
0.42867574, 2.0703456, 0.0080357045
0.48950657, 2.103376, 0.009325091
0.44916326, 2.0743353, 0.00926827
0.49402347, 2.1253042, 0.02443948
0.4515537, 2.0886533, 0.012274539
0.46716875, 2.0761023, 0.004833445
0.41361192, 2.086569, -0.0038238524
0.37153673, 2.153264, 0.015321162
0.34846857, 2.1691358, 0.030872507
0.3907264, 2.0779715, 0.0074577397
0.44967446, 2.0478082, -0.007957347
0.5043768, 2.1586852, 0.02110751
0.5110086, 2.1685092, -0.0051996093
0.37927586, 2.1047401, -0.0014002528
0.3686504, 2.0747786, 0.00520198
0.33162338, 2.1662283, 0.031711895
0.31151035, 2.1700249, 0.029313434
0.30773056, 2.160013, 0.01818403
0.48342863, 2.2456288, 0.04628841
0.3706243, 2.047521, -0.01147017
0.5288663, 2.1873496, -0.007582413
0.32884002, 2.071535, -0.010946401
0.31284636, 2.129332, 0.023303408
0.2916211, 2.1532803, 0.024454027
0.28909945, 2.1708348, 0.02780526
0.29037324, 2.1327944, 0.025193611
0.26124305, 2.161424, 0.011039214
0.2697901, 2.1683884, 0.030806419
0.564014, 2.1923723, -0.0031010336
0.31251657, 2.0491235, -0.011340393
0.24924396, 2.1700485, 0.025962688
0.23271006, 2.171243, 0.027132716
0.23949179, 2.1866777, 0.042010095
0.21046041, 2.170556, 0.024547495
0.20649539, 2.1815403, 0.016182804
0.19920038, 2.1902056, 0.016742764
0.17495388, 2.1516151, 0.023760438
0.2699479, 2.1508956, 0.02353366
0.19014351, 2.189696, 0.027921852
0.4842521, 2.1338115, 0.017267171
0.20479153, 2.1689868, 0.016323688
0.14929536, 2.1770787, 0.021217711
0.25146127, 2.1653788, 0.016141506
0.2689818, 2.0695662, -0.013110002
0.42868674, 2.0891883, 0.010359926
0.43097508, 2.1712782, 0.041982777
0.29105124, 2.0970974, 0.0028695858
0.14834967, 2.130433, 0.004060818
0.27244964, 2.1357408, 0.021432033
0.32909924, 2.0952735, 0.005771703
0.15133385, 2.1685207, 0.018822761
0.17043918, 2.1875348, 0.028551197
0.4046332, 2.0748382, 0.0058568493
0.23445126, 2.1720788, 0.019196818
0.31045422, 2.1534367, 0.023834188
0.17560631, 2.1710725, 0.014897827
0.15235326, 2.1881182, 0.025874201
0.35362145, 2.1119444, 0.024582462
0.110917956, 2.1911504, 0.016429096
0.11065191, 2.1886818, 0.023428096
0.12818798, 2.1854231, 0.013677975
0.11142542, 2.1747513, 0.020475237
0.23068777, 2.0715227, -0.0126279
0.24956252, 2.0700045, -0.012052072
0.23117611, 2.0895262, 0.0032630055
0.16968931, 2.1088593, -0.007907748
0.14962856, 2.087077, -0.012464887
0.106628, 2.2140017, 0.018407445
0.069890216, 2.2039504, 0.02789917
0.0890937, 2.2076836, 0.016636588
0.07661036, 2.2087946, 0.018721007
0.071627505, 2.1861157, 0.025407236
0.089367904, 2.2089689, 0.024855543
0.089069225, 2.2283275, 0.02861579
0.0738388, 2.1840699, 0.013895594
0.092205815, 2.166391, 0.01488611
0.2115792, 2.0702465, -0.007513633
0.19119933, 2.0863223, -0.0055458043
0.21024233, 2.0911915, -0.0106396545
0.10467146, 2.0889373, -0.013724451
0.07053669, 2.2330472, 0.02876023
0.06820434, 2.226304, 0.018779976
0.031202894, 2.2357223, 0.016440649
0.055062547, 2.2003996, 0.018448777
0.046269294, 2.2053938, 0.025859995
0.02733783, 2.230013, 0.028898988
0.07399544, 2.1353085, 0.0050918637
0.090976134, 2.1125603, -0.014392123
0.012860623, 2.2142096, 0.025786888
0.0147308195, 2.2306154, 0.017093314
0.050236385, 2.1312604, -0.006651229
0.031728867, 2.1309996, -0.009292809
0.03474542, 2.1052854, -0.016825106
0.0074750627, 2.1291924, -0.013241826
-0.0067659863, 2.132849, -0.0117282085
-0.03298474, 2.1326041, -0.0086885635
-0.031089801, 2.14904, -0.008522303
-0.048997883, 2.14767, -0.006182076
-0.048492074, 2.1422112, -0.025813945
-0.07112849, 2.1541145, -0.007550447
-0.07411017, 2.1470685, -0.02334403
-0.06681009, 2.1776528, -0.004069877
-0.09087485, 2.1684537, -0.007540069
-0.09034255, 2.1530557, -0.013175227
-0.09157539, 2.1324577, -0.028665889
-0.11173628, 2.1491327, -0.025463143
-0.10960994, 2.1489515, -0.009432786
-0.13164075, 2.1487665, -0.013270467
0.149201, 2.128182, -0.0070445286
0.02640022, 2.2160876, 0.017739546
0.3527961, 2.0919561, 0.0087596765
0.23039106, 2.1143823, 0.006165106
0.41054696, 2.0909927, 0.008140238
0.2880968, 2.0689821, -0.010478074
-0.010329303, 2.149215, -0.0070791007
0.45005557, 2.0849564, 0.020326108
0.08793719, 2.125805, -0.0058671236
0.06792854, 2.112883, -0.013739656
0.054400057, 2.1922493, 0.011638419
0.18933062, 2.1091835, -0.009206032
0.10875231, 2.1317685, 0.0064963815
0.19709718, 2.117532, 0.0018529777
0.21103975, 2.1078074, -0.004708544
0.17049994, 2.119522, 0.0012362279
0.22921729, 2.0912786, -0.011747553
0.31061238, 2.1548944, 0.017025536
-0.018355304, 2.1409304, -0.02883904
0.42958564, 2.127192, 0.018202443
0.41374448, 2.0717325, -0.0083294595
0.1884039, 2.1681638, 0.014431997
0.21046278, 2.1317496, -0.0020045703
0.17150363, 2.1717172, 0.024445267
0.054114673, 2.1525316, -0.0053253253
0.15245797, 2.1106436, -0.009378058
0.20728329, 2.110036, 0.004516546
0.1337947, 2.0908017, -0.013380209
0.007684835, 2.205475, 0.015469107
0.19122118, 2.1545198, 0.02278203
0.3458711, 2.1464238, 0.017275285
0.14941852, 2.1514277, 0.011180729
0.12937468, 2.130905, 0.0106509905
-0.026776817, 2.1829278, -0.0020004231
0.2271423, 2.1500902, 0.012353298
0.36998177, 2.068926, -0.010658585
0.010444943, 2.1662314, -0.0014847806
0.47070777, 2.1097724, 0.012293261
0.33737844, 2.1353674, 0.0120209865
0.3489874, 2.0697656, -0.009992514
0.33202136, 2.0923676, -0.008880874
0.053038914, 2.1711495, 0.011407929
0.31024656, 2.131143, 0.017095566
0.1669696, 2.1317258, -0.009914185
0.3485327, 2.1264763, 0.013600985
-0.018700771, 2.1709833, -0.003115921
-0.009889314, 2.1666477, 0.004574879
0.3874388, 2.1110802, 0.0097167315
0.016534008, 2.2331161, 0.036092024
-0.04751784, 2.1562495, 0.003745466
-0.028413529, 2.1713977, -0.0029824157
0.38963658, 2.0696492, -0.008093888
0.29184625, 2.1282966, 0.014243099
0.28681153, 2.1484199, 0.015267346
0.03307223, 2.1514316, 0.0031874022
0.10393046, 2.1505656, -1.150512E-4
0.33163655, 2.114339, 0.024287378
0.24944831, 2.1498864, 0.014772325
0.4069142, 2.108977, 0.02617568
0.1449719, 2.1452103, -0.002101938
0.108347274, 2.1495063, 0.008812009
0.41140717, 2.1286342, 0.01633547
0.3693542, 2.0952165, 0.008388607
0.23628241, 2.1286135, -9.459031E-4
0.09061166, 2.133283, 0.0053247553
0.06902804, 2.1506002, 0.0055397595
0.06818021, 2.1310055, -0.008312345
0.31038466, 2.1062796, -0.005210062
0.04944883, 2.1904745, 0.02308025
0.26926878, 2.1519158, 0.016380712
0.19121973, 2.133108, 0.0068199337
0.17224693, 2.1338274, 0.0059540085
0.09274936, 2.1466503, -6.236457E-4
0.37018114, 2.1283412, 0.030159565
0.17134854, 2.145187, 0.012184902
0.027830204, 2.1480618, -0.0041766437
0.11095503, 2.1288695, -0.0065893317
0.11154076, 2.1293654, -0.02196142
0.3248737, 2.1453743, 0.017203473
0.049448613, 2.1688704, -0.001984218
0.21017048, 2.148041, 0.024268236
0.37059262, 2.1676579, 0.034575433
0.3498137, 2.1073139, 0.012231768
0.16555989, 2.095967, -0.013388056
0.2069581, 2.1478539, 0.014769818
0.31103024, 2.0712147, -0.011636428
0.011614506, 2.1262436, -0.02464293
0.42682135, 2.1069708, 0.012410028
0.31010643, 2.1115193, 0.0113802245
0.19163366, 2.1707377, 0.026920881
0.32877302, 2.1105435, 0.00949724
0.1316217, 2.151241, 0.010288466
0.21169615, 2.1318321, 0.009184074
0.0902961, 2.1877515, 0.016806984
0.087287344, 2.1271536, -0.025459409
0.2704214, 2.1126177, 0.005653116
0.25341785, 2.1290026, 0.014455143
0.38944045, 2.1282897, 0.015879374
0.36895952, 2.127432, 0.013654258
0.030785227, 2.168538, 0.0062077353
0.13079217, 2.127357, -0.009617416
0.19017789, 2.1496499, 0.011338043
0.4687518, 2.1307592, 0.02954767
0.053214185, 2.2264066, 0.029776702
0.27357167, 2.0913184, -0.011923925
0.1873217, 2.1304696, -0.0034375382
-0.006334877, 2.1816335, -0.0027940902
0.12926087, 2.1656795, 0.013257163
0.2501033, 2.1091504, 0.0062925764
0.40847558, 2.1066837, 0.013256409
0.2911545, 2.1088023, 0.008120506
0.08671487, 2.149417, 0.008988437
0.06765541, 2.1730618, 0.008377801
0.3903102, 2.0906239, 0.010133703
0.2668036, 2.1277707, 0.01177323
0.24968489, 2.1041605, -0.008719757
0.050117176, 2.149372, 0.003230431
0.014606102, 2.1526828, 0.0061666234
0.109430544, 2.169069, 0.01193755
