3.1412945, 2.6555789, 1.9639449
3.1415746, 2.664317, 1.9273612
3.1290095, 2.6466296, 1.9451145
3.1069622, 2.6509128, 1.910811
3.1415627, 2.6644943, 1.912083
3.2115238, 2.6755302, 2.0135732
3.1465166, 2.6672919, 2.035132
3.1078308, 2.6529412, 2.0332384
3.0890887, 2.6524878, 1.9682119
3.0907905, 2.6492333, 1.99233
3.2300706, 2.6872847, 1.9997182
3.2098336, 2.6722636, 2.0681195
3.0900924, 2.6523933, 2.0675514
3.1060863, 2.6540623, 2.0788722
3.0465991, 2.6415985, 2.000427
3.0251436, 2.6265936, 2.012284
3.1906219, 2.6732364, 2.0887227
3.1900368, 2.669065, 2.1094286
3.2128878, 2.6729543, 2.0957623
3.2188544, 2.6816123, 2.1100829
3.1038783, 2.6526744, 2.0892737
3.1278422, 2.6561852, 2.0882368
3.1051073, 2.6547613, 2.1120832
3.1247237, 2.6543887, 2.1109455
3.278975, 2.7009416, 2.0775392
3.1542811, 2.6657836, 2.134002
3.250859, 2.6879497, 2.1092093
3.0852165, 2.6448698, 2.1286287
3.1069107, 2.6607363, 2.126273
3.1777616, 2.671247, 2.1275885
3.204784, 2.6674724, 2.1263208
3.1255689, 2.6712992, 2.0687695
3.174284, 2.6761665, 1.9477677
3.117428, 2.6679933, 2.0310025
3.140678, 2.6610982, 1.8871148
3.1718483, 2.6808553, 2.105573
3.1641762, 2.668103, 1.9778981
3.1363635, 2.6560366, 1.8340242
3.1280131, 2.650439, 1.9727091
3.1108818, 2.6647992, 2.0103805
3.181555, 2.680184, 1.8856856
3.1192236, 2.6551082, 1.7559417
3.2534106, 2.6860037, 2.0449758
3.2487688, 2.685272, 2.0950747
3.0525932, 2.6464715, 1.9059948
3.2535322, 2.6915462, 1.9912171
3.2299492, 2.6754303, 2.1316366
3.055035, 2.6535516, 1.9827181
3.2953463, 2.7067397, 1.9660422
3.2866647, 2.6908715, 1.9493592
3.0359828, 2.6380184, 2.025735
3.1130588, 2.6600559, 1.9868835
3.2486093, 2.6887352, 1.9711728
3.106448, 2.6582854, 2.0502636
3.1345015, 2.663226, 1.9798461
3.1535187, 2.671505, 2.0740852
3.2300174, 2.671795, 2.0713282
3.2500105, 2.6826975, 2.0027301
3.0883155, 2.6472878, 1.952142
3.0676394, 2.6369429, 2.053935
3.0943327, 2.6527324, 2.0110297
3.0528736, 2.6321142, 2.077499
2.996365, 2.6339116, 2.0741153
2.9693341, 2.6315963, 2.072709
2.9873207, 2.6264436, 2.1112416
2.970575, 2.627064, 2.1058688
3.2229648, 2.6705523, 2.0258415
2.9551234, 2.6316185, 1.9870646
3.3171103, 2.7013874, 2.0986185
2.9696603, 2.628452, 2.0916507
2.9746294, 2.62425, 2.0260918
3.0882714, 2.648292, 1.9338208
3.0687218, 2.6468015, 2.092922
3.2277212, 2.6875806, 2.0497005
3.1157718, 2.6609285, 1.8631629
3.144752, 2.6547658, 2.0848515
2.9502783, 2.6300912, 2.0312662
2.9437554, 2.6107645, 2.015127
3.1281233, 2.65021, 1.9906038
3.1662717, 2.6660252, 1.9932036
2.8814204, 2.6045108, 2.1070564
3.3483806, 2.7123723, 2.0898423
3.3307173, 2.703738, 2.0899253
3.377444, 2.7327247, 2.0859354
3.3588202, 2.7245007, 2.0213473
3.386764, 2.7152252, 2.0906203
3.3955379, 2.7307587, 2.1139011
3.3892915, 2.7235124, 2.1279638
3.4085422, 2.7275333, 2.1303196
2.7863395, 2.5827026, 2.0151086
2.8448927, 2.589739, 2.0882826
3.3496342, 2.7213557, 1.9882797
2.9148388, 2.6180277, 2.073413
2.8906865, 2.6166763, 2.0072472
3.1473532, 2.653748, 2.006865
2.8612986, 2.599835, 2.122943
2.7683825, 2.587579, 1.947235
2.8968005, 2.6151905, 2.021178
2.7502282, 2.573568, 2.0315254
3.112083, 2.653408, 1.9894321
2.7912462, 2.5884278, 2.0305152
2.7671964, 2.5854816, 2.0278149
3.3319268, 2.710216, 2.0074017
2.7888064, 2.5868587, 1.9490194
3.1900306, 2.6559796, 2.0843878
2.750502, 2.5747113, 1.9520954
2.977334, 2.631351, 1.9457463
2.8054621, 2.589009, 1.9941685
2.7865896, 2.586283, 1.9772868
3.2100086, 2.6777694, 1.9900687
2.8904686, 2.6062937, 2.0926678
3.219104, 2.6811593, 1.8722054
2.8136292, 2.6002352, 2.0389538
2.8048599, 2.5914197, 2.0659497
2.8300939, 2.6045685, 2.0924904
2.8111277, 2.5914216, 2.1102328
2.870292, 2.6099503, 2.0311222
2.7929306, 2.5903318, 1.9353102
2.7894027, 2.585173, 1.9079844
2.8130088, 2.5929725, 1.9305897
2.7538788, 2.5861266, 2.0488913
2.8122323, 2.592492, 2.1252701
2.7855365, 2.5896897, 2.1087966
2.7817585, 2.5869284, 2.1224806
2.7958047, 2.5889547, 1.864329
2.751757, 2.5839453, 2.1076972
2.7461715, 2.5772176, 2.1023886
2.7907817, 2.587363, 1.8285048
2.7909944, 2.588921, 1.8498198
2.7894084, 2.5847635, 1.8124613
2.7544122, 2.5709763, 1.7894502
2.8247173, 2.5951505, 1.7671541
2.8071964, 2.5864537, 1.7279999
2.821572, 2.5892513, 1.7242393
2.7690406, 2.5848985, 1.7270317
2.80248, 2.5863137, 1.7087376
2.7881625, 2.5853565, 1.7108772
2.769113, 2.5731795, 1.7244282
2.82415, 2.5867677, 1.7083693
2.7917743, 2.5818262, 1.6922302
2.8291125, 2.5944886, 1.6817878
2.7919288, 2.5768352, 1.6974467
2.75587, 2.5702004, 1.6873637
2.7692332, 2.5735133, 1.6742252
2.7586954, 2.5727212, 1.6701195
2.8275752, 2.584809, 1.646937
2.7865214, 2.571238, 1.6471643
2.8098311, 2.5903318, 1.6541193
2.8212442, 2.5766022, 1.6578408
2.7683253, 2.5765762, 1.6325867
2.8409786, 2.5909762, 1.6011521
2.768787, 2.5755997, 1.6107942
2.771165, 2.5758684, 1.5898209
2.845109, 2.5937388, 1.5868615
3.2081115, 2.6783547, 2.0454912
3.0613277, 2.6514246, 1.8443509
3.0490901, 2.6410663, 1.8736008
2.785407, 2.589465, 2.048882
3.206098, 2.6791742, 2.1090693
3.1352246, 2.6646862, 2.0080304
3.0703692, 2.64988, 1.9504513
3.0291848, 2.632265, 2.086724
3.0327697, 2.6443439, 1.9680892
3.076582, 2.642835, 1.7387813
3.079241, 2.6526957, 1.8914309
3.1259418, 2.6727827, 1.9106566
3.0755157, 2.6490467, 1.9282758
3.2447531, 2.683917, 1.9387066
2.8109283, 2.5851593, 1.8450269
2.848055, 2.590676, 2.0724611
3.0282035, 2.6331234, 2.0739164
3.0304322, 2.634711, 2.047481
3.0835, 2.655685, 1.8688928
2.9323351, 2.6239135, 2.0853188
2.7848456, 2.591544, 2.0920951
2.9653919, 2.62437, 1.9653183
3.3126297, 2.6944466, 2.1135187
3.300232, 2.7020571, 2.1061645
2.9375176, 2.6242619, 1.9965595
2.7301593, 2.5766037, 1.6473472
2.9306898, 2.6157806, 1.9658189
3.3053136, 2.702894, 2.009009
2.8299062, 2.605037, 2.100262
3.30788, 2.7063303, 2.0450664
3.0478094, 2.6366196, 2.0281138
3.2982137, 2.69837, 2.0568218
2.8573446, 2.6067734, 2.1145096
2.9293058, 2.6135848, 1.9508193
3.299178, 2.7014136, 2.0927358
3.351109, 2.7123203, 2.1338506
3.0161498, 2.6329873, 2.132923
3.1802218, 2.6754782, 1.8071831
3.2310865, 2.6776714, 1.7458578
2.8169959, 2.6019228, 2.053426
2.8035293, 2.5909288, 1.7654805
3.1296566, 2.6613834, 2.1287265
2.935733, 2.6297898, 2.13113
3.1825438, 2.6818008, 1.9015113
2.9537206, 2.624209, 2.0674913
2.7563708, 2.5903013, 2.0685096
2.806891, 2.5870075, 1.9112421
3.2591085, 2.690067, 2.0263448
2.8130932, 2.5936089, 2.088557
3.231056, 2.6699314, 2.0862796
2.7387576, 2.5773773, 2.115896
2.82694, 2.5965953, 1.7530088
3.252676, 2.6868691, 2.1261463
3.3005486, 2.7029676, 2.1226072
3.1585708, 2.6751637, 1.8352708
3.1310935, 2.6528451, 1.9103423
3.1122174, 2.650667, 1.9531202
3.1079059, 2.6439476, 1.8946298
3.1361084, 2.6585712, 2.0150127
3.03149, 2.6360993, 2.1121044
3.2942667, 2.6957428, 2.071486
2.8055773, 2.5958447, 1.9672825
2.8267148, 2.6108084, 2.03337
2.7490385, 2.5800896, 1.8089217
2.7995317, 2.5806859, 1.671749
2.7651207, 2.587398, 2.0743115
3.2483692, 2.7021031, 1.9540671
3.3601592, 2.7201207, 2.1213713
3.3950825, 2.7432692, 2.0267453
3.2166188, 2.686883, 2.0628476
2.7273474, 2.5726824, 1.7272214
3.1951845, 2.6677482, 2.0752134
2.8791955, 2.6110532, 2.1353276
2.8843453, 2.6121228, 2.0622442
2.8971622, 2.6244044, 2.0498
2.7688937, 2.586446, 2.1233299
3.2667568, 2.6889782, 1.9514446
2.8709414, 2.610429, 2.1051626
2.7521164, 2.5868778, 2.012976
2.9308147, 2.6261334, 2.0072048
2.8948178, 2.6302786, 2.0282304
3.3653543, 2.723439, 2.105603
2.9702804, 2.6288955, 2.0051298
3.1552448, 2.6576843, 1.9298123
2.7427979, 2.5686605, 1.6272445
2.7849793, 2.5878296, 1.7534099
3.2267766, 2.6944816, 2.0324926
3.0906596, 2.6483915, 2.0933218
3.035193, 2.641604, 2.1214147
3.0975928, 2.6646693, 2.0326853
3.032136, 2.6344855, 2.1292975
2.8133173, 2.5950465, 1.6665155
2.8778675, 2.620551, 1.9892547
2.8519416, 2.6051507, 2.0492847
2.8324792, 2.5891242, 2.0283575
2.7671642, 2.5707824, 2.067035
3.2121506, 2.6710448, 1.7928979
3.3323274, 2.7041438, 2.1122444
3.0634582, 2.6451511, 2.0331244
2.8122873, 2.601019, 1.7802824
3.3668227, 2.7164474, 2.0850992
3.2150064, 2.674704, 1.8873961
2.769186, 2.575985, 1.6496844
3.069855, 2.6471462, 2.0698037
3.1626184, 2.6889362, 2.0556808
3.3735063, 2.733047, 1.9550269
2.763268, 2.586442, 2.0043957
3.070035, 2.6556287, 1.9892569
2.9530373, 2.6209843, 2.0888321
2.9351301, 2.6279547, 2.1084023
3.283202, 2.7078586, 1.9811572
3.0430224, 2.6311176, 2.0911555
2.7701244, 2.5840478, 1.7093637
2.9592426, 2.6295912, 2.1354134
2.765789, 2.586459, 2.1133614
3.407192, 2.7464254, 1.9280537
3.0672266, 2.6500864, 2.0491843
3.2918558, 2.698342, 2.127345
3.0766003, 2.6456943, 2.1282394
3.0919285, 2.6384292, 1.9738698
3.2881653, 2.6937978, 2.1103036
3.0941153, 2.6554444, 1.9085063
3.137059, 2.6669517, 2.0986202
2.903793, 2.6090636, 2.1307266
2.914564, 2.6127336, 2.0581937
3.2944937, 2.6919022, 2.0135353
3.373425, 2.7318828, 1.9302769
2.7506857, 2.5719807, 1.6483643
2.7780771, 2.5769958, 1.7108411
2.9712908, 2.6400592, 2.0963593
2.911099, 2.628089, 1.9938997
2.7906337, 2.5877614, 1.6518841
3.3317454, 2.7173877, 1.9204031
2.94851, 2.6136346, 2.1069582
3.3253095, 2.7175207, 1.9738691
2.916703, 2.617695, 2.0884693
3.302246, 2.7000327, 2.0309334
2.815914, 2.586457, 2.0319936
2.8905058, 2.6131232, 2.1251972
3.3556252, 2.733456, 1.8571566
3.388347, 2.7347221, 1.7921441
3.1963546, 2.6913788, 2.0444837
3.1804404, 2.6734767, 1.9708323
2.8313863, 2.60439, 2.0703151
2.789308, 2.5850081, 1.6307341
3.23907, 2.6915767, 1.9050294
2.9179077, 2.6154413, 2.014355
3.136621, 2.667251, 2.114304
3.1302836, 2.6708655, 1.9286414
3.175147, 2.673654, 2.088654
2.9902186, 2.6325247, 1.9575565
3.1725898, 2.673301, 2.025651
2.791356, 2.5860243, 1.8923011
2.75423, 2.5866904, 2.0894306
3.3784425, 2.7403204, 1.9869034
2.9934278, 2.6252794, 1.9903401
2.8286972, 2.5917885, 2.111508
3.0378325, 2.6048932, 1.847432
2.7307763, 2.5699377, 1.6684074
2.864828, 2.5994337, 1.8563356
2.8391418, 2.6111736, 2.0498648
3.13624, 2.6534135, 2.044948
2.957943, 2.6270857, 2.112435
3.050013, 2.632092, 2.107802
3.415182, 2.734257, 2.0502024
2.8117058, 2.586959, 1.7470515
3.0006733, 2.6323347, 2.0697098
3.172871, 2.6701655, 2.056562
2.986493, 2.6279092, 2.1290803
2.91986, 2.6238263, 2.0446992
2.9509149, 2.6145983, 1.9715235
3.174234, 2.6643138, 1.8915787
3.2603014, 2.6961563, 1.892404
2.8247955, 2.5983803, 2.0836098
3.0848622, 2.6388185, 2.1117158
3.2421434, 2.6884491, 1.7622052
3.040919, 2.6427703, 2.0707848
3.2725675, 2.6875973, 1.8284812
3.2782214, 2.7016525, 2.0546002
3.1798277, 2.6787071, 2.1054034
2.99467, 2.6292238, 1.9766179
3.1336868, 2.6459467, 1.9318818
3.1309826, 2.6684532, 1.9525478
2.9732122, 2.6323035, 1.9270458
2.7671583, 2.5787706, 1.773161
3.2617958, 2.687375, 2.0681598
3.247924, 2.6732364, 2.011487
2.7468948, 2.5764976, 1.5712966
3.2164116, 2.6849117, 1.9700681
2.8472273, 2.617805, 2.0156653
3.2698686, 2.6908731, 1.972557
3.279636, 2.697177, 1.9093091
3.1865146, 2.6808374, 2.0111876
3.0844572, 2.6557758, 2.1081789
2.9318671, 2.6302474, 2.0522058
3.2602675, 2.6885486, 2.1327074
3.2837996, 2.7003107, 1.8936322
3.2661955, 2.6881788, 1.9881724
2.771822, 2.5716772, 1.53123
2.8192012, 2.594154, 1.5529401
3.2607694, 2.6851661, 2.0357146
3.010844, 2.649087, 2.0052803
2.7895913, 2.5952349, 2.0713525
3.378331, 2.7189288, 2.0662673
3.1250596, 2.6464667, 1.894225
3.1970067, 2.6554577, 1.797606
3.0968804, 2.6531587, 2.0367975
2.902178, 2.6107233, 2.1109977
3.1522648, 2.6592252, 1.8872962
3.1024313, 2.6511006, 1.6846377
3.1650214, 2.6553144, 1.7745504
2.9875603, 2.6262228, 2.0912447
3.2489963, 2.6776607, 2.1144226
3.104436, 2.6511383, 1.9701929
3.2683272, 2.6831276, 1.8122082
2.9148583, 2.6252446, 2.0891914
3.2734864, 2.6833577, 1.700926
3.0021849, 2.6228592, 1.9488081
2.7906241, 2.5723522, 1.6703031
2.7651107, 2.5775506, 1.6951733
3.2522507, 2.6733131, 1.9303491
2.9529376, 2.630538, 2.047657
2.9114366, 2.6280732, 2.0295005
2.7320628, 2.5758152, 1.7100625
3.150741, 2.6630135, 1.7108824
2.913566, 2.6302447, 1.8600743
3.0438461, 2.6432855, 2.050994
2.8270035, 2.5781722, 1.6154413
3.37238, 2.7329655, 1.8419883
3.345772, 2.7157125, 2.0688653
2.9534712, 2.6089451, 2.0327673
3.112163, 2.661501, 1.9478123
3.3192027, 2.694796, 2.0974655
2.8697405, 2.6104836, 2.0707588
3.104689, 2.662064, 2.1101274
2.9626622, 2.6261296, 2.049571
2.990155, 2.6294649, 2.0171585
3.3913975, 2.7122817, 1.9745879
3.3500476, 2.7182374, 2.0529892
3.1288745, 2.6492758, 2.0245957
3.38214, 2.7344272, 2.0582654
2.866022, 2.6114693, 2.046365
2.821579, 2.603277, 1.9533994
2.8090606, 2.5766075, 1.7281892
3.2344189, 2.6924353, 1.8261374
3.336103, 2.7224996, 1.9372413
3.2126384, 2.6849973, 2.1264899
2.855684, 2.6059928, 2.1327522
3.2293384, 2.6957388, 2.0169299
2.8104415, 2.5742254, 1.68599
3.376372, 2.7323682, 1.8214912
2.8418431, 2.6253605, 2.014125
3.2155802, 2.6817198, 1.9830536
3.1104972, 2.6454196, 1.7248967
3.1914127, 2.6600955, 1.9955733
2.7729404, 2.5943604, 2.0479455
3.202448, 2.6566699, 1.8697866
2.81307, 2.5767086, 2.0723226
2.970077, 2.6273613, 2.120924
3.0476887, 2.6356244, 1.9137332
2.8176596, 2.5951886, 1.5955557
2.8465936, 2.5995934, 1.6296315
3.0384316, 2.6318336, 1.9916406
3.0239148, 2.6448412, 1.9520952
2.9900887, 2.6440566, 2.0640593
3.0093346, 2.6167636, 2.1315653
3.1953738, 2.680232, 1.80717
2.848363, 2.6114228, 2.0645676
3.052929, 2.6464295, 1.9476702
2.8407764, 2.5994287, 1.825457
2.849503, 2.6082234, 2.0207345
2.9514756, 2.6179168, 2.07766
3.3590734, 2.7175474, 1.9387442
3.0416737, 2.6513398, 1.8474056
3.3539646, 2.719212, 2.0205035
3.1849205, 2.6712031, 1.8220992
3.4242573, 2.7198203, 2.1132283
3.470592, 2.7317967, 2.130759
3.1152167, 2.6683607, 1.8946769
