4.955037, 0.77581394, 0.16000457
4.925869, 0.7741004, 0.14841355
4.926321, 0.8257896, 0.15457505
4.876871, 0.81205094, 0.14601982
4.8894815, 0.77888495, 0.14908475
4.947113, 0.87118125, 0.14960054
4.889924, 0.85101134, 0.14596826
4.9403434, 0.8573657, 0.14636223
4.9304247, 0.8562585, 0.15345481
4.957692, 0.9123739, 0.14381674
4.8453636, 0.86552715, 0.13803473
4.8887596, 0.8707019, 0.14610486
4.942292, 0.9338539, 0.15151387
5.0149965, 0.91939646, 0.1463384
5.0091953, 0.8669766, 0.14981978
4.810956, 0.84262526, 0.15100157
4.8326864, 0.85462105, 0.14916356
4.8992167, 0.9112278, 0.14210021
4.8958616, 0.9319682, 0.14929429
4.8970757, 0.95107836, 0.14923339
4.96544, 0.9608126, 0.14763501
4.943797, 0.9721678, 0.1492637
5.007601, 0.825751, 0.14476267
5.0503693, 0.86538553, 0.14676228
4.817038, 0.8109385, 0.14522034
4.771858, 0.8518884, 0.14606647
5.003891, 0.7919713, 0.14973457
5.0707765, 0.8689523, 0.15020408
5.085588, 0.88896686, 0.14560781
4.8152943, 0.7712517, 0.15349561
4.7906575, 0.7669848, 0.15305257
4.746877, 0.8317982, 0.15343075
4.758286, 0.8971257, 0.15639496
4.7511554, 0.81161004, 0.1504476
5.0925455, 0.9320387, 0.14697313
4.771893, 0.7717155, 0.15486532
4.747594, 0.92948276, 0.15872595
5.060193, 0.9746971, 0.13791998
5.0996428, 0.9797887, 0.14708064
5.0932035, 0.9473492, 0.14647572
4.7633586, 0.9468012, 0.147735
5.048785, 0.9880481, 0.13595048
4.8166537, 0.9284319, 0.15382433
4.814712, 0.9538165, 0.15076278
4.9745364, 0.8684021, 0.15018494
4.741186, 0.7891941, 0.15811308
5.0797086, 0.82678, 0.14658502
4.9687386, 0.9493644, 0.14435923
5.010825, 0.80973876, 0.14690055
4.779925, 0.8398402, 0.13820843
4.8264627, 0.798745, 0.1492104
4.937437, 0.80576825, 0.14962517
4.8717303, 0.9617492, 0.15229782
5.0041943, 0.9499278, 0.14993152
4.8818264, 0.8044905, 0.15128914
5.089887, 0.79041815, 0.13710594
5.0720687, 0.7401317, 0.14854169
5.050088, 0.7279834, 0.15441486
5.0277095, 0.9056166, 0.14936753
4.752929, 0.86718, 0.15486293
4.822023, 0.8817954, 0.1547155
4.9907956, 0.90400195, 0.14003566
5.013151, 0.92891026, 0.15230201
5.134298, 0.7939024, 0.14471854
5.0383716, 0.9511468, 0.138443
4.855348, 0.76726204, 0.15123084
4.971349, 0.7289674, 0.1577079
4.905396, 0.89277184, 0.14733788
5.1581073, 0.7478928, 0.14266318
5.1703863, 0.80715644, 0.14315772
4.922398, 0.7173231, 0.1564379
4.9683075, 0.7317597, 0.13958137
5.128419, 0.734532, 0.1453711
5.155885, 0.84704393, 0.13975163
5.1236315, 0.69729286, 0.14505649
5.168256, 0.884026, 0.13685189
5.1507506, 0.8835114, 0.1475839
4.8726044, 0.7082269, 0.16461618
5.1104813, 0.64301497, 0.14975643
5.120826, 0.64136744, 0.14268465
5.154023, 0.6426256, 0.15332098
5.1692886, 0.9301413, 0.14371061
5.19316, 0.9296755, 0.14001854
4.882711, 0.62612116, 0.15714893
4.834114, 0.70982414, 0.16263586
5.1964755, 0.95622814, 0.13951571
5.2221947, 0.9455841, 0.14567602
4.8717356, 0.5973954, 0.16249478
4.8144073, 0.707745, 0.1642367
4.8112144, 0.66911376, 0.16306596
4.7867365, 0.71493125, 0.15938888
5.169232, 0.98962444, 0.14689267
5.204708, 0.9805578, 0.13721213
5.235114, 0.97118723, 0.14136282
5.179242, 0.9800081, 0.13740487
5.1663065, 1.0041662, 0.14198422
5.2494717, 0.96624136, 0.14549673
5.259371, 0.9878231, 0.14253005
5.225441, 0.9856213, 0.1452079
5.2434916, 0.91498816, 0.13723475
4.864881, 0.569113, 0.16748
4.8705387, 0.5452549, 0.15593937
4.777547, 0.67169905, 0.15455443
4.7459717, 0.680601, 0.17391457
4.7402325, 0.70137, 0.16920255
5.2416387, 1.0149198, 0.14050797
5.2548184, 0.8910274, 0.13560091
5.2381616, 0.89194787, 0.13696048
4.8868465, 0.5373804, 0.14905418
4.8764343, 0.52455413, 0.15964974
4.873002, 0.5012184, 0.15244599
4.8920593, 0.50835407, 0.14952148
4.7757387, 0.5872777, 0.1707105
4.7487154, 0.6092842, 0.16369992
5.248067, 0.8506085, 0.13659613
4.9346967, 0.54779387, 0.15534012
4.9015017, 0.49491677, 0.15010475
4.8598146, 0.47611317, 0.15557764
4.912628, 0.47696072, 0.1586666
4.750264, 0.5719947, 0.16581728
4.947693, 0.50785136, 0.15068023
4.968058, 0.540962, 0.14278021
4.945834, 0.49579823, 0.15634817
4.9292684, 0.45115954, 0.14970231
4.8059077, 0.45278087, 0.15619466
4.8535676, 0.4336028, 0.15586078
4.846794, 0.45440316, 0.1573973
4.873079, 0.44694927, 0.15610686
4.9516315, 0.44651496, 0.15080228
4.9341006, 0.43654776, 0.14757523
4.747496, 0.5116247, 0.15525445
4.713557, 0.52923954, 0.16759636
5.013389, 0.5298901, 0.15636475
4.9922676, 0.56792635, 0.14539437
4.9573317, 0.43449712, 0.14704831
4.7938485, 0.47448105, 0.15749699
4.8054914, 0.41679728, 0.15532221
4.8026047, 0.43399182, 0.15823568
4.7984967, 0.4931466, 0.16416118
4.870539, 0.41764173, 0.15379019
4.744556, 0.49621186, 0.16169862
4.7609286, 0.49836117, 0.14970453
4.7787237, 0.49745163, 0.16407251
5.02785, 0.5461105, 0.14478573
5.03856, 0.49922895, 0.14697295
5.0346866, 0.48155448, 0.13921867
5.029598, 0.57277524, 0.15045342
5.008564, 0.61020786, 0.15553743
4.8039465, 0.5115179, 0.1560422
4.732054, 0.41560063, 0.16037384
4.805777, 0.5337381, 0.15600531
4.966571, 0.6271364, 0.15415817
4.817586, 0.5473298, 0.15283236
5.084144, 0.55419004, 0.14892566
5.113818, 0.5467791, 0.137844
5.0897274, 0.52337873, 0.14519323
4.8071513, 0.7473339, 0.1553517
4.8812037, 0.7958636, 0.14332412
4.719912, 0.7785246, 0.15767701
4.9350414, 0.7554735, 0.14976038
4.86884, 0.7522563, 0.15064365
5.0468774, 0.8116247, 0.15226997
4.78734, 0.52377003, 0.1697782
5.1566787, 0.7806305, 0.14646867
5.2916913, 0.83705235, 0.1406469
4.793998, 0.7920655, 0.15319169
4.999951, 0.7654989, 0.15377782
4.7657027, 0.5921811, 0.15355514
5.2268157, 0.82677627, 0.13874243
5.250111, 0.81075203, 0.1343624
4.6996665, 0.75159883, 0.16391514
4.6994996, 0.7068236, 0.16928469
5.2117376, 0.74159294, 0.1408633
4.6916437, 0.67035705, 0.16846094
5.066634, 0.67234474, 0.14550596
5.1085234, 0.9039114, 0.13594507
5.151372, 0.9084776, 0.14413038
4.8734627, 0.64935017, 0.16254503
4.761164, 0.86153483, 0.14652726
5.150487, 0.5567077, 0.14939943
5.049178, 0.8970298, 0.1334646
4.7887278, 0.43650973, 0.15563527
4.765092, 0.61936414, 0.15597293
4.7646136, 0.64789915, 0.15917629
4.9508905, 0.88449395, 0.14450365
5.1631083, 0.5479984, 0.14392433
5.210223, 0.6790407, 0.13946994
5.2413554, 0.74849164, 0.13939692
4.887249, 0.61104894, 0.16726987
5.191773, 0.87783337, 0.138739
4.997304, 0.7569697, 0.14615141
5.133275, 0.7689808, 0.14525509
4.982577, 0.8536158, 0.14123526
4.674627, 0.69589096, 0.17180689
5.118372, 0.5918657, 0.148406
5.122332, 0.54191345, 0.14348419
5.091776, 0.6697794, 0.1554379
5.1525965, 0.823244, 0.13987102
4.7959685, 0.73886096, 0.15107332
4.945429, 0.5202281, 0.15005489
5.0709076, 0.76365834, 0.14356004
4.9874496, 0.5253356, 0.15041152
4.901079, 0.51941746, 0.1438795
5.0952654, 0.77500576, 0.1442362
5.2298093, 0.7782168, 0.13660029
4.806835, 0.8251653, 0.15505531
4.6928296, 0.7284317, 0.1666141
4.7351108, 0.43602884, 0.1538713
4.7976704, 0.86522484, 0.15461396
5.0694146, 0.60758424, 0.15698561
5.210026, 0.6127969, 0.13366894
4.931058, 0.4737783, 0.15588233
5.033459, 0.51103944, 0.1435329
4.790803, 0.6025531, 0.17029081
4.828147, 0.9095315, 0.15321285
5.0911746, 0.5712811, 0.14996277
5.0905457, 0.6207587, 0.15063274
4.94516, 0.8371451, 0.14843918
5.1120257, 0.7330648, 0.15893552
5.071433, 0.70812076, 0.14878058
5.204247, 0.6466738, 0.13797554
5.224768, 0.72049695, 0.14370322
5.078969, 0.85131687, 0.14274521
5.046973, 0.95041525, 0.14400372
4.878564, 0.82945156, 0.14513312
5.0101895, 0.8438094, 0.14361128
4.777649, 0.472825, 0.1496551
5.197671, 0.62774396, 0.13814166
5.118707, 0.92013747, 0.14170898
4.816881, 0.6223938, 0.15803866
4.8099003, 0.6121702, 0.16964422
4.8460994, 0.89867026, 0.1392213
5.148789, 0.8589131, 0.14214794
5.1318517, 0.70670795, 0.15110502
4.881466, 0.747122, 0.1425332
5.0324535, 0.53593117, 0.15096381
4.8319564, 0.6882949, 0.16474506
5.233826, 0.8685129, 0.13732028
4.7395396, 0.4673938, 0.1553641
4.8071265, 0.6835921, 0.16580783
4.8151703, 0.91266906, 0.14960887
4.9949393, 0.70188725, 0.15228082
5.241619, 0.7144203, 0.13424936
5.172422, 0.9528627, 0.13890967
4.8025937, 0.4688212, 0.15392137
4.7010875, 0.676107, 0.16158101
4.9283676, 0.6908585, 0.15308404
4.872739, 0.46523148, 0.15391877
4.83035, 0.51683855, 0.1471987
4.937214, 0.7856246, 0.1491514
4.7549996, 0.76548535, 0.15238224
4.9898725, 0.9297844, 0.13279587
5.017713, 0.6885656, 0.15781567
5.2687917, 0.6502525, 0.13995866
5.3088, 0.71329147, 0.135299
5.274576, 0.632104, 0.13615993
5.303684, 0.64391893, 0.13832366
5.1739154, 0.5713515, 0.1463441
4.7911243, 0.4283916, 0.16136026
4.7488256, 0.42822593, 0.15552816
4.861145, 0.77995443, 0.15006842
5.270312, 0.729875, 0.14790058
5.2452846, 0.90908366, 0.14436322
4.855024, 0.55194384, 0.16043334
5.245259, 0.6697855, 0.13355891
5.1844616, 0.812958, 0.12938145
5.0500174, 0.64856553, 0.15218191
4.96789, 0.6497256, 0.15790349
5.2763085, 0.8204385, 0.14526267
5.228008, 0.8164199, 0.1378895
5.005155, 0.55882007, 0.15240303
5.045773, 0.4800316, 0.14310749
4.804689, 0.63408905, 0.16856742
5.2999315, 0.7491136, 0.13556339
4.726355, 0.6769367, 0.17313617
5.1428447, 0.66227984, 0.14406325
5.183924, 0.9018386, 0.14133911
4.7299657, 0.76986074, 0.1543433
5.1015615, 0.63047224, 0.15796345
5.3087587, 0.76102126, 0.13991654
5.0245214, 0.47451806, 0.14201573
5.1306295, 0.7511651, 0.153499
5.0770035, 0.9910246, 0.14869687
5.0929313, 0.80662656, 0.13734196
4.9409766, 0.73471504, 0.15069595
5.1032624, 0.7495704, 0.14028893
4.856273, 0.7268358, 0.15820742
5.2319307, 0.7606567, 0.1434464
5.100761, 0.7102101, 0.13977474
5.040702, 0.88441056, 0.14366955
4.7839427, 0.72025615, 0.16219662
4.980004, 0.6046412, 0.15123583
4.9655237, 0.8776947, 0.13861687
5.022476, 0.6065005, 0.1587161
4.937323, 0.64808315, 0.16131495
5.192731, 0.6658722, 0.1431727
5.006728, 0.6656082, 0.13991414
4.9977183, 0.65176976, 0.16265853
5.09213, 0.8514707, 0.14775853
5.035969, 0.8907402, 0.1371773
4.8882, 0.8258332, 0.1506234
5.2762446, 0.6715107, 0.1391527
5.0546746, 0.845023, 0.1378831
5.310659, 0.6329955, 0.14754641
5.184973, 0.9039731, 0.1322834
4.7831926, 0.81452304, 0.14481924
4.8347282, 0.82006425, 0.14782959
4.743482, 0.59034455, 0.16890007
5.1876903, 0.8597198, 0.13888526
5.1284637, 0.66999876, 0.14153254
4.7014112, 0.7125253, 0.17041846
5.303163, 0.67336184, 0.13794424
4.8669825, 0.43809548, 0.14942136
4.9530573, 0.69507366, 0.15854046
4.7599916, 0.5489046, 0.15181316
4.7621946, 0.6715965, 0.16795418
4.9192495, 0.9123017, 0.14353839
4.6759977, 0.66983765, 0.17765069
4.802198, 0.89594585, 0.1624369
4.978871, 0.69949263, 0.15820426
5.072942, 0.9646665, 0.14963792
5.1730094, 0.94535923, 0.14749299
4.943937, 0.46169528, 0.15427251
5.251279, 0.9557462, 0.14518724
4.7751884, 0.45838055, 0.14930387
4.9811587, 0.9203815, 0.14420506
4.650091, 0.6385377, 0.17900339
4.672047, 0.5906332, 0.17431508
4.676064, 0.5678472, 0.1714707
5.088288, 0.69786817, 0.14318563
5.1230416, 0.60367686, 0.13959616
5.259665, 0.6103973, 0.14037277
4.635127, 0.5830126, 0.17922723
4.942769, 0.6851772, 0.16955003
4.90979, 0.8089194, 0.1492106
5.028355, 0.59809875, 0.14881197
4.944241, 0.59329927, 0.15533768
4.7601705, 0.89077353, 0.15617657
5.2339625, 0.8443118, 0.13791752
4.714445, 0.5803345, 0.17156027
4.846115, 0.5872823, 0.16738111
5.1403813, 0.8340512, 0.1455103
4.9371066, 0.6006729, 0.15765992
4.98949, 0.63782465, 0.15038636
4.9005136, 0.6720186, 0.15296735
4.7723355, 0.45260713, 0.16210821
4.6637053, 0.6537597, 0.17294477
4.880946, 0.62997067, 0.16551349
4.771938, 0.8391157, 0.14988333
5.294522, 0.6577822, 0.14029181
5.301327, 0.72311646, 0.1340069
4.9464417, 0.66952866, 0.15835431
5.1120358, 0.6871895, 0.14755107
5.2190986, 0.6957338, 0.13529727
4.8110476, 0.40449345, 0.1733708
4.7894893, 0.59258413, 0.17358205
4.7417727, 0.6549324, 0.16549815
5.2892265, 0.62197804, 0.13521372
5.251619, 0.8958999, 0.14242192
5.011796, 0.67923415, 0.15852907
5.287422, 0.7003892, 0.13621008
4.714977, 0.45169365, 0.16172592
5.119475, 0.8805085, 0.1399301
5.047844, 0.63239515, 0.14879508
4.7876387, 0.40522486, 0.16076893
4.7179985, 0.40434942, 0.16458781
5.299203, 0.7906257, 0.1365772
5.081516, 0.77095914, 0.13934079
5.142946, 0.77626055, 0.14138539
4.7757173, 0.70453054, 0.16456258
5.149622, 0.7115594, 0.13744794
5.2584167, 0.787856, 0.12672868
5.1021147, 0.96583295, 0.147957
5.1239257, 0.96300393, 0.13235347
5.2718296, 0.86929387, 0.13467889
4.9146423, 0.7549729, 0.15174012
4.737517, 0.48896706, 0.16507085
4.865464, 0.9310694, 0.1536909
4.7052794, 0.73541945, 0.16152309
4.721336, 0.7000747, 0.16294272
5.1606455, 0.83472294, 0.14615479
5.007543, 0.58287036, 0.16200718
4.7327123, 0.44385067, 0.16322033
4.9880567, 0.8156959, 0.15859179
4.760886, 0.79202205, 0.15140547
4.931714, 0.62854826, 0.16178352
5.3153276, 0.6522049, 0.1480908
4.8801246, 0.5764642, 0.16198023
4.9608097, 0.8135276, 0.14612116
5.229639, 0.8420183, 0.14657861
4.9883313, 0.63161504, 0.16431974
5.2018113, 0.5939262, 0.14288847
4.770886, 0.74149126, 0.15909651
5.0813584, 0.826107, 0.14969745
4.804905, 0.7963717, 0.15688206
4.889049, 0.8854625, 0.15259567
4.8365955, 0.8790543, 0.14938864
5.0866313, 0.7214282, 0.15737064
4.9921584, 0.71324, 0.1665259
4.980073, 0.8973997, 0.14331673
4.647229, 0.68511635, 0.18011908
4.9393764, 0.70947576, 0.1626137
5.1023192, 0.9125625, 0.14671369
5.212548, 0.732893, 0.13902433
5.1161485, 0.67847234, 0.15505758
4.7866163, 0.44035423, 0.1652487
4.8440647, 0.44126868, 0.16626422
4.9791255, 0.6686581, 0.15644355
4.772842, 0.571395, 0.15716252
4.9054184, 0.41174698, 0.1626077
5.2365375, 0.6880607, 0.1387632
5.1864734, 0.9698964, 0.1341226
5.3077226, 0.69310135, 0.13898008
4.951343, 0.75745505, 0.16074926
4.794187, 0.62007666, 0.16653876
4.862286, 0.6605669, 0.15333167
5.281538, 0.9357532, 0.13423721
4.7240715, 0.69171095, 0.17343761
4.7905455, 0.5697066, 0.16928281
4.736785, 0.43973044, 0.1620606
4.831757, 0.60464156, 0.172673
4.9074473, 0.79002184, 0.15616438
5.125161, 0.8119395, 0.14928898
4.730238, 0.5614727, 0.16410299
4.7303796, 0.7910803, 0.15550599
4.854825, 0.7851503, 0.15290704
4.970183, 0.53167105, 0.15001561
4.8346047, 0.565639, 0.16930133
4.849258, 0.5256955, 0.16964015
4.8069324, 0.5245239, 0.16330205
4.945749, 0.61175066, 0.16421162
5.1930523, 0.6822402, 0.14277005
4.657552, 0.6435643, 0.17437765
5.220641, 0.5867791, 0.12809667
4.904332, 0.87953, 0.13874702
4.72165, 0.597868, 0.17797415
4.8096986, 0.8672663, 0.15019397
4.8378844, 0.65761846, 0.1525285
5.155092, 0.8612819, 0.14974435
5.121675, 0.6228941, 0.14976916
5.0242386, 0.81060195, 0.1379587
4.8557096, 0.65745026, 0.16737531
5.0535307, 0.6189273, 0.15008514
5.0933266, 0.9019602, 0.14066365
5.0250173, 0.84675854, 0.1480725
5.2174115, 0.8681422, 0.15229249
4.9299865, 0.57480633, 0.16221225
5.20321, 0.6278806, 0.14577901
4.9197083, 0.8353705, 0.14024432
5.272748, 0.68781966, 0.13996004
5.263937, 0.63118196, 0.14904553
5.226333, 0.91770434, 0.1424632
