4.327954, 1.7694294, 1.3667247
4.3330593, 1.7899148, 1.289776
4.3298545, 1.7667047, 1.2871971
4.3299365, 1.79082, 1.250683
4.3284144, 1.7902827, 1.2317547
4.330737, 1.7724154, 1.495783
4.3145823, 1.7886983, 1.1579248
4.331525, 1.7702615, 1.1463599
4.330422, 1.7699504, 1.1284918
4.331386, 1.7720132, 0.8921525
4.333655, 1.7888771, 0.8825331
4.331131, 1.7721822, 0.85546505
4.32796, 1.7941577, 0.7356524
4.3377347, 1.7712427, 0.6682784
4.326954, 1.7692688, 1.2505589
4.3262677, 1.7685883, 1.2685087
4.3319626, 1.7662404, 1.3508503
4.3329244, 1.7688029, 1.3099148
4.3288302, 1.7692616, 1.2315736
4.3414154, 1.7689488, 0.6489421
4.3073006, 1.7577426, 1.5749266
4.3713026, 1.6920418, 0.62581205
4.3616033, 1.7099861, 0.65836877
4.356268, 1.6839648, 1.3764839
4.35908, 1.6847929, 1.4121193
4.376255, 1.6479626, 1.4454918
4.3539267, 1.6816216, 1.5096974
4.3424044, 1.7099915, 1.5514584
4.3310466, 1.7116798, 1.6263573
4.3342123, 1.7124915, 1.6705344
4.3282027, 1.7096194, 1.7322202
4.326855, 1.7089413, 1.7498283
4.3294272, 1.7137341, 1.7671058
4.296589, 1.7537308, 1.7660156
4.295631, 1.7528518, 1.7894388
4.331681, 1.7128094, 1.9710033
4.3127074, 1.7517829, 2.0169432
4.3057027, 1.7542365, 2.0344782
4.294935, 1.7497306, 2.0688286
4.319174, 1.745039, 2.0897307
4.3461027, 1.7487803, 0.666845
4.311412, 1.8139236, 1.2864232
4.3064337, 1.8125879, 1.2511443
4.2915516, 1.7738515, 2.1292348
4.3081493, 1.8061583, 1.4259636
4.2909284, 1.7744582, 1.852976
4.296179, 1.752551, 1.6937447
4.303555, 1.7938945, 1.7092603
4.331713, 1.7921647, 0.82756996
4.364352, 1.705725, 0.77015275
4.316956, 1.7675544, 1.4306443
4.316836, 1.7921798, 1.3134472
4.332568, 1.7737246, 0.7255297
4.3011675, 1.7710077, 2.013111
4.306157, 1.7821351, 2.0000436
4.316919, 1.7901182, 1.3470806
4.31189, 1.787408, 1.3948495
4.3632145, 1.7032834, 0.789263
4.371856, 1.6728193, 1.3566421
4.348817, 1.6671078, 1.8717285
4.3308253, 1.7751482, 1.42465
4.3684673, 1.6707145, 1.4281039
4.3076086, 1.8330979, 1.3141029
4.3487096, 1.6717991, 1.9052318
4.308963, 1.7849716, 1.468891
4.323504, 1.7281127, 2.0904016
4.3090167, 1.7487266, 1.6452405
4.348962, 1.7754112, 1.1537235
4.3425875, 1.7491173, 1.77891
4.3234406, 1.7593036, 1.3092129
4.308739, 1.7367809, 1.8520806
4.3334126, 1.7749265, 0.6127665
4.325367, 1.7661154, 1.3972428
4.29299, 1.7497158, 1.9445897
4.3640685, 1.7040516, 0.80735946
4.3676925, 1.6852334, 0.6056843
4.330675, 1.7316914, 2.0124547
4.331935, 1.7727764, 0.8184329
4.3090343, 1.7515688, 1.687588
4.344779, 1.7553229, 1.6371418
4.324132, 1.7320156, 2.0266047
4.328821, 1.7137257, 2.0334291
4.33629, 1.7906477, 0.86356837
4.383231, 1.6873968, 1.1550801
4.334223, 1.7846243, 0.75326
4.3412905, 1.7880529, 0.73265725
4.2862854, 1.8039588, 1.7271968
4.3469563, 1.7490139, 1.2337562
4.324919, 1.754505, 1.2861646
4.3033714, 1.7375448, 1.7674954
4.310583, 1.730701, 1.731709
4.3264246, 1.7490089, 1.4497087
4.3264446, 1.748213, 1.5559899
4.2889433, 1.8171518, 1.8901687
4.2871275, 1.8118658, 1.7657759
4.312572, 1.7377949, 1.7905722
4.3287263, 1.712528, 1.8731911
4.3355055, 1.752563, 1.253012
4.3277655, 1.7493654, 1.2716238
4.29056, 1.8114128, 2.01238
4.314842, 1.8190327, 1.1063956
4.3263373, 1.748376, 1.3252007
4.3075976, 1.7371895, 1.8202972
4.3255453, 1.7092848, 2.104002
4.360492, 1.7329593, 0.60881174
4.2778225, 1.8039455, 2.1342669
4.325714, 1.7479894, 1.3430367
4.345902, 1.803146, 1.1253798
4.3123918, 1.8518093, 2.092881
4.337162, 1.7734425, 0.63129777
4.3024654, 1.8176423, 1.5329431
4.3097267, 1.827305, 1.4327986
4.344272, 1.7719868, 0.7786991
4.330264, 1.7966305, 0.8462513
4.345694, 1.6747369, 1.9944781
4.3729506, 1.6904024, 0.8685737
4.3557587, 1.7059054, 0.66027796
4.3647223, 1.7097995, 0.67654
4.3588867, 1.7050059, 0.7526457
4.3466964, 1.7095075, 1.3346827
4.3459454, 1.7155585, 1.3880818
4.3422694, 1.7054225, 1.4943151
4.3454714, 1.71186, 1.3704752
4.310425, 1.747544, 1.6626489
4.3437424, 1.747175, 0.5849688
4.3289137, 1.695118, 1.7242651
4.335494, 1.7107482, 1.4064677
4.3556347, 1.7266207, 1.2474306
4.333564, 1.7056363, 1.5127045
4.296034, 1.7510599, 1.7131183
4.332348, 1.7921906, 1.1485521
4.3555217, 1.7109784, 0.56552154
4.333378, 1.6873505, 1.953968
4.310274, 1.767246, 1.4453127
4.3317213, 1.796769, 0.9736216
4.2930965, 1.7504957, 1.8255736
4.327039, 1.6922889, 1.6714513
4.345567, 1.7161798, 1.2629695
4.328696, 1.686364, 1.8299499
4.3273177, 1.6909521, 1.7066461
4.3430357, 1.6819365, 2.0698185
4.347225, 1.6832561, 1.9725411
4.3363276, 1.6952437, 1.5831647
4.3634562, 1.66635, 1.6411389
4.3358297, 1.6890267, 1.9364672
4.370367, 1.6970196, 0.7021122
4.3437605, 1.7266804, 1.9635624
4.3626266, 1.7272565, 1.1532925
4.3583536, 1.714272, 0.5264255
4.364581, 1.6975297, 0.4956422
4.344246, 1.7451433, 0.5684907
4.307604, 1.7524062, 1.6099231
4.336787, 1.7776809, 0.9322132
4.29344, 1.7507129, 1.8714887
4.342319, 1.6722386, 1.9784374
4.3077545, 1.7742143, 1.5850688
4.3088064, 1.7710412, 2.0891457
4.311554, 1.7909627, 1.1761866
4.33457, 1.808375, 0.62055856
4.3449736, 1.7491817, 0.5465637
4.310329, 1.7670642, 1.9742775
4.316109, 1.7667575, 2.0460553
4.307779, 1.7666868, 1.9562994
4.2866497, 1.7679338, 1.808234
4.312989, 1.7634298, 1.9298769
4.3298965, 1.7912632, 0.5278683
4.333116, 1.8292876, 0.5085622
4.313346, 1.7712295, 1.371681
4.3283772, 1.7916899, 0.7724947
4.3433075, 1.7815952, 0.6283614
4.292684, 1.7524732, 1.74829
4.3714924, 1.6622459, 1.2828716
4.3681316, 1.6896498, 1.1944083
4.306578, 1.7654037, 1.5091946
4.317047, 1.7700438, 1.4911648
4.328086, 1.7685575, 1.1875137
4.2787, 1.8344297, 2.011409
4.297543, 1.7562014, 1.6450032
4.30779, 1.7726374, 2.063592
4.363324, 1.6522307, 1.3912023
4.3829217, 1.664079, 1.3326743
4.3101125, 1.7631851, 1.3445324
4.3682313, 1.6624761, 1.244513
4.310257, 1.754666, 1.7434684
4.312187, 1.7673246, 1.463567
4.3311186, 1.7765536, 0.6503836
4.305628, 1.7702895, 1.5337453
4.276178, 1.8547229, 2.1118245
4.3068376, 1.7620097, 1.6679428
4.32202, 1.8048583, 1.0844796
4.314399, 1.8558294, 1.4852823
4.3687124, 1.690307, 0.5326481
4.335937, 1.7530216, 1.2171507
4.3691607, 1.6520087, 1.490365
4.3571215, 1.6494209, 1.3490893
4.305311, 1.8204511, 1.283887
4.3228145, 1.706113, 1.8909212
4.29842, 1.752756, 1.8038214
4.346081, 1.7275581, 1.3766779
4.365945, 1.6894432, 0.5650728
4.308708, 1.8169038, 1.3313549
4.3537745, 1.7317264, 1.1436394
4.36301, 1.7345952, 1.3218503
4.337411, 1.7301719, 1.3594663
4.333924, 1.7662712, 1.3302426
4.307374, 1.8303549, 1.268874
4.3380713, 1.7790577, 0.68616194
4.2908754, 1.799232, 1.7095032
4.3391986, 1.7188743, 2.069521
4.347677, 1.7291474, 1.9455951
4.2860923, 1.7819794, 2.133765
4.294295, 1.7860262, 2.1170292
4.352314, 1.7331345, 0.6258652
4.344077, 1.8108919, 0.6694655
4.3465853, 1.761425, 0.88923657
4.3718424, 1.6894021, 0.6828745
4.3482127, 1.6695192, 1.8895719
4.344029, 1.7982763, 0.48498642
4.352221, 1.683042, 1.3234049
4.333284, 1.6717155, 1.6949441
4.3483615, 1.6754391, 2.029184
4.352943, 1.6807921, 1.5360435
4.352585, 1.7436779, 0.6101586
4.328437, 1.7918797, 0.5686903
4.3728495, 1.6930475, 1.105692
4.3165703, 1.828388, 1.1930602
4.3661323, 1.8388146, 0.6490205
4.355525, 1.6852809, 1.2339033
4.35149, 1.6761415, 2.0473604
4.274665, 1.8889203, 2.1284544
4.3524013, 1.6803958, 1.5537564
4.3305364, 1.7505385, 1.9950535
4.357367, 1.6834219, 1.4472492
4.2675343, 1.9099507, 2.1280065
4.297227, 1.7369953, 1.7323626
4.3539343, 1.7629492, 1.2515454
4.317316, 1.7790159, 1.1309749
4.3103466, 1.7513257, 1.9301881
4.307168, 1.8266977, 1.2299533
4.317722, 1.7531661, 1.8144138
4.3000307, 1.76087, 2.026501
4.3501234, 1.7652296, 0.6086996
4.355295, 1.7628036, 1.3411912
4.353664, 1.6727904, 1.4703431
4.348712, 1.7672163, 1.2123005
4.3003693, 1.738362, 1.7148701
4.3155737, 1.7423167, 2.0661337
4.348715, 1.7351372, 0.59199905
4.335319, 1.7542361, 1.4317148
4.3495083, 1.7609239, 1.2878785
4.3618884, 1.7330362, 1.4470981
4.330641, 1.7518599, 1.5029427
4.326549, 1.8255465, 0.5643209
4.3382187, 1.7770009, 0.5925529
4.307068, 1.7532611, 1.8317347
4.295873, 1.7363349, 1.7498885
4.3134828, 1.7328568, 2.0921118
4.303717, 1.7508863, 1.7256768
4.3457413, 1.7696894, 1.3918365
4.337063, 1.77117, 1.5489705
4.3065443, 1.7353339, 1.8698769
4.3344603, 1.7987427, 0.78990275
4.356959, 1.764284, 1.2332416
4.3140163, 1.7409844, 2.1052935
4.3088503, 1.7457368, 1.7909573
4.3441525, 1.7599158, 1.1445931
4.3435097, 1.7630875, 0.7233032
4.3178053, 1.7458824, 1.6269969
4.3295584, 1.687427, 1.8123713
4.3700547, 1.6960075, 0.77677596
4.3120394, 1.7517469, 1.5882612
4.32489, 1.84555, 1.4316953
4.3487673, 1.732453, 1.2880661
4.3451347, 1.6487908, 2.0834455
4.2847486, 1.8272642, 1.8756771
4.3230486, 1.8455968, 1.1984261
4.357217, 1.712432, 0.54599804
4.3058977, 1.832739, 1.588731
4.3581047, 1.6846241, 1.3943952
4.344207, 1.770391, 0.99066067
4.312003, 1.8411499, 1.1456404
4.3586936, 1.6227251, 1.6935139
4.363658, 1.7085997, 0.6955845
4.3251867, 1.793149, 0.6639065
4.3093605, 1.835243, 1.5353818
4.348734, 1.7715375, 0.5139015
4.3752923, 1.6921794, 0.7941344
4.34758, 1.70924, 1.4550064
4.367863, 1.7161636, 0.5241129
4.3224125, 1.6800911, 2.130861
4.3392897, 1.6895286, 2.0617409
4.316331, 1.6934626, 1.7507751
4.350801, 1.7438415, 0.84544003
4.3346934, 1.7089512, 1.5484364
4.3333535, 1.7077022, 1.5661186
4.3555584, 1.7084309, 0.6410861
4.32049, 1.8145698, 1.3360661
4.3241873, 1.6815107, 2.1132998
4.3308544, 1.6730096, 1.8681629
4.3301888, 1.802109, 0.6973187
4.323733, 1.8346534, 1.0541469
4.356971, 1.6902068, 0.8534705
4.3292007, 1.6871214, 2.0250654
4.3317637, 1.7099859, 1.4955201
4.347695, 1.770055, 0.90739334
4.3503275, 1.7306672, 1.2673489
4.3421235, 1.7147613, 1.4774418
4.290356, 1.7476863, 2.103833
4.335212, 1.6886983, 2.0434797
4.3115172, 1.7622129, 2.1169157
4.3743978, 1.6523076, 1.3548111
4.3125815, 1.7874007, 1.4125656
4.331133, 1.6707056, 1.7303528
4.3036914, 1.7798245, 1.7329412
4.3467035, 1.7301182, 1.3946841
4.3729196, 1.7096539, 0.5078945
4.341048, 1.8012791, 1.1078998
4.3142853, 1.7887384, 1.3680314
4.368598, 1.73272, 1.0688149
4.3350515, 1.8264061, 0.6380731
4.365959, 1.5760328, 1.6753767
4.3230486, 1.7873164, 1.3081424
4.3281546, 1.79304, 0.8070992
4.3455424, 1.7454703, 0.7538357
4.3755264, 1.659073, 1.6769099
4.356553, 1.7090019, 0.6221009
4.329987, 1.6693802, 1.8139468
4.386975, 1.6652, 1.5167555
4.2980194, 1.7759504, 1.6501468
4.362404, 1.66172, 1.0714254
4.3582973, 1.6506524, 1.8536114
4.3733807, 1.654478, 1.9971702
4.327565, 1.7910726, 0.6453357
4.3544464, 1.6509309, 1.7119478
4.3553762, 1.6489538, 1.9066013
4.368493, 1.6597229, 1.4107419
4.3593507, 1.6487236, 2.0493114
4.366332, 1.6582786, 1.4641349
4.291787, 1.8052872, 1.5508009
4.3614945, 1.6507686, 1.9426025
4.349284, 1.6532083, 1.8353813
4.382076, 1.6623272, 1.605857
4.3450046, 1.7702503, 1.0133235
4.3588667, 1.6597352, 1.125929
4.3363137, 1.7896274, 0.50997394
4.347044, 1.6891267, 1.4892459
4.352026, 1.6739104, 1.4228876
4.3316646, 1.670526, 1.7655805
4.276152, 1.8077075, 1.8138151
4.27723, 1.81253, 1.6906822
4.3507667, 1.7390721, 1.6078277
4.331299, 1.7296519, 1.8291389
4.2993336, 1.8306578, 1.4430499
4.344802, 1.771099, 1.0540743
4.3301396, 1.8488483, 1.1251851
4.345876, 1.7402146, 1.2516177
4.3395305, 1.8018987, 0.5319423
4.2982955, 1.8377151, 1.2292194
4.3150196, 1.7897557, 1.2474445
4.3036633, 1.8412685, 1.1927403
4.2917104, 1.8336453, 1.2656435
4.275865, 1.8063358, 1.8490193
4.299114, 1.8318138, 1.407529
4.2758737, 1.8091502, 1.7698148
4.3362794, 1.7363108, 1.2704273
4.288736, 1.8085726, 1.7915312
4.3498745, 1.759853, 1.0529768
4.279788, 1.8154837, 1.6379148
4.3139973, 1.7243108, 2.1147246
4.33188, 1.7336674, 1.3776141
4.307757, 1.8452225, 1.1291789
4.344406, 1.7622056, 0.8713996
4.3207426, 1.7551432, 1.3896972
4.307161, 1.8358735, 1.3892399
4.2950335, 1.8388208, 1.1578372
4.3694696, 1.783138, 1.1699023
4.3620005, 1.769043, 1.458788
4.346025, 1.7413845, 1.1257921
4.367429, 1.6884277, 1.2112026
4.2796617, 1.7991247, 2.097052
4.372893, 1.7492089, 1.4287368
4.3513722, 1.7406617, 1.4476712
4.329845, 1.7334881, 1.3066534
4.286124, 1.801857, 2.0748894
4.307973, 1.7394775, 1.9800034
4.2876883, 1.8056436, 1.9241018
4.3176346, 1.7299135, 2.00844
4.371846, 1.6884539, 1.3076524
4.3813167, 1.7382874, 1.0599291
4.327845, 1.7586958, 1.371466
4.323973, 1.7244139, 2.122133
4.3450527, 1.717962, 1.5288792
4.31683, 1.7330434, 1.919759
4.305589, 1.8414669, 1.2104905
4.36921, 1.6907697, 0.7241803
4.278085, 1.8141383, 1.6555059
4.271489, 1.8088516, 1.7257117
4.3153696, 1.7688558, 1.3853273
4.274927, 1.8015505, 1.9724342
4.3319983, 1.7334085, 1.4131112
4.311845, 1.7866247, 1.2856604
4.2773933, 1.8019603, 1.9903544
4.2936606, 1.8313587, 1.3545475
4.3375564, 1.7357292, 1.395024
4.2917895, 1.7742261, 2.1084425
4.3554587, 1.7304736, 1.2307525
4.3547263, 1.7410638, 1.554412
4.3814273, 1.6821413, 0.8851359
4.3502226, 1.7686795, 1.1712778
4.342629, 1.7403803, 1.0901586
4.3533835, 1.7030529, 0.73543614
4.385398, 1.6852659, 0.7545613
4.355265, 1.7409743, 1.5900067
4.2675934, 1.8065791, 1.7431552
4.3659425, 1.688418, 1.2863182
4.3727283, 1.748459, 1.509342
4.2919807, 1.7765286, 1.7154996
4.3182473, 1.7637115, 1.1401559
4.2936125, 1.734815, 1.8376602
4.337889, 1.7600093, 1.4420545
4.326804, 1.6864634, 1.9136482
4.3445325, 1.7401626, 1.1979562
4.326779, 1.7695119, 0.9842833
4.367389, 1.7461505, 1.5363095
4.318815, 1.7982388, 1.2289888
4.2765045, 1.8072313, 1.8314426
4.3489394, 1.7701824, 1.0854623
4.322369, 1.8340071, 1.0725161
4.295261, 1.8778157, 1.6396314
4.342623, 1.826835, 1.555978
4.303493, 1.8115381, 1.3615749
4.3212204, 1.8186272, 1.4138793
4.3358254, 1.8242636, 1.5025017
4.351764, 1.7332485, 1.2131329
4.3255496, 1.7910603, 1.0692565
4.3090653, 1.8148724, 1.1465296
4.311095, 1.8159813, 1.092202
4.3129206, 1.8152746, 1.3965437
4.3173966, 1.8160075, 1.645296
4.3488665, 1.6016334, 1.6669016
4.3422766, 1.8267716, 1.5380903
4.3030086, 1.7542566, 1.8897867
4.372288, 1.69198, 0.64848113
4.3010435, 1.8072895, 2.1073413
4.3035374, 1.8086156, 2.0360167
4.2900085, 1.7889237, 2.0899668
4.31588, 1.813205, 0.93392164
4.2774467, 1.7991046, 1.7330116
4.31359, 1.8163956, 1.2178298
4.3408637, 1.7805223, 0.9370428
4.3077846, 1.8289576, 1.1512825
4.3378496, 1.8316865, 0.52275926
4.3659062, 1.6028076, 1.6930577
4.306397, 1.8468412, 1.066017
4.3205805, 1.8377426, 0.97475374
4.3116508, 1.816032, 1.1281937
4.3283143, 1.8207579, 1.5918902
4.334064, 1.8277806, 0.5943469
4.322992, 1.8192784, 1.4316218
4.3329377, 1.6911768, 1.5482888
4.34682, 1.7016882, 1.4239789
4.33244, 1.6975915, 1.3893641
4.3475795, 1.7027192, 1.4061824
4.282657, 1.8409737, 2.0893779
4.330429, 1.6806571, 1.7771674
4.341825, 1.6805834, 1.8836671
4.2928815, 1.8197923, 1.6732913
4.346524, 1.6956792, 1.5657004
4.347651, 1.7063385, 0.6055884
4.330342, 1.6857716, 1.6539731
4.349573, 1.7138374, 1.1559111
4.3498435, 1.7132018, 1.1738573
4.333852, 1.6944665, 1.4776877
4.367138, 1.6686126, 0.5480128
4.3504076, 1.7152748, 1.1288006
4.335404, 1.6935971, 1.5129457
4.3467307, 1.7299701, 1.4124845
4.359057, 1.703508, 0.7897748
4.357556, 1.7191802, 1.1007454
4.345985, 1.6747234, 2.0615566
4.3430843, 1.684766, 1.7953436
4.3566513, 1.7143713, 1.2090107
4.3521857, 1.6830529, 1.9198719
4.3439026, 1.7076954, 1.3526893
4.355776, 1.7132894, 1.2270577
4.318155, 1.6781557, 1.7240409
4.335053, 1.703016, 1.28269
4.3192205, 1.6819719, 1.8464948
4.3464737, 1.7089306, 1.245924
4.3352323, 1.703822, 1.2648709
4.342969, 1.7929192, 0.6191947
4.2912445, 1.8119788, 1.9887214
4.3335733, 1.6731453, 1.8518219
4.3504205, 1.7457043, 0.49529147
4.298021, 1.7999825, 1.4796044
4.3583784, 1.7157857, 1.1908398
4.3488865, 1.6703267, 1.5709939
4.274345, 1.8980799, 2.1117215
4.325656, 1.7508674, 2.0119967
4.328381, 1.7856754, 1.335738
4.3174295, 1.772538, 1.5672301
4.3114305, 1.7607789, 1.8145245
4.3249135, 1.7516657, 1.9718406
4.3270717, 1.7617663, 1.9574834
4.338154, 1.7918434, 0.60177666
4.331099, 1.8076305, 0.77148134
4.3178005, 1.7886462, 1.1396742
4.307556, 1.774461, 1.4082923
4.330721, 1.6921687, 1.6052407
4.340434, 1.7937012, 0.5824019
4.334363, 1.7874682, 1.3531604
4.326833, 1.7701484, 1.5136616
4.3677573, 1.7269009, 1.0083337
4.3142586, 1.7498363, 2.134443
4.3059936, 1.763221, 1.6908221
4.2906356, 1.7878417, 1.7290978
4.33646, 1.6418319, 1.9228576
4.3031373, 1.7633821, 1.6555467
4.332627, 1.7606381, 2.0472796
4.3461328, 1.7303904, 1.3485565
4.340231, 1.7418644, 0.7921886
4.3308415, 1.7813554, 1.4781637
4.329309, 1.8247561, 0.8517295
4.3098087, 1.8143703, 1.2329023
4.367781, 1.6975443, 0.88454366
