2.5148973, 2.6153817, 2.0686092
2.4869604, 2.6227405, 2.0895162
2.548614, 2.6224833, 2.0879774
2.532412, 2.607493, 2.0661032
2.51714, 2.6227365, 2.111083
2.4857907, 2.6131659, 2.1068451
2.5532472, 2.6263204, 2.0681465
2.5110536, 2.6114821, 2.0557084
2.5215533, 2.625396, 2.0952454
2.4891744, 2.612928, 2.053501
2.511272, 2.614778, 2.086773
2.548192, 2.6123428, 2.0591679
2.5326731, 2.6108537, 2.0904312
2.482431, 2.5919452, 2.067852
2.4628963, 2.621635, 2.0871758
2.468829, 2.6088352, 2.0504591
2.4717293, 2.6093442, 2.0893104
2.4695377, 2.6144838, 2.0721533
2.5525777, 2.6248631, 2.0533025
2.4897614, 2.6161695, 2.068276
2.4829857, 2.625214, 2.0784495
2.5443218, 2.6103826, 2.0910337
2.5127087, 2.6103961, 2.107723
2.5481403, 2.6129744, 2.074407
2.4875107, 2.6132565, 2.091405
2.5141983, 2.6096058, 2.1260834
2.515223, 2.621304, 2.1242485
2.4724631, 2.607394, 2.113466
2.4946158, 2.6202464, 2.1210694
2.4542272, 2.6073816, 2.109499
2.4533079, 2.6094687, 2.0668685
2.5718265, 2.6282115, 2.0500565
2.5698962, 2.6140594, 2.089371
2.567874, 2.6299791, 2.0911155
2.5898414, 2.6210487, 2.0806606
2.5618336, 2.6193478, 2.047927
2.452316, 2.6165824, 2.128338
2.441367, 2.6212118, 2.0321882
2.4513233, 2.6180458, 2.0516574
2.4317174, 2.6112895, 2.0896487
2.4346976, 2.6129215, 2.0699813
2.429279, 2.609447, 2.0527263
2.4313364, 2.5987442, 2.0878158
2.4285383, 2.597107, 2.1007164
2.4273286, 2.6122167, 2.124023
2.4078004, 2.6010442, 2.1241734
2.4046626, 2.6077702, 2.0920615
2.4099529, 2.6084685, 2.0724368
2.6142569, 2.623043, 2.0561285
2.615601, 2.6315787, 2.1131592
2.6147518, 2.6236782, 2.0718224
2.623096, 2.61769, 2.1031961
2.6381583, 2.6239705, 2.092
2.6147778, 2.6253855, 2.090652
2.6285863, 2.6209917, 2.1160305
2.405663, 2.6160336, 2.0153577
2.391552, 2.6107533, 2.0724728
2.3897827, 2.612094, 2.04942
2.3905454, 2.6102676, 2.0304112
2.3914797, 2.6052287, 2.1211622
2.3683138, 2.5936496, 2.115821
2.3672478, 2.6099372, 2.0911353
2.374316, 2.599996, 2.078929
2.373532, 2.610338, 2.049618
2.6443448, 2.630311, 2.076775
2.6490986, 2.6290731, 2.0479937
2.6322942, 2.640765, 2.0174794
2.6444197, 2.628108, 2.0304277
2.652148, 2.630004, 2.1169004
2.654806, 2.6376405, 2.089971
2.6699753, 2.6332796, 2.0932088
2.661768, 2.6309338, 2.0720387
2.664758, 2.6402287, 2.0626452
2.3324592, 2.607993, 2.0538263
2.6725447, 2.632571, 2.029883
2.6936316, 2.643033, 2.0853698
2.6434479, 2.6291397, 2.0084054
2.2919712, 2.606901, 2.0721862
2.2664514, 2.6039982, 2.069831
2.2252693, 2.6052074, 2.0888758
2.2414384, 2.5933192, 2.122056
2.2106974, 2.6081905, 2.048492
2.2104106, 2.605788, 2.0752378
2.1689177, 2.5932775, 2.0513449
2.2281914, 2.6221974, 2.0015736
2.2129712, 2.6100228, 2.0286407
2.4770079, 2.6255367, 2.0553634
2.5887783, 2.6319098, 2.0669563
2.655771, 2.6238928, 2.123583
2.4481025, 2.6327991, 2.0490174
2.5901036, 2.630328, 2.0552788
2.66484, 2.640741, 1.9836802
2.3714561, 2.61555, 2.012738
2.1870413, 2.5967147, 2.092002
2.567775, 2.6107888, 2.1111941
2.3368418, 2.5921168, 2.1118276
2.6118135, 2.6099133, 2.1292493
2.531271, 2.6104157, 2.1113663
2.5498974, 2.6135335, 2.1087542
2.5616927, 2.6004136, 2.1204052
2.5313296, 2.610002, 2.1256742
2.3078785, 2.5892777, 2.1194491
2.3429952, 2.6282625, 2.049448
2.3877168, 2.6078863, 2.089508
2.5269217, 2.6284616, 2.043833
2.422037, 2.58834, 1.9999174
2.6097233, 2.613344, 2.1109042
2.4030504, 2.6286435, 2.0177824
2.6239796, 2.6120627, 2.1264288
2.3697295, 2.5960224, 2.0912132
2.4928749, 2.6056883, 2.1249998
2.3792799, 2.6216886, 2.036495
2.268019, 2.5931325, 2.1080863
2.2266097, 2.5900757, 2.1133218
2.7154639, 2.6206267, 1.9609498
2.1672337, 2.591405, 2.1083305
2.1883752, 2.5909235, 2.110288
2.1682942, 2.5911512, 2.0879617
2.2547052, 2.6075509, 2.025999
2.2701814, 2.6059403, 2.0943074
2.3507051, 2.604958, 2.0495207
2.2522006, 2.597082, 2.1114898
2.2905996, 2.599731, 2.0926657
2.2302175, 2.6026733, 2.0708725
2.1497343, 2.6021874, 2.0444267
2.1502302, 2.5965376, 2.0351155
2.172037, 2.6054976, 2.070718
2.2918863, 2.6009858, 2.103426
2.2444592, 2.6032355, 2.1240067
2.192848, 2.595559, 2.0679138
2.2913058, 2.6082084, 2.0896764
2.1377826, 2.5965252, 2.1154902
2.33939, 2.5935373, 2.0903664
2.2604754, 2.5953515, 2.086971
2.205892, 2.607088, 2.0894618
2.2861543, 2.5962465, 2.1114998
2.2723875, 2.603401, 2.0373812
2.3372529, 2.5986269, 2.1257968
2.3939533, 2.5976546, 2.117013
2.24012, 2.608468, 2.106349
2.2501829, 2.611907, 2.04645
2.313117, 2.594667, 2.0820856
2.2302535, 2.6147656, 2.0526557
2.2697074, 2.6105015, 2.0507832
2.3540533, 2.606614, 2.071334
2.147591, 2.6086273, 1.988864
2.0913458, 2.6105895, 2.0940015
2.0944653, 2.595981, 2.1076887
2.1061451, 2.585136, 2.1080956
2.110615, 2.6039312, 2.0920367
2.2135437, 2.6101747, 1.9875343
