3.4910243, 2.7310169, 2.0505512
3.4752142, 2.7518954, 2.0974712
3.4952471, 2.7289934, 2.0134645
3.5125258, 2.727152, 2.0315714
3.4281604, 2.7224493, 2.0633104
3.43216, 2.7251508, 2.0862505
3.5232205, 2.720222, 1.9871256
3.4300065, 2.7431264, 2.0412598
3.4061503, 2.7271419, 2.0267448
3.4173405, 2.7337866, 2.0897818
3.4563096, 2.7195535, 2.0653455
3.4114456, 2.7280374, 1.9911145
3.4320648, 2.7343888, 1.9926233
3.4512424, 2.7300804, 1.9654297
3.392362, 2.734767, 1.9555076
3.4117076, 2.7309294, 1.9307773
3.409633, 2.7329192, 1.9133615
3.435133, 2.742399, 1.8909646
3.4854767, 2.7222774, 1.93249
3.366931, 2.7446997, 1.8745767
3.5144172, 2.7227652, 1.9289446
3.5145316, 2.721858, 1.8950971
3.3855042, 2.7398605, 1.8056283
3.5245996, 2.7093272, 1.8694391
3.3723693, 2.7419147, 1.7761854
3.573293, 2.7116978, 1.8665009
3.5352066, 2.71667, 1.8301259
3.5424476, 2.7146237, 1.8304647
3.3719606, 2.7402954, 1.7597367
3.5730052, 2.7128494, 1.9177268
3.5126944, 2.720094, 1.794511
3.3939111, 2.7461572, 1.7101047
3.5286036, 2.7071977, 1.7684553
3.5494998, 2.7024424, 1.7700217
3.5066214, 2.7126758, 1.7482803
3.545963, 2.701458, 1.7529125
3.5462067, 2.7148294, 1.7290622
3.465525, 2.7094264, 1.7281033
3.5249336, 2.7046747, 1.7115303
3.545225, 2.713527, 1.7121176
3.526351, 2.7013588, 1.6947633
3.558068, 2.703262, 1.6956306
3.5562987, 2.7043867, 1.6687567
3.5521762, 2.6969576, 1.6519332
3.5592031, 2.7027922, 1.6449058
3.5339878, 2.7071362, 1.6470578
3.4981463, 2.7211423, 1.676773
3.5711148, 2.7038987, 1.645384
3.4679399, 2.707223, 1.670715
3.56024, 2.703177, 1.6279969
3.5442944, 2.7098317, 1.6107608
3.5423794, 2.711761, 1.5938236
3.521453, 2.7186415, 1.5920248
3.503498, 2.7225714, 1.5761712
3.4103837, 2.752915, 1.9785552
3.469631, 2.7113965, 1.628005
3.5635338, 2.6999865, 1.7299559
3.483059, 2.699145, 1.6170043
3.4045281, 2.7432013, 2.103961
3.385967, 2.7373211, 1.9072316
3.4079785, 2.7345757, 2.015575
3.3975065, 2.7329242, 1.9858398
3.4338183, 2.7282727, 2.0268118
3.4666252, 2.7214499, 1.6325115
3.491427, 2.697643, 1.699004
3.5309, 2.70855, 1.8128607
3.4094038, 2.7404885, 1.9040048
3.4635944, 2.7424178, 2.1125937
3.579559, 2.7089672, 1.5774429
3.5100665, 2.7114387, 1.6533186
