4.187586, 2.4953496, 2.0747125
4.185921, 2.4256582, 2.090387
4.187174, 2.489026, 2.0595512
4.1899633, 2.450504, 2.0494473
4.1926656, 2.4527311, 2.0940495
4.1941032, 2.42528, 2.0526946
4.1808195, 2.5053449, 2.0587962
4.197257, 2.45325, 2.0781484
4.203358, 2.4498546, 2.1095312
4.173625, 2.4906447, 2.1285052
4.1770163, 2.5083013, 2.115558
4.2022634, 2.4082441, 2.090533
4.198511, 2.406744, 2.0572712
4.1911306, 2.4103465, 2.0148125
4.1969495, 2.4207716, 2.0055432
4.1922197, 2.4337604, 2.034461
4.2055063, 2.3917496, 2.0004563
4.1905856, 2.4104161, 1.9675096
4.196767, 2.4308367, 1.9702914
4.1881804, 2.415293, 1.9201028
4.1915455, 2.4328744, 1.9320718
4.1944027, 2.4288878, 1.9575138
4.207938, 2.4058466, 1.9468558
4.2021675, 2.3865557, 1.8702726
4.1932106, 2.4391165, 1.8270639
4.183242, 2.4373612, 1.770511
4.178461, 2.4448328, 1.769763
4.180432, 2.5062366, 1.8829012
4.1804504, 2.502584, 1.7417793
4.1783323, 2.43393, 1.6976359
4.1868734, 2.4915771, 1.9438457
4.182279, 2.502805, 1.9462295
4.185501, 2.4931579, 1.9711666
4.1878786, 2.4429412, 1.6713996
4.18666, 2.4949381, 2.0934348
4.1872435, 2.4268475, 2.127984
4.1895657, 2.482376, 2.135188
4.201324, 2.401185, 2.0585165
4.1649613, 2.4864354, 1.8667841
4.1955705, 2.4110084, 2.068731
4.1924057, 2.4259627, 2.0734088
4.1860566, 2.40597, 2.126145
4.20115, 2.3679764, 2.1265044
4.188543, 2.4065275, 2.1051486
4.20068, 2.4621892, 2.0619354
4.2038383, 2.411301, 2.1140969
4.185833, 2.449885, 2.1149857
4.190799, 2.3677468, 2.1041257
4.194805, 2.4088902, 2.0919573
4.1862993, 2.351593, 2.1072154
4.1939516, 2.3892274, 1.8891207
4.2000575, 2.3526404, 2.1285503
4.1927733, 2.319288, 2.1081376
4.208062, 2.2799432, 2.0995464
4.2105007, 2.2920663, 2.1080363
4.2031736, 2.294467, 2.129384
4.212884, 2.2765744, 2.111672
4.2122, 2.2321374, 2.0990188
4.209205, 2.256877, 2.135348
4.2071724, 2.229864, 2.1229186
4.227106, 2.1653504, 2.132176
4.2476816, 2.1479664, 2.1337461
4.237653, 2.1352034, 2.0966387
4.24857, 2.12323, 2.0960243
4.183806, 2.386289, 2.1077387
4.187524, 2.4236224, 2.1101995
4.2008405, 2.311295, 2.1261094
4.1929965, 2.3296413, 2.1046865
