1.9888421, -0.8004038, 0.33055747
1.945008, -0.8027141, 0.35331148
2.0335429, -0.79369223, 0.33351696
2.029278, -0.7942119, 0.3531995
1.952347, -0.80737543, 0.30867863
1.9887694, -0.81198734, 0.28455445
2.0082617, -0.80330527, 0.3073439
1.9707932, -0.7903047, 0.37046266
1.9679661, -0.8032856, 0.313528
2.0101433, -0.7925026, 0.3312618
1.9880246, -0.80516213, 0.3032417
1.9504144, -0.78801423, 0.34969968
1.9878955, -0.7876077, 0.32738224
1.9957497, -0.7872442, 0.35225892
1.9695055, -0.8063208, 0.36519194
1.9698681, -0.78474617, 0.3261635
1.946335, -0.8000576, 0.33654085
1.986268, -0.80091673, 0.3434245
2.03088, -0.80234724, 0.3110933
1.962707, -0.8066104, 0.3506483
2.0195534, -0.7987811, 0.31781602
1.9732056, -0.8037511, 0.32566243
1.9099993, -0.80856085, 0.33012703
1.9050605, -0.8059572, 0.35446814
1.9275556, -0.8079966, 0.315029
1.9326344, -0.79095405, 0.3910622
2.0573056, -0.8007514, 0.31261188
2.053789, -0.8018677, 0.3318758
1.9451592, -0.8235263, 0.27222416
1.951245, -0.81676584, 0.28823113
1.9133714, -0.81250936, 0.30883345
1.9095101, -0.8189407, 0.29402602
1.9254036, -0.8220267, 0.28098342
1.964319, -0.822926, 0.2634173
1.9297879, -0.8112832, 0.29051232
2.0151148, -0.8139528, 0.24936646
1.9692141, -0.81823975, 0.24760239
1.9907225, -0.8121422, 0.26790476
1.9872422, -0.8262459, 0.26403344
1.8931081, -0.81221586, 0.3093274
1.8723842, -0.8104224, 0.3301821
1.8892374, -0.8089365, 0.3318423
1.8652953, -0.7927635, 0.34889507
1.888244, -0.8070187, 0.3511281
1.8678622, -0.81257135, 0.3062485
1.8808416, -0.82701415, 0.28453764
1.9103973, -0.8071889, 0.4128055
1.8932595, -0.80850804, 0.41041794
1.8903085, -0.7914758, 0.41013134
1.947768, -0.8323064, 0.22816893
1.9102238, -0.82115424, 0.28936103
1.8500297, -0.8106894, 0.33094415
1.841668, -0.8244635, 0.30205625
1.9190404, -0.7984765, 0.30799186
1.8908823, -0.8294648, 0.26656976
1.8675258, -0.8480202, 0.2486491
1.8781059, -0.84054285, 0.26200756
1.9315778, -0.83347404, 0.24800713
1.8704793, -0.8262501, 0.28883135
1.8251953, -0.82123065, 0.31220528
1.7883682, -0.8315889, 0.2918211
1.7826303, -0.8209302, 0.32949823
1.8102428, -0.8460262, 0.26870567
1.767482, -0.82549745, 0.30824375
1.7714689, -0.8435539, 0.2802116
1.7531241, -0.81009424, 0.32956946
1.730532, -0.82948095, 0.3113759
1.7551903, -0.8602202, 0.26078653
1.7116807, -0.82470566, 0.33050218
1.7355397, -0.82531273, 0.34870347
1.7094091, -0.8287094, 0.3049972
1.6712549, -0.8305329, 0.34654742
