3.75335, 0.044759654, 0.18428732
3.7531147, 0.08912274, 0.21091127
3.7324424, 0.090291806, 0.21496078
3.744542, 0.07493506, 0.14911382
3.748448, 0.08956391, 0.19111824
3.7497761, 0.04374801, 0.21306123
3.7588148, 0.014797334, 0.21233392
3.7496104, 0.026151074, 0.16649152
3.7509584, 0.012053048, 0.18903416
3.7538583, 0.010133385, 0.16702054
3.7607534, 0.014698236, 0.122348115
3.7607179, 0.0097829, 0.24027398
3.7684202, -0.032441832, 0.11209077
3.7428055, 0.13207032, 0.09791542
3.7288423, 0.16727358, 0.12895906
3.7466471, 0.010328457, 0.2668753
3.734787, 0.17217344, 0.0958476
3.7258284, 0.19038825, 0.09594363
3.7520547, 0.013058322, 0.31102347
3.748898, 0.03174868, 0.31076804
3.7509856, 0.048251577, 0.26888183
3.736344, 0.086939216, 0.34657562
3.7452524, 0.08631202, 0.2715231
3.7405965, 0.10892996, 0.36840978
3.735834, 0.11034579, 0.3638118
3.7513354, 0.073339015, 0.38538185
3.741531, 0.089375414, 0.38155034
3.727428, 0.101853415, 0.28925586
3.7323117, 0.10676401, 0.4091826
3.7407663, 0.13344155, 0.4132199
3.7461262, 0.02756504, 0.4120803
3.7417378, 0.08509881, 0.43877193
3.7486296, 0.046293244, 0.43043992
3.747527, 0.087458074, 0.29409218
3.7454016, 0.014130166, 0.3741804
3.7515686, 0.06421003, 0.26914516
3.7506342, 0.02605175, 0.36946496
3.7538862, -0.010561615, 0.4060006
3.7565215, 0.01775679, 0.32971606
3.7644956, -0.048235416, 0.3491309
3.770525, -0.070368625, 0.32976267
3.7524304, 0.046930302, 0.36890653
3.7475047, 0.06560314, 0.24982546
3.7347383, 0.11162847, 0.331678
3.7360582, 0.033679385, 0.4014331
3.7471464, 0.009413036, 0.40719473
3.752749, -0.027205873, 0.38737988
3.7499216, 0.045843095, 0.39157116
3.7451026, 0.08564819, 0.33094132
3.7343931, 0.08630665, 0.3941275
3.754707, 0.05200284, 0.2924765
3.7441893, 0.09084064, 0.34623533
3.7339864, 0.090232864, 0.3668164
3.7526789, 0.011771456, 0.35074237
3.72762, 0.10908061, 0.38825443
3.750445, 0.086236365, 0.24508333
3.7318804, 0.085862964, 0.41359767
3.747882, 0.06675972, 0.20461132
3.7323825, 0.112908185, 0.35348648
3.7327702, 0.06949925, 0.20977601
3.7442102, 0.086364925, 0.3679589
3.7264597, 0.12870163, 0.34932455
3.7240708, 0.15345582, 0.35242546
3.750572, 0.05314183, 0.248139
3.7487535, 0.03169623, 0.3328123
3.7452915, -0.012678849, 0.39247248
3.7468548, 0.024220567, 0.3894933
3.7539146, 0.028809577, 0.34975785
3.7452435, 0.07078243, 0.229134
3.7256174, 0.1695405, 0.32856536
3.7096994, 0.21315925, 0.32521123
3.7329772, 0.08394407, 0.43087065
3.7685966, -0.015999533, 0.2710817
3.7184658, 0.15358508, 0.36418197
3.7532039, 0.030823437, 0.28995162
3.7863383, -0.11558063, 0.13445887
3.7873132, -0.14950821, 0.1303161
3.7910013, -0.16904621, 0.10787865
3.7878478, -0.1881932, 0.096362606
3.7980201, -0.20080023, 0.13489118
3.8001516, -0.21742886, 0.11383116
3.7914968, -0.22283038, 0.10849963
3.7875447, -0.22255367, 0.17021881
3.8010836, -0.203797, 0.19139192
3.7970934, -0.20521834, 0.22492744
3.7896528, -0.1893421, 0.2324359
3.7892442, -0.17045386, 0.24672858
3.7517462, 0.026893869, 0.2504891
3.7365923, 0.071498394, 0.33164144
3.7625868, -0.010046532, 0.25049078
3.7475164, -0.010990304, 0.3757276
3.7185154, 0.2568779, 0.14820752
3.7120452, 0.2672268, 0.1322464
3.7017438, 0.2952933, 0.14390133
3.713396, 0.25455, 0.10577349
3.7101276, 0.29321617, 0.10747559
3.7044413, 0.3126677, 0.13207334
3.7038908, 0.30916217, 0.10467537
3.7254095, 0.26303324, 0.09510526
3.7039216, 0.31446254, 0.18563263
3.7049015, 0.3327396, 0.14573653
3.6946886, 0.33723086, 0.17439196
3.6980119, 0.31089962, 0.19781813
3.7105536, 0.32550755, 0.11138424
3.7059984, 0.3506481, 0.09305814
3.7080488, 0.28987077, 0.20908009
3.6908288, 0.3710795, 0.16707435
3.7681289, -0.110106274, 0.31074518
3.7369921, 0.09400086, 0.44368064
3.7307773, 0.19232547, 0.28694877
3.7340808, 0.08617085, 0.31409872
3.7630167, -0.010722141, 0.22407287
3.7626712, 0.03700073, 0.24630225
3.7521071, 0.03205116, 0.23317887
3.7448967, 0.11310266, 0.31145337
3.7253397, 0.22144607, 0.26898646
3.707397, 0.2782707, 0.2665105
3.750715, 0.06678367, 0.4451917
3.7256637, 0.12810381, 0.39091492
3.7105129, 0.267757, 0.11138583
3.7557464, 0.06559894, 0.3175175
3.7727656, -0.050832104, 0.1286933
3.7354405, 0.031884257, 0.3532355
3.7548053, 0.030109607, 0.2657643
3.7386003, 0.10165943, 0.2640958
3.750058, 0.06916322, 0.3475526
3.7339907, 0.06733589, 0.29186273
3.7451992, 0.025660047, 0.43016535
3.7352333, 0.049903035, 0.42343682
3.7565484, 0.03321924, 0.18646973
3.785772, -0.1499185, 0.2927686
3.7346025, 0.08908673, 0.33048657
3.7609682, 0.034820233, 0.28259197
3.7437317, 0.0702556, 0.36461625
3.7655158, 0.039159562, 0.23135778
3.7527351, -0.024021873, 0.4079501
3.7234824, 0.07304457, 0.41684029
3.801041, -0.14761977, 0.10952581
3.7363207, 0.05605389, 0.41091472
3.7795644, -0.12096544, 0.14702669
3.8040802, -0.21950999, 0.09373254
3.733018, 0.06316212, 0.3080253
3.7257996, 0.18550974, 0.12911682
3.6908033, 0.350179, 0.13042656
3.7556827, -0.010359574, 0.29577515
3.758277, -0.0042477287, 0.22912596
3.7526743, -0.007745683, 0.27259165
3.764903, 0.0054780543, 0.2712144
3.735902, 0.09061177, 0.2948519
3.7558262, 0.030239891, 0.21313834
3.749886, -0.03655845, 0.35328054
3.7449136, 0.03842231, 0.46892816
3.7293072, 0.061841127, 0.2350894
3.7574937, 0.06839838, 0.2925318
3.7545803, 0.009603729, 0.44678688
3.7936373, -0.16916238, 0.21549964
3.7622929, 0.020339467, 0.31402123
3.7271152, 0.12995265, 0.37051207
3.7487097, 0.052250758, 0.49510038
3.7413673, 0.10523358, 0.42557174
3.77359, -0.115857385, 0.27178717
3.7655468, -0.028596226, 0.09526624
