4.4099355, 0.22370312, 0.8680392
4.4313154, 0.24889503, 0.8684356
4.433032, 0.26372916, 0.87200737
4.4105606, 0.22661902, 0.83537686
4.4326606, 0.2480664, 0.90865195
4.4072165, 0.22798303, 0.8516013
4.447945, 0.28400692, 0.88452613
4.449411, 0.29508242, 0.8360011
4.4135847, 0.23172453, 0.8154707
4.426782, 0.2764608, 0.95791143
4.410025, 0.20998657, 0.9368894
4.4070444, 0.19192368, 0.90968406
4.3955593, 0.17418875, 0.89050454
4.404878, 0.20560059, 0.7701506
4.4281034, 0.2328485, 0.7673828
4.417202, 0.23182695, 0.76767164
4.435385, 0.26862583, 0.9728198
4.410069, 0.21516964, 0.9509592
4.4016, 0.18990706, 0.9570837
4.4175997, 0.24167351, 0.74484724
4.4073734, 0.20856898, 0.72830373
4.410665, 0.20270178, 0.7457473
4.4358435, 0.23311172, 0.72949076
4.4385924, 0.26367664, 0.7421796
4.448561, 0.2682114, 0.7500958
4.419967, 0.23753513, 0.9900059
4.4350953, 0.27575585, 1.010804
4.391509, 0.18489839, 0.99607086
4.4273305, 0.24548887, 0.7072519
4.4356885, 0.26554373, 0.7251316
4.4092994, 0.23025794, 0.69251406
4.393042, 0.19097291, 0.6899913
4.4492717, 0.2711059, 0.70865667
4.4176574, 0.22309001, 1.0120614
4.426973, 0.25061592, 1.0291591
4.4073257, 0.21365844, 1.0071195
4.405425, 0.20852345, 1.0273108
4.4617553, 0.28909215, 1.0117879
4.433061, 0.27244928, 1.0455847
4.39765, 0.19453433, 1.0243878
4.449561, 0.27412662, 0.6714995
4.4490623, 0.2724721, 0.68952185
4.396815, 0.20610097, 1.0473666
4.453897, 0.27301732, 0.6341293
4.395741, 0.19993512, 1.099778
4.408352, 0.22785935, 1.0940366
4.3959727, 0.2045388, 1.094024
4.4017205, 0.1996404, 1.0924766
4.456135, 0.31491125, 1.1113851
4.468686, 0.31195426, 0.6097858
4.451893, 0.2748333, 0.61435086
4.4333735, 0.25894478, 0.58061224
4.3880644, 0.19871528, 1.1177915
4.4529543, 0.31327927, 1.1333549
4.4295955, 0.2733801, 1.1322925
4.4852395, 0.31688082, 0.5779824
4.4497232, 0.2559178, 0.5696013
4.4262547, 0.2314438, 0.5821146
4.428411, 0.24379256, 0.56256586
4.3953824, 0.22031432, 0.6053128
4.425917, 0.22834364, 0.5431465
4.4002414, 0.19582923, 1.1501396
4.4701214, 0.31900784, 1.1705383
4.4403043, 0.25847048, 1.1278468
4.4649806, 0.28303584, 0.5560314
4.4061747, 0.19575554, 0.588097
4.3854575, 0.19157326, 1.1706475
4.3953037, 0.21639445, 1.1924499
4.4029956, 0.215281, 1.1653868
4.428775, 0.27051723, 1.206932
4.4558926, 0.26825735, 0.48763916
4.4857, 0.3446028, 0.5365226
4.38388, 0.1852169, 1.229638
4.4509335, 0.31496498, 1.2242162
4.468082, 0.26834548, 0.4653557
4.444434, 0.3089597, 1.2760283
4.4737597, 0.35024107, 1.2303932
4.448358, 0.29756528, 1.2919649
4.4500837, 0.3311417, 1.3071333
4.412879, 0.26516205, 1.3135879
4.4152613, 0.2630841, 1.2703223
4.4276295, 0.25140417, 1.3075444
4.4491224, 0.252617, 0.54928434
4.427242, 0.25698105, 0.60024303
4.4499354, 0.2632898, 0.52926457
4.3823595, 0.17867422, 0.5928361
4.448921, 0.27522117, 0.65244925
4.4039707, 0.17852326, 1.07105
4.4454017, 0.29182565, 0.77510786
4.454936, 0.2545753, 0.4298415
4.4343357, 0.2143435, 0.61002016
4.423533, 0.22708404, 0.7484552
4.3959265, 0.20705809, 1.0252569
4.4486294, 0.2644415, 0.5033678
4.467121, 0.31489325, 0.6379129
4.4503117, 0.34452742, 1.3541298
4.482391, 0.33555615, 1.2222813
4.393441, 0.17075595, 1.0935717
4.388981, 0.2060656, 1.2915412
4.4531326, 0.23027855, 0.42424494
4.453314, 0.33383968, 1.3970017
4.384473, 0.19026655, 1.3333211
4.3913593, 0.20453915, 1.3357472
4.39471, 0.20614973, 1.3074278
4.405415, 0.30245993, 1.4082985
4.4291387, 0.30371982, 1.409643
4.387085, 0.18921979, 1.3527396
4.388576, 0.20522188, 1.3729156
4.39643, 0.20640366, 1.3556217
4.4285502, 0.1702852, 0.4476752
4.4512734, 0.21035431, 0.37120584
4.4263577, 0.17253476, 0.3705962
4.430825, 0.18225974, 0.39573827
4.4315305, 0.17257503, 0.43207052
4.3993955, 0.26398826, 1.4075453
4.4513106, 0.31905457, 1.4470599
4.4086056, 0.2283944, 1.4063268
4.405108, 0.25331247, 1.3733597
4.4207997, 0.14690119, 0.44346502
4.4097004, 0.1551909, 0.4505004
4.411214, 0.14658192, 0.42953736
4.3890877, 0.20618081, 1.4453642
4.38428, 0.18667825, 1.4882945
4.372407, 0.19646801, 1.4904356
4.383105, 0.19885884, 1.4567231
4.3759885, 0.18942626, 1.4553286
4.428607, 0.2668098, 1.3276864
4.450037, 0.3318944, 1.3456361
4.4603825, 0.32865006, 1.1029649
4.440716, 0.22228588, 0.50850433
4.425996, 0.22937186, 1.1674826
4.430828, 0.18168023, 0.4106762
4.4389405, 0.2643487, 0.81928027
4.447723, 0.253179, 0.61152
4.4492817, 0.24696991, 0.48546922
4.3976893, 0.18260477, 0.78572625
4.471236, 0.3161559, 1.012934
4.4109592, 0.22597316, 0.78915036
4.4163394, 0.21168944, 0.6505054
4.433456, 0.26982483, 0.70711994
4.3878818, 0.17245993, 0.99611354
4.435088, 0.25122958, 0.9302454
4.412243, 0.20051323, 0.4952717
4.4069223, 0.18914351, 0.5113807
4.4536552, 0.22451515, 0.370884
4.4140825, 0.2260257, 1.1102802
4.437016, 0.2753982, 0.8498141
4.4335365, 0.2522423, 0.8887489
4.4661193, 0.23401058, 0.3524891
4.40758, 0.20527974, 0.63250154
4.448962, 0.2821942, 0.5905677
4.406295, 0.22347921, 1.3529785
4.431014, 0.22974724, 0.79278123
4.4388213, 0.21748346, 0.41650152
4.414652, 0.22459646, 0.6545994
4.3810315, 0.18787882, 0.80782795
4.3864913, 0.1944284, 1.3880601
4.4398623, 0.26769954, 0.78439665
4.392236, 0.18555762, 0.7519253
4.430889, 0.252378, 0.8493425
4.4485416, 0.32373512, 1.2048254
4.4316626, 0.2693665, 1.2323085
4.4003186, 0.19175602, 0.75113773
4.414725, 0.2255107, 1.1268394
4.458488, 0.27084053, 0.46417907
4.448667, 0.32075927, 1.2763225
4.4113884, 0.22642824, 0.7273104
4.4320064, 0.25108337, 1.044114
4.400561, 0.19717434, 1.1611676
4.450223, 0.33061844, 1.3223921
4.475688, 0.32956952, 0.5294039
4.4128036, 0.27113056, 1.334838
4.448769, 0.28717452, 0.97376955
4.418705, 0.27235973, 1.1373934
4.4323125, 0.26991516, 1.0714619
4.4443226, 0.2689067, 0.80825347
4.4602857, 0.3134261, 0.95448166
4.426932, 0.22705565, 1.0811263
4.4444046, 0.2645803, 0.55417955
4.4373255, 0.2654217, 0.7637073
4.46562, 0.268097, 0.44280013
4.4079633, 0.17615698, 0.9411134
