1.3077533, 0.5488135, 0.1757814
1.3700817, 0.49131462, 0.18834276
1.3290035, 0.51087373, 0.18705222
1.3483666, 0.43028125, 0.17774613
1.3700002, 0.57087415, 0.1760954
1.1886955, 0.53155637, 0.18403271
1.349768, 0.4713258, 0.18583731
1.350119, 0.5887658, 0.17383693
1.3303852, 0.5874703, 0.18571207
1.2115177, 0.54886705, 0.18586165
1.371007, 0.51014847, 0.17835625
1.3294442, 0.5296377, 0.18756235
1.3669093, 0.47309682, 0.17496091
1.2706497, 0.5299978, 0.17501108
1.3287249, 0.44915777, 0.18682915
1.1710788, 0.52995664, 0.18510608
1.1909926, 0.5680287, 0.18603799
1.1958065, 0.05165296, 0.07096527
1.2087115, 0.048828844, 0.07128467
1.2053242, 0.09080586, 0.068011954
1.3496093, 0.44897825, 0.17591183
1.329529, 0.56795394, 0.1759859
1.3697903, 0.4500448, 0.18713124
1.2492917, 0.49343464, 0.17479973
1.2717748, 0.5701145, 0.18494773
1.3116709, 0.57009274, 0.18594605
1.2505037, 0.5706226, 0.17446773
1.1659923, 0.024976274, 0.044014473
1.1735718, -0.0090121785, 0.043612193
1.1675591, -0.028951293, 0.04357787
1.1901245, -0.070607215, 0.042410463
1.2135125, -0.10540169, 0.0476909
1.1905208, -0.14664923, 0.043581545
1.1872077, -0.16642302, 0.04287842
1.1679907, -0.14648174, 0.04271701
1.1625916, -0.1944581, 0.019739633
1.2468208, -0.18985616, 0.04653172
1.2315882, -0.20830056, 0.04425471
1.227006, -0.19077313, 0.034314882
1.2095209, -0.08971553, 0.032786753
1.1878889, 0.21102887, 0.0679514
1.3096428, 0.52914923, 0.1878767
1.1933028, 0.028600533, 0.04375867
1.2879487, 0.5687189, 0.1848015
1.1896739, 0.17123649, 0.0501852
1.3093284, 0.5109072, 0.18825103
0.5072432, 0.40829834, -0.0022382676
0.48767772, 0.41081214, -0.0036032775
1.1745422, 0.007997319, 0.040775307
1.148836, -0.049232364, 0.04194189
1.1876221, -0.09051506, 0.043245953
1.3305677, 0.5298839, 0.17560254
1.0241224, 0.3856877, 0.043459848
1.1508828, 0.56657237, 0.17373958
1.1895337, 0.14998479, 0.048696645
1.1846259, -0.03236428, 0.017532207
1.1577675, 0.41609198, 0.12723874
1.2912018, 0.5929184, 0.1399927
1.1375754, 0.5393294, 0.11689328
1.1364685, 0.5384323, 0.13807532
1.136275, 0.538022, 0.15646988
1.0330323, 0.35847005, 0.040911585
1.1706043, 0.08408086, 0.04937338
1.2044734, -0.20390508, 0.044556692
1.158823, 0.033651046, 0.04016499
1.1686542, 0.57208645, 0.15151747
1.1395423, 0.51755834, 0.18557689
0.8433988, 0.4242209, 0.042785764
1.1506988, 0.5611228, 0.18468602
