3.6749392, 0.054448135, 1.7277398
3.7657375, 0.08646439, 1.7687382
3.7173257, 0.06919511, 1.7256258
3.7099245, 0.07108994, 1.7082214
3.747249, 0.07626474, 1.8716813
3.7571704, 0.08888753, 1.8668379
3.736192, 0.07594292, 1.7093523
3.6858258, 0.06595246, 1.6635033
3.7549143, 0.07557652, 1.9081116
3.6839764, 0.068653435, 1.9090999
3.7376912, 0.07542852, 1.9205594
3.7484498, 0.082482874, 1.9713027
3.7706122, 0.084109284, 1.5686916
3.6916833, 0.06849871, 2.0336933
3.7819662, 0.06678856, 1.512707
3.7875812, 0.08668747, 1.433244
3.8093235, 0.09364015, 1.7997093
3.8113189, 0.09585936, 1.7714216
3.79902, 0.09156991, 1.9705336
3.798429, 0.09044275, 1.9847482
3.7697167, 0.07774147, 1.5873799
3.708323, 0.07026224, 1.6939659
3.7851048, 0.09460044, 1.940661
3.6934993, 0.069285706, 2.052053
3.7686393, 0.07706056, 1.4010762
3.6739533, 0.06377866, 1.6881704
3.7468574, 0.07444899, 1.6679944
3.7697005, 0.0853408, 1.9241494
3.70416, 0.07710241, 1.6689742
3.7502666, 0.075066805, 1.6327904
3.7969792, 0.096007384, 1.7566226
3.726146, 0.09010052, 2.013413
3.8072944, 0.09245253, 1.4265056
3.6659107, 0.06268994, 1.7015105
3.6807373, 0.06500455, 1.7134494
3.7754686, 0.084445484, 1.9105242
3.7457542, 0.072596, 1.5504097
3.6881921, 0.0727496, 2.0906353
3.705894, 0.08161154, 2.0519235
3.7905033, 0.07825926, 1.5408884
3.7779331, 0.0903691, 1.9966854
3.7227235, 0.069685616, 1.9671419
3.8000968, 0.09816144, 1.7284851
3.8203068, 0.09394921, 1.9297503
3.8093224, 0.094104275, 1.7107408
3.842073, 0.09634185, 1.8885529
3.8335886, 0.094436176, 1.9166033
3.7903671, 0.110402904, 2.030628
3.7907104, 0.09435338, 2.1135771
3.7558928, 0.08493979, 1.9369233
3.7519698, 0.08400957, 1.9505901
3.7835712, 0.09356933, 2.126881
3.7304368, 0.08349815, 2.0272171
3.793145, 0.09562706, 1.7847288
3.8091385, 0.084937066, 1.448272
3.8293939, 0.09930195, 1.8588945
3.8203297, 0.09859088, 1.8725309
3.739139, 0.08882615, 2.1066065
3.8330164, 0.08932421, 1.4836551
3.7511582, 0.0939232, 1.6103865
3.7305615, 0.0693618, 1.7922344
3.775126, 0.10454923, 2.128715
3.8507206, 0.09079361, 1.4541575
3.8058004, 0.08988565, 1.3917115
3.7717173, 0.08908791, 1.5512985
3.8216136, 0.09856686, 2.0457697
3.716134, 0.0849177, 2.0327759
3.7402942, 0.0741298, 1.9347858
3.804753, 0.076266736, 1.5546488
3.7743878, 0.09300828, 1.7448912
3.794248, 0.091827855, 2.056199
3.725964, 0.06905985, 1.6114275
3.7295375, 0.08636874, 1.7358239
3.7118175, 0.066240214, 1.9126348
3.7060707, 0.073466286, 1.5089841
3.8107061, 0.10837876, 2.0064147
3.7826824, 0.084331736, 2.068574
3.8066885, 0.094687626, 2.101521
3.8386867, 0.09491856, 1.5509304
3.731192, 0.070329964, 1.9540591
3.6849468, 0.06426266, 1.9271135
3.8435462, 0.10066766, 1.6726121
3.7320812, 0.07166356, 1.9045466
3.8241148, 0.08712077, 1.4117895
3.8270683, 0.093206674, 1.4411333
3.748519, 0.08559539, 1.7246801
3.7922933, 0.09014816, 1.6415125
3.7374454, 0.08392266, 1.7520609
3.7268476, 0.089029714, 1.9922359
3.7864604, 0.08880626, 1.7274252
3.8109896, 0.09674242, 1.9003345
3.7705061, 0.08726676, 1.6903734
3.6968603, 0.06697368, 1.5706853
3.720566, 0.08922576, 1.7196705
3.6857986, 0.06762328, 1.8887211
3.718483, 0.07019177, 1.9311247
3.7739305, 0.08535253, 1.7114465
3.730322, 0.07553166, 1.8912525
3.7484872, 0.07872581, 1.8081969
3.71607, 0.06919563, 1.9447837
3.819655, 0.091182806, 1.4935758
3.8143609, 0.092486225, 1.599091
3.688453, 0.05544112, 1.8850121
3.6745586, 0.062798865, 1.6184254
3.8390067, 0.09153444, 1.8299867
3.7820623, 0.100225024, 1.7560992
3.7258723, 0.06388384, 1.8612622
3.8040242, 0.09449862, 1.8136388
3.6759465, 0.069645815, 1.7944975
3.8061004, 0.10979685, 1.7053783
3.792294, 0.08699985, 1.8907547
3.7900906, 0.09059174, 1.869375
3.711383, 0.07460052, 1.9882731
3.6830993, 0.070077516, 1.867993
3.7340064, 0.09372409, 1.9112643
3.790451, 0.08709951, 1.9119108
3.8111115, 0.091228366, 1.8496146
3.8095999, 0.10001261, 1.7430282
3.7832963, 0.0738395, 1.4282352
3.7839327, 0.08827646, 1.6695616
3.7739441, 0.07260157, 1.4498724
3.7682016, 0.103204004, 1.7275614
3.6765876, 0.067468956, 1.8872924
3.7723885, 0.08807281, 1.8891311
3.7086787, 0.072027214, 2.0908477
3.70183, 0.06879477, 1.6341783
3.6784992, 0.06296188, 1.9705312
3.8142853, 0.11018532, 1.8678138
3.6862128, 0.07127517, 1.8279608
3.7478733, 0.072691, 2.1125968
3.7904263, 0.10489095, 1.9225545
3.842286, 0.11382587, 1.8269377
3.7085104, 0.06906788, 1.8101026
3.8463044, 0.1120987, 1.8415163
3.727397, 0.06885684, 1.8293767
3.7026744, 0.067195244, 1.6478351
3.7366621, 0.07757004, 1.5306033
3.678281, 0.054964375, 1.8978662
3.7534375, 0.090436816, 1.9911339
3.744918, 0.09441018, 2.0304098
3.7631593, 0.09078893, 1.6257536
3.7718287, 0.08240023, 1.4865208
3.6962004, 0.07425716, 2.0744205
3.7388003, 0.073557675, 1.5650754
3.6989055, 0.08100956, 1.7313485
3.8136482, 0.105512686, 1.9104463
3.7231688, 0.08766699, 2.097696
3.7664568, 0.07126498, 1.4712892
3.7443595, 0.06970301, 1.5905248
3.8107603, 0.10690814, 1.5099305
3.7851799, 0.10008066, 1.5808973
3.7513351, 0.087896675, 1.7914926
3.687415, 0.07013339, 1.6063845
3.8686771, 0.11265338, 1.4359136
