1.7705731, -0.81361455, 0.44695315
1.7513338, -0.8118357, 0.40830547
1.7272682, -0.8148794, 0.42673194
1.7493092, -0.80778974, 0.39241266
1.7909265, -0.8132535, 0.38875428
1.7867837, -0.8094859, 0.3681035
1.810934, -0.8106108, 0.3899315
1.8110247, -0.81080216, 0.41050106
1.7282825, -0.8111527, 0.40804017
1.7105483, -0.82273024, 0.41089976
1.7256665, -0.8142538, 0.36769387
1.6886026, -0.8237814, 0.41132486
1.714363, -0.8112916, 0.36826348
1.8307794, -0.8108832, 0.365427
1.8112216, -0.8091586, 0.3720346
1.7879708, -0.8085517, 0.3499017
1.8300425, -0.8107898, 0.4081104
1.8713021, -0.80806166, 0.3872792
1.927293, -0.80293995, 0.37002823
1.9864025, -0.7909932, 0.39217728
1.969895, -0.7865528, 0.39141598
1.7450753, -0.82402223, 0.4306633
1.7288867, -0.82448655, 0.37049985
1.8485548, -0.8121969, 0.36969385
1.9304965, -0.7900207, 0.43039405
1.6682075, -0.8292642, 0.4316606
1.7281431, -0.82250917, 0.3338556
1.8064855, -0.8101831, 0.43110105
1.9093119, -0.7931349, 0.34831858
1.9072481, -0.80558455, 0.37116253
1.6705166, -0.8269866, 0.41259646
1.6729877, -0.81221706, 0.34881952
1.8265687, -0.8077722, 0.38728163
1.9105028, -0.7928626, 0.3667265
1.8896137, -0.7959987, 0.42911327
1.7717397, -0.8105675, 0.3908164
1.8703613, -0.8074416, 0.37023968
1.6905668, -0.8260308, 0.4317267
1.8368317, -0.8217533, 0.44932666
1.791769, -0.8088323, 0.42714953
1.9699405, -0.78678685, 0.40929455
1.8475165, -0.8090434, 0.41112557
1.9896295, -0.794296, 0.43021002
1.9507844, -0.7855966, 0.41090393
1.9916707, -0.7922145, 0.41032335
1.6905305, -0.8140209, 0.40938792
1.7696005, -0.8144673, 0.40944257
1.7682427, -0.8086161, 0.34796175
1.9320872, -0.7949493, 0.3329054
1.6890919, -0.82580006, 0.38878927
1.7101401, -0.8240563, 0.35056815
1.870868, -0.8101513, 0.4110051
1.8875489, -0.8066761, 0.38941684
1.7682828, -0.81044245, 0.37141013
1.9678886, -0.80312634, 0.40989056
1.8318906, -0.7915285, 0.34860256
1.7085245, -0.8250253, 0.38964665
1.8123218, -0.80752355, 0.45129567
1.8140084, -0.8096577, 0.35054192
1.7537568, -0.8076447, 0.3702349
1.6867876, -0.8124437, 0.37144598
1.7280184, -0.8095209, 0.3316534
1.9537588, -0.7895204, 0.43359098
1.710671, -0.8270668, 0.42895803
1.7527025, -0.823001, 0.41217518
1.7899377, -0.8201934, 0.4091445
1.9474554, -0.8010378, 0.38937777
1.7706157, -0.8113403, 0.3291254
1.790585, -0.81100833, 0.45136386
1.8485568, -0.81173354, 0.4497892
1.7687124, -0.8137931, 0.42907044
1.8250123, -0.8090019, 0.3491232
1.731308, -0.81150407, 0.38808072
1.6901944, -0.81406075, 0.3479357
2.0083146, -0.7880928, 0.3470624
1.7919717, -0.82159096, 0.39582175
1.7297336, -0.8110672, 0.348512
1.7147089, -0.8126404, 0.4091333
1.892331, -0.78846616, 0.39172024
1.9303104, -0.78928083, 0.41240513
1.691655, -0.81585145, 0.4295137
1.713544, -0.8113117, 0.34856495
1.791135, -0.80879766, 0.40896904
1.7595917, -0.82664794, 0.38053727
1.8501097, -0.8104559, 0.4266047
1.6709077, -0.81254745, 0.36739254
2.0069718, -0.7909012, 0.39049238
1.9091264, -0.8048428, 0.39124936
1.9106199, -0.8091268, 0.44622436
1.7282842, -0.82224417, 0.39259925
1.8506107, -0.7929642, 0.3647885
1.9909028, -0.7924066, 0.4469135
1.6872194, -0.8070314, 0.3863852
1.7849208, -0.8074564, 0.33326274
1.8506569, -0.82097125, 0.4309852
2.0078712, -0.7943422, 0.4125272
1.9500046, -0.78988403, 0.38802126
1.9329557, -0.8018449, 0.40000555
1.7277526, -0.8234066, 0.41054636
2.0305285, -0.7937298, 0.36796084
1.907842, -0.798153, 0.41010413
1.9912454, -0.79132664, 0.36802298
1.8910501, -0.80962175, 0.46518075
1.7494183, -0.8143845, 0.35299653
1.6703123, -0.831313, 0.44966662
1.9088451, -0.7923887, 0.38743892
1.9696655, -0.7921674, 0.42834052
1.7669933, -0.82383966, 0.37127036
1.9481084, -0.8061653, 0.43012017
1.9290322, -0.8036956, 0.34600246
2.0142918, -0.77597404, 0.40802702
1.8456877, -0.808298, 0.34882793
1.8547175, -0.79148805, 0.34657183
2.0060935, -0.7959843, 0.3662975
2.039311, -0.80091476, 0.40538535
1.7523493, -0.8242726, 0.36929038
1.7274034, -0.80791533, 0.469062
1.7972605, -0.8098398, 0.46422616
1.76804, -0.82591975, 0.4127644
1.7314695, -0.82484317, 0.43099475
2.0309374, -0.79843396, 0.40931547
1.9710435, -0.801377, 0.38929293
1.8827448, -0.8060003, 0.36728626
2.0132105, -0.79468477, 0.42893893
1.8125437, -0.8097526, 0.33404335
2.0254188, -0.79347193, 0.4241319
1.6925889, -0.8133708, 0.33011517
1.8685515, -0.80774784, 0.35147306
1.8997395, -0.7893717, 0.34665334
2.0072522, -0.8008165, 0.3821715
1.928864, -0.80302763, 0.32942387
1.9316709, -0.7797881, 0.3527117
1.9641656, -0.79818636, 0.30208597
1.6909627, -0.827061, 0.37051427
1.8097739, -0.7982948, 0.42405802
2.0536938, -0.78466403, 0.43416613
1.9707909, -0.7885674, 0.34925774
1.8279526, -0.81169915, 0.33325124
