2.472039, 1.8894081, 0.6714255
1.9288092, 1.7123333, 0.36439207
1.92776, 1.6859103, 0.2532876
2.5475698, 1.8726832, 0.672692
1.9291068, 1.7063742, 0.35828704
2.485821, 1.8708037, 0.6736617
2.5230813, 1.8725582, 0.6759074
2.4680858, 1.9107757, 0.6506174
2.431612, 1.7304302, 0.049360592
2.4686146, 1.7543312, 0.10909639
2.2317955, 1.7115043, 0.2682026
1.9531571, 1.7095174, 0.40692556
1.932271, 1.6645368, 0.052002635
2.2484992, 1.7123344, 0.24792461
1.9911287, 1.6895211, 0.088325284
2.2311852, 1.7149733, 0.23134668
2.3706012, 1.748701, 0.23161778
2.46822, 1.9336829, 0.6707092
2.313363, 1.7253408, 0.18941537
2.2416666, 1.6998054, 0.10065264
2.4803011, 1.7415378, 0.069520794
2.31437, 1.7302254, 0.23192869
2.473182, 1.8720486, 0.6678227
2.5097225, 1.753187, 0.12644902
2.4709647, 1.9150828, 0.6650319
2.2895494, 1.7219625, 0.21039236
2.393645, 1.7673589, 0.23635308
2.386371, 1.7486597, 0.2336056
2.5376945, 1.9177681, 0.6729369
2.5273075, 1.8864815, 0.66881037
2.4092863, 1.7251719, 0.05055234
2.5115838, 1.8878801, 0.67513436
1.8711267, 1.6659393, 0.33065936
1.84636, 1.667166, 0.34951526
1.9086151, 1.6868087, 0.36450443
1.9137449, 1.6686796, 0.28827548
1.9166245, 1.6813266, 0.28803897
2.5452123, 1.8992298, 0.68616295
2.5654674, 1.8732347, 0.6653101
1.8560436, 1.6546291, 0.34310183
1.8753539, 1.6686532, 0.30925977
1.8530118, 1.671499, 0.30929098
2.5270076, 1.9263986, 0.67413336
2.553276, 1.9283549, 0.7127874
2.5455587, 1.9473168, 0.6908032
2.5524454, 1.9285581, 0.6897923
2.564686, 1.9312638, 0.67324144
1.8310754, 1.6667522, 0.32986224
2.5127046, 1.9554136, 0.7167485
1.8100547, 1.6556826, 0.37159443
2.4842293, 1.9267374, 0.67371356
1.8885864, 1.7110527, 0.3848609
2.4074304, 1.7516212, 0.24714823
1.8688997, 1.6678162, 0.349433
2.4497132, 1.934577, 0.6931736
2.4680107, 1.9494624, 0.69004756
1.7938213, 1.661186, 0.3337605
1.9036292, 1.6896627, 0.35631734
2.432643, 1.7330954, 0.106637664
1.7889112, 1.6701432, 0.38808212
1.7732115, 1.6627553, 0.33139533
1.7915386, 1.6808889, 0.41197923
1.7316947, 1.6482228, 0.33277008
1.7082973, 1.6502092, 0.35097605
1.6922522, 1.647914, 0.3317047
1.7136797, 1.6512654, 0.32794487
1.687197, 1.6467874, 0.34981975
1.7540039, 1.6298571, 0.2880112
1.7130276, 1.6475396, 0.3177627
1.6666545, 1.6463012, 0.33176485
1.6678232, 1.6479716, 0.3510177
1.6461952, 1.6452807, 0.34917074
1.6486144, 1.6265042, 0.33475775
1.6892512, 1.6282464, 0.29042512
1.6460755, 1.644961, 0.3306927
1.6306255, 1.6308032, 0.3098248
1.6507517, 1.6280512, 0.30999327
1.6401206, 1.6348208, 0.3968582
1.6168656, 1.6320028, 0.28961712
2.481306, 1.893351, 0.64567417
1.6298895, 1.6323752, 0.32784978
