2.7320042, 2.5530891, 0.50303507
2.7277348, 2.5651138, 0.5474069
2.7322998, 2.5665698, 0.51194346
2.7727268, 2.5680494, 0.48947582
2.7717936, 2.5688083, 0.507813
2.7685957, 2.562364, 0.5447452
2.7284195, 2.5561383, 0.56721276
2.8104413, 2.562657, 0.48526615
2.7642076, 2.562427, 0.5881872
2.7975776, 2.5610533, 0.59793687
2.796707, 2.5576458, 0.58343357
2.7168818, 2.5672421, 0.61117494
2.7126133, 2.5647478, 0.65290606
2.7259579, 2.567974, 0.6259596
2.755951, 2.56546, 0.69576824
2.7676785, 2.584805, 0.71684575
2.7105823, 2.5680585, 0.7451614
2.7094207, 2.5743759, 0.7273014
2.7647545, 2.576726, 0.75218403
2.7915773, 2.5677743, 0.7273984
2.7932866, 2.5719495, 0.74885714
2.80649, 2.5651257, 0.64678735
2.7960563, 2.5656056, 0.6548405
2.7549286, 2.5726275, 0.7694397
2.7661645, 2.58926, 0.78393996
2.7612858, 2.578004, 0.7973653
2.7888381, 2.5689697, 0.76529914
2.826863, 2.5690525, 0.7516303
2.828017, 2.5714037, 0.7661104
2.8314922, 2.5744643, 0.8763642
2.7828789, 2.5706081, 0.5202111
2.6850867, 2.577132, 0.806598
2.7545521, 2.5578392, 0.6829171
2.687699, 2.5721254, 0.68975776
2.786434, 2.5755138, 0.84903866
2.7896352, 2.5752406, 0.83111715
2.7848456, 2.582548, 0.94507647
2.707252, 2.582471, 0.75244486
2.7098987, 2.5828724, 0.8445281
2.7810986, 2.5878272, 1.0286899
2.8089013, 2.5651882, 0.5321531
2.7093446, 2.567605, 0.5282854
2.7837238, 2.5684664, 0.81113946
2.6870522, 2.5865626, 0.83304316
2.7899277, 2.5859787, 0.9254228
2.7476492, 2.5757632, 0.85637945
2.753141, 2.5838156, 0.8860475
2.7493763, 2.5782192, 0.8729155
2.7496405, 2.588398, 0.9498862
2.7452743, 2.5859237, 0.97269964
2.7744858, 2.5762112, 0.9875996
2.7099943, 2.5834303, 0.93385434
2.708795, 2.5866861, 0.9708996
2.7337148, 2.589477, 1.0691404
2.6930065, 2.5890553, 1.0504085
2.6851728, 2.5864646, 1.1107341
2.693476, 2.5946624, 1.1473336
2.666078, 2.6018353, 1.2078322
2.6938508, 2.604987, 1.248197
2.6698644, 2.608619, 1.2301651
2.6738222, 2.5945837, 1.2722546
2.6749701, 2.598493, 1.2929966
2.6881561, 2.5961113, 1.2893262
2.6848307, 2.6035872, 1.3142457
2.775594, 2.5857768, 1.0490823
2.747965, 2.5692897, 0.54893345
2.8142226, 2.5618703, 0.6877168
2.7243927, 2.5751753, 0.8125434
2.7061975, 2.591081, 1.1302272
2.6864662, 2.5911243, 0.9907427
2.7124023, 2.590437, 1.0656395
2.7267091, 2.5575912, 0.64462554
2.7105432, 2.59126, 1.0487276
2.677682, 2.6063287, 1.3283546
2.7095447, 2.5948148, 1.1671237
2.796338, 2.573454, 0.9720017
2.715146, 2.575749, 0.91288763
2.6922052, 2.5887764, 1.1260134
2.7302246, 2.5906749, 0.92795515
2.6736603, 2.6032393, 1.3700958
2.7111745, 2.5883358, 1.013236
2.7814279, 2.5865984, 1.0142851
2.741325, 2.5542667, 0.51626414
2.710618, 2.5815992, 0.7902812
2.7082298, 2.5871272, 1.0328861
2.730422, 2.5712242, 0.72725964
2.710847, 2.5720384, 0.872939
2.7114177, 2.5836315, 0.90949106
2.690528, 2.583562, 0.9305807
2.7520487, 2.5728588, 0.6111958
2.7731879, 2.5768163, 0.62895226
2.6977391, 2.56713, 0.55032355
2.713439, 2.5863464, 0.81104326
2.696306, 2.5650184, 0.53497326
2.7498004, 2.5694954, 0.5277612
2.6859674, 2.5922441, 1.0067449
2.7334025, 2.5747073, 0.7093533
2.7724512, 2.5798337, 0.7048981
2.7037635, 2.5853586, 0.9501864
2.7918286, 2.5721636, 0.86933064
2.772468, 2.5705526, 0.9087907
2.715821, 2.591377, 0.9930154
2.691917, 2.5688865, 0.63013583
2.7083204, 2.5603871, 0.54698527
2.7800443, 2.5871322, 0.98557574
2.708509, 2.582429, 0.86646056
2.7744825, 2.5750194, 0.9297573
2.7067914, 2.569483, 0.58979344
2.7965012, 2.5542808, 0.5223364
2.7998953, 2.5560977, 0.5054109
2.6751232, 2.6069782, 1.3561689
2.786981, 2.580094, 0.8532906
2.7623491, 2.5878234, 0.8321936
2.7650743, 2.5700176, 0.64746416
2.7710314, 2.560362, 0.82984143
2.7648153, 2.5900037, 0.8064387
2.768688, 2.559263, 0.5574116
2.6696074, 2.5935197, 1.0314097
2.6945531, 2.6016293, 1.2163904
2.7105565, 2.5822139, 0.82986116
2.7655637, 2.5877373, 1.1649138
2.729322, 2.572278, 0.69468963
2.70788, 2.5706491, 0.6700034
2.709575, 2.5741355, 0.51393604
2.806771, 2.5654948, 0.5482769
2.735389, 2.564979, 0.493616
2.6921093, 2.5903583, 0.8168292
2.692921, 2.5840757, 0.7523992
2.7453535, 2.5605333, 0.7136125
2.7981515, 2.5648522, 0.6277658
2.7497132, 2.57336, 0.78481454
2.6913047, 2.573657, 0.6705113
2.751003, 2.5865293, 0.7083775
2.6972466, 2.5645928, 0.510396
2.7547355, 2.5553472, 0.576318
2.759987, 2.5725572, 0.6780194
2.7546737, 2.5586407, 0.60619545
2.7691994, 2.5805337, 0.65921074
2.690226, 2.6009068, 1.148674
2.6904602, 2.591328, 0.9091443
2.6920512, 2.5797882, 0.8428886
2.743011, 2.5789056, 0.565962
2.6948178, 2.5567462, 0.50244516
2.732316, 2.566097, 0.47326607
2.8153043, 2.571333, 0.7652267
2.7599285, 2.5848064, 1.1612006
2.6898677, 2.5873964, 0.7884982
2.695153, 2.5776672, 0.7692698
2.7603827, 2.5796263, 0.73679215
2.674915, 2.6078353, 1.387036
2.6867285, 2.6007032, 1.1984109
2.7046638, 2.570477, 0.5713712
2.7673783, 2.5815651, 0.72785866
2.729314, 2.5633018, 0.6691925
2.8174896, 2.5839694, 1.1530018
2.737251, 2.580602, 0.673871
2.7608666, 2.5817935, 0.7512736
2.7275949, 2.5644295, 0.6539309
2.6961231, 2.5965533, 1.2324617
2.7062922, 2.5749903, 0.95015526
2.7125359, 2.575111, 0.8913418
2.766195, 2.5570989, 0.48006892
2.7755253, 2.568157, 0.88896316
2.690813, 2.5849218, 0.8533418
2.7301576, 2.597076, 1.1117711
2.7436504, 2.5633795, 0.48942983
2.7446647, 2.5618382, 0.46612695
2.7549632, 2.590909, 0.87179554
2.7335322, 2.5550141, 0.45542103
2.7543893, 2.5741532, 0.65040505
2.828259, 2.57325, 0.72936803
2.8303292, 2.5766993, 1.0496088
2.74887, 2.5749378, 0.80692273
2.766148, 2.5850453, 0.62250835
2.8206618, 2.5751019, 1.1307834
2.727727, 2.5567155, 0.52637565
2.8329208, 2.5770738, 1.0273082
2.7574499, 2.5861142, 0.7681471
2.6951675, 2.5914097, 0.94935286
2.8171453, 2.5808072, 1.1099283
2.7486143, 2.5494702, 0.40140864
2.777687, 2.5815165, 0.9575353
2.6910074, 2.5864038, 0.7336605
2.7311344, 2.5843368, 0.8293566
2.7904148, 2.5839908, 1.3029094
2.7566888, 2.5836833, 0.74626404
2.831139, 2.5737555, 1.0133352
2.7644625, 2.5565505, 0.57445633
2.7549865, 2.587138, 0.85542136
2.7307448, 2.608974, 1.2314152
2.7484763, 2.601569, 1.1307228
2.6517534, 2.6159525, 1.3809265
2.705372, 2.5645483, 0.46980336
2.7711282, 2.5872226, 1.0736941
2.7677433, 2.5830803, 1.1174136
2.6890676, 2.588392, 0.7709279
2.773059, 2.575112, 0.94457054
2.7338028, 2.592233, 1.0451343
2.6916196, 2.5958939, 1.3100044
2.828913, 2.5642025, 0.5605241
2.7674813, 2.5687652, 0.6128502
2.7008572, 2.557794, 0.46035123
2.7522912, 2.5829072, 0.82816994
2.8436184, 2.5832267, 1.128512
2.6836464, 2.5569634, 0.6176354
2.7645051, 2.5788393, 0.56254905
2.8084323, 2.5663373, 0.5630885
2.8248017, 2.5840573, 1.0357283
2.7624605, 2.5644403, 0.6647483
2.8278441, 2.5694537, 0.63070744
2.7224884, 2.5686662, 0.44812864
2.7551124, 2.568951, 1.3338068
2.8197422, 2.5805776, 0.933531
2.8301976, 2.5764928, 0.96576595
2.7627504, 2.584439, 0.84046113
2.806726, 2.5831642, 1.1826832
2.68802, 2.5944598, 0.8897409
2.7751718, 2.581358, 1.0303421
2.706514, 2.573808, 0.85209864
2.8306031, 2.5719314, 0.58599293
2.7279325, 2.5918589, 0.9680683
2.7545881, 2.5803545, 0.7322987
2.6773808, 2.5871196, 1.2076195
2.6846316, 2.5729253, 0.490083
2.6937819, 2.5732577, 0.890025
2.6902518, 2.5781887, 1.0098455
2.8083854, 2.565125, 0.60808706
2.811684, 2.5630417, 0.5004681
2.7787426, 2.5803912, 0.986449
2.6959403, 2.6214647, 1.3364396
2.6734512, 2.6039336, 0.91422266
2.6698964, 2.590305, 1.3052953
2.8032784, 2.5642486, 0.5958155
2.7164948, 2.5488987, 0.50825125
2.7284856, 2.5650773, 0.53214604
2.7286336, 2.5687141, 0.5620173
2.8123913, 2.5705328, 0.7926899
2.8271623, 2.582499, 0.75037616
2.8197527, 2.5807579, 0.8425771
2.773234, 2.5746942, 0.9711423
2.8292918, 2.585707, 0.7645687
2.8300633, 2.5652723, 0.4485916
2.817995, 2.5687811, 0.70495576
2.7669587, 2.5781577, 1.0320871
2.8157215, 2.5637734, 0.46771356
2.7979138, 2.5813632, 1.298071
2.682164, 2.5926266, 1.1891221
2.6741753, 2.5854893, 1.106494
2.7661278, 2.5737767, 0.46953276
2.8248556, 2.5637443, 0.50713193
2.8280745, 2.5720527, 0.4834352
2.6889353, 2.5663705, 0.71349096
2.6776783, 2.5822089, 1.0886338
2.7524855, 2.5873523, 0.90823156
2.7067347, 2.5973947, 1.1503837
2.8112912, 2.5751967, 1.0530031
2.849235, 2.5867164, 0.46353683
