2.3539102, 1.7267672, 0.1313364
2.386876, 1.730785, 0.10889594
2.3703508, 1.7316134, 0.13105355
2.3868077, 1.7285905, 0.14674093
2.3522992, 1.7257876, 0.097043015
2.3511453, 1.7255828, 0.11396935
2.3853269, 1.743463, 0.15205336
2.3689146, 1.7273917, 0.089147724
2.4098434, 1.7436817, 0.12595424
2.4137802, 1.7459806, 0.1494222
2.4142349, 1.7405691, 0.081044674
2.413908, 1.7315501, 0.10842328
2.4101417, 1.7306856, 0.14857388
2.4095864, 1.7429516, 0.11183342
2.4167576, 1.7455041, 0.16477779
2.4111557, 1.7415617, 0.18673272
2.4336362, 1.7366389, 0.15291376
2.3848627, 1.7308966, 0.18774128
2.4544222, 1.7469696, 0.16953796
2.448914, 1.7431382, 0.19143474
2.394341, 1.7268708, 0.21429393
2.451827, 1.7437115, 0.2077199
2.3725348, 1.7319586, 0.20848751
2.3911476, 1.7266169, 0.2315883
2.4621568, 1.7503533, 0.15025568
2.471188, 1.7406178, 0.17674367
2.4464562, 1.7423058, 0.22821401
2.4105523, 1.7308267, 0.24961936
2.4897523, 1.7485428, 0.1267857
2.4889474, 1.7430868, 0.0951859
2.2895749, 1.7078937, 0.14805855
2.2896369, 1.7111787, 0.19772793
2.2925215, 1.709688, 0.212531
2.4262261, 1.7427484, 0.2499784
2.3337674, 1.7269413, 0.19070594
2.3488486, 1.7261617, 0.07151338
2.3294754, 1.7272754, 0.14805992
2.388269, 1.7411226, 0.09361687
2.3698413, 1.7317722, 0.14751911
2.2654226, 1.710808, 0.14450546
2.3335469, 1.7290035, 0.111976266
2.3700814, 1.7338431, 0.16829175
2.4753094, 1.7649066, 0.26695368
2.4087548, 1.7330248, 0.28889993
2.3907063, 1.7436432, 0.16385022
2.391458, 1.7296368, 0.054831237
2.435597, 1.7465941, 0.1529397
2.3547702, 1.7251275, 0.366461
2.336034, 1.7169265, 0.36833823
2.2921553, 1.725698, 0.30497062
2.3377187, 1.7205365, 0.37268528
2.3672376, 1.7281271, 0.07427125
2.3469398, 1.727215, 0.052714653
2.4122348, 1.7338785, 0.21447822
2.4264317, 1.7463028, 0.1314142
2.25204, 1.7214733, 0.32640886
2.3933635, 1.7278287, 0.24616717
2.3307266, 1.7273751, 0.12841491
2.2455044, 1.7099936, 0.19145608
2.4311283, 1.7460665, 0.110048346
2.2684133, 1.7106739, 0.127605
2.4679694, 1.7030733, 0.4131281
2.3900795, 1.7294159, 0.17103572
2.550984, 1.7620544, 0.18706413
2.5907497, 1.7527351, 0.29176235
2.2680187, 1.7226002, 0.1993161
2.437359, 1.7451661, 0.068429664
2.3713903, 1.7287357, 0.3102076
2.348251, 1.7253495, 0.1729092
2.2505722, 1.7215323, 0.30433065
2.388972, 1.7326527, 0.08873642
2.4320316, 1.7460537, 0.08756021
2.5703456, 1.7650872, 0.15450513
2.3681715, 1.7316173, 0.23042998
2.3687122, 1.7158909, 0.3318096
2.5963845, 1.7638062, 0.19612347
2.5521855, 1.755143, 0.20372206
2.3283067, 1.7243793, 0.2132107
2.4138608, 1.7299603, 0.23304766
2.3287644, 1.7312328, 0.22854292
2.556962, 1.7675679, 0.108261034
2.4329925, 1.7352759, 0.1252504
2.4298778, 1.7425892, 0.17511837
2.5892456, 1.7705973, 0.24723601
2.6074638, 1.7625167, 0.27087003
2.5576966, 1.7697221, 0.16635147
2.3083344, 1.7152888, 0.37106356
2.312175, 1.7221774, 0.34640735
2.4634147, 1.7497194, 0.12494228
2.6113508, 1.7646321, 0.23262204
2.3125525, 1.7239255, 0.172922
2.352469, 1.7260506, 0.18921229
2.3070977, 1.716423, 0.2297671
2.40846, 1.7450441, 0.052674785
2.445831, 1.7378856, 0.17095134
2.3153098, 1.7236061, 0.10781002
2.392735, 1.7346482, 0.07145921
2.2658558, 1.7204914, 0.116579786
2.2689836, 1.7202595, 0.1300117
2.293892, 1.7146151, 0.09103983
2.4527888, 1.7457978, 0.14507338
2.494155, 1.744946, 0.17318928
2.4436796, 1.742975, 0.24662074
2.4709432, 1.7466366, 0.08915018
2.262661, 1.7065002, 0.16799016
2.247126, 1.7129357, 0.23088203
2.5072527, 1.7523209, 0.11112177
2.3273757, 1.730388, 0.088634744
2.313343, 1.7099524, 0.115506634
2.4301095, 1.7280791, 0.21009016
2.6054761, 1.7605652, 0.25089857
2.4550524, 1.748156, 0.11792452
2.4263318, 1.7291067, 0.28787166
2.267932, 1.7103878, 0.11246044
2.4257865, 1.7308507, 0.27346414
2.4247081, 1.7324, 0.088486396
2.3303838, 1.7126766, 0.38738084
2.4810004, 1.7340381, 0.16896439
2.4533222, 1.7453321, 0.07561977
2.3654833, 1.7265111, 0.1071692
2.3711646, 1.7278464, 0.053710014
2.6116345, 1.7642056, 0.20359705
2.2508762, 1.7086108, 0.13102424
2.2877064, 1.7139252, 0.0661937
2.4920774, 1.7438226, 0.20467068
2.509061, 1.7562658, 0.1635016
2.495317, 1.7474911, 0.22964415
2.248504, 1.7089005, 0.21055633
2.4114459, 1.7263695, 0.30721134
2.288877, 1.7127883, 0.34977823
2.4571385, 1.7430099, 0.054229952
2.3506083, 1.7274623, 0.21310472
2.5016394, 1.7508835, 0.18338577
2.2794297, 1.720628, 0.38796192
2.331087, 1.7172658, 0.16483535
2.3518088, 1.7284391, 0.23191498
2.4112873, 1.732668, 0.26915878
2.2896755, 1.7205744, 0.17629111
2.470874, 1.7315408, 0.3700603
2.3089712, 1.7110834, 0.1841695
2.6061823, 1.7626351, 0.32086006
2.2018034, 1.7227881, 0.35861847
2.2907805, 1.7206538, 0.32570007
2.2551277, 1.723995, 0.40212858
2.171037, 1.7120492, 0.40936133
2.443978, 1.7451967, 0.30777368
2.230729, 1.7132051, 0.21094391
2.5107777, 1.7596636, 0.23332971
2.4650195, 1.7452348, 0.24691315
2.566002, 1.7651246, 0.1721443
2.2332292, 1.7138767, 0.18704495
2.449667, 1.7483978, 0.09087998
2.3101678, 1.713589, 0.05061957
2.570841, 1.7746229, 0.072915815
2.4722342, 1.7469351, 0.2657802
2.4290338, 1.7310969, 0.23100793
2.3101797, 1.7234952, 0.21246469
2.448922, 1.7353822, 0.18890412
2.3722565, 1.7331237, 0.18775043
2.5741615, 1.7522047, 0.24714321
2.3509061, 1.7154771, 0.22644366
2.3511748, 1.7285185, 0.31012952
2.3846936, 1.7443001, 0.13024698
2.589089, 1.7549226, 0.2696646
2.4115672, 1.7295512, 0.066341154
2.2635434, 1.7235062, 0.41213834
2.589357, 1.7629279, 0.29055715
2.5182183, 1.7625726, 0.12755515
2.2724571, 1.7232261, 0.22771287
2.5501473, 1.7543671, 0.22934586
2.3101397, 1.7231135, 0.1533794
2.3446243, 1.7233336, 0.3316156
2.3454638, 1.7181098, 0.33247107
2.4293654, 1.7269561, 0.31169578
2.308941, 1.7136021, 0.35026658
2.2502954, 1.710823, 0.16736446
2.2663598, 1.7076222, 0.22954576
2.3467703, 1.7180448, 0.15020382
2.316219, 1.7249408, 0.07058026
2.4276056, 1.7294368, 0.25483087
2.5704498, 1.7560531, 0.17121229
2.4327114, 1.7432189, 0.18787819
2.4914634, 1.7451459, 0.107992865
2.5734067, 1.7566515, 0.14020939
2.4278247, 1.7416137, 0.2608077
2.2315648, 1.7105956, 0.15046856
2.4453259, 1.7516884, 0.12825198
2.2528079, 1.7111547, 0.11214791
2.2311947, 1.7112848, 0.16979006
2.1738522, 1.7242806, 0.4073661
2.3784869, 1.7187557, 0.19911253
2.3876476, 1.7218987, 0.12962136
2.436485, 1.704955, 0.40575746
2.2840557, 1.7321064, 0.29629156
2.2692306, 1.7215223, 0.35918045
2.2118943, 1.7142566, 0.3366881
2.2467158, 1.7140535, 0.35187215
2.304249, 1.7175041, 0.14450201
2.2081587, 1.7109537, 0.35290715
2.5556238, 1.7638494, 0.22798583
2.5695395, 1.7566756, 0.297935
2.4687164, 1.7369893, 0.15046218
2.2727418, 1.7168701, 0.18546385
2.325444, 1.7256896, 0.16444412
2.3073804, 1.7191986, 0.39676026
2.5695212, 1.7818843, 0.27233744
2.5818498, 1.7563505, 0.15140913
2.352841, 1.7178594, 0.18935286
2.4355552, 1.7432061, 0.055231534
2.5883443, 1.7681679, 0.13023771
2.6085117, 1.765871, 0.07123903
2.5815864, 1.7577218, 0.18041277
2.2652931, 1.7166647, 0.3301558
2.5906296, 1.7688408, 0.102704
2.581749, 1.7570604, 0.1659234
2.6255453, 1.7689997, 0.21071221
2.3363502, 1.7149743, 0.35341394
2.496373, 1.7229768, 0.36886397
2.5001864, 1.7467589, 0.14803545
2.2524097, 1.7203889, 0.19310953
2.2956357, 1.7229307, 0.10870972
2.3904037, 1.7300397, 0.32772458
2.5145898, 1.7584512, 0.08629268
2.3840008, 1.7402916, 0.11044259
2.2650256, 1.7076819, 0.095096335
2.473629, 1.7304926, 0.20939958
2.4168198, 1.7204623, 0.38130295
2.409605, 1.7294232, 0.18849519
2.599484, 1.7631342, 0.14866593
2.2851305, 1.7234676, 0.0844661
2.4672673, 1.7367324, 0.16567375
2.3292613, 1.7297161, 0.3258285
2.2673197, 1.7271676, 0.3123163
2.4085367, 1.7250129, 0.33021036
