3.5116415, 2.7159, 1.0891925
3.4951477, 2.7147608, 1.0068461
3.4436812, 2.7227025, 1.0510864
3.478275, 2.7284508, 1.0531332
3.4673572, 2.7083645, 1.0452795
3.5089786, 2.7139494, 1.0651839
3.5307264, 2.710569, 1.0897704
3.4742029, 2.7230544, 1.1080536
3.491246, 2.724044, 1.1321609
3.5104682, 2.7128448, 0.99056697
3.434765, 2.717263, 1.0131927
3.412106, 2.7290962, 1.0285127
3.4120748, 2.7281344, 1.0671772
3.4312296, 2.7180362, 1.0475153
3.42947, 2.7241642, 1.1119795
3.4640555, 2.7146387, 1.1718732
3.411721, 2.7210836, 1.0125338
3.4322796, 2.7163875, 0.9631385
3.3966856, 2.7230246, 1.0165483
3.4295998, 2.7269437, 0.9916012
3.4333313, 2.7482727, 1.1571183
3.42744, 2.7256806, 1.1680173
3.4292338, 2.7257545, 1.1925452
3.4351828, 2.7139242, 0.9457099
3.4335184, 2.711257, 0.92921305
3.429602, 2.7261186, 1.2123177
3.4110126, 2.735371, 1.2286463
3.4486978, 2.7218912, 0.9096063
3.424841, 2.7267282, 0.9081526
3.471322, 2.7032056, 0.9258708
3.453177, 2.7222557, 0.8877251
3.4378228, 2.7123606, 0.89421046
3.4142318, 2.7271197, 1.2702953
3.427274, 2.7268803, 1.2647452
3.467249, 2.7223597, 1.2521276
3.452677, 2.7116354, 1.2652438
3.44078, 2.7440305, 0.8666104
3.3977652, 2.7140732, 0.8710164
3.4267857, 2.7274039, 1.2922914
3.4935796, 2.725916, 1.2509431
3.4922261, 2.7264228, 1.2868764
3.5107405, 2.7203338, 1.3066747
3.429316, 2.7363706, 0.8134907
3.4145772, 2.7100089, 0.80747443
3.4513338, 2.710866, 0.73154986
3.4522605, 2.713891, 0.7503855
3.448293, 2.7079766, 0.70830864
3.4214067, 2.7206578, 0.6994369
3.4501953, 2.709594, 0.6497102
3.4463973, 2.7075682, 0.57061815
3.4536207, 2.714284, 0.52867985
3.4131064, 2.729569, 1.2449398
3.4154868, 2.7282689, 0.89130884
3.4478197, 2.7281365, 1.0751804
3.4151905, 2.728148, 0.92637956
3.442842, 2.7112293, 0.85197544
3.4686537, 2.7067018, 0.5542123
3.4776258, 2.7237625, 0.93360865
3.431592, 2.7100952, 0.5493652
3.4434788, 2.7152042, 0.8739348
3.4139385, 2.7189956, 0.709813
3.5085454, 2.723917, 1.2048172
3.4285753, 2.7270398, 0.8560865
3.4718988, 2.7264962, 1.2095163
3.4281738, 2.7264214, 1.2480371
3.468841, 2.7278893, 1.2742702
3.4885063, 2.726748, 0.9491422
3.5369446, 2.7075603, 0.7700796
3.446893, 2.7244077, 0.9751555
3.4295979, 2.7272105, 1.2283888
3.4439712, 2.7159758, 1.0269532
3.4743829, 2.724537, 1.036887
3.5059948, 2.7023687, 0.49685615
3.4679704, 2.7106946, 1.0704432
3.501501, 2.7221458, 1.1438488
3.4712863, 2.7104545, 1.0276048
3.4435992, 2.7121682, 0.7730233
3.4485154, 2.7260172, 0.81493884
3.5457969, 2.7069135, 0.5170995
3.507954, 2.7104125, 0.9309297
3.5467184, 2.7098117, 1.1299553
3.5146885, 2.7123542, 0.9689232
3.4429345, 2.724646, 1.0933526
3.4632745, 2.7230906, 0.9502634
3.4551225, 2.7139876, 0.68967354
3.4468677, 2.7196136, 1.0971476
3.4444807, 2.726124, 1.2145708
3.514929, 2.724655, 1.3315692
3.456336, 2.7272966, 0.9355086
3.4268281, 2.7147017, 1.2667642
3.5032196, 2.725309, 0.595091
3.4366636, 2.7158086, 1.1657438
3.4734964, 2.7097092, 0.8256618
3.4479876, 2.7250571, 1.1313779
3.470673, 2.7182355, 0.86824286
3.4910011, 2.7217069, 0.79311687
3.4545903, 2.7114277, 0.89282995
3.4418278, 2.722927, 1.1909902
3.4079638, 2.7266512, 1.171937
3.4713564, 2.71481, 0.769682
3.4061797, 2.7157369, 0.68560946
3.416356, 2.7279801, 0.7688721
3.423673, 2.7240841, 0.5034684
3.423848, 2.7304661, 0.6622836
3.4145076, 2.7423964, 1.2620324
3.4954166, 2.7251718, 0.93121386
3.46646, 2.720336, 0.7147722
3.39378, 2.7234206, 1.1711103
3.4102447, 2.7144914, 0.5618005
3.4180775, 2.7240684, 0.629256
3.4600465, 2.7234392, 0.99341315
3.4107738, 2.7183855, 0.64927095
3.4340215, 2.7069016, 0.7571839
3.4139116, 2.7177742, 0.9812917
3.4087365, 2.7288837, 1.1130686
3.4106362, 2.7162123, 0.5968312
3.4345207, 2.7266953, 0.8714422
3.4102106, 2.7284117, 1.0456805
3.4313781, 2.7124305, 0.6656479
3.408848, 2.7151647, 0.75077957
3.4151886, 2.7141228, 0.9526293
3.404943, 2.7232838, 0.908852
3.4340541, 2.7338037, 0.9598524
3.4125547, 2.7331169, 1.2127683
3.3970027, 2.7246728, 1.1289828
3.412415, 2.7104778, 0.9279746
3.4253035, 2.7162035, 0.8312526
3.4137318, 2.7296295, 0.9924172
3.408348, 2.7278714, 1.2869517
3.4982455, 2.723582, 0.6679369
3.3898296, 2.7058592, 0.8477688
3.4184482, 2.7330635, 1.1309053
3.4927008, 2.723752, 0.8100637
3.4250035, 2.728034, 0.5739706
3.4641805, 2.7175736, 1.2308809
3.4452121, 2.7279673, 1.2311434
3.4268403, 2.7210402, 0.8904712
3.408291, 2.7265346, 1.1899444
3.4742546, 2.719693, 0.9000627
3.4254918, 2.7096386, 0.71094024
3.3974946, 2.71217, 0.7916689
3.4438307, 2.72547, 0.73510027
3.4453483, 2.7075498, 0.79005563
3.4672759, 2.699715, 0.94435704
3.4329479, 2.7270713, 0.47213715
3.4723582, 2.7295313, 1.3254422
3.424382, 2.7301984, 1.3462946
3.3967793, 2.7285616, 1.3653914
3.410305, 2.7295635, 1.3970201
3.3936362, 2.7323344, 1.4107515
3.4173818, 2.730659, 0.8770022
3.4151273, 2.7118897, 0.61432606
3.4492767, 2.7250352, 0.61141026
3.4308662, 2.7131462, 0.68754625
3.432434, 2.721573, 1.0260576
3.4098332, 2.7109234, 1.0599325
3.4292653, 2.7255807, 1.152462
3.574241, 2.7003498, 0.5033106
3.413462, 2.724815, 1.358605
3.4227784, 2.7203462, 1.006813
3.4579787, 2.7117338, 0.6099656
3.4216683, 2.7206023, 1.0407537
3.442395, 2.7174788, 0.4623808
3.4768827, 2.7313335, 1.1721092
3.4271734, 2.7185922, 0.852825
3.4303586, 2.7257009, 0.9712843
3.4326122, 2.7189903, 1.0973914
3.4072402, 2.7155645, 1.3494886
3.4348643, 2.7214608, 0.74727404
3.4970894, 2.726383, 1.051629
3.4936066, 2.7215757, 0.8712119
3.3930645, 2.7249184, 1.3165243
3.4277756, 2.7068737, 0.98948026
3.4487097, 2.7267463, 1.1522479
3.4182148, 2.7271914, 1.3084291
3.4551513, 2.7103927, 0.628503
3.4514031, 2.7169094, 0.9262469
3.440474, 2.7158282, 0.9613535
3.4728453, 2.7236106, 1.1336442
3.4091787, 2.7187185, 1.2928959
3.511302, 2.7239594, 0.7544091
3.4794185, 2.7193518, 1.3246322
3.451539, 2.715783, 0.9092257
3.43299, 2.7192006, 0.73051006
3.4139576, 2.716333, 0.52503556
3.463003, 2.7203984, 0.5853861
3.4764698, 2.707395, 1.315955
3.4553514, 2.727239, 0.940946
3.4576688, 2.7194612, 1.3145773
3.4483252, 2.7246044, 0.5138289
