4.372094, 0.37976438, 0.1327404
4.4085503, 0.3890612, 0.13916233
4.382377, 0.41204363, 0.12787887
4.3558307, 0.4055059, 0.13080561
4.450065, 0.40826184, 0.14780146
4.429788, 0.43289793, 0.13113734
4.409418, 0.41149437, 0.1365906
4.394359, 0.45067886, 0.12542719
4.4557476, 0.4456257, 0.1498225
4.453162, 0.4341661, 0.13783771
4.469524, 0.4290015, 0.15402892
4.469151, 0.38875735, 0.15484738
4.441264, 0.4655985, 0.13290294
4.4638753, 0.49118268, 0.13824785
4.411254, 0.46621343, 0.12800156
4.4150534, 0.43018568, 0.13568339
4.462725, 0.5025214, 0.13931714
4.4854083, 0.48559883, 0.13650921
4.452159, 0.51493657, 0.13158296
4.38075, 0.49137765, 0.1124026
4.432428, 0.48572528, 0.1356504
4.3743367, 0.4336716, 0.110506564
4.376353, 0.42453247, 0.1349016
4.4636526, 0.52276576, 0.13945812
4.481876, 0.5092329, 0.13564631
4.4687595, 0.5551285, 0.13363677
4.4115586, 0.49153894, 0.11959488
4.431694, 0.55211365, 0.13037975
4.346247, 0.49094406, 0.10693423
4.4343247, 0.5251918, 0.13163216
4.4657054, 0.5600114, 0.12947392
4.459868, 0.5869888, 0.14515476
4.4163213, 0.53801906, 0.119252525
4.42957, 0.50931704, 0.12932777
4.3981137, 0.5297305, 0.12710264
4.406732, 0.505794, 0.12446413
4.401191, 0.57490647, 0.11614111
4.393884, 0.5502384, 0.11547065
4.4065714, 0.6027875, 0.10896247
4.431851, 0.6529158, 0.123788096
4.38693, 0.45180273, 0.106481194
4.3655763, 0.58367157, 0.10827802
4.4445586, 0.5776295, 0.13111603
4.3674774, 0.60494393, 0.10523536
4.387358, 0.46763888, 0.108418554
4.3417354, 0.45111734, 0.10507567
4.4490557, 0.46510231, 0.14732626
4.4467597, 0.5876255, 0.13066804
4.4834614, 0.5600442, 0.14230841
4.428028, 0.5877452, 0.11843616
4.369425, 0.6563636, 0.10743729
4.423215, 0.40409407, 0.13434735
4.4304323, 0.44840872, 0.14719522
4.4076242, 0.5223595, 0.12222091
4.4183006, 0.44966432, 0.1325475
4.3564215, 0.3905107, 0.14052211
4.3697853, 0.5105804, 0.12481849
