4.393421, 1.6845379, 1.0479305
4.4004445, 1.7085208, 1.0399857
4.393801, 1.7051972, 1.0592767
4.3898497, 1.7029078, 1.0780947
4.432561, 1.7565993, 1.0051022
4.36843, 1.6928031, 0.997696
4.3811655, 1.7026812, 1.0064173
4.383458, 1.7021643, 1.0244484
4.386956, 1.6950829, 1.1121001
4.3496294, 1.6632243, 0.97290087
4.377901, 1.7015854, 0.98879325
4.3577166, 1.671009, 0.9573397
4.345863, 1.6602955, 1.103815
4.360077, 1.6601728, 1.1556937
4.356675, 1.6919508, 0.9324645
4.426301, 1.7659271, 0.9456706
4.4124618, 1.7550275, 0.9443562
4.382604, 1.6904657, 0.9217452
4.370961, 1.7026434, 0.91656286
4.353624, 1.6608828, 1.1566066
4.368334, 1.665571, 1.1934638
4.347908, 1.6689593, 0.88614285
4.3717628, 1.703373, 0.89202136
4.369957, 1.7027519, 0.861895
4.3519325, 1.6494125, 1.2311667
4.376306, 1.7086021, 0.82317066
4.3980556, 1.6934683, 1.2545711
4.4132586, 1.7584407, 0.8487973
4.408808, 1.7569855, 0.8216227
4.384037, 1.6906903, 1.2691451
4.3828845, 1.6893724, 1.0735681
4.3636856, 1.6626308, 1.1087878
4.3500695, 1.661101, 1.1211935
4.350853, 1.6629788, 1.0490543
4.373817, 1.6945537, 1.0672374
4.390448, 1.7023618, 1.0962223
4.409625, 1.7580786, 0.89386827
4.3744836, 1.6946559, 1.0331273
4.4269977, 1.7668146, 0.7916123
4.3732176, 1.6947354, 1.0491633
4.3887477, 1.6970724, 1.2052319
4.425246, 1.7704227, 0.9052037
4.349503, 1.6547247, 1.2521558
4.350722, 1.6565793, 0.8707007
4.36609, 1.6939213, 0.81447226
4.4200373, 1.7514029, 1.0440451
4.407744, 1.7524526, 0.75938386
4.349684, 1.662637, 0.99101514
4.3985343, 1.7537309, 0.74875605
4.411694, 1.7616364, 0.70799583
4.4097295, 1.7579607, 0.66723037
4.405494, 1.7569973, 0.69043577
4.4030914, 1.7678168, 0.6453956
4.420811, 1.7800614, 0.62178564
