1.8105959, -0.8090923, 0.21290387
1.8493855, -0.8284368, 0.22684045
1.8102036, -0.83305776, 0.22685847
1.8295774, -0.7686961, 0.20987909
1.851402, -0.7891303, 0.21074057
1.7904506, -0.83341134, 0.22291288
1.8497835, -0.80876714, 0.21492775
1.8107486, -0.8517777, 0.22771508
1.8312128, -0.8316289, 0.22436373
1.7700645, -0.7914601, 0.20894784
1.8309622, -0.78810245, 0.20935176
1.7900594, -0.8522873, 0.22645183
1.8279927, -0.8483296, 0.22889476
1.8127786, -0.8100498, 0.22344513
1.8702989, -0.78813815, 0.2134645
1.870359, -0.76881427, 0.20881805
1.8473071, -0.84878254, 0.229907
1.871031, -0.8468358, 0.22972499
1.8711963, -0.82791793, 0.22712503
1.8700626, -0.8041575, 0.21760684
1.8508865, -0.76899624, 0.20969456
1.8499033, -0.85054773, 0.2426717
1.8901219, -0.83049667, 0.23042603
1.8880479, -0.7884074, 0.21046475
1.8681602, -0.8115573, 0.22516343
1.8267245, -0.85652506, 0.24698949
1.8865974, -0.8084874, 0.21874745
1.828873, -0.86143726, 0.24318124
1.8920791, -0.8473395, 0.23028314
1.7478627, -0.79357815, 0.20845315
1.7713038, -0.849643, 0.2274451
1.8725054, -0.7760974, 0.22202277
1.8529232, -0.75268406, 0.20705654
1.8454351, -0.7685717, 0.19451624
1.867331, -0.75598466, 0.21067522
1.8293068, -0.75406563, 0.2057356
1.8910289, -0.771865, 0.21106827
1.7485996, -0.8506846, 0.22793996
1.7475897, -0.8685621, 0.24472913
1.9095373, -0.8105033, 0.2257627
1.9102792, -0.76988566, 0.21212019
1.9085524, -0.7897673, 0.21597078
1.9101663, -0.75510484, 0.20929897
1.910188, -0.847397, 0.24459215
1.9113146, -0.8292679, 0.2284929
1.9301672, -0.8103534, 0.22613347
1.9286546, -0.76597714, 0.21067867
1.9311719, -0.79134226, 0.22361271
1.7003081, -0.86029124, 0.21933696
1.9542507, -0.8118633, 0.22731887
1.9463427, -0.79064167, 0.22489618
1.9527496, -0.74918497, 0.21517594
1.9455655, -0.844782, 0.23110393
1.9696064, -0.8112119, 0.22719118
1.9718974, -0.7889985, 0.22409007
1.9683512, -0.82669324, 0.229237
1.6885697, -0.8718384, 0.23240727
1.9672713, -0.8436524, 0.22285415
2.0094564, -0.83115864, 0.23248097
2.0093298, -0.76894796, 0.22517706
2.0356007, -0.82581633, 0.23341823
2.027809, -0.7917134, 0.22649795
1.9601582, -0.83538604, 0.21901402
1.7311288, -0.7717742, 0.20712873
1.7891669, -0.8311479, 0.21696784
1.828935, -0.80996853, 0.21223462
1.7852124, -0.85212916, 0.21739481
1.7892883, -0.8095294, 0.21204038
1.9139912, -0.8131049, 0.21635616
1.8090699, -0.7884654, 0.21246873
1.8480809, -0.8263998, 0.2143322
1.8269105, -0.828475, 0.21470335
1.7914805, -0.8687232, 0.22899073
1.8965098, -0.7500466, 0.21590875
1.7695152, -0.8269186, 0.21631812
1.9082817, -0.8477567, 0.22701158
1.72954, -0.82946223, 0.21316141
1.7293564, -0.84955204, 0.21644829
1.8204486, -0.8176532, 0.22497563
1.8131484, -0.7705508, 0.20857437
1.8104087, -0.8255788, 0.21516679
1.9880261, -0.82868636, 0.23024261
1.9532753, -0.80640733, 0.21844898
1.9693117, -0.7683715, 0.2251384
1.7498358, -0.845552, 0.21754856
1.7316146, -0.86526006, 0.22743574
1.9739243, -0.78531915, 0.21556556
1.7109618, -0.7739847, 0.21116534
1.9313221, -0.78928375, 0.21396135
1.9493824, -0.82394195, 0.21905383
1.7542325, -0.8276085, 0.22351246
1.7238377, -0.86670953, 0.21776398
1.6966965, -0.8267445, 0.21867508
1.7110186, -0.80883396, 0.2122946
1.7142568, -0.85565054, 0.21483877
1.6767366, -0.86694145, 0.22937159
1.9181533, -0.769343, 0.22320649
1.7509274, -0.8283591, 0.21436328
1.9289986, -0.8290616, 0.22765918
1.9664648, -0.8108978, 0.21751985
1.7471776, -0.8639946, 0.21067464
1.9532654, -0.76711917, 0.2237945
1.7701813, -0.83268535, 0.22332355
1.7096262, -0.7541741, 0.21307358
1.9243206, -0.85001147, 0.22703896
1.8690774, -0.7892014, 0.22547919
1.7665896, -0.86843914, 0.23097636
1.8501039, -0.8607054, 0.23433796
1.9901443, -0.792493, 0.2265361
1.7813491, -0.8680971, 0.21855415
1.8904504, -0.81226236, 0.22616175
1.8890249, -0.7902478, 0.2225697
1.9247458, -0.8296539, 0.21661331
1.8964802, -0.8396619, 0.21791707
1.76909, -0.81524205, 0.21195982
2.0032563, -0.75142723, 0.21467933
1.8297446, -0.84604883, 0.21629064
1.7484854, -0.77462184, 0.20812929
1.8174021, -0.86481714, 0.21970347
1.7631673, -0.8105099, 0.22474243
1.8050196, -0.7986676, 0.22149219
1.6897647, -0.81141216, 0.21349314
1.9098837, -0.7916752, 0.22518419
1.7710553, -0.8473496, 0.21354271
1.7152976, -0.82608175, 0.21330829
1.9275262, -0.77226734, 0.22321354
1.9857421, -0.7735045, 0.21568365
1.826499, -0.8664961, 0.2270284
1.7887108, -0.78838444, 0.2133537
1.936708, -0.74985236, 0.22328462
1.8094952, -0.849509, 0.21825287
1.7300594, -0.8072761, 0.2116796
1.7318312, -0.78956425, 0.20840995
1.974976, -0.7504661, 0.22262016
1.9978536, -0.78436923, 0.2112003
2.010569, -0.7695436, 0.21448483
