regionId: 103266373, origin: -1.4041902, 0.5125973, 0.30305222, normal: -0.011157845, -0.01149275, 0.99987173
regionId: 290278130, origin: -1.8488396, 0.4874407, 0.19404222, normal: -0.23765789, -0.02805256, 0.97094375
regionId: 387136607, origin: -2.1857848, 0.42209214, 0.19382569, normal: 0.023348348, -0.25789875, 0.9658898
regionId: 1642919902, origin: -0.98180294, 0.2136321, 0.20085314, normal: -0.034827538, 0.22387473, 0.97399545
regionId: 226506392, origin: -1.7960588, 0.04867638, 0.19008096, normal: 0.007957352, -0.25093433, 0.9679714
regionId: 405720308, origin: -0.9988525, 0.59480023, 0.20931946, normal: 0.22235523, 0.00719524, 0.97493917
regionId: 1782417449, origin: -0.5502812, 0.21864937, 0.20771983, normal: 0.22809306, 0.016350329, 0.97350204
regionId: 374747264, origin: -0.59714967, 0.60290843, 0.21208014, normal: 0.011981335, -0.24068831, 0.9705285
regionId: 458441059, origin: -1.8870592, 0.8752069, 0.20273182, normal: -0.02271857, 0.22247519, 0.9746736
regionId: 1741280409, origin: -1.0486858, 0.9758614, 0.20905651, normal: -0.0020311459, -0.2390125, 0.9710144
regionId: 1547171080, origin: -0.4245426, 0.20735568, 0.013680452, normal: -0.0049466398, -0.016397333, 0.9998533
regionId: 507103390, origin: -1.1922888, 0.32177535, 0.23263466, normal: 0.99514294, 0.09422871, -0.028487183
regionId: 1609014974, origin: -0.6654096, 0.9985419, 0.22177958, normal: -0.28551617, -0.035895027, 0.95770144
regionId: 2025879896, origin: -2.1801646, 0.018421313, 0.19479159, normal: 0.23284157, 0.0029827699, 0.9725101
regionId: 1064462381, origin: -2.1994064, 0.85866654, 0.2156139, normal: -0.22065727, -0.021638587, 0.97511137
regionId: 1873621342, origin: -1.3125634, -0.27103326, 0.22023857, normal: -0.14264111, 0.9897421, 0.008005057
regionId: 1851226663, origin: -2.113524, 1.2262563, 0.020134356, normal: -0.0059464956, -0.010016361, 0.99993217
regionId: 1888496688, origin: -0.60429084, -0.26837474, 0.4178108, normal: -0.01408845, -0.06949524, 0.9974828
regionId: 29582447, origin: -0.45276013, 1.012332, 0.19203387, normal: 0.96469164, 0.089198336, 0.24781798
regionId: 676468536, origin: -0.6295671, -0.1914101, 0.21695614, normal: -0.11296772, 0.99359834, 7.832479E-4
regionId: 1941463676, origin: -0.5064962, -0.2815577, 0.1828305, normal: 0.99567676, 0.09274794, 0.0050668945
regionId: 2006407140, origin: -1.2269843, 0.74220043, 0.25212482, normal: 0.99528015, 0.09144294, 0.032489996
regionId: 1182403626, origin: -1.8428878, 0.24899831, 0.1688789, normal: -0.10617558, 0.9554066, 0.27554485
