-2.1654377, 0.07479657, 0.17723171
-2.1681035, 0.06967462, 0.18999119
-2.1513896, 0.07006622, 0.19127499
-2.17094, 0.04968679, 0.19260083
-2.1710446, 0.08987163, 0.19181827
-2.1920958, 0.070246376, 0.20555206
-2.149293, 0.089502804, 0.18832996
-2.1703465, 0.02740099, 0.18869135
-2.1894836, 0.047532078, 0.19497524
-2.1899648, 0.0865051, 0.19197746
-2.1516104, 0.110375166, 0.18838342
-2.1323721, 0.09130674, 0.18790555
-2.1704807, 0.007939994, 0.1911996
-2.1499314, 0.029619882, 0.18874094
-2.191177, 0.030434083, 0.19378302
-2.170677, 0.13186201, 0.19124098
-2.2136447, 0.093120895, 0.20747294
-2.1306021, 0.10942756, 0.18815663
-2.1106277, 0.06938986, 0.17445461
-2.1112757, 0.051336557, 0.18928877
-2.148578, 0.009372502, 0.18919311
-2.1708317, -0.008179664, 0.19055754
-2.1699388, 0.14991805, 0.18932965
-2.2101483, 0.10979854, 0.20712444
-2.2302074, 0.090235926, 0.21003394
-2.131744, 0.13020675, 0.18729816
-2.089677, 0.049576644, 0.18460892
-2.1506584, -0.010050609, 0.1904223
-2.1673791, -0.028271433, 0.19224276
-2.1869621, -0.008311606, 0.19397408
-2.2109773, 0.12887786, 0.20483163
-2.2292254, 0.11232787, 0.21046339
-2.2292776, 0.09223404, 0.19544098
-2.2477546, 0.08944503, 0.21171562
-2.1099987, 0.13002947, 0.1873056
-2.1285357, 0.13320825, 0.17607655
-2.1327865, 0.15088426, 0.18878059
-2.1128774, 0.114404045, 0.17373335
-2.1100395, 0.03087822, 0.17378047
-2.0869508, 0.04881778, 0.17192972
-2.0699332, 0.0700275, 0.16791335
-2.130096, 0.010592983, 0.17542502
-2.1891458, 0.16933347, 0.1922608
-2.1502619, 0.16941145, 0.18952711
-2.2075598, 0.13062342, 0.19236356
-2.2302594, 0.1314329, 0.20870298
-2.1309931, 0.169758, 0.18613833
-2.091742, 0.0326539, 0.1705994
-2.070861, 0.09018988, 0.16827151
-2.0507035, 0.07091375, 0.16645606
-2.1515229, 0.18985863, 0.19044647
-2.2119305, 0.15292895, 0.19505902
-2.2319312, 0.15040708, 0.20991479
-2.2493718, 0.12904036, 0.21166095
-2.287064, 0.09211147, 0.2149025
-2.2699056, 0.1112182, 0.21237107
-2.2672346, 0.07162845, 0.21256019
-2.108342, 0.14958374, 0.1745909
-2.1271107, 0.17286272, 0.17671037
-2.0694604, 0.030390406, 0.16970792
-2.0901437, 0.010931456, 0.17112602
-2.050297, 0.09100828, 0.16882576
-2.0699203, 0.10998463, 0.17045625
-2.0494206, 0.04979549, 0.16714239
-2.2508662, 0.1486678, 0.21104972
-2.2686903, 0.1310198, 0.2148524
-2.2861786, 0.10886902, 0.21517396
-2.288438, 0.071656354, 0.21444736
-2.110893, 0.16920958, 0.17392826
-2.090132, 0.14999121, 0.17289013
-2.0698078, 0.009666874, 0.17043933
-2.0685022, 0.12757652, 0.16996558
-2.2485802, 0.16817953, 0.21007083
-2.2934613, 0.04999523, 0.2136186
-2.2899842, 0.07080555, 0.22616309
-2.087886, 0.16851333, 0.17240123
-2.0705347, 0.15080673, 0.17166252
-2.0701423, -0.008877385, 0.16996588
-2.0515697, 0.011404691, 0.16837387
-2.0528011, 0.12955406, 0.16715337
-2.308149, 0.109545246, 0.22949849
-2.2889376, 0.05016039, 0.22730754
-2.3108447, 0.06826299, 0.22962672
-2.072323, 0.17235827, 0.17094289
-2.3096335, 0.0885525, 0.22866881
-2.3111985, 0.13025352, 0.228044
-2.329824, 0.10978353, 0.22888939
-2.310604, 0.050350074, 0.2282484
-2.2885697, 0.14982967, 0.22410482
-2.2903416, 0.1520091, 0.21586917
-2.2505486, 0.070926, 0.21138014
-2.1705632, 0.15067075, 0.20556398
-2.1686013, 0.17180195, 0.19309667
-2.1685376, 0.19064368, 0.1911515
-2.0895798, -0.010437465, 0.17024967
-2.1087503, 0.052106787, 0.1741347
-2.1299748, -0.01160661, 0.1877783
-2.3281825, 0.027631387, 0.22969061
-2.189006, -0.12894857, 0.19356117
-2.1078997, -0.007842008, 0.17446712
-2.1678417, -0.047433518, 0.19112244
-2.090861, -0.029284064, 0.17207834
-2.1499438, -0.050029725, 0.190249
-2.0898569, -0.03171041, 0.18467994
-2.0892365, -0.05147012, 0.17383383
-2.1507735, -0.06905032, 0.1898068
-2.1301606, -0.051408447, 0.18757837
-2.1099029, -0.030113814, 0.18773532
-2.0886292, -0.06917536, 0.1727519
-2.0701704, -0.049192503, 0.17042443
-2.1288846, -0.0691881, 0.18783092
-2.1531107, -0.08853463, 0.1887898
-2.1113596, -0.049012702, 0.18717973
-2.1893802, -0.0721749, 0.20673087
-2.2102015, -0.09304271, 0.20539725
-2.2270286, -0.11089021, 0.20614305
-2.168278, -0.10885245, 0.19104749
-2.108255, -0.069104694, 0.17458563
-2.0707204, -0.06864828, 0.1710933
-2.1328385, -0.08876015, 0.19001083
-2.1496727, -0.110201046, 0.19215024
-2.0497909, -0.02913552, 0.16854508
-2.0715187, -0.09007095, 0.16982405
-2.0492234, -0.06919432, 0.1678242
-2.1080813, -0.091907434, 0.18865484
-2.1511176, -0.12997067, 0.18991904
-2.191853, -0.09071871, 0.19432467
-2.033795, -0.033362724, 0.1679588
-2.0502625, -0.08869265, 0.16749986
-2.0698502, -0.10974582, 0.16802333
-2.0912373, -0.08782627, 0.1877571
-2.1113565, -0.108141325, 0.1885619
-2.1301634, -0.12971005, 0.18869391
-2.0302243, -0.009888693, 0.16517898
-2.0286863, -0.04962906, 0.16887605
-2.088416, -0.10906825, 0.17194992
-2.108566, -0.10940614, 0.17624867
-2.0080872, -0.08976488, 0.1640466
-2.0893822, 0.13186106, 0.17100625
-2.1709077, -0.14906633, 0.18955605
-2.0683808, 0.005727933, 0.15881367
-2.1889493, -0.11160691, 0.19363137
-2.190551, 0.111055575, 0.19471304
-2.1704872, -0.09092134, 0.19158281
-2.0699189, 0.051534973, 0.17106064
-2.209347, 0.050190214, 0.20737739
-2.1076941, -0.04842904, 0.17616981
-2.089759, 0.19011033, 0.17055574
-2.2092297, -0.1331042, 0.19305526
-2.1094542, -0.02824247, 0.17374969
-2.0483336, 0.09066802, 0.15717784
-2.0252137, -0.010692324, 0.15195782
-2.1711645, -0.07043176, 0.19289505
-2.2089493, 0.027667357, 0.19648768
-2.189274, -0.0689188, 0.19324644
-2.1885448, -0.05207195, 0.19078389
-2.1280112, -0.031874325, 0.19149636
-2.208591, -0.10936446, 0.19641393
-2.3314204, 0.13061197, 0.23148079
-2.0501802, 0.029499184, 0.16800117
-2.3482015, 0.09161573, 0.23231243
-2.1500683, 0.12953751, 0.18920301
-2.1082118, 0.008116369, 0.17333971
-2.3235474, 0.10752363, 0.2145441
-2.2106814, -0.12908365, 0.2068882
-2.2705252, 0.049749948, 0.21260211
-2.0492294, -0.09314037, 0.15810557
-2.0311725, -0.07106517, 0.16563867
-2.131212, -0.0707329, 0.17591241
-2.2903435, 0.032426763, 0.21660306
-2.2284076, 0.04848302, 0.20831864
-2.2103114, -0.050950836, 0.19688204
-2.3291042, 0.1512048, 0.22984965
-2.3494673, 0.13036685, 0.23033851
-2.2287154, 0.025652623, 0.20945945
-2.2269835, 0.05533208, 0.19580685
-2.2123466, -0.026695983, 0.19502723
-2.210261, -0.05102606, 0.20805782
-2.3291337, 0.1694647, 0.22843148
-2.2496665, 0.02996888, 0.20985013
-2.2308877, 0.009955467, 0.20895733
-2.209832, -0.031627502, 0.2070491
-2.2308295, -0.048517395, 0.20884205
-2.3108099, 0.1707825, 0.22700842
-2.249386, 0.010713147, 0.21330322
-2.2298446, -0.01078279, 0.20781796
-2.2276893, 0.009100726, 0.1946057
-2.1898673, -0.027903901, 0.20634924
-2.2319562, -0.06856857, 0.21170714
-2.2698498, 0.009404645, 0.21435116
-2.249333, -0.009523957, 0.21242362
-2.248181, -0.07106141, 0.21014513
-2.250668, -0.02939525, 0.21107247
-2.269747, -0.031103004, 0.21444544
-2.2675943, -0.0675065, 0.22839524
-2.2685897, -0.09129196, 0.22585471
-2.269607, -0.11112968, 0.22624041
-2.2905266, -0.11389823, 0.22539644
-2.3100753, -0.11140186, 0.23121513
-2.310077, -0.09063991, 0.2268041
-2.3087018, -0.13063769, 0.22865915
-2.2681196, -0.13042776, 0.22711536
-2.3087866, 0.16744064, 0.21603443
-2.1269567, 0.052471533, 0.17335677
-2.188832, 0.18757111, 0.20557478
-2.1107728, -0.011249313, 0.18730289
-2.1886213, 0.12896422, 0.19095764
-2.191718, 0.10595222, 0.20440976
-2.0712478, -0.13130161, 0.1684048
-2.2509766, 0.025437146, 0.19912471
-2.2507167, -0.048454683, 0.21154289
-2.008993, 0.009303817, 0.15210298
-2.3493567, 0.11163288, 0.23204896
-2.0884757, 0.10878444, 0.1735552
-2.251259, 0.17165169, 0.22385128
-2.1476974, -0.030410301, 0.1889548
-2.1904263, 0.06830366, 0.1905246
-2.0507252, -0.051161718, 0.1688892
-2.1301305, -0.109411374, 0.19059967
-2.0704706, -0.029381996, 0.16866797
-2.1891415, 0.011626446, 0.19196823
-2.0503857, 0.049500372, 0.15470736
-2.2298317, 0.19263116, 0.20864627
-2.270403, -0.029512648, 0.2269313
-2.2105017, -0.009942505, 0.20871103
-2.2695277, -0.008989609, 0.21339034
-2.2122712, 0.029931854, 0.20563363
-2.2683294, -0.07060294, 0.21420433
-2.2325525, -0.027354244, 0.2087036
-2.1530938, 0.15010253, 0.18941468
-2.1718948, 0.10840809, 0.18935473
-2.1913214, -0.009573177, 0.20600536
-2.2077367, 0.07087365, 0.19355582
-2.289949, -0.04805199, 0.23062517
-2.289734, -0.04904082, 0.21091214
-2.3284914, -0.049819108, 0.22795704
-2.3118517, -0.029279737, 0.22780633
-2.347204, 0.14871234, 0.23030539
-2.1480737, 0.049430765, 0.18977176
-2.2879295, -0.071404986, 0.22839396
-2.1108162, -0.07060132, 0.18256395
-2.1700838, -0.13113284, 0.192171
-2.3080044, 0.13006815, 0.21251987
-2.3101788, 0.14955533, 0.22673206
-2.2287698, 0.16850905, 0.20801403
-2.3262393, -0.07238022, 0.23030277
-2.292997, -0.08902385, 0.22711462
-2.2104163, 0.16831431, 0.20598947
-1.9869779, -0.089049034, 0.13782395
-2.0319688, -0.0899241, 0.16482875
-2.209875, 0.06745149, 0.20709908
-2.0910435, 0.07112193, 0.17079449
-2.1878362, -0.031497426, 0.1920448
-2.0106213, -0.066870466, 0.15413347
-2.2089365, 0.17117244, 0.19765827
-2.249363, -0.11044706, 0.20946236
-2.1910353, 0.15062018, 0.19238448
-2.0279555, 0.008962027, 0.15427227
-2.2720962, 0.02788507, 0.20966393
-2.2708628, -0.14705405, 0.22451493
-2.029669, 0.08910787, 0.1555185
-2.3278368, -0.011365354, 0.22746098
-2.2877629, -0.011951031, 0.2157232
-2.2497337, 0.051973015, 0.20938693
-2.030354, 0.05106982, 0.15362094
-2.009431, -0.048143256, 0.150361
-1.9890367, -0.009975192, 0.15235412
-2.0488768, -0.030441247, 0.1543799
-2.2095642, -0.010181388, 0.19587132
-2.2905104, 0.16908444, 0.22547168
-2.1321652, -0.08803624, 0.17461243
-2.1259336, -0.03239523, 0.177267
-2.2874985, -0.030086778, 0.21633242
-2.0289495, 0.02960396, 0.16723198
-2.1286297, -0.007429482, 0.17332691
-2.2113175, -0.1681927, 0.20594966
-2.0477648, -0.047337852, 0.1559157
-2.0090773, 0.029578619, 0.14804897
-2.2499912, -0.12953077, 0.20853151
-2.2698245, -0.14719674, 0.21333277
-2.0277605, 0.10941093, 0.15464744
-1.9928004, 0.027416358, 0.15246665
-2.2474077, -0.15129542, 0.21128312
-2.270391, -0.17080013, 0.21278262
-2.0328028, 0.1298329, 0.15702052
-2.2472496, -0.17088142, 0.21056955
-2.1298258, 0.032900445, 0.1886661
-2.1417613, -0.11322202, 0.17628446
-2.010168, -0.0112904925, 0.15451036
-2.0295258, -0.068360426, 0.15319434
-2.24793, 0.0042073787, 0.19843897
-2.0294108, -0.089272976, 0.15628606
-2.1286535, -0.05080639, 0.17614815
-2.073281, 0.21212266, 0.1699603
-2.148992, -0.00670927, 0.17680651
-2.1284401, 0.08951393, 0.1733865
-2.2241566, -0.16462195, 0.21139194
-2.248784, -0.09184604, 0.21051875
-2.0485456, -0.14848936, 0.16623744
-2.3301415, -0.089420594, 0.23156266
-2.330212, 0.109650776, 0.24202123
-2.1914353, -0.09023691, 0.20739785
-2.2083347, -0.06929474, 0.1936957
-2.2095742, 0.08635251, 0.19563061
-2.1076946, 0.12999272, 0.17317
-2.1300135, 0.009139412, 0.18794245
-2.0103614, -0.111333795, 0.15346712
-2.2106497, 0.15038432, 0.2072614
-2.049643, -0.010480719, 0.16896933
-2.3282914, 0.06800249, 0.23110348
-2.3105621, -0.15164578, 0.22897595
-2.2081058, -0.15047206, 0.19698074
-2.271731, 0.08945109, 0.21279228
-2.25152, 0.1883487, 0.20946503
-2.3458257, 0.06939548, 0.22931232
-2.2891707, 0.17006636, 0.21404976
-2.0890255, 0.089395806, 0.17163838
-2.2903013, -0.17040718, 0.21689211
-2.0299282, 0.026497312, 0.15303613
-2.2484293, 0.10879704, 0.21200277
-2.304708, 0.032822736, 0.2189464
-2.1480618, -0.07181104, 0.17718825
-2.1683989, 0.03176498, 0.17849638
-2.3054516, 0.18679912, 0.21348
-2.14786, -0.15066066, 0.19268769
-2.327795, 0.050860077, 0.22911453
-2.1077337, -0.08966946, 0.17528561
-2.2081606, 0.113304876, 0.19441292
-2.029205, -0.051558524, 0.15295184
-2.030617, 0.009708822, 0.16726585
-2.0282702, -0.11022697, 0.1544474
-2.0488157, 0.011501556, 0.15758826
-2.3065138, 0.09204614, 0.2164446
-2.3068893, 0.108702086, 0.2170979
-2.229301, -0.13170773, 0.20808317
-2.2695074, -0.110014915, 0.21319433
-2.0707846, 0.12983079, 0.15752465
-2.2898781, -0.12838453, 0.2277354
-2.2479897, -0.12974219, 0.19732837
-2.250019, 0.077824906, 0.19625574
-2.0681818, -0.090370946, 0.15715669
-2.3124971, 0.011185094, 0.22838682
-2.322722, 0.14686175, 0.21448772
-2.2501907, 0.14818902, 0.2220934
-2.2879026, 0.12879711, 0.21516353
-2.109883, 0.0919584, 0.18691921
-2.2412224, 0.04276415, 0.19710584
-2.0315437, -0.029473152, 0.15270434
-2.3671763, 0.1285462, 0.23959756
-2.1693788, -0.013766971, 0.2043098
-2.290348, 0.09116822, 0.22654171
-2.1675472, 0.20893763, 0.1911505
-2.2937956, 0.1291721, 0.22594707
-2.230684, -0.0905862, 0.21007636
-2.211288, -0.06917175, 0.20912421
-2.268561, 0.17134196, 0.21397354
-2.2104373, -0.15189317, 0.20792164
-2.108436, 0.18936028, 0.17291191
-2.2696166, 0.14981937, 0.22572011
-2.1904118, 0.0485549, 0.20404969
-2.0642743, -0.11427219, 0.15717097
-2.05147, -0.111213796, 0.156827
-2.2936523, -0.0659639, 0.21372426
-2.268846, -0.05133533, 0.20922573
-2.0864365, -0.09181813, 0.17202973
-2.2525265, 0.14821546, 0.19960544
-2.2104797, 0.009446864, 0.19439846
-2.0697498, -0.14830439, 0.16987196
-2.1938064, 0.14822716, 0.20464855
-2.2300785, 0.036438547, 0.19855414
-2.3103404, 0.18738195, 0.2284656
-2.0512297, -0.1088803, 0.17138807
-2.31093, -0.06940035, 0.22894216
-2.1460557, -0.030956613, 0.17783627
-2.081268, -0.06760657, 0.15911618
-2.043721, -0.010882675, 0.15567784
-2.2302017, 0.06475681, 0.19492309
-2.2298064, 0.17109469, 0.19705743
-2.0094924, -0.12902567, 0.15391406
-2.0319214, -0.109069034, 0.16514623
-2.013834, -0.028607212, 0.13956633
-2.1290865, 0.20677376, 0.18627703
-2.2895327, 0.11104063, 0.22681263
-2.1834192, 0.16039127, 0.17911923
-2.1095355, 0.08767957, 0.17238718
-2.2956965, 0.010859169, 0.22366087
-2.1480098, 0.20695105, 0.1893424
-2.1453035, 0.10705001, 0.17611209
-2.077632, -0.051697716, 0.1576542
-2.2665, -0.13150492, 0.21270977
-2.1524096, 0.0068276054, 0.17708227
-2.1151443, 0.17084272, 0.18427525
-2.3090103, 0.01610053, 0.21471289
-2.2300696, -0.14818576, 0.20705217
-2.1082006, 0.14810967, 0.18588546
-2.1314545, 0.14848934, 0.17535216
-2.0085373, 0.049741175, 0.1515384
-2.2289436, -0.049330555, 0.19396915
-2.190848, 0.1888399, 0.19253193
-2.011166, 0.069867924, 0.15599106
-2.208577, -0.107810654, 0.20881765
-2.1447668, -0.052450147, 0.1770227
-2.0876286, -0.13043827, 0.17200942
-2.0159032, -0.10987732, 0.16451894
-2.1927125, 0.17063569, 0.20468271
-2.1914082, -0.049103703, 0.2036489
-2.091835, -0.07306675, 0.18621129
-2.3456173, 0.16798969, 0.23206502
-2.1049771, 0.18866205, 0.18607444
-2.089801, -0.14909464, 0.17294583
-2.126882, -0.12149561, 0.17698306
-2.2103882, -0.17065501, 0.19438824
-2.160262, -0.03510407, 0.17707527
-2.0688047, 0.035554484, 0.15551215
-2.0620604, 0.0844385, 0.15893392
-2.1467109, -0.092496336, 0.1766992
-2.345598, 0.0031683391, 0.23361242
-2.0525541, 0.14719433, 0.16792955
-2.1147268, -0.14838994, 0.1877839
-2.16799, 0.14663795, 0.17872277
-2.129976, 0.068552665, 0.18803169
-2.2698083, 0.09098731, 0.22699797
-2.1308181, 0.050577022, 0.18904217
-2.2431593, 0.123428054, 0.19961144
-2.2679083, 0.1882331, 0.2146351
-2.2852767, -0.03150879, 0.23068662
-2.0800626, 0.16740717, 0.15766257
-2.0892925, 0.011969344, 0.18228014
-2.2875113, -0.13174751, 0.21722381
-2.2600403, -0.051483568, 0.19936064
-2.1260183, 0.026570875, 0.17442352
-2.0494022, -0.1293681, 0.15621565
-2.1722846, -0.107669264, 0.2064872
-2.1302974, 0.06942812, 0.17270073
-2.2697742, -0.09037289, 0.20944478
-2.2811348, -0.012962562, 0.199967
-2.3096066, -0.048390895, 0.23006944
-2.1094396, -0.130578, 0.18592285
-2.3452675, -0.06891304, 0.23200022
-2.1527357, 0.106981084, 0.20583269
-2.2688787, 0.026852801, 0.22645673
-2.2896016, 0.03100934, 0.22898687
-2.0131392, -0.030988615, 0.15227686
-2.169868, 0.1104347, 0.20597953
-2.0564094, -0.13125396, 0.16715844
-2.0805202, 0.029140221, 0.15919922
-2.0811622, -0.10091433, 0.15991557
-2.049474, 0.06611298, 0.15497662
-2.2704265, -0.04833874, 0.22720152
-2.329289, -0.029155051, 0.22837704
-2.2725835, -0.011190134, 0.2241002
-2.1892505, -0.049569774, 0.17825395
-2.2911952, -0.15504052, 0.21401973
-2.1708808, -0.06839509, 0.20373252
-2.311267, 0.030414876, 0.22720791
-2.0701406, 0.19084169, 0.17187735
-2.3240206, -0.031483423, 0.21759155
-2.2299798, 0.06914554, 0.20945197
-1.9879843, -0.12924178, 0.1519296
-2.1683874, 0.014101542, 0.17920838
-2.1279817, -0.15156764, 0.17577422
-2.0523598, 0.17008269, 0.15914746
-2.084338, -0.0105515905, 0.15967643
-1.989166, -0.14498368, 0.14814736
-1.9717944, -0.12911654, 0.14960958
-2.3290126, 0.08979792, 0.23134317
-2.2501059, 0.09028851, 0.22482637
-2.364078, 0.15435681, 0.24259025
-2.3330324, 0.18325834, 0.24466504
-2.0919, 0.16976309, 0.18440759
-2.0697193, -0.029870996, 0.18541926
-1.991557, -0.110183656, 0.15334348
-2.1117866, 0.110414855, 0.18734422
-2.1475897, 0.12843333, 0.17605594
-2.2908607, -0.010115612, 0.22576006
-2.1669936, 0.12632857, 0.20638534
-2.2905765, -0.11136368, 0.21203625
-2.1120865, -0.12808241, 0.17616084
-2.1907766, 0.031330444, 0.20387182
-2.326666, 0.12798296, 0.21852526
-2.369381, 0.06949994, 0.23096803
-2.093258, 0.148209, 0.18431643
-2.2123933, 0.18984789, 0.20466664
-2.3505197, 0.031862423, 0.22800657
-2.128956, 0.11263914, 0.17552531
-2.3144522, 0.12983707, 0.24075857
-2.163056, -0.07496036, 0.17656508
-2.0524378, -0.068400055, 0.15274836
-2.3107407, 0.0711498, 0.21592855
-2.130365, -0.115089074, 0.17789409
-2.243083, 0.17722219, 0.1982903
-2.0921333, 0.11197389, 0.18410796
-2.287448, -0.09142518, 0.21537727
-2.2709455, 0.1480146, 0.21231842
-2.1086402, 0.025791872, 0.18573028
-2.2052257, 0.009614673, 0.20850243
-2.1899762, 0.09064096, 0.20522663
-2.253789, -0.048174072, 0.22182186
-2.2077363, 0.18972608, 0.19416738
-2.2360864, -0.085517265, 0.19757003
-1.9900024, -0.11395895, 0.1364703
-2.0866468, 0.1374119, 0.15994754
-2.2145379, 0.15852755, 0.22188324
-2.0286248, -0.13005143, 0.15671964
-2.2745292, 0.12622118, 0.22769862
-1.9916828, 0.008262198, 0.15100276
-2.0901058, 0.0718654, 0.18887997
-2.1439896, 0.0739633, 0.17680162
-2.2508938, 0.18760115, 0.22276238
-2.273779, 0.16771746, 0.22467956
-2.1732378, -0.1667852, 0.18885952
-2.2580795, -0.075367145, 0.22693309
-2.3658047, 0.1511734, 0.23323739
-2.1476178, 0.031329416, 0.17681432
-2.2896292, -0.14984773, 0.22819594
-2.1752644, 0.064607956, 0.20692095
-2.1526122, -0.16099647, 0.1910119
-2.2352784, 0.111958906, 0.22035253
-2.172687, 0.09042363, 0.20416632
-2.0725884, -0.13506746, 0.18208842
-2.2278545, -0.006718651, 0.22021967
-2.2068856, -0.09062311, 0.19785699
-2.1303673, 0.18965913, 0.18720298
-2.0470557, 0.108328775, 0.15314244
-2.089026, 0.09173939, 0.18639773
-2.35351, -0.0131022995, 0.23127097
-2.32641, -0.10924088, 0.23026067
-2.078221, 0.0034434726, 0.18236496
-2.2508807, -0.1272911, 0.22580129
-2.3059897, 0.04654994, 0.21503523
-2.089462, 0.067318454, 0.1582242
-2.3000517, -0.14830428, 0.24053378
-2.3643112, 0.1389527, 0.24554418
-2.1533074, 0.15181118, 0.20157425
-2.225692, 0.1053127, 0.19449648
-2.3256671, 0.09472014, 0.21766463
-2.2727454, -0.16828246, 0.22371836
-2.1771598, -0.13605233, 0.2043519
-2.1383862, -0.089842565, 0.2033478
-2.3080935, -0.05098378, 0.21262993
-2.3268402, 0.029018398, 0.21831416
-2.0302074, -0.12979288, 0.16746381
-2.2304542, 0.14534633, 0.19729944
-2.368201, 0.11248022, 0.2336125
-2.1106555, -0.1507759, 0.173102
-2.2483482, 0.20495805, 0.2136938
-2.328503, 0.008834849, 0.23054175
-2.3358421, 0.09026955, 0.24027014
-2.1536736, 0.13554789, 0.20700863
-2.1470375, 0.05055926, 0.20044859
-2.0683625, 0.09785549, 0.18086778
-2.1480498, -0.031203117, 0.20076683
-1.9878547, -0.07923341, 0.13892904
-2.3387942, 0.13212208, 0.24214551
-2.2505412, -0.115422264, 0.22321711
-2.0800197, 0.09342246, 0.15984896
-2.190261, -0.15099373, 0.1916401
-2.3311546, 0.18742032, 0.23013313
-2.1572778, -0.110664114, 0.20232373
-2.1504817, 0.010180948, 0.20296597
-2.1694493, 0.05329445, 0.20437646
-2.3508933, 0.12412206, 0.24402016
-2.3105638, 0.007830668, 0.24072385
-2.0749712, -0.019614946, 0.18588251
-2.3307424, -0.14614558, 0.23154184
-2.343547, 0.08339321, 0.24536708
-2.1923814, -0.12977399, 0.20406672
-2.1707025, -0.15711163, 0.20363419
-2.3654613, 0.0945024, 0.24082302
-2.1500978, 0.15203051, 0.17759047
