-1.8708305, 0.24999896, 0.16836993
-1.869794, 0.25430617, 0.150143
-1.8637247, 0.2371934, 0.1788941
-1.8498679, 0.25185698, 0.16833809
-1.8875774, 0.24911423, 0.16774318
-1.8884869, 0.25325763, 0.1492098
-1.8867872, 0.23681168, 0.16718428
-1.8725706, 0.23635733, 0.19095059
-1.8281559, 0.2518964, 0.17056507
-1.8901293, 0.23557007, 0.1900006
-1.8521645, 0.235622, 0.19292979
-1.8082503, 0.2529863, 0.17128311
-1.8313886, 0.25626642, 0.14953104
-1.9084715, 0.23433465, 0.19062538
-1.828793, 0.23664935, 0.19315241
-1.8676269, 0.22683054, 0.23038071
-1.791372, 0.25327942, 0.16806267
-1.8297019, 0.26316047, 0.15142274
-1.9128053, 0.23026192, 0.21073073
-1.7693844, 0.25599036, 0.17384928
-1.7939333, 0.25753152, 0.14762194
-1.7890133, 0.24913298, 0.18843082
-1.852845, 0.26339412, 0.15247777
-1.767649, 0.26708588, 0.16987896
-1.7690508, 0.2532499, 0.19101907
-1.7496922, 0.2570448, 0.16995282
-1.7718091, 0.257367, 0.15477157
-1.7480268, 0.25298193, 0.18903726
-1.7299485, 0.2583512, 0.17098571
-1.7568138, 0.25907215, 0.15449551
-1.7311401, 0.2702896, 0.17083488
-1.7282964, 0.25574425, 0.19047754
-1.7071369, 0.25800037, 0.16742063
-1.7397344, 0.2590632, 0.1549291
-1.7093973, 0.26351333, 0.1678524
-1.7306253, 0.24906687, 0.21205948
-1.7102818, 0.25620005, 0.19043191
-1.6950514, 0.2624762, 0.17375751
-1.7108238, 0.27025002, 0.15129325
-1.6920121, 0.25547758, 0.19743745
-1.7296432, 0.268117, 0.14989303
-1.8891444, 0.2527483, 0.13563208
-1.7690037, 0.24589896, 0.21111213
-1.8643985, 0.25439024, 0.13619313
-1.9321029, 0.23027968, 0.20718104
-1.6896464, 0.25773096, 0.17470482
-1.8494889, 0.25408188, 0.14949964
-1.9031359, 0.23965059, 0.15040165
-1.9225862, 0.23831281, 0.15459308
-1.9294803, 0.2516551, 0.15049136
-1.9325889, 0.25077724, 0.13503256
-1.9465799, 0.24938709, 0.13076371
-1.9684358, 0.25011194, 0.12921302
-1.9723908, 0.24475704, 0.11990648
-1.9211272, 0.23289862, 0.1992019
-1.9929101, 0.24889673, 0.11698828
-1.9498247, 0.23136511, 0.19107695
-2.006802, 0.24700116, 0.10906556
-1.9719472, 0.23293045, 0.16715923
-1.9954538, 0.23392667, 0.15042652
-1.7308415, 0.27170503, 0.13982987
-1.740901, 0.2709049, 0.13663056
-1.7912452, 0.25020885, 0.20835361
-1.9331198, 0.2349386, 0.17141256
-1.8047618, 0.2459939, 0.20636562
-1.8446827, 0.2581033, 0.1363183
-2.0080504, 0.22805715, 0.159264
-1.9017068, 0.24844542, 0.18953453
-1.9536095, 0.2313834, 0.21327974
-1.9266598, 0.2408767, 0.16532743
-1.9785239, 0.22396319, 0.1956317
-1.9459572, 0.23134279, 0.17026418
