-2.071442, 1.2117553, 0.013784399
-2.049232, 1.1894532, 0.023018235
-2.049531, 1.2340094, 0.026217684
-2.0683045, 1.2297982, 0.014869667
-2.069084, 1.2143327, 0.024201848
-2.0710626, 1.1708018, 0.011286395
-2.024808, 1.2268248, 0.028080683
-2.0888124, 1.2260437, 0.017840974
-2.0721922, 1.2515543, 0.013291406
-2.0344234, 1.2476289, 0.023754548
-2.0075915, 1.2316767, 0.024733739
-2.0914161, 1.1562847, 0.015581729
-2.1117897, 1.1711526, 0.012137632
-2.010694, 1.2515831, 0.026124964
-1.9905868, 1.2489376, 0.024605839
-2.011507, 1.2505727, 0.015877932
-2.150401, 1.1740035, 0.015851913
-2.106597, 1.2106637, 0.027527064
-2.148478, 1.1915815, 0.014576941
-1.9686606, 1.2692349, 0.026160974
-2.1694832, 1.1896489, 0.013263942
-1.9511052, 1.2692335, 0.0259731
-2.0500488, 1.2706344, 0.024811015
-2.0520952, 1.2687329, 0.012509557
-2.1507568, 1.2285854, 0.024396883
-2.0492022, 1.1710035, 0.013672097
-2.1674273, 1.1541457, 0.016418358
-2.0302017, 1.2483631, 0.014477177
-2.129638, 1.1552912, 0.01632754
-2.1709495, 1.2299855, 0.024825582
-2.151412, 1.2473211, 0.025703693
-2.1306689, 1.249293, 0.025692297
-2.1857233, 1.1758667, 0.009980319
-2.1685452, 1.227581, 0.011324116
-2.1092787, 1.2470281, 0.024109889
-2.1894898, 1.2284164, 0.012571805
-2.2100818, 1.2345254, 0.012964915
-2.1891956, 1.2482212, 0.014882278
-2.1897287, 1.208592, 0.0153118
-2.2041593, 1.2294343, 0.02399241
-2.2117126, 1.2488986, 0.0135931745
-2.1113987, 1.2889906, 0.016996477
-2.2349985, 1.2279152, 0.026350029
-2.207006, 1.2710025, 0.014091551
-2.1473696, 1.2706604, 0.015938988
-2.1928127, 1.2125188, 0.02429237
-2.187639, 1.2672635, 0.014329893
-2.1712925, 1.2487575, 0.016561016
-2.0061421, 1.2075257, 0.026519416
-2.171484, 1.2723002, 0.015268649
-2.130716, 1.1905138, 0.011472567
-2.0886278, 1.2073052, 0.015666537
-2.112647, 1.2286806, 0.025454337
-2.1684442, 1.1923989, 0.025075413
-2.1879394, 1.2709562, 0.025003899
-2.071951, 1.2725455, 0.010646879
-2.048993, 1.2104249, 0.015050848
-2.1104228, 1.2693068, 0.02423306
-2.1677277, 1.1681656, 0.01432636
-2.0851114, 1.2736018, 0.010369961
-2.130343, 1.2500051, 0.013121605
-2.2416577, 1.2881317, 0.017742487
-2.0537775, 1.2119846, 0.025300823
-2.1904843, 1.2310027, 0.024737919
-2.2331183, 1.209137, 0.015934052
-2.2530973, 1.2306105, 0.014499455
-2.2517464, 1.2495526, 0.02780679
-2.2303762, 1.187185, 0.015999265
-2.2520416, 1.2112868, 0.015087543
-2.268148, 1.2324437, 0.016173545
-2.2570634, 1.2678467, 0.02719067
-2.230918, 1.1677474, 0.014070216
-2.2683473, 1.1892147, 0.028291617
-2.2711215, 1.1892097, 0.01573484
-2.2892275, 1.2315644, 0.02469202
-2.288849, 1.2495043, 0.028728012
-1.9892167, 1.1898141, 0.016666446
-1.9908695, 1.1682962, 0.01748376
-2.0849679, 1.2496923, 0.014070549
-2.0402486, 1.2199047, -5.002184E-4
-1.9523144, 1.2529737, 0.02638691
-2.0329533, 1.2873793, 0.015353306
-1.9886959, 1.2735118, 0.015630739
-2.032402, 1.2104697, 0.010872741
-2.2711442, 1.2113303, 0.013879341
-2.2251766, 1.1669481, 0.021521296
-1.9687725, 1.2499418, 0.012880861
-2.2723136, 1.2069954, 0.026068697
-1.9527805, 1.2088108, 0.017690385
-1.9311798, 1.1909406, 0.024481287
-1.9336987, 1.170083, 0.025288288
-2.1300523, 1.1492442, 0.027180947
-2.2247796, 1.2550534, 0.013725279
-2.135244, 1.1651343, 0.025150899
-2.2886305, 1.1918403, 0.016551226
-2.2498567, 1.2432332, 0.017465858
-1.9266418, 1.268002, 0.019962613
-1.9117949, 1.274214, 0.019622859
-2.1530027, 1.2906609, 0.012416236
-2.1280665, 1.2311174, 0.025437173
-2.188809, 1.2496761, 0.025436739
-2.2540479, 1.1702908, 0.023993997
-2.0896027, 1.2848465, 0.014074486
-1.9701961, 1.2073643, 0.03474792
-2.2514265, 1.189209, 0.013749922
-1.9526277, 1.1741203, 0.018090189
-2.1963735, 1.1527853, 0.017029911
-2.2484553, 1.15393, 0.018531036
-2.1878135, 1.2858963, 0.015576571
-2.2099288, 1.1707593, 0.016683288
-1.9517872, 1.1887797, 0.025071243
-2.2350416, 1.2070184, 0.028257653
-2.1680956, 1.1725373, 0.027228165
-2.107697, 1.1920642, 0.02720123
-2.2136402, 1.170795, 0.023506079
-2.0520692, 1.2883402, 0.013653811
-2.048557, 1.2535344, 0.026597012
-2.2714655, 1.2711258, 0.015436862
-2.184531, 1.190952, 0.026163567
-2.0101044, 1.1709163, 0.015478343
-2.0521977, 1.2895806, 0.023051847
-2.1310241, 1.1706324, 0.016602013
-2.168582, 1.1571122, 0.024177514
-2.1482759, 1.1713355, 0.02510284
-2.109436, 1.2294793, 0.014596212
-2.1471539, 1.1867691, 0.024741666
-2.032045, 1.2713156, 0.0138405
-2.2101667, 1.152688, 0.024165891
-2.0707507, 1.270048, 0.027011087
-2.227856, 1.2725909, 0.025228655
-1.9912502, 1.1877218, 0.024798255
-2.0261347, 1.2894309, 0.028298896
-1.9883232, 1.2321872, 0.00975546
-2.2162168, 1.180882, 0.015726425
-2.125162, 1.2102149, 0.011833562
-2.275363, 1.2464396, 0.024955187
-2.1110032, 1.172582, 0.025425464
-2.0281014, 1.2295965, 0.012938412
-2.281387, 1.25153, 0.011536851
-1.9749764, 1.2842358, 0.014365992
-2.257765, 1.1492659, 0.024792783
-2.0107484, 1.2900034, 0.015156369
-1.9701036, 1.1724765, 0.01717205
-2.133559, 1.2889045, 0.010639954
-2.152986, 1.2313902, 0.008833565
-2.208604, 1.2191111, 0.015780866
-2.1112618, 1.1496803, 0.027137812
-2.0659785, 1.2513239, 0.02406421
-1.9935957, 1.2727926, 0.02584302
-2.0257537, 1.1932036, 0.025683518
-2.0654554, 1.1544839, 0.015897496
-1.9703212, 1.1684533, 0.02553119
-1.9289305, 1.2455686, 0.027695812
-1.9497119, 1.2471073, 0.016956894
-1.9533943, 1.2284706, 0.016853923
-2.274161, 1.2671704, 0.02234537
-2.239591, 1.3069665, 0.02507478
-2.1527472, 1.1578556, 0.012964118
-2.290697, 1.1902338, 0.026675161
-2.068275, 1.2869997, 0.012909707
-1.970685, 1.2308565, 0.011499295
-2.0719995, 1.1520817, 0.025762351
-2.0142136, 1.1886942, 0.012750406
-2.2569847, 1.200121, 0.02073319
-2.129866, 1.2306718, 0.010694553
-2.0884922, 1.1883228, 0.013159412
-1.9869604, 1.1703709, 0.027160399
-1.926865, 1.2264428, 0.026483651
-2.286054, 1.2139815, 0.025893882
-1.9994645, 1.2883244, 0.032856263
-1.9909397, 1.2076712, 0.013914486
-2.1887538, 1.288723, 0.026414685
-2.2313008, 1.2886198, 0.026318267
-1.9278833, 1.2128177, 0.027570851
-1.9759719, 1.2501051, 0.026609
-2.0088794, 1.269603, 0.027519329
-2.1296356, 1.2098627, 0.026617069
-2.2363527, 1.2204475, 0.013829939
-2.208442, 1.2965058, 0.023386717
-2.0104809, 1.2290572, 0.011972442
-2.031128, 1.1891136, 0.0137942955
-1.9860454, 1.2275841, 0.031943664
-1.9074974, 1.2681358, 0.041866392
-2.2136357, 1.1910095, 0.021020656
-2.2351437, 1.302275, 0.013299841
-2.088987, 1.2880744, 0.024391131
-1.9506243, 1.2860241, 0.026274044
-2.2104433, 1.3065276, 0.039566632
-2.2052138, 1.3001575, 0.016531996
-1.9674867, 1.2286974, 0.03462159
-2.1690576, 1.2087189, 0.011808151
-1.9119203, 1.2542822, 0.027397811
-2.0692244, 1.2313464, 0.024854653
-2.1340327, 1.2673035, 0.02699501
-2.2430406, 1.3086174, 0.028193306
-2.1703286, 1.290761, 0.025585953
