-1.3072937, -0.2697953, 0.20741044
-1.3482499, -0.27035394, 0.20959851
-1.3098105, -0.2696937, 0.19010822
-1.2908498, -0.26718923, 0.2095677
-1.3130288, -0.27019992, 0.1708924
-1.2916138, -0.26798612, 0.19031863
-1.2895929, -0.2682068, 0.23034447
-1.3339291, -0.27223992, 0.16390602
-1.2725755, -0.26548108, 0.22773232
-1.3716322, -0.28454572, 0.22941886
-1.2697227, -0.26669556, 0.25194392
-1.3705176, -0.28075114, 0.2490799
-1.2475833, -0.26572156, 0.25130874
-1.3529568, -0.2822958, 0.25172094
-1.2499932, -0.26532567, 0.2716683
-1.2477525, -0.26757416, 0.29185724
-1.2528903, -0.26714808, 0.31014934
-1.2715224, -0.26657113, 0.30903774
-1.2946104, -0.26933563, 0.31039783
-1.3086023, -0.26962277, 0.33138785
-1.3109437, -0.2694289, 0.29157007
-1.3273365, -0.27244836, 0.31248078
-1.2898164, -0.26878262, 0.3520127
-1.3095711, -0.26902258, 0.26778832
-1.3348708, -0.2812073, 0.31473
-1.2895602, -0.27119672, 0.2678849
-1.3081008, -0.2707945, 0.2501795
-1.3534958, -0.28393993, 0.29253125
-1.3488711, -0.27228647, 0.27141237
-1.3299271, -0.27341235, 0.24776182
-1.3677987, -0.28124306, 0.29034764
-1.3732003, -0.28172392, 0.30698314
-1.3744608, -0.2836241, 0.33458197
-1.3497844, -0.28099793, 0.33044744
-1.3504521, -0.27341363, 0.32854897
-1.3495249, -0.27355355, 0.3679082
-1.3310385, -0.273035, 0.34989864
-1.329345, -0.26936758, 0.1916725
-1.2891835, -0.26611024, 0.28740275
-1.3360327, -0.28081423, 0.18057525
-1.3563364, -0.28342745, 0.30365646
-1.3295681, -0.2730542, 0.1510324
-1.3399057, -0.28208923, 0.32281473
-1.289346, -0.26838973, 0.33058226
-1.2869394, -0.26590675, 0.25007147
-1.3092403, -0.26699305, 0.22903302
-1.3493382, -0.2767452, 0.24646837
-1.2531656, -0.26736605, 0.23054191
-1.2735873, -0.26951987, 0.19516394
-1.3932995, -0.28538358, 0.20232561
-1.2484887, -0.26632732, 0.16893946
-1.2454425, -0.2672661, 0.14573106
-1.2283444, -0.26508218, 0.17241383
-1.2314084, -0.26451108, 0.21137545
-1.2449169, -0.26533747, 0.1299648
-1.2693629, -0.269427, 0.15071218
-1.2531072, -0.26453495, 0.11219196
-1.2890525, -0.26839858, 0.13031346
-1.2465931, -0.26677975, 0.08668893
-1.2911687, -0.26436847, 0.11088946
-1.2694367, -0.26566082, 0.09354701
-1.2310662, -0.26583064, 0.09322997
-1.3098223, -0.2672085, 0.10881357
-1.2669536, -0.2702948, 0.065633215
-1.3092163, -0.27034792, 0.086587854
-1.2908716, -0.2688537, 0.0727963
-1.3291733, -0.26866215, 0.0908313
-1.309248, -0.26561275, 0.06252928
-1.3314362, -0.27138948, 0.0696659
-1.3288361, -0.26734772, 0.04638906
-1.3575029, -0.28079882, 0.057162374
-1.3094025, -0.27130932, 0.3904081
-1.3275888, -0.2716603, 0.20922865
-1.3299495, -0.27187338, 0.32867572
-1.3139102, -0.26938328, 0.15190625
-1.3472342, -0.2706799, 0.18909815
-1.3303552, -0.27169773, 0.13244802
-1.2662463, -0.26588953, 0.29112357
-1.2938249, -0.26601946, 0.17424837
-1.3686228, -0.27303195, 0.16932143
-1.3492552, -0.28040576, 0.13325179
-1.3498956, -0.2731732, 0.11334963
-1.3778669, -0.2827754, 0.17355832
-1.3731805, -0.28321657, 0.14985803
-1.3548647, -0.2816121, 0.17178643
-1.3263941, -0.2677004, 0.033220142
-1.3386985, -0.28184223, 0.1651685
-1.3706828, -0.28217378, 0.12799513
-1.3894141, -0.28580236, 0.19334753
-1.3525664, -0.28077185, 0.14971566
-1.3505067, -0.28171483, 0.3478736
-1.36675, -0.2823381, 0.26817557
-1.3700624, -0.28382233, 0.21023777
-1.3832967, -0.28374535, 0.24478666
-1.2649854, -0.26515812, 0.2743249
-1.3510216, -0.28291073, 0.21984532
-1.39187, -0.28329763, 0.26723486
-1.3933347, -0.28310433, 0.111676365
-1.3912483, -0.28359392, 0.09083773
-1.269323, -0.26730934, 0.10813309
-1.354379, -0.28011057, 0.37793916
-1.3358237, -0.28062823, 0.368455
-1.3101813, -0.27198038, 0.37165496
-1.3743632, -0.28258023, 0.35309392
-1.3487933, -0.27227128, 0.16963576
-1.3703768, -0.2741284, 0.24875486
-1.3315254, -0.27169898, 0.3711983
-1.3290066, -0.2703262, 0.22799714
-1.2904367, -0.2675847, 0.36906376
-1.3125374, -0.26952478, 0.31338117
-1.3312418, -0.27011248, 0.28885782
-1.3902674, -0.28379068, 0.35276347
-1.274385, -0.26563367, 0.21119443
-1.3678107, -0.28219748, 0.3759282
-1.3401515, -0.28058556, 0.18054123
-1.362793, -0.27474713, 0.22742295
-1.3897781, -0.281892, 0.12248736
-1.2686179, -0.25866652, 0.33050737
-1.3300264, -0.26669663, 0.2675462
-1.352531, -0.2709021, 0.23020256
-1.3943598, -0.28295088, 0.30929518
-1.2102166, -0.25144076, 0.14727065
-1.3703729, -0.28197235, 0.113653466
-1.2674829, -0.2657333, 0.053148147
-1.3496443, -0.2729487, 0.29248443
-1.2313492, -0.26569483, 0.14816728
-1.3658748, -0.28253603, 0.091040574
-1.3693316, -0.27334768, 0.04528662
-1.4103252, -0.28994712, 0.26686743
-1.2504191, -0.26377144, 0.3319679
-1.2896088, -0.27055225, 0.39175555
-1.3668487, -0.27248296, 0.15230012
-1.3691504, -0.27446815, 0.091456115
-1.3897151, -0.28274018, 0.07157931
-1.3090991, -0.26742437, 0.031419944
-1.272944, -0.26637837, 0.02841847
-1.257873, -0.26723832, 0.20940241
-1.3484364, -0.2773711, 0.09768638
-1.225895, -0.264442, 0.2520346
-1.2313102, -0.26551285, 0.29046363
-1.2396215, -0.26540083, 0.22920468
-1.3474804, -0.27260605, 0.30897972
-1.3352504, -0.2828425, 0.35665894
-1.2515306, -0.26649615, 0.18295364
-1.2667837, -0.2642734, 0.1629985
-1.3471751, -0.2684641, 0.068611644
-1.3510622, -0.26990587, 0.13332123
-1.2733501, -0.27076772, 0.3503574
-1.4091374, -0.28874975, 0.1308685
-1.3815362, -0.28311738, 0.29288957
-1.3583932, -0.2806952, 0.038193557
-1.2874293, -0.270567, 0.030036764
-1.3492633, -0.2700522, 0.14835306
-1.2445695, -0.2549221, 0.20618147
-1.2106899, -0.2688623, 0.37080944
-1.2238292, -0.2527101, 0.20938246
-1.3722545, -0.2742407, 0.26877657
-1.2106334, -0.2553356, 0.2915843
-1.3833808, -0.27615395, 0.1915975
-1.2774308, -0.26044887, 0.12604043
-1.3872036, -0.28243858, 0.37848407
-1.2282152, -0.26194546, 0.111441545
-1.3713467, -0.28805417, 0.3909344
-1.3515482, -0.27698362, 0.34994587
-1.2328494, -0.2653597, 0.19213614
-1.2485641, -0.26579252, 0.3695735
-1.256293, -0.25871268, 0.3443296
-1.3646264, -0.2736872, 0.1900653
-1.3210309, -0.28022698, 0.023770541
-1.2288375, -0.26425412, 0.12512466
-1.3687718, -0.27765906, 0.11147962
-1.2301387, -0.26659364, 0.27125174
-1.2924773, -0.2586698, 0.13200824
-1.3675097, -0.27445632, 0.29038832
-1.4082892, -0.286979, 0.21106008
-1.2282023, -0.25544706, 0.35457402
-1.2211307, -0.2518881, 0.07006693
-1.289726, -0.26557237, 0.052627765
-1.2769883, -0.2583818, 0.1509405
-1.4111524, -0.2911818, 0.34541175
-1.334243, -0.27729574, 0.116879776
-1.2609756, -0.25912935, 0.06605622
-1.3129156, -0.2687887, 0.40477526
-1.2428002, -0.25548303, 0.3053187
-1.209064, -0.2545188, 0.34616393
-1.2539892, -0.25636685, 0.04869917
-1.3310001, -0.27501, 0.40766615
-1.3092382, -0.26951954, 0.3486608
-1.266903, -0.2553373, 0.34049466
-1.2276475, -0.2540921, 0.32417265
-1.2860289, -0.25513232, 0.03879981
-1.2312038, -0.2663358, 0.32906905
-1.3661191, -0.27770704, 0.32351434
-1.3460124, -0.27187318, 0.40477878
-1.3285449, -0.27203536, 0.39004493
-1.2205957, -0.25049233, 0.19918218
-1.2344083, -0.25758046, 0.22036596
-1.1985359, -0.25603315, 0.14498968
-1.2759534, -0.25672692, 0.17076491
-1.2807012, -0.25875494, 0.29850933
-1.2960925, -0.2596901, 0.27973303
-1.3119081, -0.2604573, 0.124864526
-1.3824325, -0.27138263, 0.10288355
-1.2735676, -0.25721768, 0.10171915
-1.2349575, -0.25287712, 0.29021993
-1.3727776, -0.27256522, 0.3086383
-1.2674494, -0.25635368, 0.24928187
-1.3691137, -0.28791147, 0.4055331
-1.2371529, -0.2525621, 0.14960667
-1.4124398, -0.28777897, 0.2574766
