-1.8693177, 0.36996356, 0.18973643
-1.8896661, 0.3721951, 0.18928723
-1.9106547, 0.35119832, 0.17239371
-1.8507766, 0.38885587, 0.19053419
-1.8906232, 0.38961416, 0.17448102
-1.9108137, 0.36885896, 0.17039672
-1.9309523, 0.35184795, 0.16928253
-1.8308502, 0.3909901, 0.19356334
-1.8499033, 0.40980023, 0.18994479
-1.8908328, 0.40907872, 0.17505896
-1.9118999, 0.38972244, 0.17238444
-1.9296352, 0.36718205, 0.1702806
-1.9486314, 0.34965715, 0.16960007
-1.8302405, 0.4103471, 0.1929556
-1.8497208, 0.43094817, 0.19289325
-1.8696607, 0.40933442, 0.18917683
-1.8730195, 0.40885276, 0.17737633
-1.9114832, 0.40809092, 0.17181948
-1.9296145, 0.3884569, 0.17131291
-1.9503707, 0.3306281, 0.17019254
-1.7897377, 0.38854417, 0.1971084
-1.8112884, 0.40906274, 0.19537055
-1.8297198, 0.43032807, 0.19575426
-1.8491341, 0.4494748, 0.19510058
-1.9314244, 0.41021428, 0.17199494
-1.9122113, 0.42833525, 0.17411517
-1.9503971, 0.31098068, 0.16979459
-1.810199, 0.4295779, 0.19624697
-1.8082608, 0.41051382, 0.20736527
-1.8329136, 0.45109388, 0.19566475
-1.851154, 0.47064623, 0.19499741
-1.870078, 0.44974107, 0.1895703
-1.948499, 0.41090402, 0.16889456
-1.93178, 0.42937103, 0.17269301
-1.9098233, 0.44898173, 0.17456372
-1.9706608, 0.37209144, 0.15572296
-1.7750506, 0.4085507, 0.19740888
-1.7888854, 0.40991676, 0.20934294
-1.8124208, 0.44951954, 0.1978417
-1.8086561, 0.4294607, 0.20637529
-1.8285015, 0.44925335, 0.2035217
-1.8697491, 0.46971938, 0.19072998
-1.8522183, 0.49003008, 0.19527604
-1.9305334, 0.44980204, 0.17315187
-1.891653, 0.44815868, 0.17635329
-1.9116966, 0.46768114, 0.17489582
-1.9894058, 0.36969295, 0.1523515
-1.7696576, 0.4098394, 0.20989786
-1.7898697, 0.43002713, 0.20924462
-1.7919831, 0.4476604, 0.19779992
-1.8298261, 0.47016358, 0.20334533
-1.887775, 0.47041792, 0.18689157
-1.8692945, 0.48947915, 0.19220053
-1.8459172, 0.4887466, 0.20149453
-1.8517855, 0.5097464, 0.19504873
-1.8346123, 0.4891004, 0.19710208
-1.9498063, 0.44969934, 0.1704862
-1.9302351, 0.4694308, 0.17411137
-1.8952407, 0.47074682, 0.1757908
-1.9065076, 0.47229433, 0.1835104
-1.9539589, 0.38923866, 0.15749472
-1.7707741, 0.43083286, 0.21135606
-1.790276, 0.45110658, 0.2094638
-1.8111459, 0.4700063, 0.20519641
-1.8875387, 0.49072903, 0.18800925
-1.8706393, 0.5094036, 0.19246727
-1.8512381, 0.530637, 0.19489679
-1.8319249, 0.5099216, 0.19719464
-1.9477749, 0.46967813, 0.17203121
-1.9310591, 0.4894026, 0.17550708
-1.9080148, 0.48980296, 0.18399498
-1.7505372, 0.42789698, 0.21241936
-1.77004, 0.44998494, 0.21343403
-1.7899894, 0.47033522, 0.21011536
-1.8101664, 0.49023885, 0.20603935
-1.8912174, 0.5097223, 0.18792443
-1.8696412, 0.5306867, 0.19219838
-1.8288509, 0.5099641, 0.20443617
-1.8516763, 0.54835176, 0.19583409
-1.9692439, 0.47059515, 0.1672413
-1.9501168, 0.48975003, 0.17254514
-1.930559, 0.5098328, 0.17614624
-1.9093992, 0.5105567, 0.18485759
-1.7302692, 0.42872906, 0.21469629
-1.7506297, 0.45106792, 0.21484183
-1.7702641, 0.4707392, 0.21343853
-1.789801, 0.48990968, 0.21123706
-1.8099239, 0.5098657, 0.20652007
-1.8960736, 0.5105301, 0.17839712
-1.8892791, 0.529243, 0.18756141
-1.8688406, 0.5501199, 0.19420971
-1.8279572, 0.53051084, 0.20455006
-1.8502587, 0.56962854, 0.19606066
-1.9694818, 0.48971602, 0.16777845
-1.9509989, 0.5093492, 0.17170733
-1.9132668, 0.50877833, 0.17800044
-1.931361, 0.53047734, 0.17579806
-1.9080845, 0.53110904, 0.18423547
-1.7317712, 0.4505003, 0.21750656
-1.7510707, 0.47003794, 0.2164852
-1.7707543, 0.48922405, 0.21499975
-1.7898371, 0.50995195, 0.2118144
-1.8911052, 0.54841626, 0.18826436
-1.8291725, 0.54900724, 0.20470034
-1.9706275, 0.5095445, 0.16743499
-1.9503596, 0.5308118, 0.17286323
-1.9095773, 0.5506065, 0.18516156
-1.7097417, 0.43056095, 0.22938788
-1.7332665, 0.47041723, 0.21840908
-1.7286137, 0.45146677, 0.22563961
-1.7472122, 0.4714557, 0.22408411
-1.7508208, 0.48832363, 0.2158325
-1.770463, 0.50953543, 0.21502109
-1.7896863, 0.5294325, 0.21260706
-1.8096367, 0.55035967, 0.20824523
-1.9699795, 0.5292899, 0.16850527
-1.9505014, 0.5507072, 0.17305702
-1.9099174, 0.56955475, 0.18508317
-1.7094711, 0.45011556, 0.22895618
-1.7302359, 0.4697271, 0.22532426
-1.7493379, 0.49173093, 0.223294
-1.7529384, 0.5094746, 0.21627152
-1.7671187, 0.51102483, 0.22226194
-1.7893872, 0.5513396, 0.21366675
-1.9700351, 0.5480818, 0.16894746
-1.9500412, 0.57036513, 0.17360051
-1.9277692, 0.5691786, 0.18377389
-1.9091527, 0.5908607, 0.1872382
-1.709608, 0.47030205, 0.23025844
-1.6906229, 0.44934717, 0.23238795
-1.7293208, 0.49055326, 0.22636867
-1.7486547, 0.5091753, 0.22420955
-1.768254, 0.52981997, 0.22200955
-1.9704938, 0.5689834, 0.16940689
-2.0140681, 0.50999725, 0.15524358
-1.950075, 0.58877194, 0.17539042
-1.8895667, 0.5883349, 0.18979299
-1.7098405, 0.48957157, 0.23033474
-1.7295802, 0.50928265, 0.22701405
-1.9885978, 0.57190293, 0.16593407
-1.9694167, 0.5899379, 0.17138165
-2.0087636, 0.53001857, 0.15655337
-1.950736, 0.61180216, 0.17512809
-1.9318322, 0.5883337, 0.17477992
-1.7090257, 0.5096388, 0.23140411
-2.0116088, 0.5492606, 0.15592226
-2.0282452, 0.54865825, 0.15202144
-1.9712187, 0.3904921, 0.15556502
-1.8495853, 0.5890368, 0.20317589
-1.9711254, 0.40902117, 0.15656182
-1.8097283, 0.52869254, 0.20767428
-2.0052, 0.4697896, 0.15498786
-1.7709233, 0.54972017, 0.21476024
-1.6909318, 0.4891367, 0.23489696
-1.6900427, 0.5103511, 0.2344713
-1.7894318, 0.5698921, 0.21163599
-1.990291, 0.59111005, 0.16572054
-1.7091067, 0.5305315, 0.23144652
-1.9087589, 0.6114896, 0.18622696
-1.8288354, 0.57142746, 0.20440412
-1.7680949, 0.5484723, 0.22388875
-1.7295448, 0.5292706, 0.22701438
-1.8887689, 0.609229, 0.18947972
-1.8476443, 0.61156, 0.20485623
-1.8319176, 0.5879967, 0.20546821
-1.9880399, 0.41194218, 0.15386781
-1.9698203, 0.43046394, 0.15629297
-1.9917833, 0.46932906, 0.15727302
-1.6918129, 0.5299656, 0.23346882
-1.7891451, 0.59034383, 0.21044607
-1.7103933, 0.5494902, 0.23143211
-1.9294131, 0.6082956, 0.18439478
-1.7286885, 0.5510545, 0.22882192
-1.7494217, 0.56876886, 0.2260694
-1.7684569, 0.57026154, 0.22503357
-1.8915337, 0.6277703, 0.1905708
-1.8527491, 0.6098566, 0.19546728
-1.8078977, 0.590228, 0.20864893
-1.9911876, 0.43052983, 0.15613598
-1.9872831, 0.4504869, 0.15637164
-1.7915089, 0.6098252, 0.2115492
-1.710229, 0.5686796, 0.23097834
-1.7298018, 0.56900126, 0.228854
-1.7702094, 0.5923385, 0.22460492
-1.9878188, 0.4291881, 0.16522485
-1.729541, 0.5901127, 0.22806305
-1.7695545, 0.6106955, 0.2246557
-1.7290231, 0.6094412, 0.22920737
-1.7304275, 0.63042164, 0.23008974
-1.8094219, 0.5690581, 0.20734653
-1.8710418, 0.5681485, 0.19278309
-1.6721312, 0.44895807, 0.23264879
-1.7311914, 0.50823843, 0.21746571
-1.752033, 0.5489093, 0.21595539
-1.8139681, 0.4726345, 0.19822186
-1.8093939, 0.45014656, 0.20643306
-1.9122655, 0.5270949, 0.1778699
-1.729746, 0.5318887, 0.21616644
-1.9071772, 0.3697832, 0.18605933
-1.9105303, 0.39209345, 0.18461868
-1.7491786, 0.45093104, 0.22492811
-1.7907131, 0.39029816, 0.20958619
-1.8299295, 0.48967776, 0.20367932
-1.9900777, 0.5513434, 0.16587998
-1.8506142, 0.59361815, 0.19603027
-1.8327862, 0.47090766, 0.19580872
-1.9323672, 0.5513276, 0.17698692
-1.82915, 0.4110748, 0.20573354
-1.9675555, 0.41160986, 0.1683956
-1.8151393, 0.53064835, 0.19924776
-1.9502193, 0.43020517, 0.16923103
-1.8702224, 0.35004127, 0.18949662
-1.9068874, 0.61655647, 0.17751795
-1.9793136, 0.56454957, 0.15886033
-1.8879321, 0.45107937, 0.18775494
-1.7332027, 0.48870763, 0.21798064
-1.9474987, 0.3692603, 0.16770773
-1.8099763, 0.6093768, 0.2096671
-1.7080121, 0.41107455, 0.22984925
-1.7684541, 0.6300818, 0.22695708
-1.7277633, 0.43023065, 0.2255881
-2.0104628, 0.5697035, 0.15760778
-2.0269506, 0.47140083, 0.1496949
-1.7521673, 0.57017994, 0.21594326
-1.9502813, 0.3912009, 0.16908346
-1.911377, 0.49048394, 0.17530066
-1.9705772, 0.3503165, 0.16918212
-1.8340327, 0.5884253, 0.19581287
-1.989993, 0.51033944, 0.16464423
-1.7713975, 0.5277051, 0.21534494
-1.8714069, 0.60933673, 0.19399564
-1.989503, 0.4724749, 0.16519627
-1.9306772, 0.5692059, 0.17654522
-1.8691818, 0.38830328, 0.1897945
-1.9921968, 0.5075591, 0.15872008
-1.8310539, 0.57142377, 0.19743906
-1.971447, 0.4307816, 0.16637932
-1.8684757, 0.4297368, 0.19044334
-2.008302, 0.5725332, 0.16318952
-1.7705001, 0.39112297, 0.21029992
-1.8146055, 0.56803036, 0.19861332
-1.7500578, 0.53266275, 0.21577774
-1.7887846, 0.3685328, 0.21054557
-1.8900448, 0.43032387, 0.18550487
-1.8101964, 0.62777096, 0.209308
-2.0127735, 0.5898661, 0.15685081
-2.0281637, 0.44759512, 0.15329741
-1.7523669, 0.3906048, 0.21028863
-1.7911444, 0.35204685, 0.20979115
-1.730626, 0.410547, 0.21434042
-1.7098241, 0.36977342, 0.23029998
-1.7705538, 0.34995976, 0.21046378
-1.7885787, 0.33145854, 0.21042217
-1.9315853, 0.65024865, 0.17154607
-1.7094657, 0.35082325, 0.2283101
-1.6925263, 0.37039998, 0.22908254
-1.7484809, 0.3503464, 0.21085334
-1.689493, 0.34883416, 0.2299383
-1.7088037, 0.3293261, 0.22997536
-1.7690037, 0.31027415, 0.20891699
-1.6904645, 0.32922024, 0.22926328
-1.7700958, 0.29047593, 0.2111033
-1.6907566, 0.31040958, 0.22926407
-1.6672368, 0.30863503, 0.23007615
-1.7510122, 0.4103789, 0.21265538
-1.6916142, 0.4108173, 0.22992489
-1.765912, 0.3694692, 0.22272536
-1.6916623, 0.43035862, 0.231419
-1.6504749, 0.36991957, 0.23391569
-1.9296497, 0.3112102, 0.16721936
-1.7705994, 0.5716129, 0.21386203
-1.8516476, 0.33029515, 0.18789022
-1.7498051, 0.529703, 0.22452737
-1.7695154, 0.6099612, 0.2148185
-1.6697487, 0.39136532, 0.22868252
-1.8287358, 0.6123307, 0.2069455
-1.7504516, 0.36887, 0.21123382
-1.6905863, 0.5497217, 0.23325835
-1.8295219, 0.63077915, 0.20676117
-1.9504615, 0.63090837, 0.17318998
-1.6907647, 0.56904125, 0.23267244
-2.0127954, 0.6096047, 0.15711682
-1.7498499, 0.33052155, 0.20888191
-1.6911858, 0.4263753, 0.21882334
-2.0107288, 0.45019874, 0.1544765
-1.7708076, 0.5880711, 0.21347277
-1.9107834, 0.33130762, 0.17068185
-2.0088387, 0.38923615, 0.15077625
-1.7114247, 0.5891603, 0.23008516
-1.7299211, 0.3704019, 0.21345393
-1.8301994, 0.33185098, 0.19136132
-1.6700686, 0.54916275, 0.2339992
-1.971605, 0.62933624, 0.16962634
-1.6912353, 0.5899523, 0.23066413
-1.6705811, 0.56932133, 0.23446366
-2.0127025, 0.6320271, 0.15363687
-2.0294862, 0.6094659, 0.15496404
-1.9881412, 0.6301496, 0.16535927
-1.9697269, 0.6482626, 0.166749
-2.0472918, 0.61032385, 0.14901312
-1.6896745, 0.6511125, 0.23340379
-1.711131, 0.6479855, 0.23016243
-2.0095751, 0.43058342, 0.15336175
-1.8904234, 0.5682835, 0.1895385
-1.8326783, 0.54651827, 0.19699733
-2.0063336, 0.5282712, 0.16324373
-1.817523, 0.48832, 0.19898395
-1.7711936, 0.3699048, 0.2105845
-2.0330467, 0.62775534, 0.15327308
-2.0093713, 0.5541108, 0.16251567
-1.6933597, 0.40616906, 0.21699098
-1.7109255, 0.40867922, 0.21598892
-1.9698855, 0.6079734, 0.17220803
-1.6699615, 0.52939916, 0.23427065
-1.8481928, 0.54962385, 0.20195949
-1.6869099, 0.4094173, 0.24398585
-1.8912289, 0.42927966, 0.17605627
-1.9349223, 0.43948743, 0.15932938
-1.9947964, 0.54486215, 0.15955019
-1.7286515, 0.6511965, 0.22667699
-1.7894611, 0.42923722, 0.19742835
-1.8683927, 0.3306477, 0.18910055
-1.6900558, 0.39014265, 0.23006679
-1.970944, 0.4516572, 0.16645502
-1.8329177, 0.5305237, 0.19741799
-1.9299332, 0.29018196, 0.17118758
-1.7101994, 0.6100991, 0.22923802
-1.9892503, 0.48850703, 0.15792876
-1.9509938, 0.44950867, 0.15931413
-1.9275736, 0.5497954, 0.18254799
-1.6697483, 0.63281965, 0.24529678
-1.9503614, 0.27122107, 0.16825248
-1.9320395, 0.27128792, 0.16919808
-1.7331634, 0.58962864, 0.21721236
-2.03296, 0.5305992, 0.1495001
-1.9132736, 0.62573004, 0.17840132
-1.9315954, 0.3288621, 0.16982244
-1.7289501, 0.41100293, 0.22672778
-1.7512883, 0.29061985, 0.20905523
-2.0316358, 0.5920983, 0.15286517
-1.9099826, 0.45005047, 0.18530647
-1.8885869, 0.3934933, 0.1877786
-1.9114769, 0.56247425, 0.17797862
-1.9492363, 0.64766526, 0.17075449
-1.8941444, 0.5574515, 0.17966199
-1.8146545, 0.5897385, 0.19861253
-1.993273, 0.52936554, 0.15864384
-1.7897187, 0.6316767, 0.21182369
-1.718791, 0.6078197, 0.21741727
-1.752663, 0.5892945, 0.21433975
-2.027166, 0.38943246, 0.15057726
-1.9178779, 0.5491899, 0.17719063
-1.8705404, 0.5910416, 0.19290504
-1.9313681, 0.6092668, 0.17566167
-1.7354109, 0.5684404, 0.21785034
-1.790535, 0.6490243, 0.20988648
-1.7703316, 0.6519804, 0.21195759
-1.7725317, 0.32963368, 0.2111269
-1.7102859, 0.3911939, 0.22968662
-1.9889696, 0.60873234, 0.16799246
-1.6702754, 0.3498408, 0.22930798
-1.7923245, 0.3725324, 0.1958211
-1.6704543, 0.43163443, 0.2303307
-1.7115487, 0.6297537, 0.22948214
-1.8730924, 0.43309844, 0.1776315
-1.8758074, 0.46955532, 0.17891584
-1.8082366, 0.6498365, 0.20665686
-1.8311026, 0.37017787, 0.19058058
-1.9906769, 0.63235, 0.15705463
-1.7509989, 0.6071674, 0.2256126
-2.031459, 0.57067466, 0.15232304
-1.7933955, 0.4086509, 0.19689207
-1.9889351, 0.5313504, 0.16517532
-1.7500407, 0.5504501, 0.2252174
-1.7146642, 0.46448335, 0.21950725
-1.8501593, 0.3693558, 0.18945271
-1.8502765, 0.34887436, 0.1902784
-1.9726659, 0.38876674, 0.16761471
-1.9100821, 0.6296035, 0.185863
-1.9265774, 0.47205684, 0.18191317
-1.970451, 0.34867066, 0.15489832
-1.7507552, 0.6098207, 0.21595673
-1.6527399, 0.58935314, 0.24483754
-1.8148893, 0.6062492, 0.1994038
-1.7109357, 0.53035223, 0.21736464
-1.7668012, 0.48855743, 0.22218043
-1.7332153, 0.54920864, 0.21618378
-2.0086331, 0.58901125, 0.16410205
-1.9111606, 0.29135123, 0.16837879
-1.8299736, 0.3094008, 0.1897921
-1.9099191, 0.5895365, 0.17828809
-1.79129, 0.5926034, 0.19989619
-1.8292443, 0.43131626, 0.20499587
-1.8560464, 0.392427, 0.17789091
-1.8762337, 0.45073947, 0.17849012
-1.9913803, 0.38965094, 0.15223405
-1.7541121, 0.3486717, 0.19881013
-1.8102721, 0.39005783, 0.19506724
-2.0282593, 0.42956567, 0.15184213
-1.6695945, 0.41112238, 0.22901852
-1.6856571, 0.46939752, 0.2419258
-1.8469065, 0.51175874, 0.20308661
-2.0081704, 0.48844627, 0.15542182
-1.746716, 0.58853143, 0.23003794
-2.1101801, 0.6096439, 0.12845454
-1.8502903, 0.29059938, 0.19032446
-1.6512982, 0.56974185, 0.24335262
-1.8083712, 0.3469543, 0.20913441
-2.1077538, 0.6238789, 0.12700602
-1.9784613, 0.5220339, 0.1593529
-1.7473948, 0.6285679, 0.22945315
-1.9056265, 0.65407014, 0.1851881
-1.9110252, 0.2675314, 0.1681776
-1.6892282, 0.2905292, 0.22868197
-1.7134737, 0.489469, 0.21947634
-1.8898432, 0.6506348, 0.18670966
-1.691836, 0.5889528, 0.2465512
-1.8686084, 0.64967895, 0.1887258
-1.9905313, 0.34923705, 0.14950363
-1.8475152, 0.30836993, 0.18758272
-2.0345907, 0.4668613, 0.13774154
-2.0260742, 0.48909295, 0.14882976
-2.0116866, 0.35054028, 0.15099111
-1.9299233, 0.58755356, 0.18328583
-1.8495325, 0.57071847, 0.2024559
-1.8702524, 0.6324392, 0.19366945
-1.8934197, 0.48573256, 0.17856641
-1.9687093, 0.44757253, 0.15610121
-1.8497162, 0.27419746, 0.19122179
-1.673727, 0.4928261, 0.23633917
-1.891832, 0.2910022, 0.18642643
-1.8097332, 0.39091963, 0.20616336
-1.9925559, 0.6472923, 0.16718523
-1.869634, 0.31106827, 0.18943243
-1.9947145, 0.5931269, 0.15658775
-1.6907811, 0.6100394, 0.23148584
-1.7147621, 0.550187, 0.21824853
-2.0441341, 0.64902353, 0.15062329
-1.7130721, 0.45025104, 0.2176114
-1.669976, 0.2908677, 0.22950871
-1.8300037, 0.36947215, 0.20623188
-1.9575835, 0.4239038, 0.15919602
-1.793129, 0.46406206, 0.1998686
-2.0043874, 0.64739555, 0.15392642
-2.0504775, 0.66421574, 0.14852585
-1.8658266, 0.5922828, 0.20235586
-1.9698154, 0.66812223, 0.16840677
-2.0082645, 0.609418, 0.16410057
-1.9270649, 0.5280333, 0.18334039
-1.9760039, 0.63849354, 0.15878654
-1.7541147, 0.38603228, 0.19853106
-1.6706834, 0.50976837, 0.23521791
-1.8894254, 0.40931654, 0.1870284
-1.9907291, 0.48950616, 0.16494592
-1.967866, 0.3716598, 0.1708979
-1.650423, 0.5478861, 0.244618
-1.6960723, 0.57732034, 0.21945111
-2.0294647, 0.6482414, 0.15239537
-1.7300999, 0.39074576, 0.2128567
-1.6727504, 0.668169, 0.23255786
-1.6902773, 0.5293672, 0.24300104
-2.0058208, 0.43176642, 0.16396572
-2.0308602, 0.6641112, 0.14949001
-1.8713083, 0.36945313, 0.1766591
-1.6781743, 0.3712988, 0.21922228
-1.7159399, 0.5094089, 0.21950553
-1.7502413, 0.3110091, 0.20711467
-1.6534358, 0.62872875, 0.24681525
-1.7594622, 0.36364922, 0.19429487
-1.7295443, 0.36972913, 0.22874658
-1.787693, 0.5922261, 0.22152573
-1.7674861, 0.42890742, 0.22378951
-1.9104626, 0.42950937, 0.1847544
-2.1105652, 0.5925023, 0.12743881
-1.7086629, 0.5693791, 0.21704401
-1.9312873, 0.4920125, 0.18166706
-2.025398, 0.50605226, 0.14845434
-1.7660834, 0.45342043, 0.222496
-1.8169822, 0.5457417, 0.19806212
-1.6705861, 0.590508, 0.24816686
-2.0108802, 0.6231232, 0.16378757
-1.7493299, 0.39148706, 0.22524272
-2.1096697, 0.6538301, 0.13346033
-1.9874393, 0.6702417, 0.17196855
-1.9550862, 0.41793677, 0.1591488
-1.9702313, 0.46796012, 0.15741187
-2.109875, 0.6570595, 0.117460504
-2.0680087, 0.5886199, 0.13408756
-1.8913549, 0.30750912, 0.18812904
-2.0301926, 0.42653063, 0.13754632
-1.7995249, 0.6061838, 0.19577363
-1.6502988, 0.6106786, 0.2470647
-1.7808636, 0.57736665, 0.19992451
-2.0112374, 0.41142285, 0.14911102
-1.94835, 0.29039887, 0.17049073
-1.9947379, 0.5683672, 0.15807872
-1.6923566, 0.37118396, 0.21740803
-1.7092009, 0.3102917, 0.23053423
-1.9093008, 0.40885037, 0.18310422
-1.9908025, 0.6496087, 0.15791841
-1.6531786, 0.41008598, 0.23428498
-2.0100014, 0.32899496, 0.15301123
-1.6691978, 0.5702464, 0.24825928
-1.8983897, 0.5212171, 0.17961343
-1.9960942, 0.60708666, 0.15724596
-1.7671242, 0.40864637, 0.22388789
-2.0090814, 0.6652977, 0.1485361
-1.8295397, 0.35308206, 0.20693739
-1.6878291, 0.6112728, 0.24757984
-1.8500907, 0.6280508, 0.2060555
-1.9278276, 0.37311834, 0.15773343
-1.9249588, 0.6292137, 0.18521203
-2.1086056, 0.57011896, 0.1276505
-1.9117613, 0.349282, 0.18469997
-1.6892365, 0.570552, 0.24638958
-1.9272742, 0.4348757, 0.18394804
-1.7307607, 0.33140323, 0.20955995
-1.7837253, 0.556092, 0.22180943
-1.8284773, 0.27322733, 0.18929099
-1.6909357, 0.47041112, 0.23380072
-2.0586562, 0.5669627, 0.13772133
-1.8166461, 0.5060361, 0.19969653
-1.8897742, 0.36981338, 0.17369193
-1.8497523, 0.43017095, 0.20398657
-1.8119663, 0.33095968, 0.19085445
-1.7785532, 0.42400268, 0.19732775
-1.9101849, 0.31033376, 0.16831884
-1.8925927, 0.33078924, 0.17209175
-1.8103933, 0.36989915, 0.194225
-1.9526175, 0.34804875, 0.15666412
-1.7278138, 0.6644131, 0.2227548
-1.7319208, 0.6921335, 0.23021956
-1.8903416, 0.34911305, 0.1732815
-1.9320483, 0.6298434, 0.17573385
-1.9291956, 0.6673962, 0.16829486
-1.7875775, 0.28948826, 0.210378
-1.7306802, 0.28828698, 0.21196194
-1.8624651, 0.2743911, 0.18250138
-1.8454566, 0.45476204, 0.20047313
-1.974413, 0.6486089, 0.15756324
-1.8629212, 0.2471017, 0.18333377
-2.0516276, 0.5893679, 0.14392772
-1.9462643, 0.59524804, 0.18297274
-1.7107315, 0.5886563, 0.24263999
-1.7117057, 0.6087682, 0.2433266
-1.6960766, 0.5572381, 0.24429074
-1.7632709, 0.388844, 0.22358407
-1.8608956, 0.45484117, 0.2003264
-1.8492054, 0.4711812, 0.20107526
-1.7614982, 0.46840394, 0.22532909
-1.6746715, 0.6487012, 0.2346527
-1.898936, 0.61349547, 0.17860593
-1.7631578, 0.6596669, 0.2210683
-1.7115029, 0.42954415, 0.21753274
-1.8302246, 0.39032087, 0.20395294
-1.8303721, 0.6108036, 0.19704306
-1.8300555, 0.3500278, 0.18906131
-1.8053291, 0.27470008, 0.19028753
-1.7487752, 0.4309409, 0.22551318
