-1.7711982, 0.15088734, 0.2258426
-1.7706673, 0.17248029, 0.22940505
-1.7499161, 0.1501112, 0.22564009
-1.7889287, 0.17011565, 0.22810967
-1.7890457, 0.1289686, 0.22462785
-1.7483335, 0.14864042, 0.21239847
-1.8096544, 0.1691056, 0.22638912
-1.7898675, 0.18983963, 0.22792788
-1.8088659, 0.13097508, 0.22430952
-1.7922189, 0.12897937, 0.20943151
-1.7503538, 0.19123644, 0.23145203
-1.7296973, 0.1691902, 0.22683732
-1.7497274, 0.13096139, 0.21207681
-1.7915095, 0.20963715, 0.22960661
-1.8112451, 0.13252166, 0.2096236
-1.7915355, 0.10922232, 0.20882763
-1.8289986, 0.19052236, 0.2293623
-1.8502643, 0.17080072, 0.23068835
-1.8108387, 0.10832956, 0.21013318
-1.7695005, 0.111468926, 0.20854777
-1.7109109, 0.19168945, 0.23025878
-1.8714074, 0.16886999, 0.22802126
-1.8488035, 0.14903346, 0.2270848
-1.8500377, 0.12751845, 0.20965652
-1.8289044, 0.10991266, 0.20867401
-1.771003, 0.091772094, 0.20849442
-1.8894219, 0.1686331, 0.2285325
-1.8694099, 0.19010444, 0.22966304
-1.8698213, 0.15082648, 0.22655663
-1.8694047, 0.13116607, 0.21028034
-1.8494785, 0.1085637, 0.20922318
-1.9107959, 0.17073588, 0.22789502
-1.8719716, 0.20946078, 0.23223415
-1.7868415, 0.071931675, 0.19195719
-1.769719, 0.12851003, 0.21014056
-1.8083831, 0.14806235, 0.2131264
-1.7293394, 0.12894464, 0.20996398
-1.7532923, 0.11064387, 0.20842938
-1.771929, 0.089709066, 0.19518375
-1.7693094, 0.19083324, 0.2295906
-1.7517292, 0.09128074, 0.20771822
-1.7306043, 0.14757067, 0.21110977
-1.751524, 0.10834114, 0.19519787
-1.8477613, 0.08976069, 0.20624626
-1.7098881, 0.17323843, 0.22923197
-1.8698786, 0.08946167, 0.20867871
-1.688838, 0.17037638, 0.22758451
-1.8509396, 0.07117898, 0.19211218
-1.8916763, 0.09222474, 0.21008001
-1.6695259, 0.1718052, 0.227122
-1.890482, 0.10957913, 0.20822075
-1.8911543, 0.07173364, 0.20580551
-1.690728, 0.1486484, 0.20924371
-1.6528966, 0.19233605, 0.22759593
-1.6768073, 0.14518887, 0.19674897
-1.7889626, 0.09193994, 0.19535835
-1.6351999, 0.21136892, 0.22958507
-1.7692074, 0.06962747, 0.19228211
-1.8499488, 0.19062608, 0.23008054
-1.6901649, 0.20944972, 0.22990158
-1.7295208, 0.18862039, 0.22924726
-1.7897817, 0.14861394, 0.21231891
-1.7505751, 0.16888298, 0.21381587
-1.8093314, 0.19050093, 0.2288594
-1.8301486, 0.09243234, 0.2084667
-1.7697203, 0.050998703, 0.18753915
-1.930207, 0.10956568, 0.21156245
-1.8693919, 0.05084027, 0.20497938
-1.6886244, 0.11269246, 0.20823018
-1.890587, 0.049025893, 0.19067802
-1.8708637, 0.04816896, 0.19065702
-1.6912867, 0.09024594, 0.2088556
-1.7101618, 0.11015648, 0.20833804
-1.9100591, 0.04763757, 0.18984869
-1.8874618, 0.02929022, 0.18975148
-1.691449, 0.09025588, 0.19342333
-1.9294331, 0.052069534, 0.19243489
-1.9105299, 0.029190615, 0.18903534
-1.8886502, 0.011999432, 0.18795414
-1.8480648, 0.029145671, 0.18885748
-1.8677531, 0.011376499, 0.18918563
-1.6910633, 0.06999865, 0.19205663
-1.9114852, 0.009647756, 0.18737693
-1.8494849, 0.01053126, 0.18655595
-1.830784, 0.031833682, 0.19084027
-1.7101331, 0.069903046, 0.19255069
-1.6905564, 0.049829222, 0.18985486
-1.8245212, 0.007894524, 0.18849586
-1.8080205, 0.03068804, 0.18966314
-1.710146, 0.049718954, 0.18889779
-1.6923171, 0.030188343, 0.18763438
-1.8277559, 0.010079166, 0.1741431
-1.8114533, 0.011912233, 0.18724826
-1.7918714, 0.030836724, 0.18962903
-1.8715427, -0.02995592, 0.1713971
-1.7285985, 0.051216222, 0.18936558
-1.7099876, 0.03126129, 0.19004038
-1.669691, 0.031222066, 0.18906593
-1.8301278, -0.008912649, 0.17217088
-1.8500952, -0.0292443, 0.16978551
-1.8675367, -0.053640593, 0.16863348
-1.733517, 0.029431866, 0.18908153
-1.6527126, 0.03192214, 0.1861229
-1.851983, -0.011170603, 0.17216435
-1.8501416, -0.047569107, 0.17104678
-1.8123837, -0.028847637, 0.17119123
-1.8313552, -0.047923904, 0.16791588
-1.8692945, -0.07262089, 0.15441439
-1.6900008, 0.0077908654, 0.17360377
-1.6693444, 0.0065079858, 0.17375623
-1.7129834, -0.031513933, 0.17047554
-1.7112668, -0.050602086, 0.17162494
-1.6902735, -0.03113347, 0.17241919
-1.7142636, -0.068620495, 0.1684656
-1.7269366, -0.05081255, 0.16908202
-1.731122, -0.07108502, 0.16913784
-1.7480487, -0.048416894, 0.16996415
-1.7310511, -0.069254205, 0.15316042
-1.7492008, -0.02864862, 0.17031346
-1.7717088, -0.05051267, 0.16938525
-1.7689457, -0.028909495, 0.16988346
-1.7713423, -0.07126212, 0.15261714
-1.7879763, -0.0883366, 0.16603822
-1.7912176, -0.089113116, 0.15261471
-1.8105967, -0.010889712, 0.1719933
-1.8895783, 0.18998103, 0.22947274
-1.9102002, 0.18997467, 0.22841318
-1.6706588, -0.030630829, 0.16754395
-1.7308755, -0.048247147, 0.15596807
-1.7891058, 0.02901498, 0.17608824
-1.7280421, -0.011118743, 0.17190348
-1.7491536, -0.069006436, 0.15482546
-1.9292592, 0.19104336, 0.23057353
-1.9090111, 0.20897858, 0.230928
-1.6497965, 0.08888025, 0.19662909
-1.6687994, -0.06902257, 0.1548505
-1.6696786, -0.093268156, 0.15154424
-1.6704372, -0.110143445, 0.14691515
-1.7293915, 0.011274727, 0.17495328
-1.6701559, 0.15160266, 0.21120849
-1.7911444, 0.05018953, 0.19037944
-1.7875781, -0.06932955, 0.15568115
-1.9311342, 0.009452087, 0.17700823
-1.7902622, 0.0074173193, 0.17143767
-1.730592, -0.086673506, 0.15106983
-1.7704498, -0.08930337, 0.15314786
-1.7091343, 0.1487165, 0.2107432
-1.8496656, 0.050491136, 0.18947564
-1.729856, 0.0706851, 0.18962353
-1.7490396, -0.09114077, 0.151468
-1.869912, 0.06863435, 0.1900085
-1.9124416, 0.15020123, 0.21473376
-1.6882157, -0.091009766, 0.1508325
-1.9487797, 0.18881503, 0.23217861
-1.8112302, 0.008855847, 0.17538404
-1.6904345, -0.11083749, 0.14998327
-1.8700402, -0.09282842, 0.15168664
-1.6915381, 0.01036896, 0.19007283
-1.9124813, 0.072082736, 0.19212535
-1.8094805, 0.05030842, 0.18969582
-1.7703575, 0.16893469, 0.2167262
-1.7502338, 0.007610523, 0.17362174
-1.9504381, 0.20760185, 0.2304961
-1.8893043, -0.09324014, 0.1524284
-1.9078921, -0.012147296, 0.17309447
-1.9109966, -0.030539325, 0.1721674
-1.748606, 0.030346392, 0.189124
-1.9310832, 0.06937544, 0.1918286
-1.929357, -0.030886132, 0.16886862
-1.6891061, 0.19000387, 0.22967952
-1.8888348, 0.20925415, 0.2324705
-1.6906859, -0.07132742, 0.15211667
-1.7128158, 0.09280391, 0.2066697
-1.8278918, 0.13124135, 0.2099959
-1.9492947, 0.11042667, 0.21244566
-1.6910822, -0.12811422, 0.1448482
-1.8094414, 0.20806494, 0.23077986
-1.652467, 0.05022103, 0.18833539
-1.8483804, 0.20848449, 0.23143308
-1.7309211, 0.09227328, 0.20643787
-1.8900876, -0.112583965, 0.15119863
-1.7500294, 0.20991021, 0.23173404
-1.9073938, 0.13009916, 0.21121283
-1.7903192, -0.06949588, 0.16940299
-1.8642448, -0.05030154, 0.15576227
-1.930831, 0.13007973, 0.21231732
-1.8527004, -0.089531325, 0.14966016
-1.9294944, 0.20788196, 0.23005572
-1.7690938, 0.15209082, 0.2133946
-1.7310393, 0.11043811, 0.20741859
-1.8141357, -0.07036371, 0.15284945
-1.708838, 0.010549689, 0.18645819
-1.9065835, -0.09027442, 0.15196852
-1.7482103, 0.08893397, 0.19494106
-1.7704711, 0.03129189, 0.18782298
-1.728509, -0.02918407, 0.16846603
-1.6521808, -0.031064047, 0.17200963
-1.6574696, -0.09087396, 0.15644148
-1.7048197, 0.046406478, 0.17983359
-1.8523427, -0.11056082, 0.1500719
-1.8312312, -0.11144364, 0.14720938
-1.6689973, 0.20839722, 0.22953817
-1.9287715, 0.08723284, 0.19592287
-1.7879611, 0.1088829, 0.19630408
-1.7708161, 0.011756424, 0.18650438
-1.7087575, 0.12865372, 0.20905007
-1.8901033, 0.06777729, 0.19219236
-1.811169, 0.06961091, 0.19188383
-1.8904822, 0.14720945, 0.21472105
-1.8897768, 0.12999773, 0.21103355
-1.9493408, 0.12948775, 0.2105311
-1.7067864, 0.1672012, 0.21437837
-1.6508526, 0.16607165, 0.21468313
-1.7668817, -0.009774096, 0.1692971
-1.8700173, 0.14855133, 0.21223894
-1.7488785, -0.12769225, 0.14828925
-1.6689229, 0.16632506, 0.21427691
-1.6702659, 0.14873827, 0.2267357
-1.8094745, -0.007901738, 0.18755487
-1.84943, -0.1287788, 0.14866689
-1.7106013, -0.12867256, 0.14856496
-1.8294563, 0.21016285, 0.2306269
-1.6513267, 0.2119933, 0.22770554
-1.7296189, 0.16974476, 0.21359088
-1.8697674, 0.031016722, 0.18984255
-1.8925021, -0.12920819, 0.14850232
-1.8096157, 0.1506693, 0.22618647
-1.8106747, 0.09050987, 0.20656551
-1.7496593, 0.17180575, 0.22776611
-1.8935558, 0.008463899, 0.17433463
-1.6510844, 0.07123439, 0.19307916
-1.6900382, 0.13000898, 0.2084863
-1.9089624, -0.108193755, 0.15054044
-1.8107338, -0.10824749, 0.1502628
-1.6724349, 0.09192351, 0.20900473
-1.8701267, 0.06785905, 0.20756313
-1.9095523, -0.0069606695, 0.18482135
-1.869953, 0.11226753, 0.20869131
-1.850798, 0.053417522, 0.20539129
-1.9100851, 0.109098285, 0.21091619
-1.8523293, -0.053222768, 0.15633407
-1.7942629, 0.013105057, 0.18802257
-1.9118923, 0.01102407, 0.17436762
-1.6696049, 0.04961101, 0.18791693
-1.6499468, 0.1294927, 0.20649499
-1.9298197, 0.030509986, 0.18945028
-1.9071018, 0.17011867, 0.21525201
-1.8306427, 0.06830432, 0.19342121
-1.8877844, 0.15201831, 0.22826773
-1.931196, -0.090596534, 0.15284476
-1.8925397, -0.0710126, 0.15519893
-1.9308186, -0.109880194, 0.16289112
-1.927415, 0.14893189, 0.21419065
-1.890788, 0.08994118, 0.19440915
-1.6525809, 0.17087807, 0.22658755
-1.7301617, -0.10978142, 0.1504319
-1.6724746, 0.12972486, 0.20965558
-1.7678192, -0.10832615, 0.14677705
-1.8920364, 0.17009886, 0.21421303
-1.7130136, -0.01339064, 0.16920963
-1.7501094, -0.008641803, 0.1724098
-1.6714572, 0.11043975, 0.21064818
-1.769205, 0.2091914, 0.2286019
-1.8319192, 0.1518082, 0.21326593
-1.7685437, -0.051247276, 0.15545188
-1.7672001, 0.12622419, 0.19704199
-1.631636, 0.19142433, 0.22863257
-1.6894764, 0.10559104, 0.19613528
-1.7081842, -0.0920906, 0.14994536
-1.892494, -0.06805651, 0.16574295
-1.7815454, 0.14433981, 0.19657807
-1.8486888, 0.14900728, 0.21142204
-1.7092874, -0.03264557, 0.15629695
-1.9297249, 0.16923188, 0.21668606
-1.9113153, -0.067409135, 0.15374845
-1.8691195, -0.012999806, 0.16898414
-1.7335141, -0.12951441, 0.14880762
-1.7479377, -0.03394042, 0.15767056
-1.7135279, 0.027652727, 0.17394817
-1.9488224, 0.15022816, 0.21222453
-1.7078549, -0.07186162, 0.15679836
-1.8498322, 0.009827757, 0.17470428
-1.7313095, 0.2298606, 0.2324822
-1.6889633, -0.009451679, 0.17123243
-1.8277521, -0.08765139, 0.14997211
-1.6898284, 0.027513027, 0.17480287
-1.8098962, -0.049987044, 0.16986065
-1.8298969, -0.06918197, 0.15453032
-1.8301746, 0.049624726, 0.18731456
-1.932571, 0.15142019, 0.22503027
-1.8307054, 0.17286383, 0.22814132
-1.6907865, 0.23042311, 0.23188251
-1.6715157, -0.010483724, 0.17046711
-1.710285, 0.08855786, 0.19268122
-1.70645, 0.1888871, 0.21754597
-1.811767, 0.16819459, 0.21563993
-1.9307808, -0.110948786, 0.14993595
-1.937783, -0.04887436, 0.1580264
-1.9514414, -0.11058736, 0.14991055
-1.9720112, -0.110893734, 0.15033455
-1.9703493, -0.09248187, 0.15004769
-1.9678295, -0.09143136, 0.16340427
-1.7298739, 0.21013021, 0.22988169
-1.8108834, -0.087885275, 0.15410893
-1.8704615, 0.21195957, 0.24381952
-1.7052295, -0.10854562, 0.15272813
-1.7937742, -0.04511485, 0.1707766
-1.7922233, -0.029045563, 0.17031242
-1.8128121, 0.025380643, 0.17610027
-1.7701559, -0.12835053, 0.14884572
-1.7897639, 0.09139692, 0.20785221
-1.808508, -0.13183384, 0.14904098
-1.6523297, 0.20463918, 0.21758765
-1.8471105, -0.039210323, 0.14979799
-1.6882039, 0.07090353, 0.20459247
-1.6904815, -0.018614046, 0.1587913
-1.9689971, -0.027134135, 0.17411493
-1.7896562, -0.030128269, 0.1579773
-1.6882278, -0.049074553, 0.17130697
-1.7021285, 0.12490761, 0.19808577
-1.6889638, 0.16835576, 0.2142361
-1.6683047, 0.069511786, 0.19020374
-1.8674232, -0.071507975, 0.1686597
-1.8097706, -0.051501837, 0.1547753
-1.7502407, 0.0116002755, 0.18865637
-1.8303778, -0.030785207, 0.16875541
-1.8273989, -0.12913066, 0.15147416
-1.752024, 0.05060752, 0.18865258
-1.8917665, -0.08579245, 0.16436581
-1.9740152, -0.048037812, 0.1669143
-1.7914158, 0.16861127, 0.21652454
-1.8675995, -0.1307781, 0.15218924
-1.7118256, 0.008494894, 0.17531088
-1.7946866, -0.096357785, 0.13861683
-1.6547726, 0.009474732, 0.17680663
-1.8683708, -0.11562373, 0.13904524
-1.6528504, -0.013885075, 0.17602311
-1.8300027, -0.008073679, 0.1849904
-1.8879527, 0.22855562, 0.2304987
-1.7900338, -0.12884705, 0.14733389
-1.7092066, -0.09103536, 0.16691327
-1.867526, 0.088624746, 0.19430393
-1.637905, 0.09307639, 0.19960594
-1.8913234, -0.031416822, 0.16999349
-1.6307504, 0.17398281, 0.22678043
-1.9100692, 0.10633307, 0.19651231
-1.889549, -0.051661436, 0.16654368
-1.9287951, -0.010801129, 0.1701922
-1.9129332, 0.08937121, 0.1935411
-1.7074642, 0.20972401, 0.22926536
-1.9106008, -0.051066104, 0.16939202
-1.6715417, 0.18886247, 0.2303459
-1.6955584, 0.04571238, 0.17809159
-1.864836, -0.036494642, 0.15736338
-1.989166, -0.089761265, 0.14970975
-1.6899534, -0.067252204, 0.17078416
-1.8324534, -0.06798394, 0.16723514
-1.9321661, -0.067960724, 0.1541404
-1.8700516, -0.08821458, 0.16552275
-1.6746428, 0.21302886, 0.24253926
-1.7873586, 0.06886031, 0.20569198
-1.9094518, 0.05263916, 0.17822406
-1.8709713, 0.16848779, 0.21445112
-1.6515101, 0.11054031, 0.19653349
-1.6686352, -0.049948607, 0.16356547
-1.7974362, 0.1303763, 0.19768927
-1.7487926, 0.032002073, 0.17567983
-1.947693, 0.06915427, 0.1918555
-1.6896576, -0.009014842, 0.18502139
-1.8303761, 0.16917863, 0.21594973
-1.9449601, -0.0549496, 0.15867001
-1.9727308, -0.068250895, 0.16363305
-1.7281839, 0.115238726, 0.22356302
-1.8285027, 0.10861954, 0.1962717
-1.7890652, -0.008640503, 0.18610632
-1.7116101, 0.106278, 0.19624309
-1.7702849, 0.10741663, 0.19709298
-1.8089662, -0.03162263, 0.15830939
-1.9484999, -0.071775466, 0.14953607
-1.8032817, 0.067169376, 0.17777471
-1.8354179, -0.09650157, 0.1393261
-1.8100529, -0.06834708, 0.1667671
-1.7320404, 0.11086241, 0.19666506
-1.9112066, -0.08796318, 0.16753452
-1.7067313, -0.10913261, 0.16383444
-1.9496797, -0.0675786, 0.17009728
-1.852649, -0.06831028, 0.15310958
-1.7498496, 0.22920805, 0.23331171
-1.8086916, -0.08934974, 0.16625264
-1.668541, 0.1899434, 0.21784611
-1.8803871, -0.11734047, 0.13963899
-1.6332041, 0.22805303, 0.23279326
-1.8849044, 0.05574528, 0.20626111
-1.7482485, -0.07024447, 0.16814743
-1.7088883, 0.04826518, 0.20085567
-1.9012053, -0.039327037, 0.1597417
-1.7545184, 0.1364643, 0.22448233
-1.7480288, 0.2309393, 0.24719463
-1.9897324, -0.070216134, 0.15054059
-1.8483105, 0.073122546, 0.20670234
-1.6305714, 0.11312274, 0.21060397
-1.690449, 0.14774105, 0.19745725
-1.8482199, 0.047555644, 0.17670979
-1.9315959, -0.049327873, 0.17053413
-1.6685128, 0.06935538, 0.20967077
-1.655317, 0.027883578, 0.17780907
-1.7303591, -0.010543507, 0.18486935
-1.910272, -0.10597614, 0.16504252
-2.0109613, -0.08978367, 0.15185887
-1.8304249, 0.070498504, 0.20748672
-1.8109161, 0.067334235, 0.20478688
-1.8079863, 0.0859098, 0.19505477
-1.9323647, 0.026692223, 0.17714965
-1.9034958, -0.018108899, 0.15817022
-1.9084651, -0.130277, 0.15094367
-1.8086087, 0.10729271, 0.1957767
-1.749495, 0.0458071, 0.20235518
-1.9486039, 0.024794322, 0.19491388
-1.6687354, -0.05147466, 0.15750183
-1.9084861, 0.22807816, 0.23386696
-1.7499939, -0.10855398, 0.1482981
-1.9952416, -0.0081541315, 0.16771644
-1.8730989, 0.008174539, 0.17356452
-1.89002, 0.13276534, 0.22402218
-1.6702012, 0.22902645, 0.2314324
-1.6198499, 0.20732787, 0.23776326
-1.6493005, 0.1501945, 0.2099149
-1.6249279, 0.15033874, 0.2258619
-1.9076163, 0.071724355, 0.20663312
-1.7719182, -0.030452128, 0.15708315
-1.6382871, 0.17018293, 0.21656337
-1.8913758, 0.22773574, 0.2451328
-1.8660231, 0.10549237, 0.2218307
-1.9292902, -0.12971482, 0.14626001
-1.6713145, -0.11461939, 0.13905044
-1.6709714, 0.025794735, 0.1749532
-1.7674112, -0.010278668, 0.18567292
-1.8822685, -0.03181219, 0.1572948
-1.6862576, 0.1313035, 0.19786814
-1.8898678, -0.012619196, 0.16752848
-1.7282983, 0.13266899, 0.1982156
-1.6551399, 0.01100548, 0.181822
-1.6225331, 0.23644109, 0.24177995
