-0.54861146, 0.72959846, 0.24748963
-0.6122729, 0.7323521, 0.24893379
-0.6293659, 0.7305879, 0.24788713
-0.6344529, 0.7104577, 0.23678194
-0.63050276, 0.6882729, 0.23172203
-0.6503228, 0.7088205, 0.23226963
-0.60697573, 0.6885682, 0.23204562
-0.63030475, 0.6707338, 0.2292479
-0.6705195, 0.7092466, 0.2342306
-0.5886375, 0.6897, 0.23073977
-0.6505401, 0.6699057, 0.22992808
-0.67031896, 0.71093297, 0.2443751
-0.692194, 0.71123105, 0.2348649
-0.56944835, 0.6887136, 0.23445669
-0.66973597, 0.66968805, 0.22933184
-0.5725354, 0.69200253, 0.24268909
-0.5493663, 0.69129276, 0.22952862
-0.6914107, 0.66994077, 0.22926997
-0.71115005, 0.7105497, 0.24676585
-0.7303598, 0.7096659, 0.23630966
-0.52733195, 0.6891845, 0.23444328
-0.71047, 0.6700476, 0.23224248
-0.69019955, 0.64907265, 0.22832558
-0.6832496, 0.6688754, 0.21685174
-0.7086296, 0.6895137, 0.24473535
-0.73120713, 0.6901797, 0.23394352
-0.512111, 0.6922294, 0.23106371
-0.53090054, 0.7109492, 0.2357282
-0.7090938, 0.6519737, 0.23029877
-0.73135775, 0.66869116, 0.2298271
-0.6934311, 0.6315793, 0.22625057
-0.73080623, 0.6898269, 0.24219878
-0.52921206, 0.70919955, 0.24631216
-0.5109378, 0.70949984, 0.23183373
-0.7293887, 0.6505396, 0.22731888
-0.66814303, 0.63008565, 0.22431062
-0.4906386, 0.70835054, 0.23383586
-0.75053847, 0.6499367, 0.22978699
-0.6528692, 0.63185585, 0.22592385
-0.47027564, 0.7092241, 0.23411973
-0.7698723, 0.68971467, 0.23332334
-0.4888093, 0.69243246, 0.24560744
-0.45266348, 0.710467, 0.23414403
-0.7889662, 0.6510315, 0.2255211
-0.4330466, 0.71048987, 0.2446419
-0.7491711, 0.6908215, 0.2335166
-0.70996314, 0.7293132, 0.24742888
-0.5723161, 0.70935833, 0.24407166
-0.60905623, 0.749179, 0.2496341
-0.55089545, 0.6692717, 0.22754501
-0.6505824, 0.6485121, 0.2265915
-0.5671314, 0.708046, 0.23541173
-0.67027885, 0.7296785, 0.24884494
-0.46959424, 0.68590736, 0.23012707
-0.74956876, 0.66788656, 0.23323585
-0.46946144, 0.72751504, 0.23434027
-0.6348092, 0.7289623, 0.2367733
-0.6497605, 0.68830854, 0.2321751
-0.5090294, 0.7324716, 0.24501947
-0.6706571, 0.69050395, 0.23401214
-0.62868303, 0.6503071, 0.22738644
-0.7287307, 0.6314077, 0.2239737
-0.6886675, 0.6892515, 0.2317008
-0.4499698, 0.6880347, 0.22926687
-0.74896234, 0.629755, 0.22603647
-0.70841074, 0.710708, 0.2360021
-0.5087879, 0.6709106, 0.22914906
-0.5888413, 0.66791356, 0.22862335
-0.53033054, 0.6700602, 0.23119934
-0.5731039, 0.7325714, 0.24839076
-0.58927816, 0.7100266, 0.23502919
-0.53300756, 0.7316961, 0.24814549
-0.69204575, 0.7300593, 0.23583727
-0.48979306, 0.6884062, 0.23114252
-0.612213, 0.69321054, 0.24257532
-0.608636, 0.7096477, 0.23400412
-0.6709298, 0.6307248, 0.21569537
-0.4905185, 0.7323474, 0.24843507
-0.6881008, 0.62965053, 0.2146678
-0.5116296, 0.7286107, 0.23550317
-0.5502704, 0.7504152, 0.25018993
-0.65118015, 0.71077454, 0.24566418
-0.6866639, 0.6466078, 0.21377626
-0.5530953, 0.70909023, 0.23100705
-0.5682906, 0.6678119, 0.22866139
-0.69095165, 0.7280678, 0.24677277
-0.7288176, 0.73055935, 0.24870639
-0.58837783, 0.74971265, 0.25007322
-0.5502429, 0.6503637, 0.22765805
-0.54517853, 0.6663532, 0.21653698
-0.64828205, 0.65119666, 0.21534565
-0.66925615, 0.74919647, 0.25164264
-0.47085896, 0.6703842, 0.22903007
-0.4701017, 0.7271713, 0.24449015
-0.6523291, 0.6939166, 0.24504463
-0.44897357, 0.7287926, 0.2471293
-0.5098011, 0.7518073, 0.24827954
-0.6303182, 0.6469883, 0.21670784
-0.48920467, 0.66947263, 0.22998407
-0.51075774, 0.65115017, 0.22668616
-0.5910381, 0.6510282, 0.2266992
-0.52956235, 0.64959997, 0.22772028
-0.5954032, 0.72813755, 0.23533723
-0.70898116, 0.6278948, 0.21650806
-0.55011165, 0.7697124, 0.25211397
-0.47068936, 0.7489594, 0.2462008
-0.51088583, 0.76861304, 0.25245595
-0.63265896, 0.6302617, 0.2131482
-0.59403443, 0.64787763, 0.21421199
-0.529053, 0.7695445, 0.25143325
-0.5688324, 0.6472124, 0.21642685
-0.63114136, 0.74933344, 0.2516751
-0.49700928, 0.66390413, 0.21546473
-0.572572, 0.65072274, 0.22870639
-0.6276416, 0.71068084, 0.24558209
-0.60924876, 0.65126514, 0.21705975
-0.75266016, 0.69014734, 0.24570264
-0.44650853, 0.71047974, 0.2462367
-0.72922146, 0.70837075, 0.24497563
-0.490492, 0.75340295, 0.24997665
-0.60864884, 0.72827846, 0.23517054
-0.5900655, 0.73146695, 0.24599642
-0.57027364, 0.75002295, 0.24983849
-0.6703355, 0.64739054, 0.22703557
-0.48956305, 0.6720152, 0.24426019
-0.5548291, 0.7301101, 0.23615141
-0.65113306, 0.72989696, 0.24745046
-0.7497966, 0.7092433, 0.24674363
-0.48972997, 0.7705264, 0.2525209
-0.6291257, 0.7670523, 0.25134817
-0.7301328, 0.75158054, 0.2508667
-0.749307, 0.7077886, 0.23735891
-0.47010562, 0.7714161, 0.25241232
-0.75074416, 0.72945935, 0.24827985
-0.7508937, 0.748079, 0.25309756
-0.7287541, 0.76970625, 0.25477812
-0.77117753, 0.7507296, 0.253868
-0.74930155, 0.76689583, 0.2515156
-0.7887538, 0.7499891, 0.25027335
-0.7929845, 0.7674258, 0.2527747
-0.78826416, 0.7290191, 0.24970518
-0.53160095, 0.6539053, 0.21651104
-0.61314386, 0.71051633, 0.24441355
-0.710786, 0.6920642, 0.2337723
-0.64876884, 0.7283714, 0.23561443
-0.44984642, 0.6703958, 0.23009658
-0.6905752, 0.6125748, 0.21203811
-0.5865778, 0.6299506, 0.22508977
-0.6113598, 0.6494516, 0.22796746
-0.68989384, 0.749258, 0.25152883
-0.4727486, 0.65162826, 0.22548442
-0.49181947, 0.6502251, 0.2168673
-0.650315, 0.74968797, 0.24787107
-0.58951646, 0.76690525, 0.25367358
-0.7677534, 0.6286296, 0.2259745
-0.5682434, 0.7281925, 0.23496693
-0.7322087, 0.726748, 0.23642266
-0.7480715, 0.60808045, 0.21260105
-0.7088084, 0.61183107, 0.2147545
-0.67066896, 0.7682607, 0.2543808
-0.49013346, 0.6495839, 0.22863258
-0.732626, 0.61043364, 0.21392204
-0.711829, 0.6126512, 0.22513933
-0.44998157, 0.64999163, 0.22802861
-0.61277944, 0.6296331, 0.22493453
-0.69119674, 0.7687853, 0.2532912
-0.6062873, 0.63001627, 0.21475135
-0.62736183, 0.6318186, 0.2271798
-0.4504535, 0.77022636, 0.25420448
-0.7681878, 0.71037084, 0.24728253
-0.70943266, 0.63142675, 0.22650884
-0.7301877, 0.6303595, 0.21424869
-0.7894948, 0.7127551, 0.24597856
-0.71010476, 0.7494591, 0.24976645
-0.47016516, 0.7475517, 0.23691592
-0.6519, 0.77104205, 0.25202575
-0.59111255, 0.712034, 0.24522261
-0.7686927, 0.7304459, 0.25069416
-0.50940555, 0.79008734, 0.25260353
-0.49309564, 0.74401903, 0.23285046
-0.6132466, 0.75038666, 0.26070905
-0.4301439, 0.6700449, 0.22964677
-0.6480268, 0.6296164, 0.21318987
-0.5904328, 0.63054025, 0.21515642
-0.69064105, 0.5900736, 0.21171366
-0.4914342, 0.52787006, 0.19200681
-0.6909949, 0.5709352, 0.20688967
-0.47021174, 0.52904516, 0.19167718
-0.710268, 0.589519, 0.21011741
-0.67097557, 0.5905506, 0.2097049
-0.4900697, 0.55065227, 0.1933972
-0.49040422, 0.7108416, 0.24521935
-0.66797346, 0.56968915, 0.20617063
-0.7093311, 0.5702601, 0.20943993
-0.4695214, 0.5497291, 0.19320916
-0.4487491, 0.5290343, 0.19291382
-0.6685898, 0.5870262, 0.19663186
-0.64927083, 0.58864236, 0.20943192
-0.5104277, 0.54787546, 0.1941073
-0.4893991, 0.5510388, 0.2052895
-0.6706819, 0.5663783, 0.19641417
-0.65033025, 0.56993836, 0.20557596
-0.71243745, 0.55040604, 0.20570438
-0.73092496, 0.57115984, 0.20819482
-0.7100709, 0.5655849, 0.19643855
-0.46861166, 0.5501812, 0.2057309
-0.47050157, 0.571628, 0.19569735
-0.4490196, 0.549126, 0.19365203
-0.44935036, 0.51031697, 0.19047293
-0.4301771, 0.5290674, 0.19291285
-0.6312, 0.58849925, 0.20757882
-0.5102758, 0.5689255, 0.19635685
-0.5101723, 0.5506677, 0.20469514
-0.531505, 0.5497051, 0.19299671
-0.4891232, 0.57095164, 0.20874177
-0.6689472, 0.5472684, 0.1950251
-0.6516758, 0.5687419, 0.19653001
-0.62820065, 0.5702338, 0.20663592
-0.72891414, 0.5511158, 0.20492744
-0.70756054, 0.5474676, 0.19222817
-0.46952108, 0.57092535, 0.20748964
-0.46945316, 0.509938, 0.18738933
-0.4298732, 0.50913227, 0.18838462
-0.41296834, 0.5270592, 0.18975914
-0.61055166, 0.5888134, 0.2097593
-0.50871736, 0.57078874, 0.20681968
-0.5305907, 0.55173576, 0.20598102
-0.52825683, 0.5300957, 0.1931425
-0.54801416, 0.5498172, 0.19204542
-0.49078423, 0.590593, 0.20950003
-0.690139, 0.5475588, 0.19605565
-0.6693371, 0.52886605, 0.19022423
-0.6507134, 0.5495103, 0.19374113
-0.6343429, 0.56714845, 0.19687448
-0.6096765, 0.5698156, 0.20690772
-0.63101476, 0.54944664, 0.20442896
-0.73095196, 0.5328773, 0.2055028
-0.71023357, 0.53057456, 0.1943476
-0.73164004, 0.5480711, 0.19441009
-0.750843, 0.55061996, 0.20525399
-0.46980628, 0.590424, 0.21002808
-0.44867048, 0.56983966, 0.20772173
-0.47221497, 0.4908005, 0.1875146
-0.44608843, 0.48931, 0.1760735
-0.43054286, 0.49186307, 0.18754463
-0.42750248, 0.50483155, 0.17706762
-0.41012692, 0.50713456, 0.18941313
-0.61095214, 0.5860885, 0.19678222
-0.59016323, 0.5903472, 0.20973584
-0.5088705, 0.5918062, 0.20876005
-0.52832234, 0.56925935, 0.20817141
-0.5490749, 0.55225, 0.20524721
-0.54999995, 0.5308653, 0.19339691
-0.53126514, 0.51044506, 0.19013698
-0.56959563, 0.5499636, 0.19271812
-0.48890314, 0.6076254, 0.21193022
-0.4862212, 0.5859939, 0.1989306
-0.69135267, 0.53192985, 0.19350208
-0.6698362, 0.5115031, 0.19268414
-0.64866734, 0.52961606, 0.19400215
-0.62992084, 0.5503947, 0.19572607
-0.60967076, 0.5678731, 0.19302341
-0.58982253, 0.5695211, 0.206884
-0.6120698, 0.5515829, 0.20501526
-0.729837, 0.52944344, 0.19185047
-0.7083965, 0.51073945, 0.19161734
-0.7705199, 0.5492395, 0.20641929
-0.46768713, 0.6079196, 0.212705
-0.4503621, 0.59003425, 0.20965338
-0.43016624, 0.5704406, 0.20754853
-0.4893942, 0.4905814, 0.18876359
-0.4488252, 0.47229755, 0.1737169
-0.41145217, 0.4892323, 0.18634303
-0.57133937, 0.59246045, 0.21043517
-0.511564, 0.60949636, 0.2110851
-0.5299851, 0.5914556, 0.21105804
-0.5475591, 0.57055104, 0.20710382
-0.5700849, 0.5507558, 0.20680323
-0.570399, 0.5308724, 0.19202599
-0.55052704, 0.5098725, 0.18868326
-0.52955544, 0.4915329, 0.18928933
-0.5911505, 0.5512049, 0.19478674
-0.56765974, 0.56695074, 0.19727528
-0.69065297, 0.5109373, 0.18922903
-0.64987516, 0.5112111, 0.18842365
-0.6688974, 0.4915249, 0.18945396
-0.6307157, 0.52940446, 0.18968908
-0.6090468, 0.5506066, 0.19359168
-0.5694135, 0.5714627, 0.207219
-0.58999085, 0.55134684, 0.20565782
-0.610452, 0.5305231, 0.20205294
-0.7503408, 0.5311404, 0.19330819
-0.73107684, 0.51056415, 0.1911717
-0.70991415, 0.49155253, 0.18964921
-0.44900244, 0.6092463, 0.21178642
-0.4327188, 0.58876973, 0.20844072
-0.4140014, 0.5694084, 0.20731688
-0.43050072, 0.5476232, 0.2035089
-0.49048233, 0.49753582, 0.2019387
-0.49444, 0.48960793, 0.17625794
-0.5090065, 0.49023274, 0.18958482
-0.4664974, 0.47196952, 0.17350844
-0.4311898, 0.47246364, 0.17498565
-0.5500164, 0.591046, 0.21044283
-0.5327642, 0.5879438, 0.19566216
-0.57188076, 0.5305158, 0.20510805
-0.58993274, 0.5306554, 0.19243829
-0.5695814, 0.5108455, 0.19020407
-0.5523416, 0.49051452, 0.185688
-0.5265392, 0.47135514, 0.18468665
-0.530662, 0.48823246, 0.17553289
-0.68881524, 0.49129847, 0.18742782
-0.6305023, 0.5101506, 0.19043535
-0.6490462, 0.49161872, 0.18517196
-0.66928184, 0.47078022, 0.18554278
-0.60824615, 0.5299535, 0.1940191
-0.7496918, 0.5096999, 0.19084747
-0.72883284, 0.49011353, 0.18820238
-0.4306847, 0.60963243, 0.21241821
-0.49078366, 0.47248417, 0.17307648
-0.5109814, 0.4725604, 0.18660653
-0.40965948, 0.47119784, 0.17476022
-0.5464929, 0.5891423, 0.19875672
-0.54925126, 0.61039925, 0.21286307
-0.53516203, 0.60343456, 0.19957043
-0.5914818, 0.50992507, 0.19045396
-0.5693524, 0.49109155, 0.18800628
-0.549838, 0.47274873, 0.1861451
-0.5537972, 0.49282607, 0.1722571
-0.5339921, 0.47242948, 0.17242976
-0.69130003, 0.4724548, 0.18670993
-0.68919677, 0.4894393, 0.17584984
-0.63106596, 0.49182546, 0.18686663
-0.6098659, 0.5095083, 0.18724927
-0.65368766, 0.49151385, 0.17643203
-0.6506123, 0.47121117, 0.18416107
-0.67027813, 0.4715655, 0.17659825
-0.7520585, 0.49055472, 0.18842274
-0.7309488, 0.4875838, 0.17692104
-0.5096404, 0.4705672, 0.17286274
-0.4899763, 0.45098063, 0.1733721
-0.589378, 0.4907827, 0.18596523
-0.5708274, 0.47163007, 0.18506667
-0.54798406, 0.4705435, 0.17248152
-0.6888522, 0.47020003, 0.173753
-0.6310964, 0.47081837, 0.1852028
-0.6128412, 0.48963383, 0.1889823
-0.6293387, 0.4856412, 0.17434038
-0.6499313, 0.47007543, 0.17433065
-0.730466, 0.46843395, 0.17398848
-0.5097498, 0.44994932, 0.17212342
-0.488626, 0.43080744, 0.16844174
-0.59266865, 0.48947072, 0.17607872
-0.5937994, 0.47264814, 0.18574259
-0.57023793, 0.4732298, 0.1751558
-0.54997647, 0.4509022, 0.17323159
-0.70952773, 0.47289467, 0.17554757
-0.6891297, 0.44971532, 0.17410612
-0.61063284, 0.47094333, 0.18323992
-0.6294156, 0.4711102, 0.17432933
-0.7487648, 0.46956724, 0.1753761
-0.50868624, 0.43136123, 0.17126387
-0.58979356, 0.46979254, 0.17321189
-0.59293723, 0.45436662, 0.18243212
-0.5693981, 0.45055115, 0.1728207
-0.5497116, 0.43004957, 0.17038503
-0.7104674, 0.4495534, 0.17095648
-0.68874633, 0.43037015, 0.16990727
-0.6100801, 0.4703889, 0.17568207
-0.63117355, 0.45131388, 0.1738647
-0.77162373, 0.47040582, 0.17467344
-0.7526205, 0.44954464, 0.17276375
-0.53033614, 0.43135002, 0.16764288
-0.58991313, 0.45054585, 0.17358966
-0.71035093, 0.42974675, 0.17046918
-0.6689639, 0.43106878, 0.17114782
-0.6096943, 0.4510463, 0.17263176
-0.63017297, 0.43039414, 0.16965404
-0.77042305, 0.44983995, 0.17349379
-0.7496315, 0.4299014, 0.17022745
-0.5898634, 0.43147352, 0.16917193
-0.72985846, 0.42979512, 0.17071345
-0.6095941, 0.43130353, 0.16768646
-0.7704432, 0.4300101, 0.17027019
-0.7904586, 0.449709, 0.17060661
-0.751762, 0.4309339, 0.18228309
-0.6497689, 0.42914143, 0.1578264
-0.7700588, 0.53293663, 0.20482449
-0.46762744, 0.6312674, 0.22510281
-0.5076614, 0.6286242, 0.21423534
-0.52851397, 0.6683573, 0.24213108
-0.5891116, 0.66337025, 0.2150453
-0.5110755, 0.5280842, 0.19152649
-0.72890055, 0.47145957, 0.18643029
-0.7254664, 0.5924843, 0.22350547
-0.76882106, 0.58942014, 0.21273105
-0.506524, 0.6091334, 0.22239366
-0.42776704, 0.631678, 0.22623168
-0.4497766, 0.5283213, 0.17857535
-0.53086746, 0.6107841, 0.21233584
-0.73046404, 0.5884633, 0.21098657
-0.4895624, 0.6313257, 0.21523148
-0.6094602, 0.6102712, 0.21175286
-0.7492168, 0.5910644, 0.20947066
-0.5881537, 0.61117584, 0.21108647
-0.5527138, 0.5677956, 0.19550167
-0.51069415, 0.53202313, 0.20702823
-0.59180737, 0.6106759, 0.22341938
-0.7087369, 0.47006065, 0.18657532
-0.44824132, 0.5504195, 0.20558465
-0.55236757, 0.53323233, 0.20489447
-0.45064822, 0.6306352, 0.2135811
-0.43051925, 0.48817796, 0.17643122
-0.70711225, 0.74442804, 0.23662579
-0.43129742, 0.6885682, 0.23199843
-0.66749704, 0.6072213, 0.21061368
-0.5703887, 0.6098869, 0.21183345
-0.6297093, 0.610232, 0.2127943
-0.46778968, 0.6278175, 0.21386622
-0.45038912, 0.45157313, 0.1722672
-0.4308464, 0.6297869, 0.21365538
-0.6701914, 0.45020962, 0.17251268
-0.6513662, 0.6099466, 0.21356262
-0.45527697, 0.7256154, 0.23936915
-0.4145501, 0.5892224, 0.20623998
-0.71166044, 0.5812905, 0.19764702
-0.73185706, 0.44952434, 0.18452336
-0.52774775, 0.7490925, 0.23754774
-0.4086393, 0.45106456, 0.17181557
-0.7460051, 0.49220192, 0.17765293
-0.4715745, 0.53171664, 0.20484492
-0.6859303, 0.3924003, 0.16241398
-0.5320772, 0.56654996, 0.19589108
-0.74775493, 0.6273486, 0.2143711
-0.69088936, 0.71444535, 0.24615784
-0.57027394, 0.5098547, 0.17853504
-0.66343236, 0.5126141, 0.17852823
-0.76796407, 0.58842427, 0.2218252
-0.669836, 0.64825284, 0.21587552
-0.46722612, 0.66883564, 0.21564151
-0.49482554, 0.56500864, 0.19614066
-0.65107363, 0.55119365, 0.20384273
-0.7521789, 0.60994476, 0.22362863
-0.6873725, 0.55056095, 0.2048337
-0.49028847, 0.5098893, 0.191337
-0.6328755, 0.42458293, 0.15655562
-0.5109277, 0.6497471, 0.2159991
-0.43311718, 0.7715716, 0.24943174
-0.43044323, 0.7495766, 0.2459465
-0.6883877, 0.7436835, 0.2378096
-0.53075343, 0.4506371, 0.17260985
-0.8099697, 0.4495876, 0.16863093
-0.51187307, 0.49311364, 0.17656954
-0.57027173, 0.43071738, 0.1718701
-0.6901995, 0.61067045, 0.22196423
-0.6052325, 0.66455805, 0.21889597
-0.49012035, 0.7744746, 0.26330963
-0.429829, 0.650125, 0.22652152
-0.5105096, 0.63073736, 0.22524227
-0.5284861, 0.6330394, 0.22800726
-0.6112923, 0.61056566, 0.22482513
-0.5491687, 0.6305788, 0.21222465
-0.5119639, 0.5117919, 0.1776083
-0.7290481, 0.44939402, 0.17449394
-0.46734563, 0.5920157, 0.19735628
-0.4882565, 0.73099905, 0.23741941
-0.47039485, 0.6485602, 0.21452309
-0.53033894, 0.75085783, 0.25099978
-0.64648265, 0.6112282, 0.2220299
-0.45162603, 0.64664197, 0.21501115
-0.6111964, 0.67125416, 0.2307328
-0.7312811, 0.6488856, 0.21608792
-0.5689689, 0.6310122, 0.21254762
-0.55178666, 0.64787173, 0.21416079
-0.49094775, 0.62969124, 0.22518843
-0.48736593, 0.78792864, 0.25293902
-0.47207776, 0.48762554, 0.17480198
-0.7909953, 0.43119407, 0.1681592
-0.64925694, 0.4507194, 0.1723312
-0.7708051, 0.753617, 0.263495
-0.470601, 0.50375223, 0.17658575
-0.77208114, 0.7094102, 0.23550682
-0.60592854, 0.4938137, 0.17700352
-0.4724669, 0.7898637, 0.24912402
-0.5746023, 0.61347616, 0.22599368
-0.5292925, 0.627877, 0.21335223
-0.7071891, 0.48934877, 0.17705043
-0.6305192, 0.60888654, 0.22387743
-0.55125755, 0.63245124, 0.22317639
-0.44877654, 0.6309992, 0.22465135
-0.4667881, 0.6865564, 0.2195656
-0.4998067, 0.4264169, 0.15809979
-0.42910528, 0.5694395, 0.19583091
-0.51151705, 0.5096333, 0.18897818
-0.727663, 0.60974807, 0.22307949
-0.4337707, 0.62163883, 0.19720356
-0.70962065, 0.7694354, 0.25252143
-0.788909, 0.6705812, 0.22921233
-0.6881214, 0.56811374, 0.19742747
-0.65107155, 0.5894698, 0.19949889
-0.7913828, 0.4698278, 0.17089242
-0.71160454, 0.51092345, 0.20289344
-0.6307636, 0.45040736, 0.18302706
-0.56859094, 0.7463135, 0.23720971
-0.65047896, 0.4311216, 0.16991723
-0.60834765, 0.5038697, 0.17837678
-0.42951113, 0.5512669, 0.19385464
-0.6927588, 0.5036169, 0.17741871
-0.6472857, 0.67185986, 0.21955056
-0.7670788, 0.60980105, 0.22297718
-0.7043044, 0.5008995, 0.1793465
-0.46689677, 0.8344346, 0.2694811
-0.7685511, 0.65003484, 0.22661558
-0.733638, 0.5674237, 0.19629975
-0.68603116, 0.5332726, 0.20309296
-0.41287598, 0.47201914, 0.18648967
-0.65127635, 0.50191057, 0.17713284
-0.5688866, 0.76959395, 0.25168857
-0.493275, 0.5376681, 0.17647618
-0.42833433, 0.5850896, 0.19786513
-0.6703092, 0.73032904, 0.23739026
-0.54516286, 0.7074849, 0.24211921
-0.668618, 0.48932582, 0.173014
-0.52729833, 0.6673343, 0.21844684
-0.5684412, 0.6617242, 0.21848874
-0.8101032, 0.46986505, 0.16939159
-0.7695522, 0.67001116, 0.23100775
-0.77700144, 0.66390264, 0.21743535
-0.62239206, 0.6866181, 0.24353234
-0.46904254, 0.45085093, 0.17034915
-0.73317665, 0.51066816, 0.1777961
-0.5900082, 0.69127303, 0.24618742
-0.7159877, 0.66999793, 0.2408063
-0.47280124, 0.77310437, 0.26284122
-0.59017015, 0.78810394, 0.26294783
-0.68195176, 0.58823013, 0.19672175
-0.47354376, 0.7079797, 0.24557126
-0.6843712, 0.6003627, 0.19876818
-0.75042224, 0.5744847, 0.1975605
-0.6542893, 0.45277542, 0.18245122
-0.6265619, 0.50109285, 0.17851433
-0.5081034, 0.69244003, 0.24129781
-0.7693677, 0.76647973, 0.25192323
-0.41499606, 0.6090704, 0.20919093
-0.64949584, 0.533437, 0.20154811
-0.51455164, 0.590028, 0.2221104
-0.49274123, 0.8507308, 0.2553063
-0.71210814, 0.5302905, 0.20310542
-0.6110889, 0.45301867, 0.18256553
-0.5874124, 0.5928444, 0.22324473
-0.67946386, 0.6630171, 0.21128322
-0.7443228, 0.64637536, 0.21585386
-0.7073463, 0.64557433, 0.21827678
-0.4267697, 0.71057874, 0.2313859
-0.63069457, 0.52249557, 0.1772761
-0.56991565, 0.63237333, 0.22540765
-0.7276018, 0.75221926, 0.2668131
-0.52885497, 0.61192715, 0.22246866
-0.5868888, 0.5347227, 0.20244834
-0.7105854, 0.4131874, 0.17011385
-0.61400354, 0.5113922, 0.20176397
-0.50702983, 0.71383464, 0.24313164
-0.63381106, 0.6015575, 0.19776163
-0.57380635, 0.51530194, 0.20187052
-0.75052726, 0.4136082, 0.16924973
-0.5303691, 0.52836, 0.2016895
-0.43544433, 0.729775, 0.24451657
-0.45197576, 0.47184977, 0.18557203
-0.5735025, 0.4422714, 0.15909193
-0.57055265, 0.4510188, 0.18517253
-0.4251422, 0.73388344, 0.2324983
-0.5645996, 0.7878494, 0.25287414
-0.4321292, 0.6512323, 0.21557532
-0.7493094, 0.51213074, 0.20199874
-0.7108031, 0.60722387, 0.19776326
-0.7040093, 0.7281866, 0.23499653
-0.59203887, 0.5113069, 0.17958547
-0.5089017, 0.77166677, 0.2645795
-0.450529, 0.7511748, 0.2513056
-0.63111305, 0.6680058, 0.21822602
-0.6105363, 0.7696653, 0.25051916
-0.769797, 0.5089365, 0.19289775
-0.51129305, 0.58090585, 0.1942
-0.5880004, 0.41100192, 0.16698667
-0.45260173, 0.5859113, 0.19712995
-0.6713742, 0.5337343, 0.20647462
-0.5453511, 0.6052508, 0.19816372
-0.42811513, 0.6103558, 0.22296806
-0.4154164, 0.62927675, 0.21179289
-0.7328532, 0.77326864, 0.26056212
-0.7503164, 0.4707693, 0.18601394
-0.593163, 0.39809635, 0.15434013
-0.48537132, 0.5064232, 0.17870586
-0.4291435, 0.47196501, 0.18571807
-0.42930225, 0.69018364, 0.24421713
-0.6087938, 0.4098033, 0.16718788
-0.5555228, 0.68568826, 0.24195069
-0.65050477, 0.41001454, 0.16790617
-0.51352346, 0.6008185, 0.19963247
-0.565892, 0.59684914, 0.19719005
-0.47665155, 0.6071638, 0.19809292
-0.58471227, 0.68274045, 0.21780813
-0.5475196, 0.4206646, 0.15771341
-0.6700332, 0.41189164, 0.16861834
-0.41117722, 0.5487469, 0.18849932
-0.41625917, 0.588318, 0.22348225
-0.41353703, 0.5860788, 0.19685091
-0.6713666, 0.6149551, 0.223784
-0.51234233, 0.5689473, 0.22071025
-0.73081076, 0.412515, 0.16871949
-0.68929344, 0.45067012, 0.18544582
-0.77188766, 0.4517163, 0.18444723
-0.5127435, 0.66267145, 0.21837568
-0.68950087, 0.41201833, 0.1704287
-0.76972497, 0.6741029, 0.24420908
-0.5257206, 0.7341634, 0.23699853
-0.57505673, 0.49802107, 0.20104158
-0.6917083, 0.7865809, 0.2542457
-0.77450234, 0.4134965, 0.15768382
-0.7783947, 0.39672005, 0.15835772
-0.43310472, 0.78754807, 0.25172418
-0.71398616, 0.45591694, 0.18403311
-0.67192686, 0.49013624, 0.20000248
-0.52743614, 0.5154227, 0.20428142
-0.6700814, 0.452967, 0.18445359
-0.73848397, 0.74802125, 0.23740484
-0.58584285, 0.5936965, 0.19673377
-0.4890609, 0.87457806, 0.25950044
-0.6707603, 0.5514914, 0.20556416
-0.7909237, 0.7490948, 0.26221535
-0.75055856, 0.3988797, 0.15840109
-0.5881629, 0.5702411, 0.19542336
-0.43018728, 0.75199455, 0.23624638
-0.47942907, 0.51003903, 0.20179513
-0.56912386, 0.59468305, 0.22299293
-0.472038, 0.47239825, 0.18459584
-0.66725206, 0.7895557, 0.2514136
-0.5874028, 0.7726753, 0.26721948
-0.63652223, 0.6723183, 0.24259967
-0.5531835, 0.50904834, 0.17592901
-0.6279613, 0.5939058, 0.19745244
-0.66803616, 0.43017992, 0.15696663
-0.5903301, 0.6589177, 0.24150597
-0.7632752, 0.7387007, 0.26746437
-0.66843504, 0.7664234, 0.2628556
-0.45657182, 0.7928853, 0.26224822
-0.60734874, 0.408716, 0.15633088
-0.5151773, 0.47244677, 0.20109262
-0.6170622, 0.61185956, 0.19621387
-0.4866977, 0.5270438, 0.2021418
-0.45548415, 0.78566533, 0.23601247
-0.55500716, 0.6135137, 0.22395884
-0.4887024, 0.5736412, 0.2214488
-0.6922071, 0.52054936, 0.17860793
-0.6854858, 0.6772528, 0.24383335
-0.72738826, 0.42375255, 0.18576317
-0.7019635, 0.7571, 0.26020062
-0.7510466, 0.5311641, 0.20468529
-0.57443696, 0.7720612, 0.26699114
-0.6267181, 0.5862665, 0.22388712
-0.58247477, 0.50547314, 0.20094854
-0.433444, 0.6151444, 0.19432199
-0.7524033, 0.49866936, 0.20099695
-0.4900006, 0.6035899, 0.22119777
-0.61122566, 0.58915246, 0.22607511
-0.45081043, 0.51096374, 0.20060742
-0.41950133, 0.663838, 0.22817534
-0.76302147, 0.51442003, 0.20118223
-0.71991277, 0.5746216, 0.2253759
-0.54644513, 0.77261126, 0.2639251
-0.47791097, 0.5942486, 0.22057813
-0.759669, 0.680837, 0.21949302
-0.43485737, 0.80982435, 0.24812777
-0.46846336, 0.7957323, 0.26146138
-0.44551295, 0.59742415, 0.22159345
-0.5056076, 0.7838533, 0.26522076
-0.4751272, 0.8507575, 0.25824067
-0.529222, 0.78157544, 0.2519875
-0.6683729, 0.7835278, 0.2644605
-0.44710106, 0.80449057, 0.25358006
-0.7707128, 0.5706296, 0.20945874
-0.45416662, 0.74773604, 0.23257452
-0.60570306, 0.74639636, 0.2361799
-0.5433123, 0.7490193, 0.26514432
-0.47301936, 0.6708017, 0.24041432
-0.4146786, 0.6313765, 0.22766045
-0.5671424, 0.61537486, 0.19888985
-0.5597339, 0.75263125, 0.2381387
-0.5277409, 0.7610939, 0.2392283
-0.55636966, 0.5986413, 0.22217767
