-0.5927066, -0.30873662, 0.41445974
-0.570801, -0.3122534, 0.41448575
-0.5874017, -0.2909754, 0.41280138
-0.5492936, -0.31237352, 0.41420054
-0.6105667, -0.29254875, 0.4134658
-0.59040546, -0.2699026, 0.4117333
-0.55055004, -0.29112548, 0.4148663
-0.56994784, -0.29160136, 0.42616516
-0.5708416, -0.2693457, 0.4115475
-0.62887925, -0.28889078, 0.41232485
-0.6101668, -0.27090397, 0.41460887
-0.5903153, -0.26900068, 0.4234286
-0.62878007, -0.270014, 0.4115873
-0.65076256, -0.28820136, 0.41156662
-0.55230653, -0.24950667, 0.41447005
-0.56985885, -0.2513361, 0.4223945
-0.6087327, -0.25001752, 0.4234745
-0.6505954, -0.25112206, 0.41520008
-0.6498379, -0.2654439, 0.42282254
-0.67022115, -0.26996237, 0.41393104
-0.6293105, -0.24925484, 0.42379513
-0.590944, -0.25098193, 0.41297716
-0.6108621, -0.21257484, 0.42220005
-0.6514418, -0.21065262, 0.4223942
-0.63002664, -0.3091604, 0.41336036
-0.64934355, -0.3098408, 0.41100335
-0.533694, -0.26942974, 0.42371067
-0.58970904, -0.19555458, 0.4209007
-0.6127313, -0.2876619, 0.42280227
-0.63885206, -0.28117746, 0.39611778
-0.5921242, -0.2498845, 0.42464438
-0.5918503, -0.32769844, 0.4100043
-0.61177784, -0.27086037, 0.42361063
-0.6313799, -0.26743844, 0.42377752
-0.68732095, -0.28929627, 0.4106216
-0.68690664, -0.27036262, 0.4127524
-0.6089075, -0.23104075, 0.42297834
-0.6492055, -0.26743585, 0.41263485
-0.66856635, -0.3091024, 0.41437107
-0.60903865, -0.30972207, 0.4117405
-0.5700979, -0.28915155, 0.4120015
-0.6533375, -0.28783426, 0.42397743
-0.5920597, -0.31376222, 0.42514235
-0.5119977, -0.31048518, 0.41441
-0.56346124, -0.26976663, 0.42826885
-0.6310846, -0.28939277, 0.4212524
-0.5914361, -0.22943422, 0.42354357
-0.63118285, -0.22964701, 0.4232829
-0.5750756, -0.19388585, 0.42496848
-0.6740268, -0.22983688, 0.42524344
-0.57434034, -0.23417327, 0.4238272
-0.54611266, -0.19382706, 0.4223722
-0.6098049, -0.22919753, 0.41426218
-0.56820154, -0.2007118, 0.42178136
-0.570449, -0.233294, 0.4139686
-0.5540352, -0.28985378, 0.42411345
-0.5489665, -0.25160557, 0.4236625
-0.668139, -0.3141916, 0.423321
-0.6384912, -0.26762652, 0.3964711
-0.6477523, -0.24865997, 0.42430213
-0.6698493, -0.2899541, 0.41305336
-0.5279437, -0.29029152, 0.41251528
-0.5109845, -0.29050973, 0.41187468
-0.6705514, -0.29341725, 0.4232001
-0.63156545, -0.24782029, 0.41428763
-0.61144984, -0.24771418, 0.41390318
-0.6294334, -0.20817462, 0.427498
-0.5317263, -0.2528505, 0.41360712
-0.59311837, -0.21333174, 0.42235464
-0.59648407, -0.28235453, 0.42365596
-0.6144743, -0.32910544, 0.4092041
-0.5305231, -0.3119151, 0.42383286
-0.64393395, -0.32410654, 0.42024636
-0.558468, -0.23945357, 0.42266175
