-0.5059904, -0.25056717, 0.23338401
-0.50344586, -0.27118948, 0.23231705
-0.5101178, -0.25320297, 0.25301182
-0.5060225, -0.26601392, 0.21209952
-0.5072003, -0.26981676, 0.25005725
-0.51194644, -0.24615408, 0.2676227
-0.5072595, -0.27134365, 0.1830067
-0.50416523, -0.28882676, 0.21197826
-0.50602925, -0.28694186, 0.25541517
-0.5110773, -0.27283272, 0.26698408
-0.5098444, -0.22739121, 0.26706135
-0.5029723, -0.29404995, 0.18599397
-0.5037141, -0.31093985, 0.2132298
-0.521588, -0.28787005, 0.25567183
-0.50854737, -0.28698418, 0.2674259
-0.50377357, -0.30493015, 0.24848428
-0.51390857, -0.2694632, 0.28699285
-0.5057384, -0.28342983, 0.16640544
-0.50277203, -0.3218007, 0.21712689
-0.50706995, -0.28956547, 0.2921102
-0.50355583, -0.322228, 0.25458023
-0.50555664, -0.29792798, 0.14782588
-0.5042849, -0.32609448, 0.19967766
-0.50202096, -0.31022242, 0.15009704
-0.50314474, -0.32807937, 0.16880056
-0.50505245, -0.289528, 0.325269
-0.5035844, -0.3040057, 0.12800476
-0.50269026, -0.31631476, 0.114998795
-0.5033368, -0.308608, 0.09044509
-0.5014793, -0.3335188, 0.11218275
-0.5063933, -0.29726082, 0.08710289
-0.50001794, -0.27899376, 0.11069694
-0.50266975, -0.31379938, 0.06367742
-0.5010094, -0.3243501, 0.09059062
-0.5114789, -0.29072833, 0.07137482
-0.50991625, -0.26042643, 0.08385621
-0.5064368, -0.26873565, 0.12425937
-0.5036898, -0.30239084, 0.052086964
-0.50855595, -0.27180365, 0.06613574
-0.5120354, -0.25006792, 0.09231779
-0.51378256, -0.2591248, 0.121666886
-0.5005628, -0.3293741, 0.0579287
-0.5022349, -0.26320663, 0.05619271
-0.5077772, -0.25063926, 0.14716192
-0.5024475, -0.32614264, 0.13668987
-0.5059332, -0.30913413, 0.3131732
-0.5118567, -0.27530646, 0.3157977
-0.5139164, -0.23352842, 0.089218386
-0.5047773, -0.3314997, 0.229103
-0.5062633, -0.30935273, 0.26658505
-0.5115539, -0.23283796, 0.0779103
-0.50854087, -0.24664336, 0.06821279
-0.51049006, -0.23813054, 0.18779244
-0.49952868, -0.30135798, 0.27896202
-0.49899822, -0.32932007, 0.22767861
-0.5049836, -0.29365528, 0.05405595
-0.51256514, -0.20333527, 0.15933087
-0.49762738, -0.30775252, 0.22300307
-0.51074535, -0.24455059, 0.31720766
-0.5097234, -0.22777605, 0.20466776
-0.510067, -0.24905163, 0.19762354
-0.5109123, -0.22930951, 0.29552773
-0.5071086, -0.2931338, 0.1111679
-0.51169324, -0.2822017, 0.12777042
-0.51222795, -0.20801093, 0.2788557
-0.49956286, -0.28405854, 0.19501145
-0.49750957, -0.30607265, 0.15291362
-0.50825906, -0.23301947, 0.24090451
