-1.5525795, 0.45270836, 0.3075685
-1.5514935, 0.45074496, 0.2967427
-1.5516945, 0.46750614, 0.30728298
-1.5315678, 0.4504144, 0.30570745
-1.5503681, 0.46872318, 0.29630432
-1.531644, 0.45070308, 0.2965285
-1.5309402, 0.46976975, 0.30698612
-1.5318904, 0.43063825, 0.30485678
-1.510613, 0.45050114, 0.30589852
-1.5322866, 0.47019082, 0.2959814
-1.5315886, 0.429474, 0.29655412
-1.5084686, 0.4483558, 0.29687318
-1.5295664, 0.48866943, 0.30613652
-1.5106847, 0.47057775, 0.3066696
-1.5097483, 0.4307892, 0.30550522
-1.4903039, 0.45077306, 0.3062857
-1.5318475, 0.4891695, 0.29520425
-1.5097916, 0.46916685, 0.29695868
-1.5110332, 0.43237504, 0.29651833
-1.4890171, 0.44854805, 0.29674447
-1.5105281, 0.48878798, 0.30746174
-1.4913046, 0.46970704, 0.3063423
-1.4902196, 0.43030173, 0.30553403
-1.4703242, 0.44977033, 0.30621487
-1.4911546, 0.47096658, 0.29651892
-1.4906963, 0.43035516, 0.29654673
-1.4693958, 0.4498412, 0.2978456
-1.4899225, 0.4891711, 0.30661651
-1.4709414, 0.4696039, 0.3058866
-1.4904263, 0.4108421, 0.30591398
-1.4703794, 0.429859, 0.3055622
-1.4506814, 0.45024765, 0.30543888
-1.4717857, 0.4720569, 0.29687148
-1.4703268, 0.43058392, 0.2964456
-1.450211, 0.45078462, 0.29716763
-1.4707785, 0.4906995, 0.30594766
-1.4505665, 0.47126278, 0.30656305
-1.4704163, 0.41119802, 0.30486634
-1.4501137, 0.43065238, 0.30571237
-1.4308854, 0.44953677, 0.30624843
-1.4695438, 0.4903363, 0.29590765
-1.4494421, 0.46995384, 0.29661235
-1.4687666, 0.41172257, 0.2970569
-1.4515148, 0.4305311, 0.29677254
-1.4295439, 0.44996414, 0.29684895
-1.4497373, 0.48974183, 0.30729213
-1.4317516, 0.47001258, 0.3064284
-1.4503484, 0.41143355, 0.30601275
-1.4300278, 0.4308906, 0.30510968
-1.4100436, 0.4499021, 0.3066496
-1.4518659, 0.4903304, 0.29682264
-1.4302953, 0.4691962, 0.29650185
-1.4327574, 0.42963257, 0.2968552
-1.4307495, 0.49051127, 0.30741155
-1.4100096, 0.4694292, 0.3072991
-1.4305379, 0.4102057, 0.30550185
-1.4498036, 0.38951725, 0.30488598
-1.409729, 0.430614, 0.3057871
-1.3898498, 0.44949895, 0.30631205
-1.4301479, 0.4881902, 0.2964763
-1.4106477, 0.4701206, 0.29708153
-1.4316062, 0.40827414, 0.296301
-1.4102782, 0.43086717, 0.2979917
-1.4094081, 0.4896758, 0.30680662
-1.4310697, 0.50963193, 0.30837855
-1.3892213, 0.46997663, 0.30732134
-1.4299184, 0.39064178, 0.30551732
-1.40975, 0.4102861, 0.3059376
-1.3904724, 0.4295108, 0.3061491
-1.3926085, 0.44948387, 0.29772276
-1.3710529, 0.4503997, 0.30638245
-1.4494996, 0.5287332, 0.29523358
-1.4301834, 0.5129904, 0.29618433
-1.4091341, 0.48999605, 0.29554653
-1.3906677, 0.47136462, 0.29602084
-1.3902508, 0.42902744, 0.29711694
-1.3898749, 0.48920712, 0.3077306
-1.3703905, 0.4702439, 0.30662507
-1.4302065, 0.37083042, 0.30672312
-1.4088541, 0.39133206, 0.30637035
-1.3900653, 0.4093009, 0.30587286
-1.370207, 0.43086785, 0.30624387
-1.3701502, 0.44912285, 0.2967126
-1.3905613, 0.48902354, 0.29650807
-1.3700876, 0.4695789, 0.29646197
-1.3900393, 0.40970224, 0.29719704
-1.3716005, 0.42915213, 0.29812837
-1.3704205, 0.49063444, 0.30725408
-1.3498194, 0.47077614, 0.30860364
-1.4115826, 0.36852083, 0.30639517
-1.4305415, 0.36744663, 0.29573062
-1.4095043, 0.3902476, 0.2961765
-1.390791, 0.39090633, 0.3062379
-1.3707693, 0.4090565, 0.30672956
-1.3506556, 0.43005168, 0.30785203
-1.3505347, 0.4505656, 0.29767302
-1.3302243, 0.45016128, 0.30782104
-1.41028, 0.52968526, 0.29554126
-1.3935361, 0.5099307, 0.29733828
-1.3701229, 0.48968148, 0.29678887
-1.35041, 0.46985713, 0.29669383
-1.3685317, 0.40948159, 0.29816648
-1.3703191, 0.5103058, 0.30778745
-1.330188, 0.47008958, 0.30708525
-1.389563, 0.3724675, 0.30645278
-1.4108013, 0.36774677, 0.29770645
-1.3704218, 0.38982773, 0.30662
-1.3503308, 0.4110821, 0.30611822
-1.3301368, 0.42909226, 0.30690202
-1.3331412, 0.4487522, 0.29746196
-1.3106127, 0.44959384, 0.3074988
-1.3683407, 0.50875163, 0.2962037
-1.3510633, 0.4901472, 0.2961619
-1.3299516, 0.4708008, 0.29730767
-1.3689423, 0.38912183, 0.2971783
-1.3503767, 0.41104606, 0.29725042
-1.3701708, 0.5304206, 0.30854005
-1.3497317, 0.51086485, 0.30772856
-1.3699218, 0.3718875, 0.3057521
-1.3920704, 0.35004005, 0.3050363
-1.3510038, 0.39000097, 0.3065901
-1.330611, 0.41041902, 0.30565622
-1.3106476, 0.43039355, 0.30638957
-1.2904452, 0.44966426, 0.30787703
-1.3898695, 0.53085417, 0.30873954
-1.370604, 0.53055584, 0.29627392
-1.3518962, 0.5111226, 0.29691562
-1.3086154, 0.46792284, 0.2973691
-1.3683342, 0.3704756, 0.29605186
-1.3297409, 0.41273588, 0.29666716
-1.3701291, 0.549235, 0.30770078
-1.3294016, 0.5099793, 0.3083328
-1.3503389, 0.3698035, 0.30614084
-1.3716218, 0.34937543, 0.30533856
-1.3289145, 0.38984397, 0.3064748
-1.3094102, 0.41039532, 0.3061396
-1.3093274, 0.42974532, 0.29688665
-1.2895732, 0.4298531, 0.30696875
-1.2900176, 0.44735408, 0.29738635
-1.2906989, 0.47038522, 0.3079931
-1.2705559, 0.44993666, 0.3070401
-1.3684475, 0.5501983, 0.29709026
-1.2892252, 0.4694114, 0.29670295
-1.3297908, 0.39198324, 0.29678777
-1.3110343, 0.40990737, 0.2968861
-1.350363, 0.5500301, 0.30796462
-1.3305576, 0.53058946, 0.30790487
-1.3098044, 0.50904363, 0.30772403
-1.3309815, 0.3696779, 0.3062602
-1.3102571, 0.38747182, 0.30693856
-1.2894311, 0.40918618, 0.30741787
-1.2700485, 0.42885906, 0.3070499
-1.3495412, 0.5503713, 0.29741156
-1.2914472, 0.41077727, 0.2974131
-1.3300539, 0.5498568, 0.30868754
-1.311011, 0.49061352, 0.30666655
-1.289862, 0.50836354, 0.30777588
-1.3099703, 0.5080715, 0.29600996
-1.3295517, 0.351742, 0.30509993
-1.3099526, 0.3700357, 0.30602023
-1.3502749, 0.32804173, 0.30568424
-1.3498408, 0.35191992, 0.2962837
-1.2900035, 0.38824397, 0.3070223
-1.2706153, 0.4101754, 0.30675635
-1.2693833, 0.43161273, 0.29755086
-1.2693185, 0.49004292, 0.30911472
-1.3299844, 0.5516289, 0.29691073
-1.2904726, 0.39083543, 0.29714128
-1.3303449, 0.570128, 0.3081657
-1.2904968, 0.53026724, 0.30927506
-1.2697463, 0.50919276, 0.3102948
-1.3295025, 0.32939374, 0.30601743
-1.3099475, 0.35001898, 0.3052516
-1.2904269, 0.368959, 0.30544427
-1.2509986, 0.40989414, 0.30727178
-1.2687371, 0.38706046, 0.29801148
-1.3107972, 0.5698542, 0.3092416
-1.2895973, 0.55024236, 0.30871263
-1.3092161, 0.3325954, 0.3059625
-1.310439, 0.3513502, 0.2968555
-1.2900946, 0.3483744, 0.30576947
-1.2694004, 0.37032127, 0.3072112
-1.250641, 0.39081308, 0.30671272
-1.2496781, 0.41180444, 0.2977684
-1.3330669, 0.5881886, 0.29427034
-1.2909654, 0.5710798, 0.3091533
-1.2916775, 0.55021083, 0.29681596
-1.2725546, 0.535231, 0.29696408
-1.250923, 0.53060967, 0.30940518
-1.230385, 0.51069057, 0.30962798
-1.3118669, 0.30849522, 0.30671167
-1.2899109, 0.33215764, 0.30644304
-1.2709316, 0.3491486, 0.30632597
-1.2506485, 0.37079996, 0.30646205
-1.2296437, 0.39142498, 0.30890787
-1.3266292, 0.60733145, 0.2978086
-1.3101102, 0.58636045, 0.29762954
-1.2903916, 0.5902551, 0.3092671
-1.2700666, 0.33038622, 0.30655977
-1.2479644, 0.36878955, 0.2979123
-1.2305647, 0.36937392, 0.30859083
-1.2691084, 0.5908895, 0.30931145
-1.2712022, 0.31066656, 0.30683774
-1.2504367, 0.32914278, 0.3082303
-1.231426, 0.36816022, 0.29571408
-1.2514168, 0.31310886, 0.30657893
-1.2494047, 0.29009026, 0.307436
-1.2299687, 0.329318, 0.30649373
-1.2894462, 0.50978285, 0.29699627
-1.409774, 0.35189462, 0.3046049
-1.3308233, 0.49031723, 0.30718315
-1.5106198, 0.4098317, 0.30428183
-1.4317608, 0.34932694, 0.30670083
-1.309473, 0.29021445, 0.30608594
-1.2485311, 0.4292585, 0.29829723
-1.4698646, 0.39093557, 0.3050183
-1.2276868, 0.50919515, 0.29780462
-1.3914248, 0.34801453, 0.29666314
-1.3698272, 0.328945, 0.30451262
-1.2704284, 0.2875592, 0.3064052
-1.2906606, 0.28983802, 0.3057571
-1.2517518, 0.59087133, 0.29695094
-1.4295044, 0.5305702, 0.30747464
-1.247843, 0.33202547, 0.2967401
-1.3499548, 0.52811897, 0.29685858
-1.4501472, 0.38857895, 0.2975084
-1.5316279, 0.41041234, 0.2962693
-1.5508533, 0.43051574, 0.3063805
-1.4903442, 0.4089039, 0.29644734
-1.4308971, 0.34714165, 0.2956212
-1.250447, 0.26966605, 0.30593464
-1.5296888, 0.41099706, 0.30499604
-1.2706103, 0.6100795, 0.308776
-1.389916, 0.32910514, 0.30545264
-1.309749, 0.47036687, 0.3070987
-1.4097604, 0.32999906, 0.30544618
-1.3309523, 0.29228693, 0.3058853
-1.4898373, 0.37024638, 0.30522156
-1.5490961, 0.40977168, 0.29532036
-1.4699392, 0.3700266, 0.30560178
-1.3700258, 0.3097167, 0.30539745
-1.2734776, 0.2896783, 0.29768732
-1.2896887, 0.26932764, 0.3062066
-1.3501456, 0.2897641, 0.307534
-1.3476335, 0.31111667, 0.29597408
-1.4502765, 0.34919006, 0.29598883
-1.5520086, 0.41110042, 0.30580315
-1.2497063, 0.2512677, 0.30607754
-1.5303633, 0.3905953, 0.30428147
-1.2702456, 0.6097529, 0.2961297
-1.3907439, 0.30943862, 0.30495226
-1.4088713, 0.31019172, 0.3056194
-1.5094107, 0.37048018, 0.30641416
-1.330023, 0.28973666, 0.29424483
-1.4900931, 0.37074107, 0.29624322
-1.4694171, 0.35097164, 0.3061415
-1.2916771, 0.24794796, 0.30678588
-1.3313134, 0.30976716, 0.29653168
-1.4698799, 0.34891248, 0.29619712
-1.4480792, 0.33186093, 0.295382
-1.5704768, 0.41145778, 0.3056045
-1.5298274, 0.37115967, 0.30611056
-1.3907796, 0.29069096, 0.30462235
-1.4099283, 0.2888766, 0.30519426
-1.5095474, 0.3499163, 0.30614987
-1.3296788, 0.2717466, 0.29481977
-1.4894648, 0.3499812, 0.2959067
-1.4910495, 0.32936254, 0.30502778
-1.4712069, 0.32913414, 0.3061483
-1.4514675, 0.30882606, 0.29601398
-1.4498341, 0.32960355, 0.30612808
-1.570101, 0.39012668, 0.30506617
-1.5492945, 0.37050286, 0.30567178
-1.2690903, 0.22908966, 0.30647272
-1.2510159, 0.20954007, 0.30778864
-1.53051, 0.3713139, 0.2952218
-1.3910007, 0.2702218, 0.30559462
-1.3910203, 0.29062253, 0.29539585
-1.4094316, 0.27078792, 0.3050464
-1.4300272, 0.29024658, 0.306055
-1.4293623, 0.30993867, 0.29555592
-1.4512802, 0.30956098, 0.30569315
-1.5093008, 0.32868698, 0.30551836
-1.4907563, 0.31070048, 0.30585194
-1.4706297, 0.3103675, 0.30604473
-1.5512556, 0.34904474, 0.30535233
-1.5289477, 0.3302171, 0.30728963
-1.3676877, 0.2698729, 0.30593988
-1.4103626, 0.2504482, 0.3049763
-1.4508194, 0.29015148, 0.30493432
-1.511566, 0.3099836, 0.30635896
-1.5110171, 0.3310338, 0.2947314
-1.4701205, 0.29037404, 0.30579287
-1.5285403, 0.30911395, 0.3058577
-1.5300572, 0.33057287, 0.29284653
-1.3690888, 0.2492766, 0.30552852
-1.4096208, 0.25152293, 0.2949092
-1.4286932, 0.24986456, 0.3059718
-1.3503234, 0.25079855, 0.30499244
-1.428654, 0.2319417, 0.3050986
-1.510363, 0.26967847, 0.30725017
-1.4880052, 0.26983383, 0.29479885
-1.3302834, 0.25105247, 0.30566192
-1.3512913, 0.23184347, 0.30555955
-1.4294142, 0.21043834, 0.30501297
-1.5082349, 0.2517603, 0.30582377
-1.4896171, 0.25105086, 0.2947589
-1.4893084, 0.23088445, 0.30800086
-1.468771, 0.25172362, 0.30588093
-1.5111704, 0.26917976, 0.29455903
-1.4698582, 0.27157244, 0.29571986
-1.3281657, 0.23041485, 0.30464613
-1.348779, 0.22922727, 0.29412147
-1.4489509, 0.2098747, 0.30550605
-1.4104426, 0.20981057, 0.30609587
-1.5095255, 0.24894358, 0.2955453
-1.4900168, 0.21017066, 0.305394
-1.5305097, 0.24988873, 0.29338738
-1.328392, 0.22936803, 0.29482847
-1.3301437, 0.20876427, 0.30596817
-1.3899494, 0.21182483, 0.30462825
-1.5098807, 0.20921196, 0.3066505
-1.4692892, 0.21040185, 0.29381755
-1.4095323, 0.1901012, 0.29485822
-1.3698319, 0.20972201, 0.30463174
-1.4885782, 0.19101262, 0.29437914
-1.4920684, 0.17187585, 0.30610934
-1.4291896, 0.16993546, 0.30715182
-1.4692247, 0.16860913, 0.30609968
-1.4500203, 0.16932324, 0.29404888
-1.4707682, 0.23065236, 0.29407614
-1.3720604, 0.21152042, 0.29457036
-1.3687875, 0.19064555, 0.3064997
-1.5103133, 0.19112734, 0.295371
-1.5096306, 0.17253484, 0.30501747
-1.4899807, 0.15172787, 0.30742055
-1.4306545, 0.15172236, 0.3049352
-1.4717449, 0.1494121, 0.3061685
-1.4507072, 0.2302495, 0.29448017
-1.3510053, 0.1894995, 0.30394852
-1.5092558, 0.15191515, 0.30497298
-1.4911834, 0.14943585, 0.29392403
-1.4905766, 0.12909085, 0.30547938
-1.4703068, 0.1285488, 0.3052569
-1.4708996, 0.14974983, 0.2932481
-1.4297949, 0.13060433, 0.29375684
-1.4906417, 0.08969229, 0.30468178
-1.4690428, 0.08956619, 0.30695683
-1.4894264, 0.07023769, 0.3052703
-1.450114, 0.09118746, 0.30691937
-1.4905107, 0.07171163, 0.2942316
-1.5288258, 0.07192529, 0.30439073
-1.4496876, 0.09088411, 0.29342735
-1.4099848, 0.11085666, 0.30571115
-1.4285654, 0.052632347, 0.3031866
-1.4098678, 0.07103133, 0.29255268
-1.4507428, 0.030902546, 0.3041311
-1.4515139, 0.00959286, 0.30490953
-1.3501908, 0.5691946, 0.30771703
-1.4309713, 0.6490623, 0.30861273
-1.4709085, 0.50943273, 0.29522142
-1.4496944, 0.60913515, 0.30943576
-1.4705247, 0.63015264, 0.30790192
-1.4704756, 0.55034745, 0.30834693
-1.4302216, 0.6097385, 0.3085933
-1.4503193, 0.59014535, 0.30829716
-1.4301594, 0.6890807, 0.30919945
-1.4315183, 0.5896446, 0.30873322
-1.5094218, 0.6284122, 0.30948445
-1.4100453, 0.6907816, 0.30846184
-1.4713774, 0.71080244, 0.30958214
-1.4873455, 0.6892326, 0.3089046
-1.3696872, 0.65013826, 0.30961704
-1.411016, 0.5910295, 0.30867746
-1.3707496, 0.6692731, 0.31095758
-1.5099491, 0.5909342, 0.3088566
-1.5294648, 0.5884497, 0.3085986
-1.5299009, 0.67011786, 0.30835837
-1.3894972, 0.7306125, 0.30849734
-1.4281745, 0.76780695, 0.31122163
-1.350645, 0.6894779, 0.30820107
-1.329567, 0.67022127, 0.3092402
-1.5093879, 0.5497535, 0.30777413
-1.5303596, 0.57002425, 0.30793378
-1.5103412, 0.6702832, 0.30810437
-1.369814, 0.7309933, 0.3104771
-1.4510272, 0.77120525, 0.3110245
-1.3715054, 0.7510066, 0.3088015
-1.5891758, 0.6691305, 0.3087847
-1.5705509, 0.69040054, 0.30968145
-1.3305814, 0.73015463, 0.30956015
-1.2887453, 0.6892721, 0.3102372
-1.551053, 0.5296074, 0.3078046
-1.5698307, 0.55039406, 0.3086113
-1.5707259, 0.6295422, 0.30846414
-1.2896956, 0.70950514, 0.31041235
-1.5502195, 0.5091867, 0.30690855
-1.3289225, 0.74879724, 0.321977
-1.3290159, 0.78966707, 0.30988744
-1.3489124, 0.810385, 0.3095752
-1.5707434, 0.7693577, 0.308888
-1.5712507, 0.8094324, 0.30985042
-1.309608, 0.85000396, 0.3083396
-1.3114479, 0.8708528, 0.30878347
-1.3899589, 0.54889977, 0.30810273
-1.4508685, 0.5491596, 0.3077807
-1.4112848, 0.5100718, 0.29635945
-1.5106063, 0.69015783, 0.31033462
-1.4281603, 0.5904453, 0.32243568
-1.3900491, 0.5889342, 0.31003383
-1.4507833, 0.5297062, 0.30743206
-1.3682779, 0.569114, 0.29701772
-1.5298034, 0.5090279, 0.3064677
-1.3915224, 0.6104071, 0.3102176
-1.4102762, 0.5706875, 0.30911165
-1.4093366, 0.5295906, 0.30711165
-1.4085287, 0.550928, 0.29543677
-1.5097622, 0.52887726, 0.30695108
-1.3091943, 0.6097421, 0.3092016
-1.530085, 0.71007353, 0.30756694
-1.530512, 0.73010033, 0.30763277
-1.5089406, 0.7480198, 0.3084689
-1.5092956, 0.77057356, 0.30771738
-1.5312047, 0.7699974, 0.30868334
-1.5100571, 0.7880902, 0.30848923
-1.5092934, 0.8090586, 0.309499
-1.50923, 0.8299287, 0.30850393
-1.4877975, 0.8483164, 0.30885658
-1.5103873, 0.86864156, 0.31047967
-1.5106373, 0.8901773, 0.30978823
-1.490684, 0.8901143, 0.30680564
-1.3705862, 0.28861985, 0.29665413
-1.2915474, 0.33162373, 0.29691523
-1.3078444, 0.30938572, 0.29517177
-1.3503664, 0.4312364, 0.29629353
-1.3284003, 0.30984724, 0.3066162
-1.3687377, 0.22842379, 0.29556084
-1.2695614, 0.37158415, 0.29720622
-1.371862, 0.2915733, 0.30474943
-1.3506316, 0.27003467, 0.30579686
-1.3501728, 0.5912101, 0.30735737
-1.3299456, 0.36955345, 0.29769912
-1.3471767, 0.27107728, 0.29582688
-1.451611, 0.37031615, 0.296111
-1.2701182, 0.23090737, 0.2979736
-1.3899188, 0.3092556, 0.29590812
-1.4105895, 0.34872326, 0.29547003
-1.4303885, 0.3310739, 0.30600658
-1.3091637, 0.2900113, 0.2964601
-1.2513816, 0.2694274, 0.2954491
-1.2506104, 0.18874781, 0.30721906
-1.4489068, 0.35195416, 0.3061211
-1.4322217, 0.3290722, 0.29510805
-1.4696839, 0.38788974, 0.29582214
-1.489467, 0.38846827, 0.2967263
-1.2285485, 0.3109685, 0.30693147
-1.5494318, 0.43124112, 0.2955589
-1.3906525, 0.5695589, 0.30906004
-1.2311327, 0.52737975, 0.3086682
-1.390315, 0.37313214, 0.2962397
-1.2908496, 0.35143405, 0.29638454
-1.2277452, 0.21022117, 0.29628217
-1.4093868, 0.2920735, 0.29642257
-1.3297975, 0.19204694, 0.30388305
-1.5499895, 0.4896653, 0.30570605
-1.250051, 0.34981546, 0.29781073
-1.4097261, 0.08987001, 0.2945227
-1.4303588, 0.39486644, 0.29654902
-1.2678013, 0.2521049, 0.30457234
-1.3720007, 0.3082613, 0.29592508
-1.3505251, 0.49028316, 0.3080082
-1.2503245, 0.3495879, 0.3064525
-1.2914449, 0.27032387, 0.29492185
-1.3289659, 0.35278654, 0.29650998
-1.3102806, 0.25130498, 0.30531502
-1.2492381, 0.3120628, 0.29633498
-1.2696425, 0.56937575, 0.29708487
-1.3501917, 0.28706336, 0.2951708
-1.2303827, 0.22971928, 0.30661717
-1.4895263, 0.39090934, 0.3048535
-1.3312291, 0.21020697, 0.29519084
-1.3503498, 0.36869055, 0.29685235
-1.2711992, 0.33224377, 0.29675746
-1.3106995, 0.36989406, 0.29700175
-1.2492299, 0.21064053, 0.29572442
-1.3904555, 0.25315803, 0.29357377
-1.3053885, 0.27253023, 0.29562712
-1.4082347, 0.3113918, 0.2965546
-1.4079579, 0.4508782, 0.29752398
-1.3901143, 0.26994088, 0.29391047
-1.3907236, 0.22913617, 0.30602467
-1.3105112, 0.21159954, 0.30508122
-1.2881618, 0.25001645, 0.29598927
-1.2911062, 0.4281353, 0.29487935
-1.3089663, 0.2298228, 0.30425292
-1.4492229, 0.40949354, 0.29631996
-1.249613, 0.38848054, 0.29768765
-1.3891294, 0.33318105, 0.29559532
-1.5114052, 0.38907412, 0.2952372
-1.4482428, 0.36858863, 0.30729985
-1.3110548, 0.23087792, 0.29504445
-1.4117124, 0.32829237, 0.29616722
-1.5106034, 0.40902734, 0.29584453
-1.4892943, 0.53023005, 0.3067003
-1.3686726, 0.349426, 0.29558912
-1.3899232, 0.51047844, 0.30751038
-1.2283968, 0.19017513, 0.306191
-1.4705974, 0.37092447, 0.29604775
-1.5292926, 0.61031556, 0.30721238
-1.3496215, 0.328496, 0.29657072
-1.5107493, 0.2903167, 0.30609053
-1.3101501, 0.5512971, 0.3089994
-1.2905507, 0.49002942, 0.30934992
-1.2106698, 0.31053206, 0.30607766
-1.4670972, 0.23113076, 0.30475956
-1.2695417, 0.40723148, 0.2962837
-1.2100247, 0.3687559, 0.30581814
-1.3924028, 0.38773343, 0.29761973
-1.2917429, 0.30847025, 0.29743502
-1.2713337, 0.21039905, 0.29653242
-1.2886356, 0.23010254, 0.2963694
-1.2323424, 0.26872334, 0.29568556
-1.2699398, 0.19037399, 0.30623892
-1.250153, 0.1701891, 0.307123
-1.32951, 0.16934659, 0.30751625
-1.3095827, 0.24922128, 0.29557088
-1.2903562, 0.21074119, 0.30568442
-1.2092317, 0.31096435, 0.2974158
-1.5481267, 0.049497135, 0.2950635
-1.2908907, 0.20995718, 0.2949876
-1.2711395, 0.1905357, 0.29579982
-1.2885848, 0.19032584, 0.30532405
-1.2719082, 0.17158885, 0.30690986
-1.251179, 0.14888793, 0.30478013
-1.2523061, 0.1702823, 0.29317614
-1.21194, 0.5512732, 0.30678153
-1.3299562, 0.14953032, 0.3065345
-1.2291868, 0.15033352, 0.30556214
-1.2099289, 0.26889724, 0.30769792
-1.2899781, 0.1720996, 0.30674586
-1.2716473, 0.14919372, 0.30540907
-1.2492566, 0.13044384, 0.30674404
-1.3302152, 0.13116542, 0.30527082
-1.2296705, 0.13192879, 0.30761886
-1.2716861, 0.14929886, 0.2944045
-1.2676971, 0.12986016, 0.3080794
-1.3506862, 0.25291115, 0.29597574
-1.4708153, 0.2896201, 0.29401818
-1.4103305, 0.5893984, 0.29667586
-1.3118476, 0.551725, 0.2964644
-1.5507998, 0.570002, 0.29580894
-1.4087492, 0.6689834, 0.29659903
-1.4516525, 0.26915455, 0.29572093
-1.5301884, 0.38995683, 0.29475355
-1.3909885, 0.6509664, 0.2948727
-1.3466113, 0.6090116, 0.29651868
-1.4307587, 0.049843926, 0.2926017
-1.471305, 0.17102322, 0.29358667
-1.5113026, 0.35069656, 0.29504663
-1.4270756, 0.21113083, 0.29204088
-1.408471, 0.23059048, 0.29545403
-1.3703579, 0.58877397, 0.296241
-1.3692424, 0.24898799, 0.29603332
-1.4295976, 0.14995441, 0.29298022
-1.448999, 0.029400013, 0.29195318
-1.3893851, 0.5511696, 0.2958198
-1.2718756, 0.35112742, 0.29654196
-1.2309078, 0.34905142, 0.30641025
-1.4508222, 0.11036821, 0.29196158
-1.3298444, 0.8108153, 0.30802336
-1.3307936, 0.1496519, 0.29479176
-1.3495312, 0.77065355, 0.3085917
-1.3916942, 0.63032854, 0.30849627
-1.5501766, 0.66888535, 0.29695806
-1.4480221, 0.2503492, 0.29347426
-1.268783, 0.27030274, 0.30544993
-1.4708552, 0.19104214, 0.29441205
-1.5290788, 0.3099731, 0.29484415
-1.47124, 0.3298402, 0.29484874
-1.4700081, 0.7889194, 0.30867088
-1.3676915, 0.6671505, 0.2972572
-1.5085413, 0.069446005, 0.29211602
-1.4691396, 0.8684603, 0.29814318
-1.4704396, 0.5500926, 0.29493243
-1.4309505, 0.16982946, 0.2957475
-1.4704783, 0.77088046, 0.30877638
-1.572583, 0.66785836, 0.29616517
-1.4316806, 0.18899028, 0.29265139
-1.511619, 0.36986703, 0.29561663
-1.4514037, 0.51050186, 0.2958238
-1.4501971, 0.5489568, 0.29666108
-1.5094546, 0.5504611, 0.29633987
-1.549238, 0.8713719, 0.3088251
-1.4718244, 0.109906144, 0.294955
-1.4087605, 0.16853088, 0.29553938
-1.549425, 0.35063297, 0.2952525
-1.4705905, 0.27077982, 0.3061362
-1.4121681, 0.57079077, 0.29683942
-1.5698818, 0.59105253, 0.29596192
-1.4896879, 0.1294383, 0.2937619
-1.4889357, 0.33040836, 0.29504535
-1.4488808, 0.50984377, 0.30844346
-1.2903178, 0.16840976, 0.29443806
-1.5710514, 0.7685286, 0.29566464
-1.4907306, 0.52883863, 0.29601085
-1.4084291, 0.12946992, 0.3063391
-1.2308042, 0.30965054, 0.29741222
-1.369381, 0.1899323, 0.2949249
-1.4307766, 0.65114564, 0.29619578
-1.5114149, 0.5094851, 0.30691865
-1.2506249, 0.42900166, 0.30777493
-1.5308248, 0.35059837, 0.2943729
-1.3518918, 0.6325128, 0.2954461
-1.4517573, 0.29114047, 0.29621515
-1.4908183, 0.72919583, 0.3085403
-1.3894281, 0.20902711, 0.29563206
-1.5099587, 0.48908752, 0.29614374
-1.5511732, 0.50950575, 0.29453924
-1.3324553, 0.26900375, 0.30625805
-1.510449, 0.3115033, 0.29524088
-1.2495723, 0.11360709, 0.30622485
-1.4709432, 0.50810206, 0.30720726
-1.5292484, 0.54981977, 0.29604062
-1.3899363, 0.22803174, 0.29473606
-1.5097337, 0.29081312, 0.29352388
-1.3473946, 0.21327162, 0.29562205
-1.4894661, 0.51010287, 0.29479846
-1.430273, 0.22870332, 0.29551005
-1.3116024, 0.58915544, 0.30897734
-1.4696009, 0.08918442, 0.2940553
-1.4904062, 0.30866987, 0.2955831
-1.4698733, 0.051565886, 0.29368308
-1.551062, 0.68846095, 0.29662046
-1.5492789, 0.5893084, 0.29478946
-1.4271824, 0.2716003, 0.29468602
-1.5281312, 0.29086214, 0.29470763
-1.4918277, 0.668449, 0.2961608
-1.3098433, 0.17144497, 0.29456282
-1.3712437, 0.6300324, 0.29584098
-1.5304812, 0.52919966, 0.29514858
-1.310757, 0.1068595, 0.30641666
-1.3099735, 0.19002613, 0.29462388
-1.3122172, 0.11209243, 0.29419222
-1.2705364, 0.4711276, 0.30808246
-1.5300921, 0.23042731, 0.29362983
-1.2113523, 0.2693813, 0.29714626
-1.3112657, 0.16972448, 0.3080193
-1.4313821, 0.59129626, 0.29640526
-1.3499076, 0.3117465, 0.3050985
-1.3317795, 0.111492045, 0.30552322
-1.2489597, 0.23489404, 0.29616284
-1.3925294, 0.5321443, 0.29440904
-1.3696864, 0.2314197, 0.30631828
-1.3503278, 0.1709235, 0.3054444
-1.3298577, 0.13000463, 0.29332608
-1.3500351, 0.15108407, 0.2916864
-1.4503936, 0.2712942, 0.30638236
-1.5101153, 0.39145243, 0.3045807
-1.3491048, 0.35144457, 0.30533907
-1.2325183, 0.33028668, 0.29636955
-1.5098009, 0.6506149, 0.3091086
-1.3098761, 0.1515308, 0.30606806
-1.2297789, 0.42992383, 0.30885476
-1.5101985, 0.52923626, 0.2950121
-1.2876055, 0.1299358, 0.30711684
-1.3322617, 0.43181446, 0.29752475
-1.289029, 0.19123776, 0.2957186
-1.3488574, 0.13250674, 0.30573696
-1.5082619, 0.04959828, 0.29160014
-1.388747, 0.18927039, 0.30639225
-1.3297056, 0.5321446, 0.29553008
-1.4897983, 0.3507587, 0.30525026
-1.4108189, 0.16987658, 0.30437717
-1.2290069, 0.4298101, 0.29757184
-1.2290335, 0.2721789, 0.3063803
-1.3901422, 0.24856119, 0.305204
-1.3516419, 0.3898697, 0.29637194
-1.2327272, 0.46626273, 0.29801625
-1.2889804, 0.5705709, 0.29821852
-1.4102991, 0.50953573, 0.30732024
-1.3285254, 0.18836363, 0.2958767
-1.2887819, 0.15128767, 0.30527487
-1.3493782, 0.14873396, 0.3070243
-1.3322201, 0.50554353, 0.29673392
-1.3697575, 0.17105913, 0.30565256
-1.4482374, 0.84907913, 0.30855286
-1.2917687, 0.6115945, 0.29622608
-1.3505906, 0.2094351, 0.30598482
-1.4303092, 0.3111183, 0.30521935
-1.468828, 0.64985925, 0.29569983
-1.3892235, 0.07126822, 0.3071197
-1.309819, 0.1317199, 0.30518985
-1.3084259, 0.09046288, 0.29631788
-1.3109492, 0.19088002, 0.3052266
-1.3097484, 0.53103215, 0.29432547
-1.2715452, 0.20949829, 0.30405363
-1.2916622, 0.37090296, 0.29659098
-1.3507634, 0.17046306, 0.29435074
-1.3496727, 0.12928765, 0.2941385
-1.3696332, 0.13044235, 0.3057868
-1.3911073, 0.17052312, 0.30581695
-1.291006, 0.67102915, 0.29683244
-1.3868564, 0.1341887, 0.29645267
-1.3679016, 0.15013044, 0.30599138
-1.371431, 0.12880966, 0.29572347
-1.3897552, 0.15138204, 0.2938907
-1.3699768, 0.11039573, 0.2932113
-1.3704584, 0.09119621, 0.29191774
-1.3726311, 0.069135405, 0.29718494
-1.5321045, 0.35174978, 0.30538768
-1.530222, 0.7503264, 0.3104684
-1.2069137, 0.2908258, 0.2963113
-1.5487648, 0.85070586, 0.3095795
-1.288841, 0.7689136, 0.30999395
-1.2103248, 0.35029674, 0.3066624
-1.5515002, 0.3098682, 0.30468488
-1.3295424, 0.6510511, 0.30926967
-1.2700177, 0.64480835, 0.2974193
-1.371427, 0.8082007, 0.3105339
-1.3328531, 0.67006636, 0.29441175
-1.309254, 0.6692587, 0.30952427
-1.5499152, 0.3329289, 0.30553797
-1.2685505, 0.1106854, 0.3071235
-1.3472958, 0.11179127, 0.3052159
-1.5091475, 0.23015703, 0.29396364
-1.5093104, 0.23019269, 0.30534747
-1.551166, 0.2707216, 0.30661482
-1.5285966, 0.2895459, 0.30547187
-1.4908034, 0.08939324, 0.29344872
-1.5091598, 0.032043256, 0.29293072
-1.4897777, 0.49003455, 0.29600826
-1.3491621, 0.82705355, 0.30862963
-1.3699013, 0.85025185, 0.31019184
-1.4715766, 0.24763243, 0.29401162
-1.4899279, 0.109816745, 0.2918008
-1.2311611, 0.38870648, 0.29622397
-1.5509644, 0.39189208, 0.30571082
-1.5704724, 0.3512663, 0.3056153
-1.3483018, 0.18697296, 0.296418
-1.3090657, 0.63073754, 0.29503763
-1.4297173, 0.88929707, 0.31037435
-1.5300708, 0.8904296, 0.309256
-1.4708937, -0.0100835785, 0.2913837
-1.4510252, 0.01007352, 0.29310417
-1.4082298, 0.23073272, 0.30596384
-1.3684115, 0.70974004, 0.30927405
-1.2116573, 0.08933886, 0.30782908
-1.3348404, 0.6900802, 0.29862195
-1.3883744, 0.051017076, 0.2935344
-1.3688467, 0.04936918, 0.3032861
-1.4255589, 0.013695549, 0.29295954
-1.490685, 0.028317176, 0.29382807
-1.232072, 0.10958588, 0.2966653
-1.171152, 0.12780547, 0.30771577
-1.191111, 0.14851338, 0.30691224
-1.4485173, 0.890349, 0.30756697
-1.4106619, 0.89005405, 0.31131944
-1.2097836, 0.07192078, 0.30900425
-1.2902988, 0.7860601, 0.29767936
-1.3902938, 0.030116163, 0.29280683
-1.4308139, -0.027940704, 0.3046916
-1.4097086, 0.010096955, 0.2930593
-1.3687465, 0.011411732, 0.2932358
-1.3693913, 0.86698014, 0.29818434
-1.1738997, 0.14794971, 0.3059397
-1.4083948, -0.009605772, 0.29343528
-1.3084401, 0.9514057, 0.31094927
-1.2690517, 0.909684, 0.30995673
-1.3511677, 0.010031584, 0.29386488
-1.3689113, -0.008888575, 0.2948267
-1.3705842, 0.9103928, 0.31031412
-1.3476037, 0.9311791, 0.32441348
-1.3505557, 0.02993124, 0.30686596
-1.3303622, -0.008860743, 0.29294398
-1.3493828, 0.96802664, 0.30903867
-1.45144, -0.009492527, 0.29340205
-1.4127759, 0.4086422, 0.2966372
-1.4510345, 0.25138274, 0.30685037
-1.2919368, 0.7067132, 0.29689908
-1.3922926, 0.16948079, 0.29452598
-1.3117633, 0.13010117, 0.2926868
-1.1744689, 0.16453753, 0.30431148
-1.289471, 0.22906461, 0.30717978
-1.4896216, 0.54913664, 0.30763477
-1.5886422, 0.5884583, 0.30948287
-1.3123536, 0.20849682, 0.2951259
-1.3908486, 0.19107921, 0.29553914
-1.3295873, 0.071777105, 0.2928865
-1.4902679, 0.630957, 0.30944663
-1.5301847, 0.5692588, 0.2952432
-1.2727972, 0.2702402, 0.2971348
-1.3714042, 0.33080715, 0.29696092
-1.3688542, 0.2712115, 0.29639938
-1.3300743, 0.58987314, 0.3088069
-1.3905097, 0.06874576, 0.29285178
-1.3302572, 0.24960832, 0.2954111
-1.5491183, 0.7902995, 0.30875012
-1.5306273, 0.009250207, 0.29323664
-1.2099279, 0.15036327, 0.30622593
-1.469168, 0.1902915, 0.30534688
-1.3873657, 0.74971694, 0.30920193
-1.352089, 0.10967487, 0.29427046
-1.3910043, -0.009860036, 0.29282415
-1.4885184, -0.0090076905, 0.29027358
-1.4697274, 0.030001085, 0.292158
-1.3680394, 0.028878076, 0.30832195
-1.3083019, 0.39044338, 0.29740238
-1.2925146, 0.4908571, 0.2956055
-1.2700227, 0.1710892, 0.29371145
-1.5701239, 0.35019615, 0.29484034
-1.50986, 0.11054931, 0.29171318
-1.3063065, 0.488659, 0.2971539
-1.5304419, 0.8492105, 0.30996495
-1.351579, 0.4499533, 0.307341
-1.3893938, 0.6700327, 0.30886054
-1.4293388, 0.10938245, 0.2930842
-1.3296525, 0.04771031, 0.2942332
-1.2907612, -0.010593234, 0.2904458
-1.3092492, 0.049569413, 0.2934322
-1.2890666, 0.009457277, 0.2936797
-1.3701824, 0.60932773, 0.3093814
-1.4302834, 0.55273086, 0.29597095
-1.2730348, 0.45108882, 0.298092
-1.4078662, 0.72588176, 0.29588673
-1.2611096, 0.16239963, 0.27808797
-1.449457, 0.5874612, 0.29513818
-1.510246, 0.030807815, 0.30403098
-1.4294965, 0.69049585, 0.2960994
-1.2301294, 0.19078106, 0.29733637
-1.4283524, 0.6297024, 0.30877548
-1.3327436, 0.7492138, 0.2975312
-1.3106446, 0.75032383, 0.3098396
-1.4530948, 0.6871127, 0.297454
-1.3097055, 0.4521534, 0.29582462
-1.4913741, 0.86974853, 0.31015512
-1.3299633, 0.4902282, 0.29703256
-1.4499303, 0.1489058, 0.29291302
-1.5484494, 0.8904571, 0.31130353
-1.4519913, 0.62869424, 0.29612958
-1.2446618, 0.53827596, 0.27783602
-1.4304677, 0.52961206, 0.29588047
-1.4699258, 0.5302105, 0.30801666
-1.5100939, 0.58830696, 0.29504955
-1.5504783, 0.61042655, 0.29610497
-1.5308193, 0.8686435, 0.3088998
-1.4513155, 0.10981015, 0.3071225
-1.3938835, 0.1084014, 0.29570457
-1.3314556, 0.96788645, 0.2981785
-1.5111486, 0.15074585, 0.2916668
-1.4510034, 0.20886438, 0.29487687
-1.5106874, 0.56814015, 0.2953206
-1.3081334, 0.030237133, 0.29417017
-1.3708239, 0.60967535, 0.29559702
-1.3483133, 0.569389, 0.29547057
-1.5504827, 0.5895404, 0.30838436
-1.2697104, 0.5095829, 0.2969566
-1.2273667, 0.4507948, 0.29689696
-1.2719418, 0.92927074, 0.2983293
-1.4902029, 0.5488998, 0.29593346
-1.1890547, 0.06956386, 0.30470404
-1.1908132, 0.068630345, 0.29595035
-1.4287397, 0.95038885, 0.30936208
-1.5113508, 0.61119753, 0.29449293
-1.310255, 0.030440178, 0.30582127
-1.1892947, 0.051811747, 0.30705872
-1.3098782, 0.011292517, 0.30452913
-1.289263, 0.08994949, 0.3055041
-1.2713097, 0.38960192, 0.30728528
-1.4694898, 0.07094473, 0.30451354
-1.3319944, 0.16974129, 0.2939711
-1.4305242, 0.112178005, 0.30551052
-1.4504375, 0.19117647, 0.2935713
-1.2300887, 0.09558453, 0.2964454
-1.5342711, 0.89144963, 0.297519
-1.2307094, 0.2903855, 0.29608747
-1.4902494, 0.8093056, 0.30967423
-1.467271, 0.011610848, 0.29135773
-1.2566837, 0.44972983, 0.29775685
-1.3293525, 0.89287776, 0.30895057
-1.4484305, 0.17175716, 0.30738348
-1.2297561, 0.69080293, 0.3090211
-1.3285681, 0.052185997, 0.30438182
-1.3932517, 0.1280883, 0.3069181
-1.3310645, 0.3328302, 0.29662016
-1.5320319, 0.029935304, 0.2922045
-1.3900352, 0.10891813, 0.30561954
-1.4303488, 0.19046508, 0.3071497
-1.2692707, 0.0911148, 0.30396715
-1.2712506, 0.25047457, 0.2960004
-1.471029, 0.31031832, 0.29337713
-1.4694223, 0.74987817, 0.30966285
-1.3909729, 0.08896275, 0.2950902
-1.4497323, 0.12762025, 0.3072365
-1.2712755, 0.5513918, 0.2981447
-1.1909403, 0.0504971, 0.29572394
-1.2491124, 0.107370615, 0.29459813
-1.532401, 0.7273948, 0.29627296
-1.4507397, 0.22923814, 0.3066652
-1.250883, 0.08942736, 0.3067381
-1.412674, 0.1325068, 0.29487404
-1.48982, 0.23020506, 0.29246742
-1.4888065, 0.2699335, 0.30631465
-1.3127646, -0.010959427, 0.30650964
-1.4303424, 0.26987994, 0.3057556
-1.5309262, 0.90790033, 0.3093117
-1.2920151, 0.029331459, 0.29412857
-1.3905109, 0.79182816, 0.29700163
-1.4301308, 0.28934234, 0.29569435
-1.3919162, 0.052262343, 0.30310464
-1.4701953, 0.21030661, 0.30678153
-1.5116718, 0.18757099, 0.30477858
-1.5692133, 0.5086152, 0.29491255
-1.3890846, 0.14881271, 0.30567497
-1.250923, 0.7292092, 0.3103753
-1.5075767, 0.13056557, 0.3053109
-1.489724, 0.291113, 0.3051488
-1.3107097, 0.26906112, 0.30614147
-1.2896682, 0.3120161, 0.30738494
-1.4900379, 0.049450465, 0.30553573
-1.4109986, 0.14972772, 0.30613726
-1.2714645, 0.09113273, 0.29546446
-1.285836, 0.050084732, 0.30962926
-1.250018, 0.07020608, 0.30886218
-1.2295761, 0.04973968, 0.30673286
-1.5313469, 0.9307979, 0.30989927
-1.2711152, 0.050290152, 0.30512378
-1.251405, 0.050542325, 0.30498454
-1.2313211, 0.029117044, 0.3061846
-1.2297071, 0.04896265, 0.29571795
-1.51058, 0.92935777, 0.31005293
-1.2684385, 0.05002218, 0.2945533
-1.2509456, 0.028494282, 0.30693817
-1.2510629, 0.049252354, 0.29477993
-1.2102079, 0.03151717, 0.30622184
-1.5100898, 0.9480903, 0.30979845
-1.487983, 0.93127745, 0.30698416
-1.2502735, 0.031847615, 0.29084283
-1.5107177, 0.9716309, 0.31091553
-1.5288208, 0.99175787, 0.30696714
-1.2512314, -0.011575681, 0.30462065
-1.4903157, 0.9714932, 0.3085657
-1.5092512, 0.98943955, 0.31138685
-1.4678466, 0.94805765, 0.31150898
-1.5292169, 1.0097302, 0.30995122
-1.2675078, -0.011140971, 0.30349177
-1.5091997, 1.0121969, 0.31098118
-1.4721148, 0.9915825, 0.3091364
-1.4933815, 1.0088135, 0.30971116
-1.5104319, 1.0307996, 0.30827254
-1.5126098, 1.0512447, 0.31126833
-1.4698956, 1.0332977, 0.30840084
-1.4498913, 1.0107511, 0.31035852
-1.4670725, 1.0490004, 0.3105542
-1.5098298, 1.0880201, 0.31120574
-1.4908732, 1.0698845, 0.31034175
-1.4893003, 1.0917394, 0.3109401
-1.1891904, 0.03440526, 0.30492538
-1.5713482, 0.68889666, 0.2968418
-1.2889259, 0.6289406, 0.3089586
-1.4508969, 0.19020142, 0.30514804
-1.4501976, 0.7308064, 0.31085125
-1.4492832, 1.0500419, 0.3121833
-1.5297338, 0.19033511, 0.2934466
-1.5874861, 0.5503829, 0.30724412
-1.2092708, 0.23146291, 0.2968735
-1.3693899, 0.069417685, 0.30427238
-1.3335482, 0.80374646, 0.29645225
-1.4682173, 0.9096682, 0.31043345
-1.2889845, 0.15089948, 0.29363734
-1.4309294, 0.06798345, 0.30449507
-1.511152, -0.048927736, 0.2942094
-1.3507782, 0.92831343, 0.29709882
-1.5502943, 0.78780466, 0.32309365
-1.3502177, 0.72959995, 0.3104801
-1.410979, 0.8689282, 0.31004995
-1.390518, 0.7275904, 0.2946249
-1.4079688, 0.9084721, 0.30952284
-1.327709, 0.7497811, 0.30988222
-1.2703685, 0.07035114, 0.3077562
-1.4285009, 0.9910005, 0.31007305
-1.4321277, 1.0313246, 0.31155995
-1.428599, 1.0730858, 0.31218302
-1.4507776, 1.0483166, 0.32249808
-1.511117, -0.00825657, 0.30610365
-1.3697853, 0.9477523, 0.30976486
-1.3495337, 0.90976363, 0.29739603
-1.408766, 1.0297889, 0.3110078
-1.4513932, 1.0302804, 0.32417938
-1.3909967, 1.031192, 0.31048793
-1.3528898, 1.0301343, 0.31083164
-1.347836, 1.0278547, 0.32375446
-1.3495485, 1.0705459, 0.30962387
-1.3312122, 0.09118583, 0.29385847
-1.3116486, 0.3316777, 0.29610914
-1.4317036, 0.6716636, 0.30866295
-1.3693527, 0.62886435, 0.30900145
-1.2729825, 0.13130115, 0.2950671
-1.571, 0.91047394, 0.31031433
-1.2697314, 0.30954304, 0.29448363
-1.4128613, 0.03535515, 0.27996296
-1.2899847, -0.011252588, 0.30451152
-1.3539822, 0.028156996, 0.2947464
-1.2892817, 0.609262, 0.30842754
-1.4898186, 0.5890105, 0.29583228
-1.58927, 0.709346, 0.3100376
-1.2485462, 0.23097841, 0.30579746
-1.3485037, 0.009462624, 0.30444494
-1.2711915, 0.010780986, 0.29365313
-1.2294408, 0.11003224, 0.30547905
-1.4304178, 0.9706365, 0.30899218
-1.2089769, 0.148299, 0.2964517
-1.290468, 0.08905309, 0.29378042
-1.2894136, 0.06757285, 0.3058092
-1.3678476, 1.0089853, 0.31035936
-1.5690053, 0.50936514, 0.30616412
-1.588949, 0.73038614, 0.30739436
-1.4511306, 0.95015466, 0.31089932
-1.2900172, 0.28607014, 0.2971429
-1.2064452, 0.11198712, 0.29632798
-1.5917008, 0.91036546, 0.30870765
-1.5709093, 0.9301621, 0.31117117
-1.2889304, 0.07218547, 0.29244167
-1.3116935, 0.069002844, 0.30410028
-1.5902919, 0.92878276, 0.30982777
-1.5901643, 0.95119804, 0.3091541
-1.5720322, 0.9704867, 0.31126788
-1.5920603, 0.96926, 0.2988779
-1.609062, 0.98950374, 0.30793923
-1.6100987, 1.0475061, 0.30863985
-1.2106335, 0.4297399, 0.30786428
-1.3697243, 0.15026191, 0.29541862
-1.4925698, 0.9674932, 0.29743448
-1.4911827, 0.7318591, 0.29457116
-1.3897505, 0.60875714, 0.29686654
-1.4687318, 0.84931684, 0.29684672
-1.4301432, 0.24962433, 0.29652974
-1.3739026, 0.6508919, 0.29722506
-1.4488566, 0.66965795, 0.29675224
-1.3322581, 0.8915104, 0.29782936
-1.4113873, 0.9076819, 0.2974463
-1.587985, 0.7105207, 0.29594263
-1.2546824, 0.46872273, 0.29739413
-1.2488223, 0.12770799, 0.2948901
-1.3499233, 0.8501302, 0.29716784
-1.3482081, 0.7308348, 0.2960077
-1.3100724, 0.6506465, 0.30877542
-1.3699187, 0.87049806, 0.3094175
-1.2331638, 0.35067955, 0.2970524
-1.4499873, 0.6517033, 0.29677448
-1.369837, 0.16758189, 0.2952206
-1.4124327, 0.6104532, 0.29651937
-1.2714859, 0.47227976, 0.29680592
-1.4702071, 0.8296149, 0.3095007
-1.3318499, 0.70673835, 0.29645577
-1.3471527, 0.9907993, 0.30902064
-1.3090148, 0.6906356, 0.29505277
-1.3103613, 0.06864298, 0.29402733
-1.3303684, 0.8317438, 0.29776993
-1.2493223, 0.6887111, 0.31139836
-1.3089873, 1.0099539, 0.3096251
-1.4494107, 0.6490206, 0.30985916
-1.4270996, 0.12991919, 0.30606562
-1.2105415, 0.027740726, 0.29667
-1.5493821, 0.9693116, 0.31106848
-1.3503686, 0.69037783, 0.29594722
-1.4098682, 0.6285021, 0.29641703
-1.5502701, 0.2896426, 0.29474723
-1.5877703, 1.0480181, 0.3103084
-1.310186, 0.09036446, 0.30549595
-1.5492513, 0.9300506, 0.31113976
-1.529927, 0.21258146, 0.3056635
-1.2697321, 0.108168356, 0.29630426
-1.4511163, 0.87119, 0.3089381
-1.4476514, 0.9098588, 0.30894625
-1.3678712, 1.0491129, 0.31286636
-1.4895178, 0.033496168, 0.30587968
-1.4292599, 0.09102599, 0.30500606
-1.3481469, 0.70591617, 0.29643857
-1.5704728, 0.87009716, 0.31159303
-1.2331256, 0.25063252, 0.29678386
-1.3115834, 0.14850214, 0.29681018
-1.5518662, 0.20922375, 0.29410067
-1.4519603, 1.012663, 0.29803613
-1.4089845, 0.03244119, 0.30474418
-1.4708602, 0.1303802, 0.2928715
-1.2893796, 0.049327124, 0.29366645
-1.5098943, 0.089700714, 0.2913254
-1.3696731, 0.6893842, 0.30904368
-1.409409, 0.20949616, 0.29431638
-1.2093066, 0.12834428, 0.29654464
-1.2300295, 0.611309, 0.30853292
-1.521683, 0.12049005, 0.27823988
-1.3911344, 0.97167, 0.31099066
-1.4104035, -0.030231643, 0.29226208
-1.3513119, 0.78881407, 0.3074882
-1.6087643, 0.9500023, 0.31087133
-1.4311615, 0.87053716, 0.30981693
-1.3764181, 1.0111443, 0.2977745
-1.329215, 1.0114723, 0.31103685
-1.5501461, 0.37117192, 0.2936365
-1.3497701, 0.9086974, 0.30840617
-1.332424, 0.7924793, 0.29740342
-1.290359, 0.7914211, 0.30891597
-1.2880334, 0.7290839, 0.31054384
-1.6113164, 0.8686336, 0.30887878
-1.4693264, 0.05052495, 0.30547068
-1.3284334, 1.0300738, 0.3101803
-1.4920712, 0.9886031, 0.3093308
-1.2496554, 0.7092373, 0.31031415
-1.549827, 0.9893354, 0.31013826
-1.3505272, 0.9508105, 0.31147414
-1.4128107, 0.27006087, 0.29528478
-1.4289088, 0.8688057, 0.2966739
-1.3297063, 0.06982831, 0.30459392
-1.3296138, -0.0122731, 0.3048411
-1.3865957, 0.027619999, 0.30651
-1.2724413, 0.028749647, 0.29297367
-1.2494112, 0.24966912, 0.29728144
-1.3126311, 0.6493444, 0.296888
-1.2498993, 0.4706782, 0.30874792
-1.4925915, 0.80694443, 0.2962865
-1.3720382, -0.010079807, 0.30420125
-1.4291734, -0.010009724, 0.29165494
-1.5495721, 0.8108207, 0.2966001
-1.2319679, 0.5910608, 0.31077352
-1.6114464, 0.8281581, 0.30972117
-1.4109578, 0.93030417, 0.31124336
-1.5923744, 0.87174726, 0.29800105
-1.552084, 0.9954071, 0.2975282
-1.2698202, 0.8112625, 0.31174248
-1.5292768, 0.5301847, 0.30759418
-1.3896511, 1.0099584, 0.30934313
-1.571312, 0.9333485, 0.29690626
-1.5299263, 0.7488596, 0.2965467
-1.4658532, 0.7678912, 0.2952761
-1.389803, 0.8110173, 0.30894217
-1.40929, 0.19028552, 0.30415034
-1.5305963, 0.50859576, 0.29474288
-1.4662551, 0.029379643, 0.30493295
-1.3869822, 1.0497978, 0.2987275
-1.5309381, 0.8091547, 0.29476202
-1.5421346, 1.0021114, 0.2986323
-1.5499986, 0.54937845, 0.29525566
-1.3103206, 1.0502169, 0.31103152
-1.3488373, 0.08954871, 0.30689308
-1.5893589, 0.80942625, 0.30874738
-1.2895261, 0.73557997, 0.29694283
-1.508002, 0.9703095, 0.29897794
-1.3680077, 0.9316842, 0.3103966
-1.428962, 0.9113739, 0.30773064
-1.4301872, 1.0494732, 0.31183192
-1.5290366, 1.0273404, 0.29738253
-1.5283009, 0.18874863, 0.30496764
-1.5322571, 0.9519715, 0.2968629
-1.2683768, 0.06981662, 0.29508603
-1.3500429, 0.6493264, 0.31126297
-1.4091653, 0.71002245, 0.3100102
-1.2500441, 0.4498028, 0.30713284
-1.5094843, 0.013426973, 0.27975476
-1.2893939, 0.010255422, 0.30562195
-1.6051694, 0.99063957, 0.29924247
-1.6082374, 0.9458322, 0.29809546
-1.2862167, 0.8870311, 0.29708937
-1.5123305, 0.8705035, 0.29776436
-1.309124, 0.81031865, 0.29798716
-1.4078968, 0.6893612, 0.29567963
-1.3354018, 1.032334, 0.29912394
-1.3081379, 0.7483928, 0.29719645
-1.3877323, 0.9704592, 0.29883018
-1.3909669, 1.0279815, 0.29782325
-1.2867059, 1.0490894, 0.3105598
-1.534411, 1.0553561, 0.2994827
-1.4299486, 0.02921284, 0.30402166
-1.1889138, 0.11015209, 0.30692175
-1.4123422, 0.85091484, 0.3093353
-1.2083741, 0.04865266, 0.29637185
-1.5718846, 0.63247234, 0.29588494
-1.2485511, 0.18955535, 0.2948293
-1.4088831, 0.11136373, 0.29358807
-1.2526743, 0.9100823, 0.30896002
-1.2882189, 0.99045575, 0.32441378
-1.4490772, 0.047978286, 0.29442486
-1.4286404, 1.0082724, 0.2979942
-1.4944643, 0.8305061, 0.2971961
-1.2500901, 0.66972464, 0.29751274
-1.4473897, 0.069336385, 0.30562758
-1.4091239, 0.05143313, 0.30455953
-1.3505062, 0.5303155, 0.30751973
-1.6074524, 0.7320234, 0.29884917
-1.4515494, 0.15311928, 0.30669576
-1.3310015, -0.03006022, 0.29362652
-1.5692047, 0.709147, 0.29576883
-1.5699321, 0.87525296, 0.29676023
-1.4109935, -0.030650642, 0.30462378
-1.3296959, 0.91072327, 0.31054536
-1.2303251, 0.44908437, 0.3087274
-1.5719211, 0.8125282, 0.29693672
-1.2490746, 0.5904273, 0.30886462
-1.3515007, 0.71048564, 0.30938226
-1.3494422, 1.0504202, 0.32413423
-1.5509112, 1.06956, 0.31260097
-1.3934201, 0.91159713, 0.3100726
-1.3556333, 0.9762617, 0.29955274
-1.3535978, 1.0579606, 0.29805213
-1.3121992, 0.91052973, 0.32398885
-1.4715921, 0.84995407, 0.310708
-1.6113906, 0.9039716, 0.29812247
-1.3497639, 0.8300854, 0.32330173
-1.3696251, 0.90919435, 0.29800284
-1.2523823, 0.29050702, 0.29605502
-1.49039, 0.91064495, 0.30745777
-1.4718099, 0.7903444, 0.29538584
-1.4478548, 0.7496637, 0.29716474
-1.5902262, 0.83165526, 0.30939293
-1.3328367, 0.83258075, 0.3226364
-1.5298779, 0.6091245, 0.29425
-1.5291525, 0.229502, 0.30383018
-1.4282761, 0.6286011, 0.29671255
-1.3873596, 0.84876025, 0.30893868
-1.1888227, -0.011106497, 0.29672882
-1.4077904, 0.8686938, 0.29757923
-1.4515535, 0.99652, 0.2995782
-1.5120655, 0.811877, 0.29655594
-1.6095922, 0.88962674, 0.30884814
-1.4113917, 0.85102713, 0.29906365
-1.531507, 1.0055265, 0.29930663
-1.3083292, 1.0686407, 0.31069112
-1.4889066, 0.91291964, 0.29738536
-1.4513675, 0.79194, 0.2960349
-1.5302427, 0.06924178, 0.29373002
-1.369887, 0.569033, 0.30930772
-1.4914074, 0.750838, 0.3089811
-1.3673851, 0.8093524, 0.29652506
-1.5116606, 0.77089167, 0.29658812
-1.5723464, 0.7320791, 0.29689604
-1.4095868, 0.7907095, 0.29616976
-1.5126233, 0.64899796, 0.29571235
-1.4281896, 0.5693592, 0.2961234
-1.550819, 0.7528953, 0.2977183
-1.351065, 0.61163247, 0.30915427
-1.4475144, 0.8106419, 0.2977519
-1.2898518, 0.7718083, 0.2984059
-1.3089654, 0.9470279, 0.29929125
-1.3895761, 0.7083919, 0.30870265
-1.3516794, 0.84965366, 0.31160015
-1.5501505, 1.0096842, 0.31123498
-1.4493874, 0.8303045, 0.29770768
-1.4289939, 0.81297183, 0.29717284
-1.331672, 0.08955413, 0.30589384
-1.3501154, 0.9305806, 0.31101304
-1.307658, 0.84695286, 0.32329205
-1.4919094, 0.17030899, 0.29341063
-1.2679858, 0.7512564, 0.2975512
-1.3706474, 1.0281975, 0.29931462
-1.5310729, 1.0491388, 0.30816755
-1.3694705, 1.0726626, 0.32403463
-1.4708179, -0.006367986, 0.278682
-1.512507, 0.8298199, 0.29677242
-1.4913212, 0.650785, 0.29729554
-1.4123362, 0.011866755, 0.30457798
-1.2301078, -0.009868942, 0.3066191
-1.3303589, 0.9492015, 0.30982497
-1.410115, 0.6691051, 0.30926263
-1.3715339, 0.9917326, 0.31010976
-1.4704344, 0.56986964, 0.29515922
-1.5311999, 0.82815623, 0.29756483
-1.5695193, 0.8911566, 0.30977654
-1.2500447, -0.029135933, 0.29373258
-1.4701328, 0.87259364, 0.3222487
-1.4489257, 0.8291416, 0.31105724
-1.4892919, -0.030235076, 0.29226047
-1.2297688, 0.22880915, 0.29620734
-1.6055386, 0.76646215, 0.2969972
-1.2516911, 0.5115295, 0.3083719
-1.3710308, -0.030060139, 0.2936231
-1.4308677, 0.5497278, 0.3088654
-1.2319697, 0.12849692, 0.29519525
-1.3702673, 0.9904333, 0.32141525
-1.250695, 0.1507928, 0.29528096
-1.3434395, 0.073178045, 0.30604324
-1.2482337, 0.49252966, 0.29732275
-1.2531242, 0.09052279, 0.29368463
-1.3466763, 0.79046553, 0.2975177
-1.3902779, 0.6491503, 0.30905622
-1.5706942, 0.95054686, 0.31057012
-1.371958, 0.925786, 0.29734513
-1.3725818, 0.048582822, 0.29427114
-1.4104574, 0.94138956, 0.2984377
-1.3330295, 0.10933973, 0.2946103
-1.5099646, 0.9943352, 0.29781437
-1.4714798, 0.04236011, 0.27884066
-1.490685, 0.86936486, 0.29677588
-1.5689919, 0.8508014, 0.30971402
-1.4295125, 1.0898174, 0.3118943
-1.608412, 1.0064739, 0.29801846
-1.4697926, 0.10949728, 0.30815315
-1.3937514, 0.8733191, 0.29754043
-1.2703675, 0.48852763, 0.2976118
-1.4690309, 0.7291553, 0.3096455
-1.5113468, 0.9104859, 0.31116414
-1.4495636, 0.809513, 0.31026033
-1.4735873, 0.9258957, 0.2976719
-1.5282656, 0.17016235, 0.29251838
-1.470032, 0.9680948, 0.29842806
-1.5880821, 0.848357, 0.29700235
-1.3108318, 0.989859, 0.30994838
-1.6127555, 0.86972535, 0.2976336
-1.5912828, 0.893094, 0.29815027
-1.2298051, 0.5500417, 0.30725825
-1.2492177, 0.6498982, 0.29621083
-1.4580286, 1.0303984, 0.29828325
-1.5686148, 0.6086431, 0.29541242
-1.3307996, 0.8300526, 0.3111079
-1.369772, 1.0884511, 0.31106582
-1.3690498, 0.99138486, 0.29858428
-1.3090527, 0.79012537, 0.31002715
-1.470828, -0.02907073, 0.29295188
-1.4688984, 0.75007594, 0.29620156
-1.3291488, 0.9887951, 0.3109364
-1.2288706, 0.41205192, 0.29692376
-1.5488899, 0.84786105, 0.2983371
-1.2321097, 0.15020326, 0.2975611
-1.3700124, 0.83113146, 0.30903062
-1.5681407, 1.0067627, 0.2976474
-1.530318, 0.78900456, 0.29650062
-1.5019238, 1.0357004, 0.2972073
-1.4840989, 1.0258181, 0.2993518
-1.4911028, 1.0550635, 0.29862252
-1.5487858, 0.9324563, 0.29635426
-1.4700938, 0.72886384, 0.2958435
-1.5287036, 0.12776507, 0.2930565
-1.2691802, 0.5499097, 0.30816603
-1.550161, 0.9090058, 0.29948848
-1.3912283, 0.08959118, 0.3057776
-1.5297859, 0.051671356, 0.2929472
-1.548848, 0.9075757, 0.3117745
-1.4893483, 0.11042513, 0.3056014
-1.4904655, 0.74855953, 0.29683772
-1.328508, 0.709712, 0.3105845
-1.6097633, 0.8488234, 0.30919415
-1.3101531, 0.72831887, 0.30806908
-1.2293339, 0.06783433, 0.29768232
-1.3103136, 0.8095414, 0.30903772
-1.2662408, 0.72922236, 0.32244194
-1.6080709, 0.8093779, 0.3108598
-1.4693955, 0.9083804, 0.29749104
-1.4679925, 0.568113, 0.3084089
-1.2687414, 0.67001057, 0.3090845
-1.3498722, 0.588297, 0.29626715
-1.5884175, 0.80920017, 0.29679728
-1.5912021, 0.8256357, 0.29747018
-1.4708982, 0.58874303, 0.29670003
-1.4901415, 0.289964, 0.29449993
-1.1720958, 0.069586635, 0.30667615
-1.2090472, -0.009031427, 0.3073781
-1.3717299, 0.7712741, 0.3088082
-1.3876762, 0.8530069, 0.2984719
-1.4895883, 0.9269166, 0.29768163
-1.4718094, 1.0292867, 0.29911286
-1.3898507, 0.6909254, 0.3095092
-1.3886255, 0.82772434, 0.2974692
-1.4678665, 0.61205333, 0.29547608
-1.3706752, 0.7912148, 0.3218126
-1.3892015, 1.0097924, 0.32261795
-1.4491296, 0.7280605, 0.29615456
-1.4928962, 0.003887885, 0.27935183
-1.5687885, 0.43069857, 0.30594328
-1.3080912, 0.052001078, 0.30715162
-1.4658884, 0.9516431, 0.29685998
-1.6080601, 0.8288168, 0.29701307
-1.2696576, 1.0708109, 0.30995402
-1.4102302, 1.0899823, 0.3126013
-1.4485283, 1.0895058, 0.31180075
-1.4992318, 1.0739062, 0.29962963
-1.3688945, 0.9520494, 0.32398582
-1.6087401, 0.9084086, 0.3097362
-1.5509173, 0.18937534, 0.2938526
-1.3298157, 1.0681427, 0.32366446
-1.4502237, 0.71056294, 0.32281485
-1.5665363, 0.30941612, 0.30623475
-1.3128356, 1.0707474, 0.32433292
-1.550205, 0.52941513, 0.29577082
-1.1894474, -0.009701494, 0.30617833
-1.509102, 0.609128, 0.30979168
-1.4106857, 0.75174344, 0.3115967
-1.2303385, 0.48866302, 0.3092708
-1.2690437, 0.93099326, 0.31083792
-1.3699505, 0.9702578, 0.32274723
-1.2712643, 0.032582775, 0.305859
-1.5305578, 0.6906428, 0.308358
-1.5885844, 0.86863804, 0.30897427
-1.5715752, 0.8893831, 0.29639444
-1.489999, 0.508299, 0.3077467
-1.5697074, 0.4890523, 0.30651158
-1.2458632, 0.7089614, 0.29824954
-1.4895499, 0.609727, 0.30995306
-1.5109657, 0.9311999, 0.3221061
-1.5917517, 0.9325658, 0.2982507
-1.2513435, 0.7499895, 0.3096619
-1.3850802, 0.8854069, 0.2978441
-1.6300049, 0.9307735, 0.2952319
-1.2074469, 0.33272618, 0.29544067
-1.3026268, 0.96320695, 0.29856384
-1.508186, -0.057750832, 0.27660045
-1.2360362, 0.48953548, 0.2969505
-1.5728778, 0.78768, 0.29705355
-1.2882332, 0.7488333, 0.32172123
-1.4741204, 0.8693981, 0.31010044
-1.5519928, 0.17058635, 0.29393482
-1.4883626, 0.88893217, 0.29749936
-1.3473957, 0.05337711, 0.29137167
-1.3043017, 0.99042785, 0.2986724
-1.4978979, 0.95573545, 0.298967
-1.2846221, 0.8513686, 0.2983755
-1.4088712, 0.80899394, 0.30957282
-1.2704538, 0.7698709, 0.30952656
-1.3506423, 0.7503174, 0.3096913
-1.3507352, 0.8701421, 0.29698768
-1.5066732, 0.79106694, 0.29449394
-1.2837242, 0.9751059, 0.29925558
-1.4112159, 0.81100106, 0.32207108
-1.491081, 1.0310413, 0.3237346
-1.548508, 0.33005786, 0.2936027
-1.251473, 0.06754604, 0.29527467
-1.3682046, 0.89423007, 0.29891255
-1.273712, 0.79019046, 0.2981595
-1.3513935, 0.08922218, 0.29399574
-1.3958501, 1.062734, 0.2999139
-1.630842, 0.9088746, 0.2952116
-1.4713337, 0.7119166, 0.29572
-1.4506088, 0.069158494, 0.29299468
-1.375225, 0.8267684, 0.29569104
-1.5657717, 1.053417, 0.29910642
-1.3483347, 0.070887774, 0.29331607
-1.3290886, 0.69023263, 0.30913574
-1.3317516, 0.7319164, 0.32126614
-1.208975, 0.04938216, 0.3093771
-1.2090428, 0.24944781, 0.29577348
-1.3693529, 0.03094855, 0.29310507
-1.2299569, 0.0121241165, 0.30618334
-1.5094328, 0.09014886, 0.30562577
-1.5498765, 0.23169073, 0.3064317
-1.5093446, 0.07245517, 0.30282795
-1.3491291, 0.6297509, 0.30905312
-1.3496709, 0.89030355, 0.29786703
-1.4308798, 0.07133494, 0.2930665
-1.268939, 0.53025484, 0.31115344
-1.3668913, 0.67370284, 0.3225686
-1.4263201, 0.7710698, 0.2971696
-1.6083541, 1.0734706, 0.3094317
-1.4692726, 1.0090287, 0.3107506
-1.4310403, 1.1081256, 0.30997282
-1.1883585, 0.027759407, 0.29524544
-1.5102684, 0.93321323, 0.29693392
-1.4347824, 1.0716767, 0.2994919
-1.2916515, 0.10968125, 0.30601144
-1.4309022, 0.98019797, 0.29944593
-1.5791541, 0.90830654, 0.2973824
-1.5498183, 0.48874566, 0.29528433
-1.5684264, 0.46639106, 0.304917
-1.5291667, 0.2853694, 0.27838397
-1.579889, 1.0334682, 0.29948995
-1.3274181, 0.010183004, 0.30726552
-1.2663523, 1.0280045, 0.32490456
-1.4088782, 1.0478798, 0.31122687
-1.3692502, 0.5903777, 0.30912533
-1.4552623, 1.0515057, 0.2993347
-1.4045273, 0.9258322, 0.29649532
-1.5691432, 0.37056634, 0.30597898
-1.4519917, 0.86758614, 0.29771233
-1.3894243, 0.8692442, 0.30891335
-1.6261123, 1.0297804, 0.30780208
-1.2308066, 0.24973102, 0.3059032
-1.4911963, 0.051007252, 0.29052106
-1.5128239, 0.88820446, 0.29571736
-1.5423656, 0.97114474, 0.2996399
-1.5099809, 0.5701841, 0.30936804
-1.5298759, 0.94967806, 0.30986536
-1.410418, 0.14956975, 0.29094794
-1.2509128, 0.51029646, 0.29660803
-1.5789402, 0.9699968, 0.29906213
-1.5062957, 0.008738376, 0.30463982
-1.4908283, 0.5893958, 0.3087492
-1.5891898, 0.77069515, 0.297624
-1.2690203, 0.009605689, 0.30687943
-1.4512981, 0.7504633, 0.30998144
-1.2570807, 0.16313988, 0.27783948
-1.2115977, -0.007303228, 0.29336712
-1.1956289, 0.087956436, 0.2965403
-1.1905886, 0.10986698, 0.29612717
-1.5306407, 0.6490038, 0.30903476
-1.426766, 0.9697636, 0.29832712
-1.5199093, 1.0116103, 0.29750285
-1.567861, 0.45411122, 0.3054265
-1.611216, 1.0567839, 0.29762384
-1.1528862, 0.04971292, 0.30084705
-1.405922, 0.9873301, 0.2995859
-1.5515872, 1.0361861, 0.29841113
-1.5495182, 0.6488499, 0.3089464
-1.211351, 0.010129316, 0.293962
-1.5501927, 0.290135, 0.3075286
-1.5520041, 0.7118482, 0.29536766
-1.3665245, -0.02421871, 0.30576164
-1.4087827, 0.65118253, 0.32180852
-1.4499972, 0.78910863, 0.31005266
-1.3893454, 0.9892441, 0.31014103
-1.5501634, 0.56945354, 0.3082487
-1.3251662, 0.013630474, 0.29032558
-1.4063313, 0.87329435, 0.3224053
-1.2288433, 0.09010853, 0.30903396
-1.2113825, 0.19039212, 0.29488137
-1.3307446, 0.63014805, 0.30898553
-1.39167, 0.81340045, 0.2966867
-1.2097546, 0.2935039, 0.3059884
-1.468639, 0.8270901, 0.29649588
-1.2889723, 0.10772162, 0.29466018
-1.5296708, 0.2096527, 0.29175454
-1.330687, 0.76998556, 0.31005234
-1.3889433, 0.5893839, 0.32188547
-1.5304587, 0.9089331, 0.29729754
-1.4308139, 0.82961947, 0.3094251
-1.2870178, 0.95008796, 0.31148162
-1.5665867, 0.929072, 0.32309636
-1.5296111, 1.0287623, 0.32251412
-1.5701483, 0.7903299, 0.30946308
-1.521313, 0.96659493, 0.2943135
-1.5380212, 0.93168354, 0.29696125
-1.4119085, 0.07159138, 0.30528313
-1.5330924, 0.87205255, 0.29620317
-1.5032758, 0.94436115, 0.29919198
-1.5875936, 0.9906057, 0.31138423
-1.53268, 0.980603, 0.29911053
-1.4075798, 0.8915417, 0.29795995
-1.2497737, 0.008787832, 0.29567477
-1.5906467, 0.89148366, 0.30741015
-1.492948, 0.6915845, 0.2962703
-1.5109625, 0.5106843, 0.29540095
-1.3286403, 0.8886173, 0.32201
-1.5857668, 0.43030834, 0.3060624
-1.4886166, -0.010678897, 0.30422983
-1.5311854, 1.070439, 0.31111744
-1.3297913, 0.9485392, 0.32598358
-1.28915, 0.9702201, 0.31106973
-1.5713446, 1.0692551, 0.31159303
-1.2111201, 0.2492247, 0.30879933
-1.2731725, 0.89080155, 0.29712692
-1.5704715, 1.047218, 0.32337657
-1.3095634, 0.669703, 0.32304552
-1.5092462, 0.21011564, 0.29317772
-1.2710539, -0.028413864, 0.29351935
-1.3501885, 0.88987625, 0.30861402
-1.5706835, 0.74975216, 0.30974123
-1.4091479, 0.9701914, 0.30820322
-1.4096527, 0.90586126, 0.3224238
-1.3141533, 0.871547, 0.32244214
-1.4499722, 0.69038236, 0.30921376
-1.2497228, 0.76962763, 0.3224134
-1.2701092, 0.7293714, 0.31087103
-1.2876294, 0.07396732, 0.27999023
-1.3142171, -0.02560737, 0.29523215
-1.5691569, 1.0889518, 0.3125443
-1.5104444, 0.13222118, 0.2918639
-1.2522146, 1.0684412, 0.30960572
-1.2720236, 0.70807916, 0.32355666
-1.311124, 0.7696702, 0.30809775
-1.569604, 0.57017756, 0.30855998
-1.5289433, 0.8059637, 0.32418934
-1.2914842, 0.13106883, 0.29330045
-1.4281046, 0.8514462, 0.29820445
-1.590785, 1.0894997, 0.3087234
-1.3890693, 0.92978853, 0.3232037
-1.4301316, 0.028790971, 0.29081732
-1.5158772, 0.10106678, 0.27991205
-1.4886281, 1.048767, 0.3097375
-1.4079663, 0.7465892, 0.29517514
-1.550115, 0.6902384, 0.3095918
-1.3490667, 1.0154328, 0.2957419
-1.5481836, 0.3101834, 0.293503
-1.5892494, 0.76977885, 0.30877218
-1.2948371, 0.95077133, 0.29638365
-1.4903709, 1.0290457, 0.30860722
-1.4407392, 0.06298627, 0.27894932
-1.5309693, 0.7910049, 0.30906403
-1.3895311, 0.79022753, 0.3099445
-1.6261579, 1.0070149, 0.29858246
-1.3694816, 1.0685822, 0.3108599
-1.5108143, 0.84940714, 0.30818313
-1.2709394, 0.8480959, 0.29863027
-1.430151, 0.78765213, 0.29625753
-1.5513095, 0.86851346, 0.29675913
-1.3488811, 0.6686296, 0.29603565
-1.2693572, 0.9701034, 0.322796
-1.5313034, 1.0475605, 0.3224094
-1.3292029, 1.1110071, 0.31188968
-1.2665205, 0.95456755, 0.32203776
-1.4692601, 1.092693, 0.30743468
-1.250008, 0.5490976, 0.30895123
-1.268167, 0.9693735, 0.30991334
-1.3687932, 0.11206457, 0.30712035
-1.5711162, 0.83158624, 0.29485476
-1.5331874, 1.0701549, 0.32393458
-1.6315162, 0.9918296, 0.3092273
-1.6208944, 1.022769, 0.29998663
-1.3935165, 0.913344, 0.294657
-1.3916763, 0.8907352, 0.31046063
-1.510638, 0.8520172, 0.2976354
-1.4726899, 1.0467443, 0.32360584
-1.5485102, 1.0288341, 0.31098366
-1.3496964, 0.80891734, 0.29576305
-1.4907329, 0.21075688, 0.2945938
-1.3322597, 0.71087563, 0.32185012
-1.4698122, 0.96948904, 0.3083128
-1.4500725, 1.0294333, 0.30991763
-1.4305791, 0.93043333, 0.30947724
-1.3539897, 0.6725951, 0.32291022
-1.4710895, 0.6863855, 0.32174346
-1.4055147, 1.1078249, 0.30990762
-1.1910053, 0.2496715, 0.3079071
-1.3321085, 0.8710551, 0.29628304
-1.6070172, 0.9312348, 0.2980161
-1.2876253, 1.0507483, 0.29918563
-1.4285532, 0.08975945, 0.2932412
-1.4704165, 0.6094218, 0.3093857
-1.4913995, 0.95119536, 0.31081536
-1.6310127, 1.0284069, 0.3242395
-1.2115644, 0.21176076, 0.2948765
-1.5104077, 0.051761247, 0.30533513
-1.2089366, 0.20851131, 0.30700296
-1.1907622, 0.21031979, 0.3045114
-1.189323, 0.19282266, 0.3056789
-1.5704913, 0.56760025, 0.2958347
-1.4494303, 0.88694525, 0.29426283
-1.2696912, 0.64955235, 0.30827728
-1.4698536, 0.5903844, 0.30905446
-1.3684901, 0.96233267, 0.2977788
-1.5286415, 0.8535562, 0.324902
-1.5296909, 0.9701356, 0.3100954
-1.3099954, 0.88800937, 0.29751277
-1.4309983, 0.010000561, 0.30665225
-1.6354713, 0.99826753, 0.2975364
-1.5154369, 0.14115337, 0.27933824
-1.588218, 0.62974644, 0.295737
-1.590658, 0.84923494, 0.30995592
-1.3507228, 0.04681337, 0.3087463
-1.2266406, 0.5664342, 0.29675078
-1.2874113, 0.028977783, 0.30442974
-1.1747222, 0.2096504, 0.30236676
-1.4878676, 0.76838446, 0.29712218
-1.4520383, 1.0110545, 0.32292587
-1.4670873, 1.090302, 0.29927802
-1.1931794, -0.02809172, 0.2928869
-1.6093093, 0.8871888, 0.29658282
-1.5307688, 0.9137189, 0.32218647
-1.3335073, 1.0711807, 0.31115156
-1.4700754, -0.022018611, 0.30106756
-1.4874665, 0.7902867, 0.29586425
-1.4942818, 1.0088022, 0.29698384
-1.3849173, 0.98907316, 0.3234328
-1.2241518, 0.5262356, 0.32097676
-1.3458257, 0.94774806, 0.3225301
-1.4909317, 0.010055268, 0.3063429
-1.3110474, 0.82938206, 0.3091386
-1.1767168, 0.19400287, 0.30162737
-1.5894722, 0.74962634, 0.3083182
-1.23125, 0.009000523, 0.292986
-1.5308065, 0.27147976, 0.30748945
-1.4304703, 0.56932455, 0.30951354
-1.4315497, 1.0493503, 0.3232495
-1.3276955, 1.0856941, 0.3247185
-1.4871948, 0.8277663, 0.32016754
-1.3502293, 0.87083113, 0.31013775
-1.3506358, 0.9808115, 0.299263
-1.409759, 0.6528369, 0.29571444
-1.21257, 0.48996213, 0.3086709
-1.5098312, 0.74934477, 0.2968053
-1.6099374, 1.0110507, 0.3108575
-1.4461833, 0.6494118, 0.32193822
-1.4866183, 0.98359346, 0.2982807
-1.3714851, 0.692677, 0.2954228
-1.5885714, 0.7279545, 0.2958467
-1.5897585, 0.69335616, 0.29616493
-1.2888275, 0.7247187, 0.3207202
-1.2505958, 0.63271356, 0.29679435
-1.5086911, 1.0164528, 0.3226773
-1.5497935, 1.0295004, 0.3234188
-1.2098466, 0.32991108, 0.30638036
-1.3482764, 1.008805, 0.31173515
-1.5474126, 1.0643477, 0.32601404
-1.24912, 0.60890436, 0.3091482
-1.6093084, 0.9296059, 0.30997708
-1.3071318, 0.82965195, 0.32468724
-1.3144193, 0.8521843, 0.29659078
-1.2113316, 0.5701774, 0.3077474
-1.2688091, 1.0294828, 0.31031695
-1.6046982, 0.82836246, 0.32247266
-1.6312258, 1.01174, 0.3233047
-1.5098399, -0.011284754, 0.29256198
-1.2907262, 0.65030324, 0.31084195
-1.3300948, 0.027603123, 0.30464798
-1.4087924, 0.03160877, 0.2915502
-1.410494, 0.089287125, 0.3057588
-1.3661084, 1.0224683, 0.32262182
-1.4083217, 0.78968817, 0.3084164
-1.3530409, -0.031828035, 0.30624598
-1.3903638, 0.91091424, 0.3230496
-1.5344232, 0.16019145, 0.27605852
-1.58775, 0.9494201, 0.2986375
-1.4995066, 0.08852324, 0.27936018
-1.2483433, 0.010565267, 0.305238
-1.2295947, 0.1703538, 0.30645204
-1.5083181, 1.106515, 0.30520365
-1.4553274, 1.1090322, 0.30738425
-1.334563, 0.62835336, 0.32162374
-1.369088, 0.97059494, 0.3098129
-1.5105401, 0.6303268, 0.29485524
-1.5132314, 1.0558408, 0.2965904
-1.5492911, 0.9100645, 0.32330045
-1.4538237, 0.9469745, 0.29793882
-1.549706, 0.23025775, 0.29424596
-1.4540886, 1.1072019, 0.29993504
-1.3103845, 1.0332524, 0.32195085
-1.4670961, 0.9277913, 0.3115785
-1.2898115, 0.9100409, 0.31051674
-1.2704298, 0.82756287, 0.2963556
-1.5273678, 0.7668608, 0.29509723
-1.3514978, 0.56739086, 0.3215775
-1.4310024, -0.008749705, 0.30514294
-1.4084682, 0.9894829, 0.30978793
-1.3681474, 0.75116575, 0.29690784
-1.4103559, 0.6301301, 0.31010032
-1.5895103, 0.6502034, 0.31134087
-1.5273547, 0.10999972, 0.29269546
-1.4505446, 1.068087, 0.32417873
-1.5101565, -0.029038036, 0.2935375
-1.3835492, 0.9269665, 0.29781866
-1.4887396, -0.031156754, 0.30542177
-1.5499572, 0.8113936, 0.3089969
-1.2267171, 0.5444586, 0.32142478
-1.5520799, 1.0520129, 0.2982356
-1.4524359, 0.8505434, 0.29608276
-1.5945406, 0.9937785, 0.32506153
-1.2113389, 0.39047062, 0.30636308
-1.5810643, 0.81728953, 0.32286134
-1.5682615, 1.0766398, 0.29783356
-1.5508866, 0.97217226, 0.3222788
-1.3158535, 1.0518478, 0.29808015
-1.3478968, 0.65161806, 0.2968956
-1.4290574, 1.0268039, 0.32254848
-1.3442605, 0.9090605, 0.3241517
-1.4485133, 0.9299689, 0.31104374
-1.2622898, 0.6099422, 0.32081637
-1.3098435, 0.7697677, 0.3235407
-1.4581318, 0.89451236, 0.32180494
-1.420256, 1.0678117, 0.32249746
-1.4704442, 0.5552609, 0.32193494
-1.5874256, 0.6091136, 0.3085658
-1.448814, 0.9339237, 0.3227728
-1.449384, 0.6302806, 0.30875972
-1.3866937, 0.82214856, 0.3211905
-1.5917201, 0.95324355, 0.32428092
-1.1900041, 0.009687923, 0.30703023
-1.294586, 0.53305835, 0.29322016
-1.6305252, 0.91109264, 0.31457657
-1.5696353, 0.6100717, 0.30794623
-1.491561, -0.048522554, 0.30490202
-1.5879575, 0.53122896, 0.3069885
-1.2556, -0.02293771, 0.3041113
-1.576374, 0.757732, 0.3221897
-1.3305128, 0.8687594, 0.31239945
-1.6215383, 0.87058884, 0.2996117
-1.566711, 0.2092599, 0.2918384
-1.5293436, 0.8088593, 0.3107368
-1.4185934, 1.0573617, 0.32679528
-1.5985353, 1.0577945, 0.32677162
-1.2689663, 0.99172837, 0.30897748
-1.5306476, 0.08935895, 0.29175013
-1.2302626, 0.56985134, 0.30928493
-1.298368, 0.7636615, 0.32016903
-1.5482584, 0.12991305, 0.29008073
-1.3482355, 0.89804536, 0.32529354
-1.2281425, 0.6691412, 0.30730513
-1.4114305, 0.09940323, 0.27992043
-1.456833, 0.9070355, 0.3202908
-1.36959, 1.0310892, 0.3109798
-1.6244202, 0.8589577, 0.29453444
-1.4187373, 0.5839849, 0.32165405
-1.5309948, 0.8298579, 0.30877483
-1.3586066, 0.76500237, 0.32090342
-1.6088142, 0.7286673, 0.3096992
-1.3076507, 0.5825829, 0.3277614
-1.307966, 0.9908801, 0.32288614
-1.4293582, 0.911199, 0.29718268
-1.6002954, 0.69230944, 0.29788435
-1.3691962, 0.8906489, 0.31121713
-1.3384424, 0.66109556, 0.32003045
-1.5703017, 0.75212955, 0.29588553
-1.6096789, 0.78887904, 0.30974758
-1.2824891, 1.0335779, 0.29838923
-1.1886138, 0.1312512, 0.2949035
-1.5510654, 0.14919256, 0.2912437
-1.4287671, 0.7302065, 0.30882248
-1.6229706, 0.7286807, 0.31069103
