-2.210187, 0.97191733, 0.21309806
-2.1905785, 0.9695822, 0.22606719
-2.1696985, 0.96973944, 0.22912823
-2.1704383, 0.9490743, 0.22801435
-2.192413, 0.9524832, 0.21492547
-2.1701376, 0.9923913, 0.2295513
-2.147787, 0.9688955, 0.23207165
-2.1915622, 0.929478, 0.2129551
-2.1692414, 0.93188286, 0.21788724
-2.2117746, 0.9302021, 0.21287175
-2.1320183, 0.9897536, 0.23049174
-2.1485896, 0.9079689, 0.2309326
-2.1328714, 0.9271669, 0.2317018
-2.1721983, 0.9113168, 0.21834591
-2.2268176, 0.92837054, 0.211775
-2.2086802, 0.91043794, 0.21404514
-2.1304407, 0.9083524, 0.23031774
-2.228153, 0.9500433, 0.21340443
-2.226842, 0.9122544, 0.21280769
-2.2474432, 0.9322072, 0.20814155
-2.2108665, 0.8888449, 0.21338694
-2.1312351, 0.8913831, 0.23442696
-2.1702397, 0.89154714, 0.22680654
-2.2490568, 0.94829136, 0.2106209
-2.2291799, 0.89096105, 0.2095491
-2.2466152, 0.90815914, 0.20695597
-2.2676272, 0.92563933, 0.20490971
-2.1912217, 0.88985306, 0.21682425
-2.1310115, 0.86805755, 0.2329322
-2.2492614, 0.97029525, 0.21115649
-2.2697067, 0.9216986, 0.19507618
-2.1947207, 0.8687221, 0.21375029
-2.1073596, 0.87159187, 0.23411702
-2.1297317, 0.85281175, 0.2314317
-2.2499218, 0.9906606, 0.20950487
-2.2896187, 0.9362748, 0.19387452
-2.269709, 0.9476907, 0.19703554
-2.1714914, 0.87231165, 0.21781987
-2.1512747, 0.84922594, 0.2297798
-2.2296586, 0.9902518, 0.20914584
-2.2496474, 1.0085384, 0.20997578
-2.289194, 0.95078295, 0.19466566
-2.2766163, 0.9657467, 0.19787702
-2.1567242, 0.8761191, 0.21710505
-2.1724987, 0.8495165, 0.21674134
-2.3082366, 0.9487706, 0.19326659
-2.2925942, 0.9691179, 0.19596443
-2.2721868, 0.9854682, 0.19993238
-2.1726546, 0.82845235, 0.21689878
-2.2896562, 0.99083626, 0.19494832
-2.1863608, 0.82779926, 0.21590868
-2.3077555, 0.9931202, 0.19664422
-2.2086804, 0.81101865, 0.21229997
-2.2078516, 0.84735644, 0.2129542
-2.2296343, 0.8115681, 0.21029381
-2.210866, 0.7915338, 0.21139504
-2.2515624, 0.829, 0.20532297
-2.227183, 0.8522287, 0.2108
-2.2323604, 0.7882217, 0.20574209
-2.2089684, 0.7693862, 0.21059039
-2.1940858, 0.79139453, 0.21520698
-2.251467, 0.8509891, 0.20658661
-2.230671, 0.7741875, 0.20678751
-2.1884234, 0.7682983, 0.2149514
-2.2479303, 0.8694418, 0.20556758
-2.270688, 0.8694897, 0.20286229
-2.1302257, 0.8311726, 0.23159976
-2.111635, 0.8865754, 0.2337735
-2.175712, 0.9478504, 0.21553242
-2.10889, 0.8254555, 0.23379984
-2.2298381, 0.96885574, 0.21032357
-2.2269728, 0.86922807, 0.21159959
-2.1284723, 0.9702765, 0.23281822
-2.267221, 0.9523307, 0.20634224
-2.152138, 0.82948434, 0.22917522
-2.2320178, 0.75169367, 0.20941691
-2.2502694, 0.8860213, 0.20645171
-2.1481626, 0.8718282, 0.22997668
-2.291497, 0.90619755, 0.19408828
-2.1885333, 0.9307218, 0.22669367
-2.264329, 0.89169306, 0.20696324
-2.168693, 0.9273519, 0.22845736
-2.1481407, 0.81043315, 0.22738463
-2.230414, 0.731044, 0.20654435
-2.3058577, 0.91143626, 0.19506396
-2.1878173, 0.90990347, 0.22568043
-2.2760189, 0.88972837, 0.19634086
-2.2729979, 0.79107916, 0.19560154
-2.1685588, 0.80988175, 0.22508939
-2.1496227, 0.79089767, 0.2271376
-2.2301517, 0.7097212, 0.20543945
-2.209149, 0.72661304, 0.21205446
-2.3097034, 0.89406884, 0.18977666
-2.29111, 0.789521, 0.19393867
-2.2722437, 0.80856645, 0.19541627
-2.1298058, 0.78899676, 0.23283836
-2.1483467, 0.7682317, 0.22917143
-2.2112548, 0.7096355, 0.21102259
-2.2488034, 0.71023864, 0.20355414
-2.1913915, 0.7262765, 0.21592614
-2.2897718, 0.8112046, 0.19366767
-2.2899714, 0.7700248, 0.19341388
-2.2732062, 0.8280034, 0.1978598
-2.1497872, 0.74671566, 0.22719787
-2.190856, 0.7097025, 0.21400075
-2.2491624, 0.70976114, 0.1974725
-2.3075383, 0.81020945, 0.19093752
-2.2903042, 0.75048065, 0.19267924
-2.168101, 0.7492253, 0.22430162
-2.1289384, 0.751943, 0.22934003
-2.1506777, 0.7305215, 0.2249642
-2.2704518, 0.7109316, 0.19526994
-2.255597, 0.73138744, 0.19810799
-2.2698178, 0.74851495, 0.19707869
-2.2906442, 0.72952056, 0.19207363
-2.3092272, 0.74796915, 0.18711033
-2.1670346, 0.7296714, 0.22361532
-2.1715937, 0.7497293, 0.2169862
-2.1122217, 0.75157344, 0.23217253
-2.13301, 0.7315543, 0.23020983
-2.1504188, 0.70830244, 0.2270408
-2.2715585, 0.7275274, 0.195945
-2.2916915, 0.7107771, 0.18977407
-2.3096335, 0.73108983, 0.18740723
-2.1692033, 0.7107586, 0.22450209
-2.115388, 0.731515, 0.2323403
-2.1330252, 0.7070938, 0.23172419
-2.1469824, 0.6917459, 0.22549132
-2.2881794, 0.6899906, 0.19023511
-2.3108544, 0.7101307, 0.18612133
-2.1126032, 0.7114132, 0.23375398
-2.128048, 0.68756896, 0.22864114
-2.1089213, 0.9284297, 0.23666075
-2.177113, 0.7688929, 0.21769862
-2.2532241, 0.9754307, 0.19798991
-2.2487004, 0.8078925, 0.19880459
-2.1918721, 0.8461467, 0.21661606
-2.2092557, 0.99255276, 0.21582589
-2.3102627, 0.83011866, 0.19181602
-2.15133, 0.9526869, 0.21962191
-2.232908, 1.0126656, 0.21249661
-2.2110498, 0.94938004, 0.21291387
-2.131698, 0.950651, 0.22954032
-2.2526207, 0.78885925, 0.19684589
-2.1688886, 0.96187544, 0.21774831
-2.108823, 0.7904607, 0.23447731
-2.143684, 0.8960883, 0.21956562
-2.1532054, 1.0101626, 0.22871672
-2.1680293, 0.6730826, 0.21198644
-2.211625, 1.0103517, 0.21223404
-2.3100345, 0.8498182, 0.19189118
-2.0926073, 0.7877083, 0.23492669
-2.1888678, 1.0106871, 0.2152177
-2.1313803, 1.0330408, 0.23375927
-2.1925025, 1.0295596, 0.21665658
-2.1712196, 1.0096414, 0.21741
-2.2107077, 1.0286865, 0.21231401
-2.132672, 0.8090696, 0.22930911
-2.1103642, 0.96572787, 0.23768315
-2.1092916, 0.97189337, 0.24425718
-2.1265044, 1.009693, 0.23412062
-2.1258152, 0.66993487, 0.23002842
-2.249395, 0.788382, 0.20637915
-2.2914572, 0.84591746, 0.19410722
-2.268602, 0.8338914, 0.20392542
-2.1081457, 0.6701226, 0.23138426
-2.2487113, 0.6715139, 0.20361245
-2.2499268, 0.68868077, 0.2023521
-2.2498999, 0.72866833, 0.203754
-2.1681044, 0.8698846, 0.22411086
-2.156338, 0.94870967, 0.23027869
-2.0893981, 0.70989066, 0.23564823
-2.1491566, 0.9317009, 0.23054206
-2.168445, 0.79034257, 0.22485559
-2.2087631, 0.6711727, 0.20923658
-2.2120993, 0.87044716, 0.20984358
-2.1083605, 0.90820444, 0.23484768
-2.126494, 0.7722138, 0.23265386
-2.171597, 0.70529246, 0.21602894
-2.3098018, 0.76707065, 0.18990934
-2.2302458, 0.83145094, 0.20910986
-2.2301712, 0.6908965, 0.20730583
-2.1519396, 0.7916762, 0.21971574
-2.1107688, 0.8484791, 0.23531987
-2.188787, 0.9105267, 0.21497717
-2.2391713, 0.70249397, 0.19842009
-2.247579, 0.81008726, 0.20554124
-2.2718437, 0.849464, 0.20353024
-2.2937827, 0.8287817, 0.19584803
-2.210755, 0.6915769, 0.20981553
-2.1719306, 1.0115085, 0.2258198
-2.2469182, 0.7698762, 0.19710843
-2.2546875, 0.89520997, 0.19718994
-2.310988, 0.9290206, 0.19546856
-2.2432086, 0.932922, 0.19809274
-2.0889194, 0.9323711, 0.2367087
-2.1110075, 0.6890877, 0.23123187
-2.273913, 0.9064941, 0.19262692
-2.150538, 0.8324457, 0.21898288
-2.1879997, 0.75330365, 0.21419057
-2.2573752, 0.94347376, 0.19693789
-2.1103644, 0.94666266, 0.23422536
-2.0883744, 0.92849004, 0.24520038
-2.3086724, 0.8729454, 0.19319157
-2.3123019, 0.78885555, 0.18760951
-2.169299, 0.9108911, 0.2282374
-2.2092288, 0.93249434, 0.2214392
-2.1881573, 0.98822004, 0.22618678
-2.1670353, 1.0291897, 0.22675213
-2.2119362, 0.74924946, 0.21087487
-2.1145034, 0.80978394, 0.23220381
-2.1703682, 0.79749024, 0.21850677
-2.2459047, 0.83209825, 0.19763403
-2.29495, 0.86780447, 0.19116627
-2.313041, 0.68726116, 0.1761407
-2.251875, 1.0240115, 0.20639776
-2.272853, 0.8521022, 0.19477296
-2.0875604, 0.89123565, 0.23699813
-2.150583, 0.687213, 0.21489379
-2.1691499, 0.7728794, 0.22566316
-2.0870495, 0.8505335, 0.23272882
-2.0873902, 0.7714864, 0.24514416
-2.1502259, 0.88953495, 0.23302183
-2.2485328, 0.7469167, 0.20313652
-2.2927532, 0.8863077, 0.1944705
-2.094102, 0.7524512, 0.23389268
-2.2111351, 1.0488012, 0.21093425
-2.2080855, 0.8287174, 0.21278404
-2.2549005, 0.6871866, 0.19654691
-2.071042, 0.8513689, 0.24451977
-2.091507, 0.73041236, 0.23586716
-2.188734, 0.96712035, 0.21723816
-2.0886445, 0.7691333, 0.23599319
-2.110465, 1.0053337, 0.23247963
-2.1490102, 0.9870494, 0.23276708
-2.1870093, 0.85018516, 0.22607917
-2.2677488, 0.8050339, 0.2018954
-2.2890823, 0.97203517, 0.20938465
-2.1705716, 0.84863377, 0.22613141
-2.3066492, 0.9775854, 0.20463273
-2.1887488, 1.0116833, 0.229667
-2.0889838, 0.94902664, 0.23757298
-2.1519208, 1.0323715, 0.2322522
-2.19021, 0.81307685, 0.2129674
-2.2714446, 0.9062218, 0.20541075
-2.234843, 0.76440275, 0.19830129
-2.254864, 0.8468074, 0.19795163
-2.2378645, 0.8372355, 0.1990032
-2.168318, 0.6909663, 0.22287351
-2.3253975, 0.6882936, 0.182989
-2.2818003, 0.8524152, 0.20323902
-2.1489387, 1.051351, 0.22649592
-2.1081243, 0.9492897, 0.24510016
-2.1070426, 0.8704658, 0.24388447
-2.2887428, 0.66758806, 0.17544727
-2.0897849, 0.6850312, 0.23497649
-2.0657218, 0.6931355, 0.23531319
-2.1578426, 0.81665117, 0.2177081
-2.268241, 0.87764066, 0.19598518
-2.1971092, 0.9902514, 0.21854393
-2.183239, 0.7461544, 0.22104502
-2.1103966, 1.0322666, 0.24754578
-2.1849108, 0.8679815, 0.22390081
-2.2675226, 0.9695418, 0.21354423
-2.289731, 0.9267972, 0.20145503
-2.190182, 0.9526188, 0.22730058
-2.0904658, 0.83420134, 0.23665202
-2.1906552, 1.0485656, 0.21709934
-2.1636093, 0.9834684, 0.21833368
-2.2308109, 1.031772, 0.20770097
-2.3045108, 0.98986673, 0.20754851
-2.2559144, 0.7470531, 0.19806743
-2.157362, 0.9243349, 0.21726745
-2.1064568, 1.0328956, 0.2374161
-2.2050514, 0.9500581, 0.2218373
-2.0888808, 0.79002714, 0.24467303
-2.0688248, 0.7880183, 0.24526629
-2.1464903, 0.75372946, 0.2198926
-2.1470869, 0.9695138, 0.21927565
-2.1093922, 0.7699737, 0.23546425
-2.172111, 1.0565686, 0.21657881
-2.2738612, 1.0068933, 0.20752549
-2.1889648, 0.6699476, 0.2127204
-2.1688201, 0.7284275, 0.21827547
-2.0875506, 0.8482001, 0.24496466
-2.0868938, 1.0141989, 0.23513564
-2.1589072, 0.9969834, 0.21965997
-2.1728182, 0.83226883, 0.22133662
-2.0882468, 0.9102948, 0.23450659
-2.2675266, 0.76896006, 0.19529507
-2.1656756, 1.048066, 0.2267578
-2.19048, 0.7840999, 0.22118565
-2.204235, 0.792111, 0.22125186
-2.1718647, 0.8105724, 0.21485852
-2.3010387, 0.9760728, 0.19738278
-2.18737, 0.70975053, 0.22171491
-2.1303558, 0.9530523, 0.24366309
-2.128211, 1.0545653, 0.23093387
-2.2148154, 1.0116669, 0.22454815
-2.2308152, 0.67402273, 0.20493513
-2.2618039, 0.98707086, 0.20672697
-2.175083, 1.0280174, 0.21852456
-2.2445922, 0.87362593, 0.19814189
-2.172838, 0.6872281, 0.21576314
-2.287681, 1.0121852, 0.19567147
-2.190636, 0.6907415, 0.21479212
-2.2739305, 0.76222444, 0.20131017
-2.290425, 0.9858401, 0.20424053
-2.112939, 0.9889486, 0.23738387
-2.1007383, 0.75447226, 0.24532013
-2.3170311, 0.71368456, 0.17911811
-2.264546, 1.0208349, 0.20133357
-2.3240829, 0.668816, 0.18483703
-2.2767406, 1.0352168, 0.19702378
-2.2082183, 0.91141796, 0.22177349
-2.0909564, 0.8074439, 0.24489434
-2.2103283, 0.8276475, 0.22035213
-2.227819, 0.97894156, 0.22356716
-2.12868, 1.0177335, 0.24899337
-2.195325, 0.81871134, 0.22154857
-2.107123, 0.9885075, 0.24239063
-2.292322, 0.8696204, 0.20011263
-2.2136047, 1.0264307, 0.22611332
-2.2843497, 0.95888793, 0.20252831
-2.327197, 0.6888789, 0.17928931
-2.1098278, 0.89387095, 0.24836951
-2.085245, 0.7490033, 0.24420723
-2.0866303, 0.8322605, 0.2471914
