-0.68864554, -0.20345414, 0.107816294
-0.67277604, -0.19208169, 0.090059504
-0.6511655, -0.19258042, 0.11076479
-0.66896343, -0.19439372, 0.071352
-0.6518355, -0.19010863, 0.12921552
-0.6499213, -0.19170254, 0.15255292
-0.62840074, -0.19221345, 0.12778264
-0.6234435, -0.2007443, 0.13517675
-0.6052879, -0.1924036, 0.13149188
-0.6309357, -0.18568185, 0.042778105
-0.6529183, -0.18792683, 0.029256502
-0.62894017, -0.191435, 0.09060729
-0.634758, -0.20041595, 0.110614
-0.6082494, -0.18992734, 0.10963286
-0.5911779, -0.18769264, 0.13600066
-0.6313647, -0.19029742, 0.030939743
-0.58873147, -0.18956882, 0.15028563
-0.5874821, -0.1881607, 0.09268764
-0.5896988, -0.19023238, 0.16958645
-0.6123861, -0.19051367, 0.17079255
-0.5686619, -0.18906242, 0.17028855
-0.5911018, -0.19219503, 0.1882486
-0.60863364, -0.18979664, 0.18901564
-0.608709, -0.19054437, 0.2121539
-0.62914765, -0.18724273, 0.19066082
-0.6284267, -0.18625562, 0.20754956
-0.6111646, -0.19338411, 0.22987083
-0.6504562, -0.18905352, 0.18955937
-0.63054097, -0.18788533, 0.22938177
-0.58965087, -0.19163787, 0.22866045
-0.59028494, -0.18811442, 0.25176296
-0.5865005, -0.19227299, 0.20850992
-0.5934796, -0.18380821, 0.27001294
-0.59276414, -0.1887652, 0.28736144
-0.61104864, -0.18890968, 0.2918265
-0.5367447, -0.18352363, 0.2141679
-0.61232394, -0.1908733, 0.31482628
-0.5887424, -0.18998264, 0.3302533
-0.5237833, -0.18388301, 0.19294944
-0.6093484, -0.1898906, 0.33049056
-0.58649385, -0.19002825, 0.35106635
-0.6308103, -0.19247334, 0.3114305
-0.629444, -0.1868673, 0.32818186
-0.53036034, -0.18722674, 0.23052597
-0.64847744, -0.19243637, 0.3518219
-0.6705085, -0.1939344, 0.34976342
-0.6093501, -0.18839823, 0.2687604
-0.63224995, -0.18711044, 0.2705894
-0.65112424, -0.18934569, 0.25346914
-0.66812193, -0.19000393, 0.2492239
-0.6504296, -0.19844994, 0.17117874
-0.6479349, -0.18734713, 0.23219799
-0.5497644, -0.18937887, 0.20992014
-0.61136866, -0.19409502, 0.15449627
-0.6308422, -0.18715881, 0.2477699
-0.6517205, -0.19582172, 0.0901295
-0.6492158, -0.18975027, 0.2073478
-0.5937005, -0.19509661, 0.305394
-0.65284395, -0.20148174, 0.23124266
-0.68569285, -0.20037669, 0.16963805
-0.5517418, -0.17307022, 0.14731015
-0.6301076, -0.19589111, 0.10918442
-0.66751724, -0.18893354, 0.18720591
-0.64785874, -0.18983991, 0.050823916
-0.6902627, -0.20313956, 0.12898779
-0.6935643, -0.20205462, 0.19013475
-0.54691494, -0.18757981, 0.2679718
-0.5498334, -0.17518818, 0.16872787
-0.60820264, -0.18769008, 0.35022458
-0.65803677, -0.20133983, 0.14000034
-0.52668107, -0.18480171, 0.30877575
-0.6699982, -0.20015538, 0.1273984
-0.67294335, -0.20278601, 0.15172188
-0.5685792, -0.1883632, 0.12599827
-0.69088805, -0.18763664, 0.027229246
-0.6462956, -0.20167008, 0.29071802
-0.6241942, -0.1880175, 0.28362486
-0.6511177, -0.19143389, 0.2886681
-0.6486144, -0.18769056, 0.014682558
-0.6698341, -0.20237926, 0.0315592
-0.6493586, -0.18896136, 0.2694418
-0.64850736, -0.19043365, 0.33043373
-0.6593608, -0.20090298, 0.09922661
-0.6535502, -0.19415906, 0.3743794
-0.6502652, -0.19434907, 0.39276055
-0.6629607, -0.18867587, 0.2318819
-0.6316991, -0.18985571, 0.06921806
-0.61387146, -0.1904856, 0.09095237
-0.61044276, -0.18834068, 0.2498995
-0.6700818, -0.18933263, 0.16736594
-0.68628114, -0.20125763, 0.14718136
-0.59851474, -0.17857331, 0.11827805
-0.63028336, -0.1879561, 0.36911798
-0.6371365, -0.2022394, 0.33410603
-0.693917, -0.2044257, 0.3127827
-0.68869346, -0.2028476, 0.32962453
-0.6721631, -0.20297226, 0.1930525
-0.64580965, -0.20218024, 0.26978478
-0.69027257, -0.20348975, 0.3493821
-0.6901078, -0.20426568, 0.37219808
-0.69461954, -0.20391035, 0.27381623
-0.69376177, -0.20750302, 0.3922417
-0.6697097, -0.20174395, 0.373368
-0.6281204, -0.18526575, 0.39139223
-0.71864486, -0.20447554, 0.087415546
-0.6299299, -0.20123139, 0.28408554
-0.6693518, -0.19476593, 0.37091273
-0.5857576, -0.17737132, 0.30775744
-0.60955805, -0.18476337, 0.38646385
-0.5746212, -0.19534528, 0.35007814
-0.56620413, -0.18713997, 0.3311945
-0.54794097, -0.18685383, 0.14948395
-0.65095466, -0.20058385, 0.3198726
-0.6919439, -0.1860716, 0.17500906
-0.6513947, -0.1876874, 0.31099144
-0.62659967, -0.19408077, 0.1441001
-0.58764374, -0.17486136, 0.09382188
-0.6717613, -0.20456396, 0.21259926
-0.6524724, -0.19662517, 0.07258096
-0.68701255, -0.1917038, 0.24367607
-0.67316675, -0.20172851, 0.31727007
-0.5694548, -0.16938913, 0.13194214
-0.66744095, -0.18591054, 0.27182415
-0.67698175, -0.20286798, 0.09370674
-0.670384, -0.20258483, 0.22677167
-0.63408333, -0.20134892, 0.1925186
-0.6736368, -0.20322236, 0.07646228
-0.5710833, -0.17547789, 0.33119473
-0.68625367, -0.18621902, 0.1974711
-0.58970064, -0.17529824, 0.34691763
-0.5502146, -0.18792902, 0.22771223
-0.68869746, -0.18280602, 0.21974058
-0.6845602, -0.19774857, 0.0829437
-0.6278933, -0.19412929, 0.16172579
-0.5698824, -0.18928464, 0.25011247
-0.59233046, -0.18973167, 0.37171224
-0.66786265, -0.19895379, 0.10151924
-0.60837126, -0.17646787, 0.3290596
-0.66511774, -0.2012695, 0.26174963
-0.56951773, -0.18842058, 0.26955962
-0.57581085, -0.18827137, 0.15423727
-0.5755208, -0.17815532, 0.273867
-0.6092103, -0.17947158, 0.31288177
-0.627665, -0.18439667, 0.34955454
-0.6712944, -0.18425137, 0.14565839
-0.59041065, -0.17720227, 0.2911456
-0.61322325, -0.17905079, 0.25687677
-0.63264155, -0.17979589, 0.2294028
