-1.0866998, 0.9901288, 0.21384203
-1.1090233, 0.96832836, 0.21007934
-1.0901037, 0.97023886, 0.20918928
-1.0891623, 1.0102415, 0.21516742
-1.1290834, 0.9720604, 0.21173808
-1.0889472, 0.9491366, 0.20946372
-1.0708672, 0.97079426, 0.20998327
-1.088845, 1.0310214, 0.21650876
-1.0890453, 0.93037504, 0.20684776
-1.0505205, 0.9701484, 0.21050274
-1.0880638, 1.0305089, 0.22751763
-1.1514548, 0.94818926, 0.20764787
-1.1296587, 0.94820875, 0.19477086
-1.1312404, 0.9292208, 0.20551808
-1.0876024, 0.92723876, 0.1948842
-1.1100833, 0.9330066, 0.20539074
-1.0285196, 0.9679635, 0.20755343
-1.04667, 0.94918245, 0.20748213
-1.0504808, 0.99059296, 0.21394229
-1.1079512, 1.0291761, 0.22657506
-1.0902879, 1.0498736, 0.23110367
-1.0715107, 1.0313557, 0.22843182
-1.130953, 0.9297096, 0.19405802
-1.0697339, 0.9314313, 0.19395426
-1.031007, 0.9899334, 0.21069403
-1.0297061, 0.9512979, 0.20774627
-1.0496086, 0.9321057, 0.20685835
-1.0483314, 1.0091665, 0.21222834
-1.1109424, 1.0503483, 0.23094197
-1.1278807, 1.0285455, 0.22545601
-1.0898074, 1.0704852, 0.23074275
-1.0706178, 0.9098448, 0.19235495
-1.050802, 0.90999776, 0.2063375
-1.053071, 0.9312565, 0.19073848
-1.012862, 0.98860294, 0.21349803
-1.0284452, 0.9324185, 0.20522523
-1.109474, 1.0712769, 0.23100166
-1.1511207, 1.0285846, 0.2294995
-1.1310965, 1.0097352, 0.22611949
-1.0912324, 1.0894498, 0.23369303
-1.07075, 1.0698739, 0.22967365
-1.0482609, 1.0485932, 0.22980818
-1.1511902, 0.9095281, 0.19245754
-1.0504338, 0.9101847, 0.19208553
-1.0709543, 0.8920639, 0.18917681
-1.0306433, 0.9275354, 0.19303648
-0.9900042, 0.9881803, 0.21218224
-1.1304893, 1.0688722, 0.23299482
-1.1488703, 1.0488808, 0.22962484
-1.1700622, 1.0312171, 0.22553347
-1.0481273, 1.0698763, 0.23125608
-1.0339224, 1.0488994, 0.22846207
-1.1700959, 0.90927005, 0.1928763
-1.1497929, 0.88880914, 0.18990833
-1.0314376, 0.9110497, 0.19013794
-1.074722, 0.88452303, 0.1787759
-0.9895449, 0.96905214, 0.20971063
-1.149352, 1.0703189, 0.2319242
-1.1893195, 1.0298523, 0.22690788
-1.049851, 1.0716001, 0.24449466
-1.0476356, 1.0900273, 0.23437634
-1.0077555, 1.0490812, 0.23037535
-1.1694598, 0.8900399, 0.19021556
-1.0946963, 0.88826466, 0.17730445
-1.1074046, 0.8892026, 0.190494
-0.9712295, 0.9702165, 0.20861976
-1.050987, 1.110975, 0.23476717
-0.98853487, 1.0495547, 0.2291237
-1.0091622, 1.029639, 0.22817385
-1.1897209, 0.8895844, 0.19143023
-1.1106217, 0.8718631, 0.18832591
-0.97274303, 0.953228, 0.20910445
-0.9491541, 0.9688431, 0.209988
-1.0501548, 1.1107903, 0.2463557
-1.0675269, 1.1096278, 0.23411807
-0.971828, 1.0503917, 0.2309379
-0.9915935, 1.0301856, 0.22731926
-1.0098649, 1.0128697, 0.22669369
-1.1696224, 0.8491054, 0.18829758
-1.1909995, 0.8699048, 0.18780862
-1.1681995, 0.8680035, 0.17456536
-0.9508335, 0.9531127, 0.20825842
-0.94873995, 0.9870779, 0.21059328
-0.9550487, 0.970374, 0.19652331
-0.93154794, 0.9709522, 0.20900318
-0.9704215, 1.0313857, 0.22805543
-0.9922249, 1.0115693, 0.22656794
-1.1515706, 0.8523071, 0.18620802
-1.1897043, 0.84913355, 0.18534754
-1.1723007, 0.8477746, 0.17600083
-1.2105222, 0.87041104, 0.18848385
-0.9514058, 1.0090784, 0.21366511
-0.9121345, 0.9702109, 0.20902725
-1.0086943, 1.1089928, 0.24896953
-0.9655346, 1.0098801, 0.226447
-1.1479844, 0.84988844, 0.17543435
-1.1898198, 0.8499433, 0.1736704
-1.211162, 0.85167706, 0.18629152
-1.1702223, 0.8301756, 0.17278282
-0.9335278, 0.9935854, 0.22384457
-0.9274481, 1.0081713, 0.21331616
-1.1304156, 0.84738827, 0.17492312
-1.1483825, 0.8291342, 0.17261788
-1.2100691, 0.848807, 0.17243177
-0.92944723, 1.0293345, 0.21524785
-0.98929745, 1.1313344, 0.24852915
-1.1292305, 0.86648566, 0.1759469
-1.1278768, 0.8292004, 0.17234296
-1.149715, 0.8106454, 0.16996041
-1.2111875, 0.8279367, 0.17304465
-0.9281579, 1.0306848, 0.22646986
-0.99120504, 1.149708, 0.25158134
-0.95121276, 1.1308306, 0.24892391
-0.95185363, 1.1136165, 0.2465773
-0.929953, 1.1331241, 0.25139126
-1.1125295, 0.99019665, 0.21141772
-0.95203817, 1.0501866, 0.2295865
-0.9302583, 1.0518631, 0.23033813
-1.0499488, 0.89115703, 0.1895397
-0.99199206, 1.071981, 0.23373081
-1.0487406, 0.87209135, 0.18795636
-0.9920235, 1.0930221, 0.23322189
-0.90617996, 1.047319, 0.21681009
-0.9112191, 1.0715374, 0.23097563
-0.8876541, 1.048929, 0.22808203
-1.0529335, 0.8666744, 0.17520931
-0.8718668, 1.0487443, 0.22885056
-0.8899856, 1.029241, 0.22998166
-1.0304357, 1.1288711, 0.25088754
-1.148713, 1.029001, 0.21531045
-1.1090243, 0.9096045, 0.19140191
-1.0099283, 1.0890691, 0.23446909
-1.0294733, 1.0899239, 0.23232847
-0.912131, 1.1320568, 0.24874961
-1.2102785, 0.8901931, 0.18943511
-1.148801, 0.92702436, 0.19540119
-1.051429, 0.99361295, 0.22413415
-1.1292931, 0.98875964, 0.20891714
-0.9512044, 1.070651, 0.23035567
-1.092173, 0.8714345, 0.1876317
-0.9467484, 1.0268196, 0.21396708
-0.91396993, 1.0296007, 0.21691653
-1.0106628, 0.931846, 0.20695509
-1.0301733, 1.0690176, 0.23060319
-1.208718, 0.91054034, 0.19432405
-1.1504319, 0.99120516, 0.21266297
-0.9484591, 1.0863963, 0.23610865
-0.9297983, 1.0909554, 0.23485443
-1.2107229, 0.9299339, 0.193973
-1.0889026, 1.0108029, 0.22707036
-1.1309026, 1.0500593, 0.22845608
-1.1497799, 0.97102904, 0.20723218
-0.95202583, 1.0114892, 0.22532406
-1.1698122, 0.9899515, 0.21371634
-1.1307713, 0.9496664, 0.20761265
-1.1285064, 0.908153, 0.18983817
-1.1695337, 0.95110863, 0.20963119
-1.1094556, 0.8307873, 0.1728162
-1.110266, 0.95198756, 0.21017817
-1.1884967, 0.90824866, 0.19292992
-1.0286361, 1.0100597, 0.22670957
-1.1675508, 1.0492371, 0.23073037
-1.1902665, 1.0481229, 0.22773588
-1.0111105, 0.93076855, 0.19473624
-1.0701759, 1.111957, 0.24737656
-0.9103092, 0.98942894, 0.21273743
-1.1512547, 0.8707547, 0.18872628
-0.9668217, 1.0690463, 0.23066063
-1.1122621, 0.94855416, 0.19702739
-1.1123832, 0.85160565, 0.18782467
-1.2099738, 0.81058365, 0.1718525
-1.1139655, 0.9097028, 0.20356362
-0.9871377, 1.0082558, 0.20998085
-1.1924489, 0.93204135, 0.19427538
-1.1691601, 1.0090352, 0.21441068
-1.1692166, 0.969895, 0.21063386
-1.1894566, 0.98926944, 0.21302539
-1.1683024, 0.9293072, 0.2042177
-1.1725953, 0.94770426, 0.19685991
-1.188789, 0.9495131, 0.20719928
-1.1093664, 0.8125372, 0.17187074
-1.0707259, 0.8487134, 0.1860564
-1.209635, 1.0509893, 0.23172852
-0.98968655, 0.92831755, 0.19399868
-1.0883802, 1.1121505, 0.24701634
-1.1905929, 0.9324424, 0.20608582
-1.1091642, 0.7937568, 0.16649711
-0.9893513, 0.94828653, 0.19448122
-1.0917135, 1.1276305, 0.24949664
-1.1665951, 1.0884361, 0.24593693
-1.1109004, 1.1292865, 0.25005552
-1.0266633, 0.8519182, 0.18476477
-1.0896323, 0.8301413, 0.17222938
-1.0902025, 0.81202465, 0.17092587
-0.9089871, 0.9306202, 0.19470976
-1.0689273, 0.8501019, 0.17286992
-1.0511761, 0.83003956, 0.17255917
-1.0908488, 0.84791833, 0.17333817
-0.92769253, 0.9286405, 0.19417983
-1.0508999, 0.81156397, 0.17012237
-1.0324364, 0.8308568, 0.1728907
-1.010849, 0.87038016, 0.18711387
-0.92954904, 0.92847294, 0.20665435
-0.9293127, 0.9100544, 0.19075084
-1.0313349, 0.8119671, 0.16969179
-1.0334176, 0.8265341, 0.1558981
-1.0110047, 0.8284575, 0.17328584
-0.9888409, 0.8710592, 0.1877329
-1.009977, 0.8887546, 0.1885995
-1.0113815, 0.86896634, 0.17615588
-0.99130774, 0.8481899, 0.17132336
-0.92983174, 0.8899801, 0.18838815
-0.9919104, 0.8306156, 0.17371815
-0.99463284, 0.86661494, 0.173064
-0.98765343, 0.8909284, 0.18967521
-0.9690922, 0.8486468, 0.17345333
-0.90985924, 0.88886046, 0.19117524
-0.9508933, 0.8895382, 0.18924457
-0.99530345, 0.88640606, 0.17785469
-0.97380877, 0.86712885, 0.1751622
-0.96934915, 0.8901407, 0.19079947
-0.91006756, 0.8710195, 0.18705602
-0.8884093, 0.888147, 0.18985409
-0.9285312, 0.87032026, 0.17545137
-0.9506566, 0.8685582, 0.18683481
-0.98424166, 0.9039204, 0.17929867
-0.97339064, 0.8870388, 0.17719501
-0.9499464, 0.86839706, 0.17597875
-0.9694389, 0.90951246, 0.19171214
-0.89066833, 0.87174755, 0.18808587
-1.0719215, 1.0904613, 0.23532078
-0.9897807, 1.1117816, 0.24748297
-1.0683377, 0.9303158, 0.2052857
-0.927903, 0.98978823, 0.21231458
-1.1506225, 0.9295834, 0.20643945
-1.1097964, 1.1105474, 0.2455619
-0.9107636, 0.85162556, 0.18758191
-0.9491313, 0.928076, 0.19386427
-0.92859817, 1.1491296, 0.2502858
-1.1098924, 1.0097685, 0.2252445
-1.1904602, 1.0095206, 0.21330152
-0.99120384, 0.9332919, 0.20836022
-1.1303403, 1.0898918, 0.24613056
-0.9292022, 1.0904236, 0.24542977
-0.9077132, 1.1110563, 0.24868977
-1.0684646, 0.9881911, 0.21228506
-0.9703099, 0.8298944, 0.17200644
-0.8687256, 0.8677508, 0.18661153
-1.0521976, 0.9478428, 0.19557947
-1.012283, 1.0758734, 0.24284104
-1.1292998, 0.87075776, 0.18678567
-0.9718447, 1.0068617, 0.21358873
-1.1283352, 1.1117766, 0.2469016
-0.89075977, 1.1107417, 0.24854508
-0.9714685, 0.8114582, 0.17012829
-0.94815826, 0.8279762, 0.17125836
-1.1492511, 1.1110814, 0.24711953
-0.92917657, 0.8302419, 0.17238319
-0.8924221, 1.0907515, 0.23666595
-0.9088784, 0.8298868, 0.17280884
-0.9299147, 0.94841766, 0.2078999
-1.0503113, 1.1289712, 0.24850914
-1.1305275, 1.130562, 0.25200886
-0.9099388, 1.0323278, 0.22775272
-1.0289886, 0.8886148, 0.19019592
-1.0552542, 1.0481018, 0.2174103
-0.910185, 1.1090349, 0.23455945
-1.1713285, 0.8114501, 0.1707151
-1.1301135, 0.88952994, 0.19044036
-0.8900224, 0.96984565, 0.21006106
-0.9897903, 0.96188027, 0.19792402
-1.0715013, 1.0498085, 0.22912683
-0.97141474, 0.9277805, 0.19433402
-0.96921825, 1.1112663, 0.24790247
-1.0657564, 0.8692145, 0.17678185
-1.1102457, 1.0297917, 0.21596387
-1.0943167, 0.9011575, 0.17424154
-1.0100019, 0.9692914, 0.20814578
-1.1107372, 1.0085926, 0.21168083
-0.96964747, 1.1491128, 0.25200692
-1.0497324, 0.8481853, 0.17410305
-0.90931934, 0.95251745, 0.20889527
-1.1519637, 0.7940098, 0.17127442
-1.1685829, 0.86756617, 0.18931687
-1.2079167, 0.93190473, 0.20752522
-0.9298513, 0.8503248, 0.1747395
-1.0295128, 0.86925423, 0.1868956
-1.0104896, 1.1311784, 0.25023043
-0.92813605, 0.9481365, 0.19492029
-1.1703945, 1.1098897, 0.25078058
-1.1312039, 0.81091386, 0.17070793
-1.0112886, 1.1086584, 0.23433407
-1.0313219, 1.1507413, 0.25206786
-0.8911884, 0.99154913, 0.21250272
-0.98934513, 0.9096141, 0.19180878
-0.9910466, 0.9140956, 0.20196706
-0.9087097, 0.8107085, 0.1705125
-0.9707555, 1.1053315, 0.2378006
-1.1890423, 1.1094645, 0.24551725
-1.1714556, 1.1297054, 0.24723877
-0.8917963, 1.0098562, 0.21579716
-0.97088116, 1.1285672, 0.2377685
-1.1710545, 1.1475226, 0.25054687
-0.8903563, 1.0103351, 0.22519688
-0.98925334, 1.1081436, 0.23323004
-1.0110626, 0.9492628, 0.20629574
-1.0665329, 1.0449347, 0.21638767
-1.0698725, 0.80876404, 0.16945794
-0.88868153, 0.94903755, 0.20757878
-1.0889918, 0.9087656, 0.19141108
-0.9505325, 0.8511238, 0.17242387
-1.1495247, 1.0873573, 0.23274553
-1.2318746, 0.8916695, 0.19220026
-0.8897655, 0.9101411, 0.19248843
-1.0715406, 0.8705105, 0.18825129
-0.9498863, 0.81069535, 0.17037301
-0.8705023, 0.9518684, 0.20647599
-1.1117371, 1.069759, 0.24671502
-1.0896727, 0.88975036, 0.18884598
-1.2281103, 0.8283815, 0.17352
-0.92845273, 1.0103496, 0.22334974
-1.1098515, 1.089169, 0.23350182
-1.1892971, 1.0114177, 0.22691634
-0.90734494, 0.9093092, 0.19364299
-0.9901755, 0.9513191, 0.20844543
-1.1718863, 1.0901719, 0.23475698
-1.1899767, 1.1499473, 0.24900618
-1.0305145, 0.8493943, 0.17553954
-1.1302172, 0.99091196, 0.2223536
-1.1080407, 0.9270666, 0.19393262
-1.170299, 1.1104321, 0.23403929
-0.9739405, 1.0251564, 0.21502666
-1.1884104, 1.0687721, 0.23099649
-1.0716048, 1.1295414, 0.235575
-1.0689782, 0.95080894, 0.20715447
-1.0308213, 1.0114148, 0.21422789
-0.91052735, 1.0109811, 0.21520005
-1.1107552, 1.1079723, 0.23502737
-1.2097433, 0.95076007, 0.20809928
-1.009076, 0.9089459, 0.19220738
-0.9304583, 0.8690318, 0.18643942
-1.2078066, 1.0115433, 0.22744016
-0.8513991, 0.89104235, 0.1898035
-1.2270831, 1.0300243, 0.22810404
-0.80810755, 0.8696566, 0.18501322
-0.9082237, 1.0487459, 0.23093735
-1.1914953, 0.8298947, 0.17342189
-0.9489099, 0.9093511, 0.19167612
-0.99007577, 0.8101364, 0.17010207
-0.9689543, 0.9892707, 0.21133226
-1.0696807, 0.8288307, 0.17154571
-1.1105812, 0.8505762, 0.17593133
-1.0914416, 1.1083311, 0.23645149
-1.1913352, 0.96871084, 0.2108529
-0.9160496, 0.80403703, 0.15720357
-1.0340095, 0.9527433, 0.19614622
-1.2290837, 0.8697463, 0.19036265
-1.1673179, 1.0568082, 0.21483412
-1.1508698, 0.8691725, 0.17530175
-1.1276932, 0.89386785, 0.17809355
-0.9696406, 0.85099477, 0.18637303
-0.92840916, 1.0718732, 0.23302129
-1.1329434, 1.0301466, 0.21413632
-1.1524131, 1.0131145, 0.21408752
-1.0319326, 0.86982805, 0.17700829
-0.9287754, 0.96875185, 0.19861487
-1.0336194, 0.88359594, 0.17540559
-0.94947827, 1.0289317, 0.22769527
-1.1279321, 1.0084679, 0.2140858
-1.0129163, 1.1498339, 0.2511606
-1.0518517, 1.1269742, 0.23720202
-0.90960914, 0.8499418, 0.17407641
-1.070196, 1.1485753, 0.25086796
-1.1935766, 1.1051829, 0.23737268
-1.0672268, 1.0300922, 0.21358927
-1.190686, 0.9669148, 0.19606744
-1.2296581, 1.0873815, 0.23196009
-1.2304796, 1.0700916, 0.23204108
-0.8689984, 0.86999696, 0.17510515
-1.1915942, 1.0262314, 0.21323499
-1.0715731, 1.013988, 0.22510117
-0.9693875, 0.87150204, 0.18771191
-1.2082232, 1.0895, 0.23099148
-0.96742344, 0.9464096, 0.19369689
-1.0080186, 1.0699705, 0.23232596
-1.2453957, 1.0698192, 0.23159052
-1.2098962, 1.091396, 0.24526587
-0.8862591, 1.030665, 0.21394241
-1.2311461, 1.0517808, 0.22891425
-1.0703781, 1.0923344, 0.24533676
-0.8703387, 0.89081156, 0.18964918
-1.1078243, 0.86840105, 0.17723344
-1.1523839, 0.96740186, 0.19616379
-1.2262844, 0.8509907, 0.17556374
-1.0485162, 1.0292413, 0.22567865
-1.2499462, 1.0911124, 0.23470142
-1.0514327, 1.148533, 0.25354987
-0.8717732, 0.89064157, 0.202518
-1.0686445, 1.0616472, 0.21894208
-0.98857117, 1.027771, 0.21568263
-0.8700173, 1.0687686, 0.22806749
-1.1483848, 1.0111899, 0.2273766
-1.1899772, 1.0878214, 0.23247316
-0.96561193, 1.0072255, 0.19625342
-1.1305646, 1.0889999, 0.2323153
-1.0890262, 1.1482459, 0.25132826
-1.0111591, 0.8487343, 0.17446077
-1.0101233, 1.0065498, 0.21103399
-1.0254891, 1.0289035, 0.21774761
-1.0709426, 1.0105271, 0.21341808
-1.0964592, 0.987839, 0.19777799
-1.2302642, 0.98882306, 0.21379355
-1.1501523, 1.1119348, 0.23655736
-1.1672673, 1.0710886, 0.23409946
-1.1060907, 0.97722995, 0.19645104
-1.2307317, 0.9099641, 0.19148593
-0.92755187, 1.1085576, 0.23444225
-1.0688593, 0.99099654, 0.22279976
-1.1891699, 1.1296982, 0.2490645
-1.129339, 1.1061698, 0.23457116
-0.96895194, 1.1297705, 0.24869072
-0.9919939, 0.8087429, 0.15844958
-1.1299334, 1.0458617, 0.21777105
-1.1683186, 0.89093894, 0.20300372
-1.0026264, 0.9714086, 0.19550076
-1.1627079, 1.064644, 0.21623334
-1.008289, 0.9499479, 0.19301908
-0.8915578, 1.0700634, 0.22755314
-1.1896046, 0.94840604, 0.19679515
-0.9116714, 0.8700874, 0.17548054
-0.88879216, 1.0904126, 0.24701743
-1.2294842, 0.9261087, 0.19343328
-1.0056587, 0.9020725, 0.17632593
-0.944943, 0.9830353, 0.1995171
-0.9376041, 0.9909054, 0.1975324
-1.0691502, 0.9534726, 0.19678439
-0.9077835, 1.0906665, 0.24730092
-1.0075828, 1.0469239, 0.21517573
-1.0532315, 1.0119758, 0.22623663
-0.92981255, 0.8306471, 0.18538931
-1.2091951, 1.0321741, 0.22878945
-1.0903072, 0.85289586, 0.18559691
-1.2476132, 0.92792225, 0.19790341
-1.0193056, 0.7928123, 0.1589592
-0.90628225, 1.0127772, 0.22440508
-1.0279136, 1.0490657, 0.21772975
-1.0924671, 1.0654416, 0.21871004
-1.1158869, 0.89219165, 0.17830063
-1.1696925, 0.9285793, 0.19330037
-0.91033363, 1.0857753, 0.23286459
-1.1503968, 1.1470634, 0.25078425
-0.9504035, 1.1084747, 0.23688006
-0.9706573, 1.0917791, 0.23428106
-0.8099264, 0.8921048, 0.18450703
-0.9941293, 1.0455488, 0.21467927
-1.0325563, 1.0289145, 0.22677663
-1.208655, 1.0641236, 0.21648678
-1.2273656, 0.8729224, 0.17616126
-0.9690481, 1.1667769, 0.25046107
-1.0523225, 1.0282336, 0.21446957
-1.0721762, 0.92511946, 0.17913242
-0.93014616, 1.1268767, 0.23665377
-1.1099806, 1.0449489, 0.21396613
-0.95034623, 1.1494185, 0.25114968
-1.0680712, 1.1294595, 0.24933238
-1.2302321, 0.9712716, 0.21060623
-1.2107588, 1.0705198, 0.23164792
-1.2095236, 1.1100659, 0.24499446
-1.030969, 1.1045426, 0.23174143
-0.9750984, 1.0698006, 0.24233192
-0.92815167, 1.1114786, 0.24997383
-0.9538748, 1.0667285, 0.21578163
-1.1702849, 1.0318496, 0.21615851
-1.2109773, 1.1288003, 0.24806598
-1.1502092, 0.9494998, 0.19408892
-1.0095459, 0.9840392, 0.1988039
-1.2110566, 0.95249885, 0.19340363
-1.0274479, 1.0671729, 0.21898763
-0.84905624, 0.87017006, 0.17472708
-1.1088789, 1.1498348, 0.25031775
-1.2109227, 1.10856, 0.23186113
-0.9480983, 1.1332184, 0.23539524
-1.1116695, 1.0893527, 0.24890801
-1.2128145, 0.96797335, 0.19327363
-1.2112143, 1.1480654, 0.24925023
-0.95155704, 0.8522674, 0.18545534
-1.1491886, 1.1289542, 0.24826735
-0.9082175, 0.9079295, 0.17996776
-0.9613208, 0.91898316, 0.17392068
-0.8911165, 1.1691395, 0.25058973
-1.0141321, 0.91181177, 0.20235789
-1.2292576, 1.1514955, 0.24825375
-1.170565, 0.9095965, 0.20480305
-0.877342, 0.80580574, 0.15767747
-1.2477077, 0.9103272, 0.1969265
-1.0075539, 1.0872896, 0.24575761
-1.2276814, 0.8109491, 0.17262742
-1.0875177, 0.79334915, 0.17001311
-1.1901977, 1.0457608, 0.21584094
-0.85277635, 0.90759397, 0.18718313
-1.1512527, 1.0469246, 0.21610796
-1.2303168, 1.0089422, 0.21434012
-0.8713781, 0.85225856, 0.18483867
-1.0852425, 0.86944425, 0.17396489
-0.9500602, 0.8884979, 0.17777967
-0.86955416, 0.90905863, 0.18994884
-1.1265482, 1.0790395, 0.21403852
-1.1739264, 1.0150543, 0.22406639
-1.0148461, 0.84451187, 0.1597343
-1.2483155, 1.0491441, 0.231917
-1.1707658, 0.9670955, 0.19835313
-0.89139146, 0.92688775, 0.19018045
-0.94878364, 1.0929358, 0.24669644
-0.91605026, 0.82985514, 0.15778796
-1.1480732, 1.0886822, 0.24902776
-1.2105774, 0.8698592, 0.17577495
-1.2119472, 1.0274198, 0.21469282
-0.8699992, 0.84792435, 0.1738416
-0.8718591, 1.1076642, 0.2437652
-1.0894539, 0.94653034, 0.19335881
-1.023856, 1.1218115, 0.23877825
-0.8891081, 0.82816154, 0.17390256
-0.89088744, 0.84892005, 0.17595087
-1.132333, 1.1493139, 0.2485022
-1.1761751, 0.8229627, 0.15966342
-1.2104489, 0.9713408, 0.20971909
-1.1028941, 0.9111898, 0.17666146
-0.9748287, 0.79657686, 0.15985443
-1.2322767, 1.0288599, 0.2151153
-1.0114188, 0.85108006, 0.18751319
-0.97286797, 1.0449923, 0.2196881
-1.2261057, 0.9517146, 0.19645973
-1.02996, 1.1093549, 0.24582179
-0.9516152, 0.94851565, 0.19285107
-0.8913665, 0.8933071, 0.2021948
-1.0504268, 0.8092762, 0.15639162
-1.045387, 0.9099665, 0.17911516
-1.1040626, 1.0053873, 0.19920868
-1.2084842, 1.1303799, 0.23477942
-0.9929326, 0.9733368, 0.22136222
-0.9346843, 0.8905016, 0.17687915
-1.1291745, 0.8516316, 0.18661635
-0.9305233, 0.8527098, 0.18642892
-0.8510594, 0.8524387, 0.18391234
-0.945351, 1.0686074, 0.2418884
-1.151369, 0.8880626, 0.17816871
-1.108532, 1.075058, 0.21882874
-0.90920466, 1.1493717, 0.25110677
-0.851287, 0.8522058, 0.17467017
-1.138421, 0.9731945, 0.19750552
-1.1678534, 1.0508164, 0.2425833
-1.00962, 1.0317221, 0.21768238
-1.1797569, 0.9137301, 0.17978422
-0.94814515, 0.9322797, 0.20585674
-0.95263433, 0.90949047, 0.2029905
-1.2474067, 0.8522232, 0.17926203
-0.9115776, 0.93314105, 0.20769249
-0.9898007, 1.0568979, 0.2417266
-1.0595937, 1.061596, 0.21329448
-0.9330202, 0.91382414, 0.20608649
-0.988824, 0.8497681, 0.18436809
-1.2094133, 0.9890882, 0.21210504
-0.9634155, 0.9666836, 0.22219437
-0.9915775, 1.1685302, 0.2520428
-1.1436315, 0.9801727, 0.19337702
-1.0884775, 1.0485368, 0.24765074
-0.88781196, 0.85042375, 0.18526125
-1.1487954, 0.9094237, 0.20441422
-1.1697904, 0.7920909, 0.17039815
-1.0946447, 0.9753944, 0.19831549
-1.0227159, 1.0805322, 0.21468389
-0.93546486, 1.0743816, 0.24345003
-1.0107946, 0.8110907, 0.169975
-0.8545164, 0.8864184, 0.20308594
-0.95033276, 0.99524724, 0.22751552
-1.0672486, 0.91054183, 0.20562896
-1.2087065, 1.0069938, 0.21570712
-1.0829337, 1.0477567, 0.21714976
-1.2650832, 1.0663277, 0.23250842
-1.0161002, 1.1645274, 0.25315964
-0.9869439, 1.1297394, 0.23788975
-0.9692528, 1.0909868, 0.2464438
-1.030369, 1.0849893, 0.24158439
-1.2316161, 1.1110058, 0.23581558
-0.9879332, 0.99083686, 0.22555798
-0.849921, 0.8298882, 0.1712354
-0.90439975, 0.9938239, 0.22454108
-0.9910079, 1.0909561, 0.2181725
-0.87676215, 1.1302947, 0.24573788
-1.1080995, 0.9903945, 0.19871771
-1.0085664, 0.99276346, 0.22432864
-1.1721351, 0.8835183, 0.179151
-1.0219101, 0.91498184, 0.1776417
-1.2487785, 0.9916022, 0.21524085
-0.95153314, 0.8029239, 0.15915015
-0.9133802, 0.90839946, 0.20200981
-1.0479039, 1.155217, 0.26762474
-1.2090809, 0.7921418, 0.16919005
-1.1688002, 0.82969356, 0.18465535
-0.88876814, 1.1278448, 0.24862257
-0.95907164, 1.0294198, 0.24451813
-1.130097, 0.7939576, 0.1698023
-1.1498705, 1.0702984, 0.2440111
-1.1715559, 1.1283199, 0.23570919
-1.0715779, 0.79324085, 0.16799425
-1.0403085, 0.97495675, 0.19679281
-0.8678073, 0.92808414, 0.19456632
-1.0111427, 1.1288233, 0.23534527
-0.9635681, 0.9711864, 0.19808649
-0.92761296, 1.1460469, 0.26451463
-1.0332824, 0.9711087, 0.19705765
-1.209829, 0.99312615, 0.2266714
-0.99164927, 1.1571531, 0.264834
-1.1343619, 0.9711749, 0.22681351
-1.0290896, 0.9119177, 0.20623976
-0.93094844, 0.9705433, 0.22104704
-1.0504858, 1.0910668, 0.2444172
-1.1869954, 0.7927235, 0.16832623
-1.0107685, 0.8758463, 0.202626
-0.8889189, 0.9948556, 0.22843951
-0.87007743, 0.96943843, 0.20785512
-1.0392343, 0.99549717, 0.23090647
-1.1915891, 0.8120773, 0.17123367
-1.0874672, 1.1672444, 0.24988098
-0.9684948, 0.79383206, 0.16822201
-0.98370045, 1.0355816, 0.24134342
-0.88657933, 0.92898417, 0.2055567
-0.85226226, 0.9700609, 0.20733835
-1.0280874, 1.1631517, 0.25176597
-0.85715765, 0.91421115, 0.2054473
-1.1930019, 0.884277, 0.20187487
-1.0494105, 0.8869983, 0.17442872
-0.8694017, 0.8774619, 0.2010576
-0.9172393, 1.0505913, 0.24427254
-1.1036458, 1.1436307, 0.2640741
-1.0461332, 0.96384346, 0.2202492
-0.9260189, 0.8982771, 0.20021997
-1.1026353, 0.9720472, 0.2214532
-1.0240356, 0.8830814, 0.20656657
-0.8289274, 0.9060633, 0.18646125
-1.1760763, 1.1359684, 0.26345846
-0.80938023, 0.9113241, 0.187507
-0.82656586, 0.88698196, 0.18398646
-1.0097604, 1.0412945, 0.24037792
-0.9762782, 0.9181971, 0.20056403
-1.0684719, 0.8302703, 0.15925656
-0.9178505, 0.9423208, 0.22160523
-1.2117288, 0.8844571, 0.17714168
-1.212697, 0.91176677, 0.20659113
-1.1214545, 1.063418, 0.2420113
-0.86893964, 0.98872375, 0.21106689
-0.91498643, 0.8471279, 0.1559166
