-1.8722157, 0.8288287, 0.21076283
-1.8517917, 0.8303497, 0.214465
-1.8693016, 0.8473459, 0.21077798
-1.8271948, 0.8314161, 0.21397224
-1.8524572, 0.8096307, 0.21409693
-1.8489033, 0.85008085, 0.2081902
-1.8108937, 0.82890916, 0.21352015
-1.8508676, 0.79297537, 0.2161694
-1.8489137, 0.8703371, 0.20817506
-1.8073193, 0.85114247, 0.21154088
-1.7894205, 0.83196765, 0.21467295
-1.8111023, 0.86835366, 0.20908564
-1.7893277, 0.85100895, 0.2118934
-1.7701677, 0.8295667, 0.2135377
-1.8318722, 0.78918517, 0.22641374
-1.8102803, 0.8715764, 0.19709046
-1.7700663, 0.849919, 0.21216698
-1.7689321, 0.80919987, 0.21628653
-1.7515128, 0.8284362, 0.21456498
-1.7689736, 0.8269865, 0.22433545
-1.7898628, 0.8104609, 0.22517653
-1.8081925, 0.8913982, 0.19580406
-1.749813, 0.8498651, 0.21143001
-1.7714171, 0.794523, 0.21437138
-1.7503117, 0.8100856, 0.21576881
-1.8094169, 0.91192555, 0.19557318
-1.7903128, 0.8905163, 0.19667327
-1.7694061, 0.78862417, 0.22713521
-1.8303686, 0.90936375, 0.19406357
-1.809335, 0.92993283, 0.1927718
-1.7887553, 0.8885457, 0.20643483
-1.7475258, 0.7903978, 0.22646706
-1.7703542, 0.770984, 0.23121537
-1.8090203, 0.9504488, 0.18824515
-1.7701569, 0.8890736, 0.20832467
-1.7494075, 0.77170044, 0.23067525
-1.7691272, 0.75101644, 0.23232043
-1.7872279, 0.7707163, 0.22905552
-1.7894099, 0.92906123, 0.20471829
-1.8290076, 0.94956553, 0.18717457
-1.7897116, 0.94894516, 0.19178815
-1.7286716, 0.7718071, 0.23096131
-1.7907519, 0.74997324, 0.23170531
-1.8102885, 0.7681425, 0.23027082
-1.788046, 0.968854, 0.19145314
-1.791057, 0.7308204, 0.23439425
-1.8113056, 0.73222613, 0.23475021
-1.7885457, 0.7898452, 0.22741887
-1.829292, 0.8505423, 0.21169335
-1.7297115, 0.7512281, 0.23135255
-1.7700496, 0.86872977, 0.20936184
-1.8309639, 0.8701253, 0.20765376
-1.8694624, 0.7896344, 0.2174224
-1.8709209, 0.8081323, 0.22390258
-1.7886884, 0.72890615, 0.24619994
-1.8300483, 0.77051497, 0.22887476
-1.7118763, 0.769127, 0.22928019
-1.8491602, 0.7894068, 0.2257243
-1.8894637, 0.84996974, 0.20914787
-1.8319335, 0.7316139, 0.23462416
-1.8114399, 0.7086512, 0.23485762
-1.8946944, 0.7890855, 0.21577227
-1.8893641, 0.80880487, 0.22254473
-1.8288755, 0.7505217, 0.23155268
-1.832176, 0.77397287, 0.21712199
-1.9117154, 0.8515389, 0.20875095
-1.8888485, 0.87134194, 0.20666473
-1.8288105, 0.7282353, 0.24366036
-1.8278124, 0.71094954, 0.23531058
-1.750631, 0.7314865, 0.23545393
-1.8892782, 0.7898005, 0.22499049
-1.9318017, 0.8492272, 0.20942189
-1.9100705, 0.86931676, 0.20606948
-1.9073533, 0.82919055, 0.21200015
-1.8942388, 0.87028617, 0.19656986
-1.9095856, 0.78952736, 0.22356151
-1.949476, 0.84944004, 0.20890395
-1.9311516, 0.8308506, 0.21166639
-1.9114722, 0.80943155, 0.21505952
-1.8703642, 0.87338364, 0.19475594
-1.8854028, 0.89753705, 0.19331144
-1.9289286, 0.7891419, 0.22604062
-1.9473401, 0.8726616, 0.20579901
-1.9686515, 0.8500416, 0.21060409
-1.9322238, 0.811106, 0.21446592
-1.8710366, 0.8903845, 0.19505581
-1.9092046, 0.88954586, 0.1967171
-1.8879883, 0.9099655, 0.19362462
-1.9707533, 0.8295469, 0.21163781
-1.9907018, 0.8502724, 0.21065933
-1.9485555, 0.81097496, 0.21566394
-1.9132385, 0.91277486, 0.19416916
-1.8862758, 0.9091484, 0.20418751
-1.9700617, 0.808401, 0.21486114
-1.9909146, 0.83034176, 0.21122509
-2.00949, 0.8497026, 0.21288249
-1.9304748, 0.90979093, 0.19400409
-1.9075365, 0.9316174, 0.18902218
-1.9870787, 0.8125686, 0.21438612
-1.9707516, 0.7906982, 0.21593216
-1.9474818, 0.90995634, 0.19371441
-1.9091609, 0.95002806, 0.18773605
-1.9919968, 0.7927792, 0.21765693
-1.9513099, 0.9284704, 0.19122213
-1.890737, 0.948494, 0.18898514
-1.9907768, 0.7887034, 0.22459516
-1.9559443, 0.9384962, 0.17871667
-1.8897437, 0.97062194, 0.17544352
-1.8700379, 0.93099165, 0.19137496
-1.8700655, 0.97090256, 0.17743303
-1.8907083, 0.9913828, 0.17216197
-1.8507909, 0.93104553, 0.18746167
-1.8698245, 0.9906461, 0.17451186
-1.9114364, 0.9894975, 0.17554621
-1.9317762, 0.9883403, 0.17337006
-1.8667058, 1.0290229, 0.16937986
-1.9321483, 1.0117748, 0.17291991
-1.9485011, 0.99340236, 0.17199002
-1.9288144, 0.9680201, 0.17694202
-1.9488257, 1.0099686, 0.17207822
-1.9460738, 0.97482103, 0.17658049
-1.9283357, 0.9544905, 0.17723295
-1.9489796, 1.0279087, 0.16953672
-1.9684285, 1.0304172, 0.16857101
-1.8508893, 0.8875916, 0.20463258
-1.8512101, 0.7513964, 0.2314995
-1.8909872, 1.0285596, 0.16781366
-1.969879, 0.71027845, 0.2429605
-1.9900125, 0.7687659, 0.2268002
-1.9520681, 0.7886181, 0.22405328
-1.9287461, 0.70979446, 0.24339902
-1.9104943, 0.7691156, 0.22739494
-1.950767, 0.7118424, 0.23675224
-1.8505049, 0.7063224, 0.23817982
-1.8513211, 0.76892495, 0.22773752
-1.8506951, 1.0319006, 0.16912505
-1.9527265, 0.78795713, 0.21820849
-1.9707109, 0.78804976, 0.2254265
-1.9288774, 0.7697339, 0.22769693
-1.8679144, 0.7904113, 0.22559316
-1.9711286, 0.6902612, 0.2438973
-1.9508318, 0.6728886, 0.24634142
-1.9301901, 0.6879422, 0.24684474
-1.8680893, 0.75090915, 0.23052637
-1.8898253, 1.0486392, 0.16545959
-1.9696475, 0.7108033, 0.23640196
-1.9880751, 0.7499078, 0.2303079
-2.0078871, 0.769205, 0.22741835
-1.968781, 0.769877, 0.22803694
-1.9501551, 0.76859635, 0.22610883
-1.908988, 0.7092548, 0.24465926
-1.9115121, 0.749418, 0.23075736
-1.9500585, 0.73092353, 0.234369
-1.8709419, 0.7096964, 0.23702641
-1.870787, 0.76874244, 0.22874892
-1.8299589, 1.0292361, 0.17265287
-1.8508215, 1.048115, 0.16816999
-1.937097, 0.77330387, 0.21727064
-1.9292924, 0.7512569, 0.23242602
-1.9877425, 0.6902744, 0.24572463
-1.8708992, 0.730752, 0.23527706
-1.8916138, 0.7497369, 0.22963375
-1.9702125, 0.73203605, 0.23391631
-1.9900591, 0.7095697, 0.23595896
-1.9687353, 0.7506259, 0.23156625
-1.9915601, 0.72880054, 0.23593117
-2.0078294, 0.7521571, 0.2277492
-1.9500315, 0.74911034, 0.23114482
-1.906895, 0.71319956, 0.23652078
-1.888686, 0.7090937, 0.24411872
-1.9108342, 0.73169047, 0.23478201
-1.9285301, 0.731115, 0.23484138
-1.8264773, 1.0495634, 0.17111014
-2.005623, 0.6896311, 0.24407887
-1.8905716, 0.7295454, 0.2355964
-2.010285, 0.70947105, 0.23546849
-2.0498087, 0.7307449, 0.22947815
-2.0500562, 0.7114286, 0.2310871
-1.7912128, 0.90772146, 0.20580284
-1.951538, 1.0478947, 0.16670057
-1.8099668, 0.7501441, 0.23044421
-1.8725412, 0.86762804, 0.20848477
-2.0121882, 0.79110265, 0.21657789
-1.8106539, 0.8105906, 0.21577193
-1.8890442, 1.0105742, 0.17015848
-1.8088562, 0.7282481, 0.2432594
-1.7305998, 0.79024124, 0.22859305
-1.9293333, 1.048574, 0.1673004
-1.8090992, 0.79054177, 0.215584
-1.7294126, 0.7903505, 0.21724813
-1.8111796, 0.9904651, 0.18753256
-2.009132, 0.7887062, 0.22430627
-1.748992, 0.83105314, 0.22492604
-1.7695869, 0.810395, 0.22645098
-1.9288851, 0.8900888, 0.19396988
-1.9087067, 0.8730574, 0.19731441
-1.989633, 0.8696264, 0.20678063
-1.8719703, 0.950399, 0.17810093
-2.0083292, 0.8308979, 0.2131469
-1.9100791, 1.0486438, 0.16692436
-1.9527119, 0.83069384, 0.21182671
-2.0304918, 0.7721548, 0.21564883
-1.7121085, 0.7875757, 0.2281374
-1.7899393, 1.0100089, 0.17317489
-1.888767, 0.8311026, 0.21175759
-1.8507965, 0.8921469, 0.19474044
-1.9088612, 1.0104854, 0.17266424
-1.8312919, 0.89076656, 0.19396052
-1.8248383, 0.87421846, 0.1961341
-1.749537, 0.74994123, 0.23372242
-1.7903912, 0.86859745, 0.20810565
-1.9296975, 0.71110934, 0.23747084
-1.8697057, 0.9088584, 0.1933319
-1.8507444, 0.9895994, 0.17460616
-1.7883301, 0.8737746, 0.1972771
-1.7306687, 0.88972276, 0.20419918
-1.8721464, 0.8115988, 0.21297762
-1.7497066, 0.7963142, 0.2152012
-1.830294, 0.812132, 0.21630807
-1.8502612, 0.87105983, 0.19809958
-1.791634, 1.0474476, 0.16915804
-1.810318, 0.88711464, 0.20655283
-1.812188, 0.8585856, 0.19854417
-1.8352512, 0.85671014, 0.19976565
-1.8905923, 0.76980364, 0.22749238
-1.8709533, 0.96587247, 0.1858316
-1.7889479, 1.0278475, 0.17204964
-1.7709508, 0.72815907, 0.24578905
-1.9684398, 1.0473404, 0.1660487
-1.7876117, 0.9117211, 0.1942708
-1.7336226, 0.8703883, 0.1975442
-1.988256, 0.88771456, 0.20459652
-1.9890287, 0.87137383, 0.19750366
-1.8482697, 0.9518631, 0.17660576
-1.829178, 0.988443, 0.17509463
-1.9011301, 1.0383105, 0.15994191
-1.8497797, 0.9694098, 0.18399136
-1.9905107, 0.8906219, 0.19601992
-1.969891, 0.8678546, 0.19643229
-2.0306246, 0.8088437, 0.21345511
-1.8309243, 0.9682762, 0.17730328
-1.991394, 0.9099508, 0.19305462
-2.052321, 0.81216776, 0.21100104
-1.990245, 0.9317976, 0.19126032
-2.0088036, 0.9104606, 0.1956011
-2.0102727, 0.92691547, 0.1907454
-2.0295553, 0.9310028, 0.1877042
-2.050462, 0.9295731, 0.18847097
-2.0303233, 0.94941455, 0.18518603
-2.0142488, 0.8880789, 0.19355232
-1.9557449, 0.9669402, 0.18567467
-1.7106298, 0.7495294, 0.23284036
-1.7726016, 1.0098251, 0.17546892
-1.8277395, 0.9702868, 0.18589349
-1.8097262, 0.9707614, 0.18823393
-1.8891369, 0.9296154, 0.19057465
-1.729238, 0.7286287, 0.24497801
-1.8914156, 0.6918626, 0.2460549
-1.7685499, 0.73002845, 0.23400255
-1.9714413, 0.96881396, 0.18503334
-1.8941455, 0.9341995, 0.17782244
-1.971005, 0.9499839, 0.18767318
-2.02948, 0.91156346, 0.19194674
-1.7700415, 0.90997106, 0.19450778
-1.9712642, 0.9896494, 0.1753248
-1.9327501, 0.7260896, 0.24136485
-1.9711831, 0.93074965, 0.19052686
-1.8117929, 1.008217, 0.17454895
-1.7712634, 0.7500949, 0.24279806
-1.7505854, 0.87011176, 0.21002471
-1.7493162, 0.7292925, 0.24438266
-1.8288441, 0.98848635, 0.18543091
-1.9896295, 1.0298523, 0.16904888
-1.853006, 0.94985414, 0.1892984
-2.0073287, 0.7755228, 0.21792786
-1.789233, 0.98843026, 0.18877263
-1.930409, 0.92986524, 0.19126016
-2.027489, 0.85057014, 0.20639789
-1.7095942, 0.72866565, 0.24407415
-1.9906723, 0.94860786, 0.18549618
-1.8102133, 0.7892871, 0.22600408
-1.9318222, 0.8688414, 0.20739044
-2.0514896, 0.8148305, 0.19865628
-1.9662268, 0.9531466, 0.17773193
-1.9333432, 0.9475773, 0.18922032
-1.7709236, 0.9313398, 0.19066037
-1.9907731, 0.9686635, 0.17724705
-1.9901142, 0.99164295, 0.17482944
-1.9901778, 1.0082715, 0.1721439
-1.9846773, 1.0322155, 0.15867585
-2.0376391, 0.8511398, 0.1993458
-1.7509145, 0.92912775, 0.19136104
-2.012114, 0.9902423, 0.17459145
-2.0117476, 1.0083863, 0.17333192
-1.7529564, 0.9466698, 0.1897558
-1.7693475, 0.95281184, 0.19110698
-1.7502222, 0.8099967, 0.22448559
-1.8489722, 0.7325296, 0.23444383
-2.0087814, 0.9694683, 0.18515228
-2.0525823, 0.9676069, 0.175412
-1.9279715, 0.8711238, 0.19719386
-2.032912, 0.7925372, 0.21387094
-1.69375, 0.7886749, 0.22652571
-1.8297532, 0.8896718, 0.20591143
-2.0675697, 0.70789045, 0.24463812
-1.9288492, 1.0304734, 0.1670211
-1.7284491, 0.8281841, 0.22676928
-2.0500174, 0.94997215, 0.17751583
-2.029244, 0.73276925, 0.22854726
-1.969763, 0.8684245, 0.20476174
-1.7310346, 0.7483902, 0.24522318
-1.6896676, 0.77071625, 0.23023768
-1.7108324, 0.79640526, 0.21612127
-1.9222978, 1.0190129, 0.15769379
-1.8681127, 0.77213234, 0.21749495
-2.0285766, 0.89215845, 0.19539914
-1.7898309, 0.8114172, 0.21357976
-2.030283, 0.7123302, 0.2305699
-1.77052, 0.88823533, 0.19783571
-1.7308722, 0.8082748, 0.2253641
-2.009408, 0.808219, 0.2160578
-1.85307, 0.7720628, 0.2181938
-1.791721, 0.92909193, 0.19115378
-2.0087724, 0.9719036, 0.1740174
-1.9927142, 0.7724611, 0.21812314
-1.7266982, 0.77457404, 0.21682613
-2.0097575, 0.7270545, 0.23498082
-1.8499805, 0.85360247, 0.19830805
-1.9708415, 0.89439446, 0.19389853
-1.9495229, 0.89120907, 0.19553258
-1.8905371, 0.9539569, 0.17724708
-1.7899662, 0.9932776, 0.17517716
-1.7717786, 0.8660049, 0.19903181
-1.774197, 0.9916881, 0.17637545
-1.7501812, 0.9110638, 0.19441754
-1.730914, 0.8501969, 0.20806001
-1.906003, 0.84976566, 0.19798282
-1.7085768, 0.81081074, 0.21753189
-1.7151294, 0.84763175, 0.2123079
-1.713317, 0.8320564, 0.21653329
-1.869115, 0.9359424, 0.1796051
-1.8276368, 1.0129191, 0.17144531
-2.0523381, 0.89101154, 0.1918723
-1.7897098, 0.7921037, 0.21687138
-1.8717458, 1.0325154, 0.15767905
-2.0520222, 0.8709993, 0.19472235
-1.8684748, 1.0179899, 0.15917219
-1.8093145, 0.9905412, 0.17559452
-1.9289172, 0.8877455, 0.2071535
-1.9512173, 0.88908195, 0.20340611
-1.9303068, 0.9697052, 0.18339844
-2.0365222, 0.87053, 0.19690819
-1.9679177, 1.0134959, 0.1679618
-1.848416, 0.9884854, 0.18599549
-1.8697011, 1.0115964, 0.16979393
-1.9516113, 1.0487283, 0.15810905
-1.8301618, 0.93239856, 0.19306949
-1.8305229, 1.0075861, 0.18427077
-1.8255723, 0.9368195, 0.17891926
-1.6903046, 0.7494087, 0.23462321
-1.9884001, 1.0477242, 0.16491133
-1.7354827, 0.9266302, 0.19608226
-2.0297987, 0.9691124, 0.17514132
-1.9709375, 0.97414786, 0.17688578
-1.8906271, 0.7125328, 0.23564374
-1.7708846, 1.0290124, 0.1746937
-1.9125116, 1.0282046, 0.16904691
-1.8567119, 1.0179831, 0.15926053
-1.8893434, 0.81283975, 0.21351323
-1.8277344, 0.9504157, 0.17901579
-2.0524614, 0.72870564, 0.24436606
-1.9690994, 0.9115412, 0.19383565
-1.7693675, 0.94521356, 0.17980468
-1.7508895, 0.74978703, 0.24475014
-1.9126511, 0.9703558, 0.17489563
-2.0084684, 0.9499924, 0.1867798
-2.050242, 1.013063, 0.15886149
-2.0574033, 0.99660337, 0.15738626
-2.034662, 0.94834566, 0.17968552
-2.0498161, 0.90898377, 0.19103876
-1.7366481, 0.9467689, 0.19691119
-1.9474609, 0.8790643, 0.19501477
-2.010137, 1.031779, 0.16839977
-1.8316277, 0.9106626, 0.20647609
-1.7329342, 0.8078268, 0.2167311
-2.0312467, 0.83370537, 0.20774159
-1.7279743, 0.8330033, 0.2133922
-1.7075882, 0.81190765, 0.2239699
-1.9924948, 0.95867896, 0.1776858
-1.8475037, 0.96642756, 0.17538354
-2.064949, 0.97118324, 0.17566031
-1.9471525, 0.72794306, 0.24191602
-1.7304324, 0.8710207, 0.20808974
-1.7889447, 0.8290083, 0.22531365
-1.8678734, 0.94720316, 0.18743367
-1.94781, 0.949646, 0.18763727
-1.8910103, 0.96766114, 0.18683806
-1.8913013, 0.98779213, 0.18323445
-2.0154681, 1.0469203, 0.16567124
-1.9283473, 0.98994875, 0.18454036
-1.8129315, 0.9667148, 0.17804088
-1.6777053, 0.7499825, 0.23678102
-1.7706614, 0.969412, 0.1884184
-1.7559706, 0.85287964, 0.19794917
-1.7097844, 0.730757, 0.23388672
-1.8073888, 0.9067669, 0.20260325
-1.869764, 1.0514386, 0.15957874
-1.8855399, 1.0336783, 0.15827899
-1.9123386, 0.9488147, 0.1787695
-1.8074849, 0.770493, 0.21689373
-2.049134, 0.8503228, 0.1960897
-1.9242877, 0.7946054, 0.21465915
-2.006021, 0.8732711, 0.196997
-2.00155, 0.9559981, 0.17952919
-1.8154047, 0.9370214, 0.17920187
-1.8481019, 0.90995586, 0.1928001
-2.047548, 1.0512255, 0.15624544
-2.0561886, 0.93741393, 0.17490132
-1.9771115, 0.7678882, 0.21742049
-1.891783, 0.7765712, 0.21886054
-1.9311845, 0.84922314, 0.19970736
-1.8090333, 1.0317137, 0.17271233
-1.906471, 0.79314506, 0.21670336
-2.0327845, 1.0349046, 0.15823251
-1.9687043, 0.85355693, 0.19719167
-1.7872851, 0.9384359, 0.17982085
-1.9142045, 0.98956996, 0.18383192
-2.0236623, 0.86969554, 0.20426546
-1.8499944, 0.72686315, 0.24383408
-1.8287374, 0.71101224, 0.24616902
-1.7513376, 0.8903695, 0.2087289
-2.0130653, 0.75598484, 0.2197285
-2.0286453, 1.0085624, 0.17157932
-1.9117621, 0.88887775, 0.20596418
-2.0648663, 0.90988845, 0.19198757
-2.0297573, 0.98719466, 0.17637108
-2.0143292, 0.6931832, 0.23551086
-2.031626, 0.7489797, 0.22453593
-1.8078629, 1.049677, 0.17078774
-1.8576994, 1.0463226, 0.15830274
-1.89068, 0.89026487, 0.20308772
-2.0548425, 0.7112227, 0.24591096
-1.8316313, 0.80899835, 0.22548196
-1.81091, 0.81016505, 0.22449338
-1.9868795, 0.70903695, 0.24317503
-1.9491205, 0.706863, 0.24480851
-1.7491589, 0.88977283, 0.19712804
-1.9924811, 1.0049949, 0.18106699
-1.9100962, 0.7251098, 0.2433746
-1.9510459, 0.6890434, 0.24445851
-2.0503757, 0.7921087, 0.21303427
-2.0071359, 0.89044994, 0.20435667
-1.8325609, 0.7941455, 0.21661946
-1.8145465, 0.9501382, 0.17888722
-1.7875495, 0.97471213, 0.17718303
-1.9742957, 0.80420876, 0.22187398
-1.8553454, 1.0333252, 0.15782622
-1.913441, 0.7788911, 0.21749589
-1.9907222, 0.81177056, 0.22294523
-1.830119, 0.8326871, 0.22362688
-1.9143653, 0.80798155, 0.22193299
-2.007656, 1.0599515, 0.15804845
-2.0501294, 0.69664663, 0.24340764
-1.8680993, 0.8885963, 0.2037778
-1.9479147, 0.7720814, 0.21911997
-1.7511456, 0.9671414, 0.19059774
-1.9103777, 0.971575, 0.18461914
-1.7928994, 0.8130193, 0.19959404
-1.8508028, 0.80921924, 0.22414058
-1.9325995, 1.0056745, 0.18158588
-1.7277151, 0.9090011, 0.20467716
-1.8701619, 1.0497477, 0.1663579
-2.062817, 0.9476532, 0.17828655
-1.9136143, 1.0455189, 0.1561445
-1.7727419, 0.91130596, 0.20607363
-1.6774424, 0.7669923, 0.23722467
-2.0515494, 1.0092838, 0.17104924
-2.0285497, 1.0492618, 0.16257526
-2.0514128, 1.0291163, 0.16820809
-1.7290229, 0.7320144, 0.23408803
-1.9522767, 0.9478814, 0.1764231
-1.6929413, 0.81271785, 0.22797292
-1.9873136, 1.0535495, 0.15731014
-1.7534857, 0.98976195, 0.18660632
-1.8502145, 0.9084287, 0.2034452
-2.0493906, 0.99074805, 0.17297527
-1.9906614, 0.9688011, 0.18376797
-1.7755017, 1.0475768, 0.17213137
-1.7192144, 0.8737725, 0.20952734
-1.8656633, 0.98429, 0.18495244
-2.0327802, 1.0260488, 0.1682717
-1.8066272, 0.828755, 0.22515693
-2.0683963, 0.8898257, 0.19455898
-1.8679643, 0.9093367, 0.20402375
-2.0155697, 0.8055427, 0.22257945
-1.7119505, 0.8283012, 0.22972633
-1.8217174, 1.0509306, 0.15704125
-1.7702093, 0.9700331, 0.17891097
-1.9659595, 1.0357474, 0.15596837
-1.7107174, 0.7101977, 0.24623069
-1.9296558, 0.80678904, 0.22234856
-1.9878646, 1.0660976, 0.15488428
-1.9696534, 0.887329, 0.20542082
-1.9512675, 0.90835905, 0.20058157
-1.7189512, 0.779869, 0.21945368
-1.8640631, 0.72965074, 0.24096537
-1.7968199, 0.84126747, 0.2245567
-1.9903352, 0.72928435, 0.24072525
-1.8484762, 1.0707089, 0.15397929
-1.8531988, 1.0097584, 0.16888098
-2.0652409, 0.7341942, 0.23314758
-1.809659, 1.0663985, 0.16744731
-1.951539, 1.0726167, 0.15079287
-1.8667117, 1.0685747, 0.15377113
-2.0671191, 0.7509555, 0.23320794
-1.8871734, 1.0696189, 0.15427375
-1.9729605, 1.0683013, 0.15191129
-1.9752774, 0.928687, 0.20375697
-1.8676621, 1.0685086, 0.16462469
-1.9562023, 1.0082886, 0.18100426
-2.0241723, 0.97089195, 0.18201962
-1.94526, 0.99111646, 0.18337114
-1.8103986, 1.0671837, 0.15713671
-1.9822648, 0.83594805, 0.22254385
-2.006219, 0.70950687, 0.24329396
-1.7668829, 0.9310796, 0.2019939
-1.8004069, 0.74379236, 0.24041466
-2.0502584, 0.82967424, 0.19674994
-1.806283, 1.0209315, 0.18126158
-1.7107687, 0.76612127, 0.24269396
-1.7906785, 1.0678755, 0.16463287
-2.0552087, 1.0646849, 0.15276447
-2.0185862, 1.0114852, 0.18415982
-1.8923724, 0.72799325, 0.24245653
-2.0311422, 1.066151, 0.1555574
-1.8760551, 0.85796416, 0.19999045
-1.9027164, 0.93988484, 0.17994604
-1.8340157, 1.0719872, 0.15587924
-1.9391621, 0.93696064, 0.17794581
-1.7774667, 0.971603, 0.20083275
-1.7644725, 0.771831, 0.21839929
