-0.99023235, 0.28918922, 0.18838432
-0.9700332, 0.2891658, 0.18866654
-0.9902532, 0.2694634, 0.19171326
-0.9907778, 0.2945561, 0.17446347
-0.9513491, 0.28792846, 0.18708518
-0.9709414, 0.26879996, 0.18976174
-1.0108991, 0.2704564, 0.18941015
-0.9301887, 0.28746554, 0.18847758
-1.0291586, 0.26985905, 0.188793
-0.91082287, 0.28947547, 0.18873876
-0.9275695, 0.3100958, 0.18643838
-1.0312355, 0.28906614, 0.18579239
-0.91040206, 0.27013373, 0.19146943
-0.91038007, 0.30916256, 0.18554257
-0.93076265, 0.309058, 0.17552415
-1.0500644, 0.28924164, 0.18595642
-0.9093252, 0.3092463, 0.17606889
-0.94972533, 0.31317407, 0.17550425
-1.0502876, 0.30767298, 0.1842643
-0.89033514, 0.3133497, 0.1760904
-1.0482272, 0.31056076, 0.17486803
-0.89140975, 0.33362198, 0.17524363
-1.0494847, 0.32983983, 0.17332785
-1.0312636, 0.3085638, 0.17466645
-1.0691652, 0.31014317, 0.17406034
-0.87055373, 0.33072767, 0.17412265
-1.0696466, 0.3320172, 0.17218673
-1.0288982, 0.3292979, 0.17212874
-1.0904529, 0.311627, 0.1742404
-1.0701815, 0.29387453, 0.17487907
-0.8718702, 0.32873154, 0.18550618
-1.0717306, 0.34934282, 0.16799116
-1.0085866, 0.33056495, 0.17276478
-1.0287879, 0.35101265, 0.16973896
-1.1121039, 0.30955452, 0.17475866
-0.87052107, 0.30907398, 0.18572341
-0.8502087, 0.32917354, 0.18442565
-1.0913339, 0.34966522, 0.16944069
-0.989822, 0.3304788, 0.1727372
-1.1307778, 0.31032532, 0.17172892
-1.1098905, 0.32830632, 0.17163186
-1.0898795, 0.29143605, 0.1850742
-1.1099702, 0.3489421, 0.1690273
-0.9696051, 0.33092996, 0.17500672
-1.1307439, 0.35021847, 0.16793452
-0.9697958, 0.35017607, 0.17233118
-1.1289481, 0.36881164, 0.16646053
-1.1493396, 0.35076067, 0.16785619
-0.9501578, 0.35020906, 0.17211689
-0.8913909, 0.34952828, 0.17276101
-1.1066998, 0.30633757, 0.1834319
-0.91016954, 0.34774646, 0.17382124
-1.0898864, 0.29248405, 0.17564023
-0.9299601, 0.3500363, 0.17292714
-1.0892773, 0.36956307, 0.16728865
-0.91108626, 0.24964435, 0.19400594
-1.1501745, 0.3099989, 0.17210487
-0.8902282, 0.27020127, 0.19188014
-0.9685927, 0.3289775, 0.18346934
-0.9304863, 0.37174565, 0.16802418
-0.9296846, 0.25063378, 0.19270363
-0.89041066, 0.24995734, 0.19317482
-0.90827686, 0.24590822, 0.203425
-0.87020314, 0.26899385, 0.19317755
-0.9303008, 0.37264323, 0.15779515
-0.9481691, 0.25078166, 0.19373956
-0.89013743, 0.23022026, 0.19459906
-0.87739885, 0.272003, 0.17574096
-1.1105077, 0.3704944, 0.16655466
-1.1296891, 0.35330254, 0.15605597
-0.9886683, 0.35028782, 0.17204753
-0.9503721, 0.3715194, 0.16823685
-0.9293794, 0.3313797, 0.17446251
-1.0704261, 0.2892148, 0.18547133
-0.88943017, 0.37032214, 0.16961539
-0.849857, 0.31108078, 0.18808474
-1.0503414, 0.26882362, 0.1881103
-1.0911673, 0.26947674, 0.1876505
-1.130595, 0.36840215, 0.1558435
-0.9086799, 0.33106253, 0.17370668
-1.149159, 0.3300433, 0.17080656
-1.1098453, 0.29156342, 0.17552741
-1.0307682, 0.24991342, 0.19184868
-0.8508437, 0.33265164, 0.17379154
-1.1502041, 0.28859785, 0.17429549
-1.1296457, 0.32864067, 0.16964646
-1.0495803, 0.3508628, 0.17070918
-1.1087476, 0.3709893, 0.15569347
-1.0498521, 0.25099528, 0.1920653
-1.0499884, 0.2722671, 0.17706084
-1.1104642, 0.2699434, 0.18774983
-1.0900816, 0.24970074, 0.19003075
-1.1478524, 0.33420956, 0.15837121
-0.8681253, 0.22949547, 0.20499277
-1.1304293, 0.29015225, 0.17596482
-1.030687, 0.23143294, 0.19301482
-0.8476967, 0.35262144, 0.17469339
-1.150966, 0.27317628, 0.17599137
-1.1111766, 0.3938445, 0.1549427
-1.1507366, 0.39039448, 0.15468942
-1.0507457, 0.23155311, 0.192527
-1.0694354, 0.25178516, 0.1917057
-1.1300082, 0.2700773, 0.18581729
-1.1093436, 0.25064132, 0.19039677
-1.0906593, 0.23169352, 0.19341724
-1.1312898, 0.2719506, 0.17591268
-1.0301524, 0.21145041, 0.19677007
-0.8507205, 0.36829114, 0.17276657
-0.8299016, 0.35060173, 0.17110361
-1.095511, 0.39101344, 0.15543368
-1.0692232, 0.22938713, 0.19352052
-1.1308316, 0.24969575, 0.18749161
-1.1108642, 0.23156942, 0.19163467
-0.83043, 0.2290303, 0.20814607
-0.84919524, 0.23087563, 0.19502395
-1.009349, 0.2290056, 0.20304759
-1.0296526, 0.20932923, 0.206361
-1.0309608, 0.19494225, 0.19694898
-1.011581, 0.21234584, 0.19413877
-0.8308427, 0.3689682, 0.17040482
-1.1727028, 0.2529313, 0.17655134
-1.1853449, 0.2694344, 0.17180222
-1.0706297, 0.21291018, 0.19518891
-1.1301703, 0.23054712, 0.19233772
-1.1490808, 0.25104442, 0.18879648
-1.1089063, 0.2125764, 0.19494814
-1.1085321, 0.22866285, 0.20304802
-1.0107075, 0.20869943, 0.20462042
-1.0291814, 0.18937029, 0.20830041
-1.0521345, 0.19314463, 0.19637977
-0.8108518, 0.36920956, 0.17059503
-1.1867867, 0.29064295, 0.16996916
-1.0694791, 0.20674509, 0.20380862
-1.1501775, 0.23106894, 0.19186158
-1.0091892, 0.19076651, 0.2091686
-0.9909355, 0.20993768, 0.20658788
-0.9889458, 0.2309488, 0.19468334
-0.9685157, 0.22668202, 0.20472734
-1.0493817, 0.18881887, 0.20633091
-1.089226, 0.20911564, 0.20540926
-0.99007285, 0.19024272, 0.20937282
-1.0097727, 0.17167668, 0.20998627
-0.9731306, 0.23138349, 0.19519873
-0.9518202, 0.22767301, 0.20621206
-0.9891714, 0.1706132, 0.21104689
-0.97038805, 0.18950655, 0.20822053
-0.9515905, 0.20960772, 0.2071312
-0.9691741, 0.16978635, 0.209953
-0.930222, 0.21107371, 0.20527944
-0.94873893, 0.17063229, 0.21161531
-0.93134075, 0.19012427, 0.20843475
-0.909004, 0.20838766, 0.20881514
-0.9290847, 0.2119669, 0.19557022
-0.9311258, 0.17013893, 0.21216553
-0.94909054, 0.15088135, 0.21462306
-0.9101024, 0.18935177, 0.20970082
-0.88876504, 0.1894049, 0.20874065
-0.86852497, 0.18922599, 0.2113475
-0.8904292, 0.16921733, 0.21378711
-0.8491369, 0.19168784, 0.20887569
-0.83008957, 0.18798591, 0.2119345
-0.8303899, 0.17080742, 0.21289894
-0.829114, 0.23176862, 0.1949696
-0.970677, 0.2517265, 0.19469199
-0.828467, 0.252399, 0.19487491
-0.808372, 0.25199792, 0.1943078
-1.0111661, 0.24856967, 0.20228142
-1.1716297, 0.38862085, 0.15440424
-1.1271374, 0.39418983, 0.15096657
-1.0687095, 0.19287193, 0.20523956
-1.1696919, 0.3304332, 0.16812712
-0.8905918, 0.16785619, 0.22410956
-1.0121402, 0.2730454, 0.1765305
-0.96883947, 0.15265594, 0.21166073
-0.86885333, 0.1705835, 0.22483127
-0.8902707, 0.20915598, 0.19662076
-1.1550936, 0.31847084, 0.15975742
-0.9701236, 0.15381876, 0.2231175
-0.92898864, 0.15080278, 0.21346542
-1.0110135, 0.34881732, 0.16890374
-1.0500855, 0.21205002, 0.19484745
-0.8902457, 0.210378, 0.20645456
-0.87084377, 0.17058519, 0.21409105
-0.94980025, 0.18956529, 0.2095594
-0.95101935, 0.26923624, 0.19076839
-0.9292892, 0.19029246, 0.1985773
-0.8892695, 0.328373, 0.1849433
-0.8514604, 0.16987233, 0.21297176
-1.1117108, 0.21159051, 0.20423132
-1.0705924, 0.2683746, 0.18991359
-0.8691465, 0.2509868, 0.19390017
-0.8105931, 0.3521586, 0.17331241
-1.0082955, 0.29016244, 0.18664786
-0.9490741, 0.22989967, 0.19335617
-0.8107387, 0.17106588, 0.2146243
-0.9053316, 0.23142354, 0.19503747
-1.0668372, 0.19379456, 0.19697346
-0.9109458, 0.16908918, 0.21183124
-0.86847204, 0.20923099, 0.20905593
-1.0298809, 0.17211522, 0.21016747
-0.9345866, 0.23073682, 0.19315828
-0.99223256, 0.24951917, 0.19189538
-0.9884907, 0.19255264, 0.19872065
-0.91098726, 0.22945096, 0.20512985
-0.95056266, 0.13033332, 0.22472747
-0.9473779, 0.2102675, 0.19526967
-1.0500399, 0.29211202, 0.17612423
-1.0101701, 0.25005338, 0.19258387
-0.9918371, 0.27003717, 0.17518243
-1.0285437, 0.29093918, 0.17562635
-0.9290439, 0.27029985, 0.19070618
-0.8720112, 0.3483005, 0.1724336
-1.1485373, 0.25289175, 0.17763205
-1.0515589, 0.36696845, 0.16652371
-0.9608148, 0.19562489, 0.1963147
-0.9683578, 0.20966157, 0.20735173
-1.0490586, 0.21035236, 0.20430264
-0.9878401, 0.15473437, 0.21404357
-1.0900546, 0.21217403, 0.1939156
-0.870224, 0.14965773, 0.2244583
-1.1318938, 0.21605507, 0.19526511
-0.8933825, 0.19047944, 0.19806258
-0.9907394, 0.1514684, 0.2247803
-0.9082561, 0.15174556, 0.21494347
-0.92483425, 0.13334844, 0.21584816
-0.95065254, 0.19110884, 0.19582826
-0.8503624, 0.1502432, 0.21488242
-0.7934582, 0.35283098, 0.17259046
-1.0089693, 0.30929127, 0.18469498
-0.80764085, 0.15188345, 0.21510227
-0.9056156, 0.17485876, 0.19648232
-0.8304336, 0.12893254, 0.21477191
-1.0894923, 0.16820365, 0.20942089
-0.93128014, 0.266449, 0.17842522
-1.0291953, 0.3687615, 0.16905884
-1.0502446, 0.37136745, 0.156563
-0.85114634, 0.14928617, 0.22753376
-0.8701798, 0.12884456, 0.2274026
-0.8091237, 0.32973835, 0.1859324
-0.8314802, 0.12979919, 0.22580902
-1.1103419, 0.16820616, 0.20835097
-1.0903714, 0.14764027, 0.21279576
-1.0518577, 0.38905513, 0.1558002
-0.85061824, 0.13091779, 0.22759964
-0.89048237, 0.12674597, 0.22819264
-0.8690018, 0.11080768, 0.2282304
-0.79218554, 0.32941338, 0.18554391
-0.830403, 0.108823806, 0.23102413
-0.8101398, 0.1292269, 0.22918439
-1.12975, 0.1685549, 0.20897798
-1.1122202, 0.14840361, 0.2114823
-1.0712533, 0.14923471, 0.21181017
-1.0906059, 0.12919603, 0.21512069
-0.8883144, 0.11198788, 0.22844419
-0.90849775, 0.12997732, 0.22519009
-0.8907401, 0.13421604, 0.21656434
-0.810445, 0.1101796, 0.23044571
-0.7903622, 0.13009079, 0.22869393
-1.1286465, 0.14980629, 0.21179086
-1.1519865, 0.16908441, 0.20933717
-1.1359642, 0.17163712, 0.19746022
-1.1303337, 0.18900745, 0.20727962
-1.1114031, 0.13032608, 0.21412255
-0.7903471, 0.11082924, 0.23069862
-0.81099296, 0.09130888, 0.23000252
-0.7777056, 0.12996626, 0.22673976
-1.1310984, 0.13197136, 0.21140938
-1.1477981, 0.18993907, 0.20550582
-1.0450354, 0.14771043, 0.22169267
-1.1285411, 0.11069756, 0.2150879
-1.1497667, 0.13045748, 0.2132728
-0.79112697, 0.0883549, 0.24472976
-0.92312217, 0.3859863, 0.15833306
-0.8278706, 0.092092015, 0.2310329
-0.88945824, 0.15043233, 0.21512116
-0.9513363, 0.33086178, 0.17286767
-0.9307612, 0.13351585, 0.2251152
-0.8506626, 0.34761086, 0.18371433
-1.1096029, 0.11129536, 0.21555872
-1.0093204, 0.3696499, 0.16755348
-0.87005615, 0.36915633, 0.16975133
-0.8518371, 0.20844828, 0.20815954
-1.1704545, 0.2906726, 0.17298628
-1.1498635, 0.2680853, 0.18612868
-0.809174, 0.22902071, 0.20598732
-1.0927447, 0.35502467, 0.15664326
-0.95003355, 0.3756522, 0.15868697
-0.8083585, 0.19027229, 0.212225
-0.83097434, 0.3100096, 0.18836078
-0.9694247, 0.37084424, 0.17025347
-0.90740055, 0.3875123, 0.15660173
-1.1100919, 0.105610676, 0.22549179
-1.0060458, 0.37226978, 0.15765965
-0.8108151, 0.20813435, 0.21008231
-0.7905604, 0.1893118, 0.21104732
-0.8257811, 0.3136881, 0.17417881
-0.82938814, 0.29048473, 0.19025353
-1.1082233, 0.09219781, 0.22708294
-1.0894247, 0.108790465, 0.22613937
-0.9901583, 0.36962643, 0.1561874
-1.010927, 0.38948017, 0.1562567
-0.81018394, 0.2887858, 0.19195876
-1.1119792, 0.06725752, 0.23308085
-1.0876738, 0.09142511, 0.23060052
-0.7919214, 0.2873365, 0.19120108
-1.1309005, 0.07004981, 0.23055604
-1.0881894, 0.073107146, 0.23196174
-1.0867763, 0.090843365, 0.2172273
-1.0708514, 0.09090265, 0.22657119
-1.0898894, 0.047155876, 0.23418799
-1.0708263, 0.071273826, 0.2295721
-1.091733, 0.077534094, 0.21572211
-1.0489748, 0.090491325, 0.23022754
-1.070915, 0.049062375, 0.23315796
-1.0503646, 0.07029994, 0.23321664
-1.049752, 0.108964525, 0.22778733
-1.0300397, 0.089438185, 0.22839478
-1.0733672, 0.03153266, 0.23575972
-1.0488713, 0.052437115, 0.23144324
-1.0307915, 0.07174796, 0.23133378
-1.0509185, 0.109509535, 0.21484506
-1.0307034, 0.10827201, 0.22950004
-1.0114162, 0.087802224, 0.22878909
-1.0303878, 0.05082812, 0.23384857
-1.0111334, 0.06968797, 0.23127583
-1.048223, 0.13033241, 0.21699579
-1.0714283, 0.10976615, 0.21500087
-1.0104238, 0.10832299, 0.2269501
-0.99125105, 0.08873853, 0.22997847
-1.0505638, 0.03082914, 0.24523273
-0.9909609, 0.06907637, 0.23220176
-1.0288689, 0.130947, 0.21517467
-0.99405247, 0.094396755, 0.2175622
-0.9694142, 0.08940776, 0.22967729
-1.0087605, 0.047583356, 0.24427523
-0.9710066, 0.06737282, 0.23097259
-0.99009323, 0.051578794, 0.23465374
-0.9708639, 0.11156475, 0.22564349
-0.9525093, 0.08910191, 0.23177284
-0.988575, 0.05077022, 0.24369584
-0.95000774, 0.07343265, 0.23412678
-0.9319377, 0.09068565, 0.22926477
-0.9910921, 0.031163733, 0.24498978
-0.92850447, 0.07100001, 0.23338476
-0.9481276, 0.06680586, 0.24400209
-0.9311711, 0.047957763, 0.23423132
-0.9102277, 0.073366545, 0.23326446
-0.9306571, 0.049713615, 0.24626505
-0.8887724, 0.06985877, 0.23364307
-1.0288023, 0.25187194, 0.178204
-1.0903027, 0.33116, 0.17080264
-0.9892824, 0.21136768, 0.19577523
-1.0094637, 0.23074847, 0.19447353
-1.0694561, 0.04710312, 0.24549264
-1.070344, 0.36957374, 0.16698852
-0.99326956, 0.37022722, 0.16577038
-0.8906404, 0.29019433, 0.18811232
-0.9740343, 0.21035059, 0.19595872
-1.0291739, 0.09379319, 0.21743162
-0.9513414, 0.050058622, 0.23458649
-1.0670409, 0.36886474, 0.15597375
-1.0651999, 0.3945481, 0.15509479
-0.87160236, 0.14979726, 0.21391422
-1.0717635, 0.110764384, 0.2249937
-0.80965644, 0.3094932, 0.18850338
-0.8704808, 0.23483694, 0.19365637
-1.1110333, 0.28897256, 0.18445319
-0.84860134, 0.09287658, 0.23195413
-0.86697245, 0.11597595, 0.2171398
-0.82823366, 0.2110644, 0.2065073
-0.8464728, 0.1650655, 0.22383748
-0.8095519, 0.15011851, 0.22651483
-0.8292256, 0.33135465, 0.17547165
-1.0342004, 0.34571967, 0.1573593
-0.97219574, 0.16868125, 0.22367364
-1.0308001, 0.13162318, 0.22423686
-0.82913625, 0.14965655, 0.22409026
-0.84988123, 0.26843104, 0.1927013
-1.0942626, 0.27201733, 0.1767348
-0.89176106, 0.14914197, 0.22508378
-0.9124378, 0.13043512, 0.21457867
-0.87174875, 0.3693841, 0.154329
-0.87110066, 0.18696846, 0.22264345
-1.150835, 0.08820728, 0.22848189
-0.85086524, 0.10947311, 0.21809702
-0.9082809, 0.030932363, 0.24770811
-1.150052, 0.070421465, 0.2306839
-1.0139122, 0.3518099, 0.15754636
-1.0877662, 0.40146872, 0.15846583
-0.93046516, 0.03105334, 0.24647416
-0.99006873, 0.11169672, 0.22782287
-0.9094605, 0.051515542, 0.24500744
-1.0508357, 0.35354325, 0.15816963
-1.1694713, 0.2488443, 0.18739349
-1.145329, 0.09288298, 0.21935204
-1.1699799, 0.31088275, 0.17176299
-1.0300564, 0.38402757, 0.15602118
-1.169899, 0.35061002, 0.1663357
-0.94774586, 0.032234132, 0.24705026
-0.9081891, 0.10999512, 0.23034368
-1.0515889, 0.1706093, 0.20897955
-1.0293682, 0.14997125, 0.21532565
-0.99087673, 0.13036153, 0.21576525
-0.85041636, 0.22876793, 0.20623682
-0.95081955, 0.10808422, 0.22980957
-0.8294244, 0.26868522, 0.19175288
-1.0708369, 0.16852114, 0.21040483
-0.92860353, 0.11206555, 0.22657718
-0.809319, 0.07407673, 0.23650688
-1.0487915, 0.13143164, 0.22547285
-0.9102354, 0.09086627, 0.23097079
-1.0094937, 0.14792885, 0.22402912
-1.0528191, 0.15173225, 0.20998505
-0.8693818, 0.18972681, 0.1976977
-0.9084782, 0.21017483, 0.19584502
-0.8304875, 0.3280593, 0.18517078
-0.8492977, 0.11024434, 0.22930051
-1.06763, 0.029437426, 0.24511722
-1.1080258, 0.094356775, 0.21743445
-1.0911692, 0.30999556, 0.18443502
-0.82845044, 0.35113642, 0.182276
-0.8504776, 0.069437355, 0.23506378
-0.89022464, 0.23397814, 0.20474748
-0.97220385, 0.28968805, 0.17733654
-1.1098919, 0.18711343, 0.20666137
-0.98902535, 0.10801997, 0.21365373
-1.1102009, 0.1917047, 0.19552162
-1.1304289, 0.1497795, 0.19900154
-0.96818614, 0.13202587, 0.22602308
-1.0310453, 0.30644092, 0.18435779
-1.0899293, 0.030806493, 0.23418474
-0.87102956, 0.070833474, 0.23196647
-0.95022154, 0.10835286, 0.21432804
-0.8302777, 0.26973984, 0.20415844
-0.84924436, 0.052263476, 0.23668472
-1.1096516, 0.029833864, 0.23546882
-1.1328812, 0.031595137, 0.23303263
-1.1122208, 0.027579013, 0.2462245
-0.8300501, 0.06981083, 0.2326205
-1.0119587, 0.29137594, 0.17540315
-0.78861856, 0.07491484, 0.23305981
-0.8276768, 0.072412446, 0.24386612
-1.1695101, 0.23321448, 0.18669395
-0.89038956, 0.090561025, 0.23275128
-0.9330433, 0.28681108, 0.17580971
-0.8512324, 0.066690594, 0.24622738
-0.9898132, 0.3881334, 0.1648066
-1.031952, 0.27405152, 0.17693475
-0.9700887, 0.032868437, 0.24506201
-1.1701536, 0.21036048, 0.1903135
-1.165805, 0.05000155, 0.23248835
-1.1688676, 0.19020514, 0.19411029
-1.0301067, 0.048020855, 0.24309239
-1.1080323, 0.047538772, 0.24438013
-0.79063916, 0.08893544, 0.23510323
-0.7945818, 0.37016213, 0.17103083
-0.8891091, 0.031750415, 0.24969657
-0.95039815, 0.050428357, 0.24688669
-0.81116647, 0.3897003, 0.17034611
-0.80883473, 0.2500132, 0.20631549
-1.0718702, 0.13024163, 0.21387017
-1.0868365, 0.192678, 0.19622749
-1.1081448, 0.05198757, 0.23359564
-0.87249756, 0.13276091, 0.21571288
-0.82945055, 0.16715999, 0.22408977
-1.0055022, 0.09775636, 0.21904524
-0.92823625, 0.32953358, 0.18658146
-0.90715283, 0.052553903, 0.23630323
-0.9743242, 0.27303833, 0.178743
-0.9108208, 0.06698039, 0.24140613
-0.9488918, 0.14861383, 0.22537886
-1.0528458, 0.40539324, 0.15342006
-0.8915417, 0.048910744, 0.24482886
-0.7958171, 0.38776216, 0.16998096
-0.87236106, 0.03174451, 0.2468708
-1.1499777, 0.1714366, 0.19668174
-0.79400617, 0.31004828, 0.18673858
-0.90692866, 0.19201842, 0.19847861
-1.1503952, 0.11061975, 0.21579441
-0.77557826, 0.10975014, 0.23074056
-0.84929854, 0.2506002, 0.19310129
-1.1717148, 0.3702479, 0.15445611
-1.1905291, 0.36899439, 0.15100238
-0.77369595, 0.07288221, 0.24457398
-0.94958806, 0.28820276, 0.17750312
-1.1504136, 0.05070125, 0.23144262
-0.9271831, 0.2295027, 0.2048615
-0.9702426, 0.10701607, 0.2171613
-1.0094782, 0.13072403, 0.2152142
-0.84853125, 0.05424364, 0.2443407
-0.9334768, 0.27006125, 0.20329487
-1.0689985, 0.2685902, 0.17926583
-1.1343389, 0.30711025, 0.15852004
-1.1513324, 0.20971143, 0.19339572
-0.8687648, 0.049045444, 0.24740864
-1.1105173, 0.16960555, 0.1969135
-0.8736837, 0.05612284, 0.23480856
-0.8299697, 0.04919411, 0.24895841
-0.9905863, 0.3127405, 0.1731726
-0.91099, 0.28441072, 0.17767079
-0.8126402, 0.048898138, 0.24785827
-0.7877619, 0.05226798, 0.24703148
-0.9935814, 0.17954078, 0.19929816
-1.0895903, 0.0298433, 0.24509916
-1.111934, 0.35243362, 0.15777224
-0.9102342, 0.15070266, 0.22304423
-1.170107, 0.336563, 0.15822092
-1.0113555, 0.31028715, 0.17556234
-1.1651181, 0.26805755, 0.18539123
-1.0317322, 0.116730995, 0.21458223
-0.8489288, 0.29126406, 0.19002123
-1.1644617, 0.069776945, 0.23120905
-0.8893716, 0.30851138, 0.18737233
-0.9879315, 0.32575813, 0.18448628
-1.167071, 0.29065877, 0.18406686
-0.87018573, 0.08970009, 0.2320514
-0.85241616, 0.29881638, 0.17859021
-0.78890634, 0.07274367, 0.24546
-0.9329458, 0.25414416, 0.17869012
-1.1664493, 0.13294326, 0.21235232
-1.0911796, 0.22851822, 0.20354679
-1.0725223, 0.3101778, 0.18327159
-0.81053126, 0.32932147, 0.17654052
-0.9704127, 0.3908962, 0.15649864
-0.97285223, 0.050892465, 0.23328842
-0.9298075, 0.14883377, 0.22373419
-0.8313249, 0.15143767, 0.21488124
-0.90812194, 0.37079665, 0.16820227
-0.9910395, 0.38587257, 0.15730622
-0.81060565, 0.2696385, 0.19190195
-1.1720475, 0.2707025, 0.17575392
-0.9901726, 0.4045662, 0.15448831
-1.1532385, 0.34822965, 0.15790005
-1.1063979, 0.33646414, 0.15927264
-1.0905579, 0.10973928, 0.21494837
-0.79317915, 0.4106576, 0.16835108
-0.9685095, 0.04923212, 0.24500854
-0.968181, 0.24862328, 0.20508257
-0.86774445, 0.29126284, 0.19010425
-0.9506216, 0.30974042, 0.18482196
-1.1089504, 0.12810831, 0.22372136
-1.0457876, 0.0658936, 0.24274296
-0.99031657, 0.30874357, 0.18432051
-0.8850313, 0.29146677, 0.17525426
-1.1307085, 0.051357, 0.23367271
-0.88919926, 0.34991002, 0.15896466
-0.78911465, 0.17106207, 0.21160533
-0.9314581, 0.38908583, 0.16975118
-1.110213, 0.2518675, 0.17729305
-0.94795996, 0.09682803, 0.21567196
-1.0129791, 0.19483876, 0.19552414
-0.9078956, 0.088909656, 0.24408314
-0.8060138, 0.107122645, 0.21594691
-0.8296503, 0.36846355, 0.18340093
-0.8526284, 0.31078678, 0.17656472
-0.9920101, 0.12855306, 0.22459763
-1.0286413, 0.03212073, 0.23801756
-1.1860683, 0.2508325, 0.18996851
-1.0044979, 0.1320948, 0.22557938
-1.0290078, 0.22978157, 0.20529762
-1.0990235, 0.2528412, 0.1759608
-1.148908, 0.2080142, 0.20479715
-1.0252659, 0.033144515, 0.24621601
-0.8694505, 0.067890376, 0.24295321
-1.1273943, 0.19350861, 0.19574934
-0.7717062, 0.070035934, 0.23071906
-0.79173285, 0.27191502, 0.18928969
-1.0293198, 0.3727578, 0.1564949
-0.77482545, 0.09204777, 0.23009388
-0.8065676, 0.06843791, 0.24835022
-0.8697634, 0.24907774, 0.20469837
-0.8682181, 0.26409286, 0.20340332
-1.0110952, 0.15251641, 0.21407509
-1.086822, 0.19190098, 0.20647667
-1.0121067, 0.05039475, 0.2355282
-1.0701516, 0.35008165, 0.15629408
-0.8714168, 0.3115282, 0.17600413
-0.9725039, 0.13342929, 0.21204677
-1.0934329, 0.17794578, 0.19894749
-0.831056, 0.29319394, 0.1785889
-0.9365009, 0.11446768, 0.21698692
-0.8939993, 0.07274106, 0.24428336
-1.027926, 0.40495336, 0.15162279
-0.84685796, 0.19023481, 0.1960161
-1.1324161, 0.07122681, 0.21812068
-1.0749959, 0.25440073, 0.17740867
-1.0102625, 0.031737596, 0.24756521
-1.089467, 0.013849307, 0.2454523
-1.047688, 0.09307867, 0.21713197
-0.848347, 0.13089216, 0.2148463
-0.96972185, 0.3149234, 0.17526212
-0.85048765, 0.26877484, 0.20195247
-0.9566222, 0.17779163, 0.19690578
-0.870491, 0.29725423, 0.1752833
-1.1057341, 0.07765504, 0.21672982
-1.1092004, 0.2676047, 0.1774419
-0.97162205, 0.40369174, 0.15506482
-1.1348679, 0.2357428, 0.1771495
-1.0908175, 0.3766618, 0.15659615
-1.0712892, 0.13192356, 0.22444513
-0.94861525, 0.13456926, 0.21457666
-1.1481526, 0.14958067, 0.21200763
-0.93115443, 0.06500679, 0.24639574
-1.1531665, 0.19638741, 0.1970939
-0.96840674, 0.31020266, 0.18606822
-0.8315807, 0.19288361, 0.19794266
-0.86967504, 0.20919488, 0.19797385
-0.8884904, 0.39060372, 0.15888532
-1.0048378, 0.109949544, 0.2173003
-1.0723282, 0.076676205, 0.21837445
-0.9910999, 0.07093831, 0.21762562
-0.8891783, 0.25081882, 0.2038048
-1.1642989, 0.089986116, 0.21789351
-1.0703228, 0.08972733, 0.21745113
-0.9317484, 0.08899299, 0.2180428
-0.95084566, 0.33087116, 0.18308482
-0.8529681, 0.16879904, 0.19999243
-0.94737226, 0.34628826, 0.18452142
-0.8096055, 0.34797424, 0.18559006
-0.95084727, 0.08253464, 0.24367085
-1.1702863, 0.16925444, 0.20919982
-0.84736747, 0.2121585, 0.19735546
-1.1313691, 0.08855834, 0.22626893
-0.9912809, 0.02935088, 0.23662113
-0.9123808, 0.32879534, 0.18399519
-1.1294489, 0.10917705, 0.22550204
-1.0539266, 0.16998956, 0.22219667
-0.9290322, 0.3460599, 0.1830049
-0.94684625, 0.40713286, 0.15872702
-0.95649767, 0.38514864, 0.15922728
-0.9576896, 0.3530138, 0.157089
-1.0507379, 0.011973442, 0.24525607
-1.1298699, 0.30790836, 0.1840343
-1.1834698, 0.20834476, 0.18753645
-0.88799894, 0.049184375, 0.23612821
-1.1471726, 0.23833387, 0.17941496
-1.167434, 0.1507892, 0.20918776
-0.7746769, 0.056697115, 0.24676108
-0.9113175, 0.34913957, 0.18367356
-1.1278038, 0.29076102, 0.18377881
-0.81803554, 0.3713659, 0.15892877
-0.87449133, 0.25153252, 0.17995545
-1.0306523, 0.3304005, 0.18425834
-1.0716006, 0.22879402, 0.20324515
-1.0435885, 0.14493687, 0.19772103
-1.032351, 0.15116465, 0.22452104
-0.9166982, 0.11885002, 0.21999791
-1.0669757, 0.329428, 0.18321332
-1.0523427, 0.33005986, 0.18262884
-0.9105105, 0.3713114, 0.15869714
-0.8052889, 0.037298962, 0.25036067
-0.95393926, 0.2495632, 0.20373823
-0.87574637, 0.09830854, 0.21795028
-1.1489451, 0.111095786, 0.22609466
-1.131091, 0.011312174, 0.24807589
-0.795761, 0.03277556, 0.24542683
-1.1484109, 0.029292233, 0.233695
-1.0330721, 0.3485553, 0.18245965
-1.0660986, 0.40169507, 0.15545544
-0.93835396, 0.41084546, 0.15557861
-0.91173744, 0.1655794, 0.22239068
-1.1326733, 0.25186688, 0.17752507
-0.94560325, 0.263344, 0.17911163
-1.0672212, 0.2466126, 0.2041807
-1.0825057, 0.16767389, 0.22253047
-1.000493, 0.33590108, 0.15866393
-0.80871654, 0.27476484, 0.20342417
-1.1662667, 0.10642863, 0.21762717
-1.0719334, 0.008091701, 0.24594174
-1.0073142, 0.38783267, 0.1671371
-1.0431015, 0.16580911, 0.19946639
-0.9902817, 0.24411233, 0.2028232
-0.8096856, 0.21062408, 0.19832256
-1.0730538, 0.38932174, 0.16591763
-1.0742414, 0.07435995, 0.24072304
-0.8492681, 0.025771147, 0.24847467
-0.8087902, 0.13394006, 0.21677998
-1.0516907, 0.22735989, 0.20357265
-0.7441986, 0.12984003, 0.23225449
-1.1704882, 0.36932093, 0.16653933
-0.9143671, 0.37095445, 0.185012
-1.0493016, 0.25060606, 0.20153007
-1.1915218, 0.34907958, 0.15465876
-0.78954726, 0.15292579, 0.21350507
-0.8902372, 0.39072427, 0.16834386
-0.84393924, 0.18734118, 0.22038518
-0.86863685, 0.08061579, 0.2442981
-0.8852105, 0.0935527, 0.242936
-0.9896446, 0.070328966, 0.2420697
-0.8509004, 0.28880906, 0.20278147
-0.9268155, 0.16926768, 0.22410583
-0.829101, 0.2509497, 0.20388192
-0.7328471, 0.09020552, 0.23603188
-0.81084406, 0.16952986, 0.22447246
-0.89121306, 0.28371742, 0.20102419
-0.8997288, 0.18541148, 0.22037356
-0.942279, 0.27039444, 0.20056999
-0.8312752, 0.1984589, 0.22340731
-0.9271778, 0.29243106, 0.2002888
-1.0940073, 0.252001, 0.20005414
-0.8487128, 0.24899589, 0.2047784
-1.1923109, 0.2928986, 0.15818132
-1.0490477, 0.04494503, 0.2481671
-1.1321483, 0.12727784, 0.22399828
-1.1514119, 0.1275731, 0.22338745
-0.98621964, 0.35272616, 0.18179473
-0.7888808, 0.24987431, 0.192363
-0.7764245, 0.1943492, 0.2110708
-1.0086737, 0.321595, 0.18392363
-1.1899252, 0.3303846, 0.16846812
-0.97417444, 0.34772202, 0.18217255
-0.843496, 0.37477493, 0.1560587
-1.0068121, 0.2662221, 0.20376979
-1.1579787, 0.15486123, 0.1957226
-1.1146406, 0.32050675, 0.18056908
-1.186621, 0.3191992, 0.15976557
-1.0316602, 0.18506062, 0.22037315
-0.8849972, 0.36715207, 0.18202849
-0.7409498, 0.068733625, 0.23779275
-1.0932552, 0.062634386, 0.25067
