-1.1774188, 0.20920135, 0.23120017
-1.1850908, 0.20856029, 0.25445634
-1.1838224, 0.2080254, 0.27150077
-1.1852543, 0.23022856, 0.26879677
-1.1883006, 0.29057938, 0.20969406
-1.1877966, 0.28975058, 0.18981951
-1.190823, 0.32907566, 0.1914339
-1.2029396, 0.3519621, 0.23270579
-1.1950781, 0.37071568, 0.21124044
-1.1954921, 0.38982594, 0.23095134
-1.1960918, 0.37248206, 0.25001916
-1.2032083, 0.37287608, 0.22750877
-1.2029928, 0.3490373, 0.25265223
-1.196289, 0.36946604, 0.18921317
-1.1954334, 0.388621, 0.21088599
-1.2029583, 0.3719864, 0.21378721
-1.1907932, 0.4096816, 0.22880867
-1.2017871, 0.3912229, 0.22945116
-1.203941, 0.34827968, 0.2691932
-1.193677, 0.36747456, 0.16883594
-1.2020593, 0.37182078, 0.19241865
-1.203879, 0.38851678, 0.21074343
-1.1937964, 0.40925696, 0.21512356
-1.1968732, 0.40959612, 0.24966517
-1.20491, 0.41107073, 0.22911674
-1.2018663, 0.3900473, 0.24925318
-1.1963435, 0.39103878, 0.2701378
-1.203325, 0.4096263, 0.24892214
-1.2042273, 0.42989603, 0.22914666
-1.1968018, 0.38832924, 0.29020703
-1.1944808, 0.34973034, 0.28996405
-1.2036368, 0.40950638, 0.26995113
-1.2044907, 0.4508276, 0.25093758
-1.2070562, 0.44941887, 0.2895137
-1.2104331, 0.51036006, 0.29053965
-1.1970501, 0.3883106, 0.30572146
-1.2003877, 0.33185458, 0.16709581
-1.2026098, 0.3702394, 0.25074494
-1.1952295, 0.36877304, 0.29135287
-1.2025464, 0.34950176, 0.17096254
-1.202689, 0.34588313, 0.15616821
-1.1902367, 0.30963552, 0.18923852
-1.196516, 0.38904566, 0.25247067
-1.2021748, 0.39053005, 0.2689067
-1.1908435, 0.308567, 0.2105558
-1.1912636, 0.33048418, 0.20935656
-1.2013108, 0.33787656, 0.2563991
-1.1842035, 0.19041169, 0.2485985
-1.185282, 0.24880706, 0.2683544
-1.2023889, 0.37167084, 0.26965424
-1.1890769, 0.29011855, 0.29078853
-1.185623, 0.2727652, 0.26990163
-1.1833372, 0.17077516, 0.2506147
-1.1943119, 0.34952587, 0.24854696
-1.1960721, 0.3862407, 0.16986594
-1.1943251, 0.35051367, 0.26890242
-1.2049326, 0.45031536, 0.2707276
-1.2019922, 0.39281446, 0.17061628
-1.2030214, 0.3883244, 0.1471586
-1.1775736, 0.20901269, 0.27064347
-1.1983002, 0.429464, 0.25268972
-1.1948581, 0.38874373, 0.19189094
-1.1963285, 0.43050697, 0.21450073
-1.2037646, 0.4309609, 0.26990196
-1.1840461, 0.18790852, 0.20929304
-1.1966689, 0.4504974, 0.21503195
-1.1830132, 0.20986736, 0.20927113
-1.1836767, 0.1922327, 0.18862087
-1.2014644, 0.38754678, 0.19188693
-1.1836065, 0.1535766, 0.19261865
-1.1756899, 0.20801586, 0.29096407
-1.1860483, 0.23025829, 0.2080354
-1.1975979, 0.41292977, 0.26818094
-1.1957364, 0.47139102, 0.21475282
-1.1779215, 0.23229827, 0.22977532
-1.1780137, 0.21209043, 0.25070137
-1.2026852, 0.35231107, 0.20952861
-1.2036694, 0.41192755, 0.2103921
-1.2122014, 0.5309741, 0.22984132
-1.1760176, 0.18985717, 0.2896744
-1.1810845, 0.15805657, 0.21207568
-1.2045639, 0.3488999, 0.18301423
-1.173385, 0.16725887, 0.28978026
-1.195076, 0.37054342, 0.22955199
-1.1835878, 0.17232598, 0.21039736
-1.1649272, 0.15122029, 0.26911834
-1.1854457, 0.2305991, 0.24908614
-1.1841489, 0.16950165, 0.22991748
-1.1989708, 0.42833963, 0.28740597
-1.2020674, 0.37201178, 0.165575
-1.1837271, 0.18875906, 0.22935472
-1.1868523, 0.269727, 0.18966669
-1.1886319, 0.2899868, 0.22923577
-1.2011149, 0.32683587, 0.2715109
-1.1929481, 0.34913945, 0.21020193
-1.1895809, 0.3480896, 0.16976555
-1.2008057, 0.3642881, 0.15115772
-1.175997, 0.2106756, 0.20461747
-1.2068927, 0.4710662, 0.26925504
-1.2004333, 0.31586686, 0.26135468
-1.1740284, 0.18737517, 0.20921127
-1.186777, 0.15525866, 0.228781
-1.1756129, 0.19189113, 0.27064836
-1.1824073, 0.15616053, 0.24904822
-1.1783583, 0.27267787, 0.2875597
-1.17679, 0.2320723, 0.20837973
-1.1845752, 0.24935308, 0.24965723
-1.1769431, 0.18583319, 0.2509373
-1.2019777, 0.38253358, 0.13135076
-1.17793, 0.25453866, 0.27591908
-1.198489, 0.38266283, 0.13489136
-1.1955365, 0.36932978, 0.13818875
-1.1685262, 0.1489528, 0.23011203
-1.1742508, 0.17145658, 0.22766061
-1.1842988, 0.20989336, 0.22735174
-1.2000629, 0.33794922, 0.20028056
-1.2094309, 0.50980854, 0.23099962
-1.2044585, 0.42950958, 0.24935289
-1.1690476, 0.14902462, 0.2913301
-1.1977267, 0.42286944, 0.2741887
-1.1792059, 0.2577262, 0.28975388
-1.1857495, 0.16627657, 0.18827197
-1.1729811, 0.16985923, 0.19522095
-1.1978832, 0.41010818, 0.30639124
-1.1986597, 0.42702633, 0.30618992
-1.1791903, 0.24266075, 0.25671738
-1.1981118, 0.4884634, 0.21359086
-1.1760751, 0.27216917, 0.25145617
-1.1783949, 0.27183828, 0.2279046
-1.2041479, 0.42887506, 0.21042275
