-1.2272401, 0.7318929, 0.2703179
-1.2288904, 0.7500544, 0.26887637
-1.212328, 0.7292476, 0.24920206
-1.2263453, 0.72824854, 0.2286705
-1.2293371, 0.7486459, 0.24853216
-1.2294656, 0.7482358, 0.2889681
-1.2305295, 0.7676038, 0.24885209
-1.2311965, 0.76957434, 0.29164156
-1.2412084, 0.75675535, 0.22538812
-1.2299333, 0.7720953, 0.22993712
-1.230171, 0.7904552, 0.2510515
-1.2329657, 0.77135813, 0.3069245
-1.2307554, 0.8083249, 0.27071387
-1.2261167, 0.6884522, 0.27103472
-1.214957, 0.7089234, 0.21297482
-1.2133065, 0.6892086, 0.23029087
-1.2150816, 0.6885096, 0.26950428
-1.2300427, 0.7891037, 0.2277132
-1.2272512, 0.77172744, 0.21399617
-1.2167989, 0.7422253, 0.20834218
-1.2159661, 0.729129, 0.21434382
-1.2319312, 0.8097941, 0.22985926
-1.2102985, 0.65018845, 0.23164299
-1.2335886, 0.829556, 0.23099512
-1.2313324, 0.8099224, 0.21081473
-1.2110797, 0.63066405, 0.23125134
-1.2316724, 0.82945997, 0.25251234
-1.207199, 0.6291894, 0.21697944
-1.244843, 0.8330681, 0.21079731
-1.2095822, 0.605342, 0.21480018
-1.22126, 0.62823915, 0.25188762
-1.222284, 0.62741023, 0.27115583
-1.2203581, 0.6063834, 0.25126
-1.2241474, 0.6516374, 0.2694144
-1.2212629, 0.6117057, 0.23167306
-1.213167, 0.6475632, 0.26871106
-1.2416658, 0.8113744, 0.21104094
-1.2250566, 0.7104645, 0.22988963
-1.2285874, 0.75452346, 0.23130518
-1.2212884, 0.59371376, 0.23052675
-1.2318976, 0.8096667, 0.24982585
-1.2224002, 0.63205075, 0.23086038
-1.2218418, 0.61386293, 0.27004743
-1.2311385, 0.80950105, 0.2902708
-1.2446765, 0.85100454, 0.22836636
-1.2426044, 0.82972884, 0.2678184
-1.2347097, 0.81201, 0.3068883
-1.2306029, 0.8298836, 0.28853005
-1.2322474, 0.829332, 0.3075298
-1.2313688, 0.84913373, 0.28927407
-1.2313207, 0.8690654, 0.29090142
-1.2461827, 0.8683049, 0.29443142
-1.2413843, 0.77097785, 0.29638976
-1.2281199, 0.8491918, 0.26906773
-1.2324392, 0.78885025, 0.30696946
-1.2094501, 0.6098681, 0.23095106
-1.224973, 0.67152196, 0.22998722
-1.231243, 0.79206324, 0.2930005
-1.2256815, 0.6907065, 0.231115
-1.2101628, 0.6480674, 0.21502465
-1.2305875, 0.7714375, 0.27038676
-1.2474997, 0.870225, 0.27030915
