-0.61023206, 0.9650598, 0.23432052
-0.6101395, 0.9486834, 0.23263744
-0.62845516, 0.9482481, 0.23045784
-0.6301999, 0.930088, 0.2310781
-0.6299329, 0.91186976, 0.23057194
-0.64978135, 0.9297394, 0.22823463
-0.6300183, 0.8903252, 0.23179242
-0.65014404, 0.91060305, 0.22839212
-0.60927945, 0.90856624, 0.23257215
-0.6525279, 0.93079716, 0.21525316
-0.6688495, 0.932285, 0.225751
-0.65003824, 0.8898933, 0.22619426
-0.67093045, 0.91290885, 0.22558412
-0.66984975, 0.9300792, 0.21364278
-0.6907146, 0.9288994, 0.21038488
-0.7087173, 0.9296921, 0.2087453
-0.6906973, 0.9103873, 0.21189837
-0.7088269, 0.9089505, 0.20621845
-0.71145386, 0.8911038, 0.20778537
-0.713691, 0.9085836, 0.19572122
-0.6702332, 0.88923144, 0.21195139
-0.6916281, 0.8694481, 0.20959471
-0.6300325, 0.8510083, 0.23158821
-0.7310695, 0.89220464, 0.20798972
-0.7323683, 0.9124944, 0.19521445
-0.5710312, 0.87062293, 0.25002438
-0.7452715, 0.8893885, 0.2061579
-0.6694181, 0.86971366, 0.22643979
-0.57115877, 0.84975195, 0.2493869
-0.5499328, 0.8693614, 0.25104806
-0.7523464, 0.88868123, 0.1936434
-0.55167294, 0.8908434, 0.253001
-0.5314142, 0.8705897, 0.252668
-0.75071543, 0.8691758, 0.19359381
-0.77119493, 0.8901679, 0.18968917
-0.5967799, 0.8318422, 0.24250972
-0.55077314, 0.9085461, 0.2515256
-0.529903, 0.88929904, 0.25397232
-0.5299629, 0.84882486, 0.25354055
-0.7500906, 0.8501959, 0.19108519
-0.7276368, 0.87033606, 0.1929206
-0.7874715, 0.89028263, 0.18857297
-0.7702222, 0.9090101, 0.18850735
-0.56932133, 0.90906435, 0.24841534
-0.53171116, 0.909669, 0.2530589
-0.73242325, 0.8511411, 0.19489372
-0.79320985, 0.8895176, 0.17429833
-0.5721472, 0.90853155, 0.23640536
-0.5711127, 0.93089813, 0.24752651
-0.5075185, 0.88794094, 0.2669575
-0.81004965, 0.88796455, 0.1707022
-0.5703402, 0.94840217, 0.24868053
-0.5088507, 0.87103647, 0.26580667
-0.489571, 0.8892227, 0.27278435
-0.7928859, 0.85014564, 0.17550626
-0.56951, 0.97227335, 0.24949707
-0.79099727, 0.83460224, 0.17310469
-0.55060565, 0.9714381, 0.25111368
-0.48732015, 0.8517995, 0.27075553
-0.55163664, 0.9880796, 0.25113323
-0.76944345, 0.831872, 0.18972714
-0.7711479, 0.8145611, 0.18855812
-0.50989527, 0.84854794, 0.26728353
-0.5894769, 0.8514626, 0.23599282
-0.6515403, 0.87195325, 0.22583604
-0.65236735, 0.9491028, 0.21583909
-0.59159315, 0.95044965, 0.24624917
-0.685809, 0.90700316, 0.22455534
-0.7898193, 0.906602, 0.1882373
-0.6707198, 0.9112014, 0.21422018
-0.5893244, 0.9488069, 0.232979
-0.77296835, 0.92880744, 0.19205543
-0.54843426, 0.95075256, 0.2512868
-0.5520587, 1.0081536, 0.25395608
-0.7097751, 0.9533753, 0.21147197
-0.6092867, 0.89034426, 0.23140855
-0.80988944, 0.8507105, 0.17154297
-0.788331, 0.8703498, 0.18822195
-0.7271645, 0.9488978, 0.20774882
-0.7294584, 0.8266077, 0.1923089
-0.8115765, 0.9126601, 0.17561455
-0.630104, 0.87250054, 0.229951
-0.5917013, 0.96928185, 0.23491734
-0.59096026, 0.866971, 0.23267137
-0.5903213, 0.92720056, 0.23337147
-0.769454, 0.9494649, 0.19141851
-0.5340972, 0.9519754, 0.2548858
-0.5499957, 1.0295179, 0.25439793
-0.70939076, 0.96870327, 0.21059494
-0.592571, 0.8903407, 0.23488839
-0.73339885, 0.9531457, 0.19455467
-0.729349, 0.96914524, 0.2063587
-0.78904486, 0.949706, 0.18888827
-0.75079304, 0.9494994, 0.19246383
-0.5284143, 0.95146656, 0.26652282
-0.5699789, 1.0315326, 0.2500614
-0.6903974, 0.96925527, 0.21175507
-0.7332747, 0.96713656, 0.19450729
-0.7889425, 0.9679825, 0.18800636
-0.7903607, 0.9461876, 0.1739414
-0.751135, 0.9677415, 0.1929206
-0.5107041, 0.9496558, 0.2693075
-0.58957124, 1.0298386, 0.24773304
-0.5708214, 1.0282016, 0.23728125
-0.5686275, 1.0495418, 0.25246993
-0.7110386, 1.0103048, 0.20889522
-0.6901871, 0.98777026, 0.2113233
-0.71059334, 0.980379, 0.19558904
-0.6734856, 0.9726721, 0.21625885
-0.72940534, 1.0107173, 0.20802717
-0.7896534, 0.98917085, 0.1891153
-0.7496417, 0.9890586, 0.19346969
-0.50827664, 0.9675547, 0.26812702
-0.49104738, 0.9510937, 0.26976606
-0.59011614, 1.0118601, 0.24690463
-0.576083, 1.056581, 0.23783322
-0.71029747, 1.0286753, 0.21153678
-0.6695798, 0.9886352, 0.21611522
-0.7477226, 1.0117761, 0.2057867
-0.731223, 1.0321032, 0.20896144
-0.8110643, 0.96942526, 0.17052977
-0.78836286, 1.0087143, 0.18918931
-0.75216216, 1.0116708, 0.19173563
-0.51035666, 0.9910381, 0.26841047
-0.58523846, 1.0472682, 0.23547913
-0.5895659, 1.0659821, 0.2512047
-0.6084379, 1.0270772, 0.23330724
-0.5954442, 1.0080429, 0.23580661
-0.6901446, 1.0304388, 0.21254277
-0.65019035, 0.9875742, 0.21673155
-0.72813475, 1.0485151, 0.2069612
-0.7730508, 1.0102038, 0.19321992
-0.7516726, 1.0314537, 0.19192488
-0.59003085, 1.0931678, 0.24942645
-0.63186896, 1.0279899, 0.23200157
-0.6897141, 1.0497402, 0.21287355
-0.6508178, 0.9898199, 0.22748417
-0.5700799, 1.0887372, 0.25260597
-0.6489972, 1.0285996, 0.2307332
-0.63156646, 1.0092646, 0.23042126
-0.6290407, 0.9878234, 0.231436
-0.7476997, 1.0678959, 0.20974517
-0.6061121, 1.1084443, 0.24597566
-0.6496979, 1.0479857, 0.22965421
-0.7881916, 1.0483916, 0.18980873
-0.8116431, 1.0519509, 0.17689915
-0.6142452, 1.1081624, 0.2330868
-0.7713429, 1.0514371, 0.19126262
-0.5498034, 0.8332711, 0.24985896
-0.5871938, 0.96780586, 0.24821703
-0.6487467, 0.94767773, 0.22935878
-0.6713024, 1.0275639, 0.21608111
-0.81013477, 1.031436, 0.17145744
-0.61348754, 0.9325106, 0.23132528
-0.77216, 0.94876283, 0.17819789
-0.52808505, 1.0321903, 0.25397682
-0.6679464, 0.9491095, 0.22766905
-0.67084396, 1.0508218, 0.22921658
-0.60472083, 0.95302296, 0.24567716
-0.8319264, 1.0295438, 0.17293534
-0.53618425, 1.0515231, 0.2528802
-0.8288586, 1.0074179, 0.16905865
-0.52996707, 1.0515436, 0.26719913
-0.51028275, 1.0505562, 0.2710825
-0.5302291, 1.0715822, 0.26748636
-0.5495596, 1.0707871, 0.25130025
-0.508782, 1.0689731, 0.27043942
-0.5102575, 1.0307238, 0.2716505
-0.5325126, 1.0890212, 0.2689879
-0.52953327, 1.1086855, 0.2696691
-0.5333062, 1.1300399, 0.2692815
-0.50923806, 1.1088618, 0.27238268
-0.54638475, 1.1263531, 0.2651565
-0.5270235, 1.1485534, 0.2700095
-0.8094474, 0.99144584, 0.1723116
-0.6897177, 1.0700637, 0.21234712
-0.7678817, 1.0449508, 0.17775247
-0.75031614, 0.9320405, 0.20663874
-0.61429554, 0.99164325, 0.23338161
-0.64850575, 1.0088302, 0.22931847
-0.6098255, 1.0687698, 0.2488872
-0.4909023, 0.9694626, 0.2705645
-0.6487961, 1.0693984, 0.22986269
-0.57038504, 1.0094714, 0.251258
-0.55190337, 0.92958796, 0.2504901
-0.7684672, 0.9059592, 0.17755634
-0.5879262, 0.98832816, 0.24758306
-0.7698651, 1.0670087, 0.19354023
-0.6116822, 1.1302813, 0.24575579
-0.631032, 1.0480167, 0.23167181
-0.6331454, 0.9270787, 0.2176423
-0.6890731, 0.85034865, 0.21203211
-0.77035683, 0.9891915, 0.18943144
-0.76815575, 0.8690829, 0.18822189
-0.5878986, 0.89125866, 0.2468786
-0.53205556, 1.0128102, 0.2678779
-0.8132421, 0.9296541, 0.17439784
-0.58770716, 0.87221307, 0.24885659
-0.5705649, 0.8917361, 0.24996322
-0.70864856, 1.0668486, 0.20845674
-0.6898671, 1.089267, 0.21257913
-0.6517831, 1.0866787, 0.23020811
-0.6309184, 1.0713103, 0.2318861
-0.59424454, 1.130925, 0.25206226
-0.7085974, 0.85044605, 0.20935847
-0.83012617, 0.92796993, 0.17098555
-0.632965, 1.0921669, 0.23395936
-0.65064096, 1.1103265, 0.23055592
-0.58838546, 1.1477463, 0.24848619
-0.647895, 1.1262298, 0.22949508
-0.65471077, 1.1100019, 0.21487178
-0.6689136, 1.108987, 0.21265888
-0.8314987, 0.91059446, 0.17091274
-0.7508573, 0.9119737, 0.2042612
-0.7296367, 0.9116928, 0.20545395
-0.54934704, 1.0099196, 0.26637363
-0.78958166, 0.9332172, 0.17701419
-0.74971694, 1.0692428, 0.19453922
-0.6709181, 1.030067, 0.22684506
-0.64982975, 0.8903461, 0.21634768
-0.55583394, 1.1333822, 0.25308752
-0.5103402, 1.0895673, 0.2713306
-0.6891759, 0.95021, 0.21034355
-0.81012833, 0.9485077, 0.17167614
-0.55199164, 1.1095924, 0.25552177
-0.7312693, 0.9291576, 0.19272242
-0.5104305, 1.011429, 0.26878047
-0.66792506, 1.1332028, 0.22540334
-0.8092743, 1.0698264, 0.17429566
-0.73091877, 0.88996863, 0.1927201
-0.74695855, 1.0893059, 0.2068671
-0.66978216, 1.0071436, 0.212576
-0.6701268, 0.99349743, 0.23034507
-0.7887412, 1.0719129, 0.18714628
-0.7500193, 0.9110967, 0.1916577
-0.5102522, 0.9290629, 0.26839244
-0.71431935, 0.92496794, 0.19674501
-0.7490337, 0.8300124, 0.18762144
-0.8099617, 0.8699142, 0.17299241
-0.5521885, 1.0511154, 0.25617266
-0.64798373, 1.1481714, 0.22936219
-0.709813, 0.8293474, 0.20649457
-0.6108483, 1.0114269, 0.23218544
-0.72994506, 0.86799955, 0.2073376
-0.7325486, 1.0731181, 0.19677934
-0.60965747, 0.86874473, 0.23206149
-0.82919663, 1.0505455, 0.17325024
-0.79289466, 1.0298594, 0.17729533
-0.66802204, 0.94504964, 0.21317193
-0.5316634, 0.98804903, 0.2535769
-0.54716057, 1.0876607, 0.2652735
-0.7685287, 0.84859914, 0.1899617
-0.4879423, 1.0067086, 0.27010924
-0.6695283, 1.1494368, 0.22913803
-0.7915136, 1.087928, 0.19014938
-0.6713586, 1.1708864, 0.22870596
-0.68846846, 1.1289036, 0.21595001
-0.7489953, 1.1297803, 0.20584771
-0.7532884, 1.108201, 0.19430874
-0.78968626, 1.1100703, 0.19049916
-0.69097704, 1.1701761, 0.22892658
-0.7098407, 1.1283216, 0.21113852
-0.72613347, 1.1275134, 0.21382363
-0.7700189, 1.1057391, 0.19147658
-0.7909271, 1.1267949, 0.19146122
-0.84798944, 1.091245, 0.17233634
-0.691887, 1.1713636, 0.21369216
-0.7899108, 1.1495677, 0.18824545
-0.81071883, 1.1286182, 0.18891566
-0.6853403, 1.1866183, 0.21028383
-0.7887181, 1.168706, 0.19022663
-0.828199, 1.1301332, 0.18720835
-0.78799045, 1.1877512, 0.18886007
-0.7093337, 0.98646814, 0.20652245
-0.66816086, 0.87115204, 0.21423852
-0.69153696, 0.89041054, 0.2097918
-0.54976326, 0.84603345, 0.24928063
-0.7877581, 0.8483834, 0.18687549
-0.6488867, 0.8491262, 0.22528933
-0.6260783, 1.1054065, 0.23211065
-0.5087061, 0.84917325, 0.25400993
-0.5692339, 1.0657676, 0.2637769
-0.772671, 0.8514008, 0.17681001
-0.5909165, 0.9106562, 0.23353288
-0.53026915, 0.93052244, 0.25220287
-0.5293829, 0.9708476, 0.26715228
-0.48807985, 0.9102489, 0.2703564
-0.7077515, 1.1119771, 0.2068518
-0.7304416, 1.1096697, 0.21023324
-0.59048617, 1.1098756, 0.2483856
-0.7707808, 1.0304343, 0.1913538
-0.8106093, 1.1106797, 0.18938778
-0.49129117, 0.9304339, 0.2711744
-0.74733764, 0.94769406, 0.20666835
-0.669903, 1.089219, 0.21446773
-0.7106198, 1.167909, 0.21291418
-0.6116758, 1.0925248, 0.23413286
-0.7291249, 0.8508809, 0.20759712
-0.57380915, 0.9745662, 0.23696788
-0.8066707, 0.9490746, 0.18488023
-0.8300293, 0.9894008, 0.1705543
-0.78921974, 1.0298308, 0.18997572
-0.8506884, 1.1682755, 0.17230006
-0.5104388, 0.91176397, 0.27087843
-0.5737065, 1.010968, 0.23654392
-0.63989925, 1.0430733, 0.21933152
-0.5710075, 0.9914792, 0.2512203
-0.55226785, 0.95161986, 0.23845363
-0.7881185, 1.1265986, 0.17617863
-0.68930453, 1.0895634, 0.22568099
-0.63072735, 0.9702964, 0.2321342
-0.75047666, 0.9297209, 0.19289453
-0.7504827, 1.0478615, 0.19252591
-0.56782323, 1.1273378, 0.24918707
-0.6485609, 0.9688957, 0.22922046
-0.7092564, 0.8695005, 0.2082132
-0.5291323, 1.0112056, 0.25701618
-0.7134119, 0.8726349, 0.19466525
-0.61079824, 1.0569779, 0.23337072
-0.5712647, 1.0685703, 0.2546826
-0.6885634, 1.1521286, 0.2259435
-0.7322562, 1.0096462, 0.1919103
-0.63368964, 0.9085652, 0.21363837
-0.5532007, 0.9489822, 0.2663691
-0.6096021, 0.8508822, 0.2319657
-0.85101235, 0.99140304, 0.17097695
-0.5941029, 0.98910105, 0.23444983
-0.4937184, 1.032393, 0.27528587
-0.4892021, 1.0489948, 0.27233925
-0.8478212, 0.970577, 0.16798693
-0.5907397, 1.0626333, 0.23582724
-0.60779196, 0.9122354, 0.24466416
-0.7709782, 0.9698046, 0.19056761
-0.73216355, 1.1509733, 0.20969589
-0.66975045, 0.89215374, 0.22340196
-0.7538738, 0.88646287, 0.17857325
-0.7866332, 0.8698197, 0.17469579
-0.8059873, 1.1678984, 0.1746932
-0.6682135, 1.1859019, 0.22742608
-0.5307326, 0.82886076, 0.24761845
-0.8461992, 1.1345859, 0.16806123
-0.82890165, 1.1058075, 0.17069088
-0.831348, 1.1515048, 0.17413837
-0.72559416, 0.9267491, 0.20455721
-0.7707981, 0.9647665, 0.17771246
-0.50987273, 1.1471378, 0.27294025
-0.8311125, 0.96946335, 0.17174077
-0.5584944, 0.8858366, 0.23244762
-0.82963383, 0.8702951, 0.17114057
-0.6702547, 1.0522463, 0.21503405
-0.68816125, 1.0493428, 0.22673649
-0.80883056, 1.0878255, 0.1888672
-0.6324479, 1.1276882, 0.231686
-0.711346, 1.049751, 0.21121626
-0.55268854, 1.0900183, 0.25545728
-0.7307128, 1.0271459, 0.1951639
-0.82908005, 1.0911318, 0.18678479
-0.72818756, 1.1871494, 0.20997651
-0.74774724, 1.1860902, 0.20748499
-0.7528009, 1.1725363, 0.2074048
-0.6699567, 1.0688884, 0.2297097
-0.8298576, 0.88883996, 0.16925511
-0.5481364, 0.9691968, 0.2380117
-0.65156347, 1.1727008, 0.22861004
-0.5316678, 0.9689346, 0.25598475
-0.83013546, 1.0892049, 0.16923095
-0.703693, 0.8128368, 0.20753752
-0.79343337, 0.92914665, 0.19002737
-0.6115849, 1.0689512, 0.23416813
-0.8493544, 1.1080066, 0.17076986
-0.51088727, 0.9516442, 0.25346005
-0.58941066, 0.93081474, 0.24827252
-0.71204305, 1.0880482, 0.20903963
-0.6706496, 1.1084826, 0.22954844
-0.6282125, 1.1274666, 0.24295783
-0.728755, 1.0863378, 0.2077094
-0.570535, 0.8870936, 0.23631574
-0.5257465, 1.1677253, 0.27045774
-0.74918646, 1.1097727, 0.21168458
-0.7493452, 1.1476545, 0.20719734
-0.6678175, 0.9731082, 0.22823709
-0.68655336, 0.98853034, 0.2287403
-0.5726172, 1.1533328, 0.26571292
-0.71523774, 1.0874465, 0.19789985
-0.5470472, 1.1673886, 0.2670475
-0.552765, 1.1661335, 0.25543383
-0.6485649, 0.9089616, 0.2137081
-0.6071416, 0.88904023, 0.24271752
-0.7680821, 1.0112813, 0.17794159
-0.7479112, 0.87328005, 0.17800759
-0.47113463, 0.94968385, 0.2733304
-0.60705477, 0.9312673, 0.24887435
-0.60646266, 1.0095316, 0.2480316
-0.7270063, 1.1694092, 0.21284512
-0.81223285, 0.82969457, 0.17041382
-0.728669, 0.9904563, 0.2098427
-0.629962, 0.95252985, 0.21659625
-0.8275298, 1.109086, 0.18827507
-0.6858257, 1.0679646, 0.22466701
-0.8135133, 1.0115168, 0.17749766
-0.5912756, 1.049567, 0.25172
-0.8300865, 1.0705087, 0.18632478
-0.55410457, 0.9941733, 0.23694953
-0.6884789, 0.87238735, 0.22288063
-0.59036416, 0.90947294, 0.24885805
-0.5719847, 1.1098613, 0.25074273
-0.4686352, 0.8685127, 0.26958933
-0.4716915, 0.8912025, 0.27093557
-0.7711683, 1.1299949, 0.18981527
-0.57150674, 1.0330846, 0.26516768
-0.61064273, 1.03149, 0.24459538
-0.5137121, 0.8705891, 0.2538817
-0.76966786, 0.97075665, 0.20278603
-0.81000745, 1.1483208, 0.1887677
-0.7846303, 0.90714675, 0.17661126
-0.80737966, 1.010681, 0.18644643
-0.6493493, 0.8745953, 0.21694958
-0.48971805, 0.9885828, 0.27130702
-0.5888895, 0.85031796, 0.24418919
-0.52722925, 0.91051865, 0.26717097
-0.6870084, 1.1851091, 0.2281217
-0.7914367, 0.8310568, 0.18605612
-0.574734, 0.9241702, 0.23589662
-0.6891199, 1.007723, 0.21246566
-0.750183, 0.8136743, 0.18767142
-0.8112861, 1.150476, 0.1748435
-0.68528676, 0.92878735, 0.2245539
-0.7488875, 0.7976495, 0.18845451
-0.5131012, 0.8327668, 0.25359514
-0.83364415, 1.0506103, 0.18549313
-0.50118953, 1.1446165, 0.28553808
-0.79154813, 0.98526144, 0.17636597
-0.7513634, 1.1474595, 0.1934691
-0.5104392, 1.1314417, 0.27069092
-0.54899895, 1.0515008, 0.26588514
-0.51366216, 0.88929486, 0.2539383
-0.80947053, 1.0306144, 0.18712829
-0.6911654, 0.9133276, 0.1954757
-0.7106806, 1.1495253, 0.20870636
-0.6331535, 0.85150254, 0.21702299
-0.6706563, 0.8488014, 0.2255045
-0.569762, 0.9496239, 0.23713024
-0.8192899, 0.8697813, 0.157424
-0.6774731, 0.916148, 0.19944869
-0.6937802, 1.1498574, 0.21156417
-0.6304146, 0.8307623, 0.21140851
-0.5272106, 1.1659952, 0.2835228
-0.52909267, 0.8898703, 0.2661736
-0.62590224, 1.0115045, 0.24512772
-0.48643538, 0.9312275, 0.28359538
-0.7098918, 1.0658983, 0.19699074
-0.51225305, 0.9103855, 0.2582478
-0.55181706, 1.1140164, 0.26792213
-0.83031404, 0.95024323, 0.17164698
-0.5715368, 1.1493866, 0.2516634
-0.83137804, 0.82966024, 0.17174503
-0.75955653, 0.91342443, 0.17422612
-0.5094097, 0.9260039, 0.25558403
-0.8126646, 1.1118407, 0.17582633
-0.669749, 1.0868987, 0.22849025
-0.7744675, 0.9278139, 0.17586741
-0.5152947, 1.0081015, 0.25399452
-0.68432176, 0.8993135, 0.19925292
-0.7690624, 1.1471162, 0.1884089
-0.6539011, 1.0960817, 0.21949089
-0.64952844, 1.0076759, 0.21486361
-0.6064631, 1.1487463, 0.24422435
-0.54960245, 1.1469342, 0.26985228
-0.8510513, 1.0552647, 0.17265935
-0.75644, 1.0576653, 0.17813525
-0.8068619, 1.0470779, 0.18866499
-0.5302351, 0.8707379, 0.26374522
-0.773735, 0.8659351, 0.1760492
-0.4902364, 0.9113678, 0.28168932
-0.5658781, 1.0522987, 0.26514432
-0.82923615, 1.0695105, 0.17121695
-0.6339511, 0.8919835, 0.21632557
-0.69341296, 0.9304299, 0.19819924
-0.4727976, 0.98983485, 0.27025622
-0.47465694, 0.87240046, 0.28213698
-0.7062495, 1.0502148, 0.22404777
-0.708526, 1.1506073, 0.22576627
-0.7291187, 1.1515155, 0.22340852
-0.7709537, 0.8321582, 0.17724416
-0.51370573, 1.0314462, 0.2566104
-0.63175297, 1.0771049, 0.24565646
-0.58364326, 1.065679, 0.26456323
-0.48687443, 0.85068697, 0.2822076
-0.6271146, 0.83193076, 0.22445358
-0.8478281, 0.92825305, 0.15681988
-0.81024086, 0.98615944, 0.19308884
-0.727164, 1.067563, 0.22261764
-0.6799685, 0.888918, 0.19568235
-0.6085976, 0.9912624, 0.24554014
-0.78591716, 0.81395286, 0.18743013
-0.59724957, 1.1424574, 0.23968329
-0.66861254, 1.0671502, 0.21744621
-0.7507073, 1.0318506, 0.20820445
-0.8505825, 1.0704352, 0.17145588
-0.811354, 0.97014666, 0.18816997
-0.7704862, 1.187482, 0.19243114
-0.84465873, 1.1099634, 0.18325019
-0.83116806, 1.1303546, 0.17141704
-0.7697744, 1.0903721, 0.19091439
-0.7911096, 0.80902094, 0.17121385
-0.7709565, 1.0090146, 0.20211479
-0.6353663, 0.9674958, 0.21636117
-0.768623, 0.9258582, 0.20545095
-0.49083316, 0.87200975, 0.26981035
-0.598504, 1.1111625, 0.23778255
-0.63167226, 0.8726197, 0.21469979
-0.7705443, 0.9016279, 0.20175011
-0.4914312, 1.1289549, 0.27172872
-0.6899848, 1.013382, 0.2286422
-0.71352726, 0.99633676, 0.22722545
-0.66871905, 1.007034, 0.2302839
-0.73260117, 1.0903416, 0.19685125
-0.4901865, 1.029988, 0.2836333
-0.6316092, 1.1715837, 0.23331441
-0.5880035, 1.051373, 0.26304305
-0.47591576, 0.9260465, 0.28104988
-0.52760994, 0.9887073, 0.2679298
-0.6529691, 0.9688533, 0.21220788
-0.5087356, 1.16783, 0.2843998
-0.7124812, 0.8486033, 0.1940578
-0.698952, 1.0508683, 0.19969544
-0.5997723, 0.89780307, 0.2185618
-0.8456056, 1.184238, 0.16956748
-0.813178, 1.1683795, 0.18806343
-0.50952417, 0.9893213, 0.25634342
-0.7097618, 0.9622075, 0.22077416
-0.70385563, 0.9489529, 0.22331709
-0.7735503, 1.1701409, 0.18869361
-0.5514268, 1.0719466, 0.2680464
-0.6118377, 1.1702241, 0.23475806
-0.6922978, 1.1062785, 0.21143462
-0.6140126, 0.9284853, 0.21650988
-0.66076815, 0.9752788, 0.24363744
-0.65124995, 1.1822355, 0.23382986
-0.8315903, 0.848644, 0.17006081
-0.8284462, 1.1697398, 0.1875125
-0.5679035, 1.0074357, 0.2656151
-0.5286754, 0.84493303, 0.26529464
-0.7370902, 1.1251105, 0.19873126
-0.51278245, 1.1656129, 0.27287674
-0.5904954, 1.0287088, 0.23467477
-0.574748, 0.888479, 0.260571
-0.48923582, 1.0910518, 0.27349108
-0.4919819, 1.091388, 0.28808928
-0.64347774, 0.9416986, 0.2502149
-0.83182704, 1.0113403, 0.18369259
-0.56409574, 0.9735099, 0.26293737
-0.7648112, 1.0264951, 0.2069131
-0.808197, 0.9277268, 0.18443598
-0.84806037, 1.190783, 0.18536744
-0.7461875, 0.97524285, 0.20599581
-0.51852584, 1.0577633, 0.28061953
-0.8085469, 1.1897268, 0.1941776
-0.4694801, 0.8540208, 0.27198046
-0.64113057, 1.0128528, 0.24139282
-0.7504299, 1.1901184, 0.19293785
-0.8028257, 1.1487064, 0.20083314
-0.71275043, 0.97284055, 0.19612777
-0.73203623, 1.1480267, 0.19714782
-0.81227815, 1.0921476, 0.17413652
-0.77415967, 1.1426753, 0.17733051
-0.6222115, 0.89595735, 0.24246177
-0.71792847, 1.1103197, 0.19891046
-0.73363376, 1.070621, 0.21226048
-0.4933183, 1.1476393, 0.28089318
-0.61030525, 0.8295759, 0.229107
-0.7902836, 1.0918539, 0.20108186
-0.48946947, 1.1090527, 0.28567258
-0.65109175, 1.0309446, 0.24437413
-0.70505774, 0.89158064, 0.22429451
-0.62561876, 0.8127387, 0.22566538
-0.61075187, 1.1709776, 0.2493149
-0.5490975, 0.97411966, 0.26338714
-0.6508094, 1.1242034, 0.21655324
-0.7110778, 1.1513338, 0.19690603
-0.8498384, 1.0102863, 0.17194475
-0.5947058, 1.1722335, 0.25225124
-0.49515635, 1.1756091, 0.28250182
-0.5236683, 1.1288856, 0.28090796
-0.62322694, 0.9935704, 0.24606189
-0.5654522, 1.1715784, 0.26369715
-0.56887734, 0.90949494, 0.26213655
-0.7116162, 0.89100677, 0.19527198
-0.5157045, 0.9877205, 0.28069812
-0.5469539, 1.0318646, 0.26543164
-0.5078027, 1.0191438, 0.2809213
-0.79159415, 1.0522083, 0.17746332
-0.6256331, 1.0504953, 0.2453912
