-0.92705834, 0.46968308, 0.19292495
-0.9285346, 0.4918735, 0.19298628
-0.93270487, 0.46991837, 0.2050633
-0.9087838, 0.49253905, 0.19316232
-0.94644415, 0.49217558, 0.19409244
-0.9491809, 0.46936065, 0.20400213
-0.91073656, 0.47008818, 0.18851161
-0.97002375, 0.46814618, 0.20616272
-0.88969237, 0.47022256, 0.1882607
-0.9692576, 0.49091536, 0.20627314
-0.8698959, 0.4705991, 0.18509221
-0.99066865, 0.49091536, 0.20930383
-0.8694094, 0.46918723, 0.1744838
-0.9892239, 0.5111391, 0.20870464
-0.98634696, 0.49292228, 0.19797567
-1.0082862, 0.489852, 0.21194784
-0.8503158, 0.46960956, 0.17386153
-0.86425114, 0.47039178, 0.15915428
-0.99013525, 0.5302107, 0.2084572
-1.0101839, 0.5117837, 0.2125179
-1.0097208, 0.4684598, 0.21056937
-0.829724, 0.47036326, 0.1713904
-0.9882345, 0.5285534, 0.19544923
-0.9692145, 0.5287137, 0.20689303
-1.0297908, 0.51067317, 0.21428894
-1.0271261, 0.46862894, 0.21469674
-0.97015655, 0.528885, 0.19403595
-0.9521111, 0.5293151, 0.2054799
-1.0503322, 0.50880384, 0.21620053
-1.0512202, 0.46969652, 0.21543473
-0.94655645, 0.52773935, 0.1944755
-1.0337375, 0.49020487, 0.22475189
-1.0473272, 0.48958027, 0.21619922
-1.0489107, 0.46909094, 0.22626312
-0.9302778, 0.5294344, 0.19250242
-1.0707371, 0.4685582, 0.22733408
-0.9104121, 0.5294746, 0.19115141
-1.0704168, 0.44982982, 0.22962393
-1.0892092, 0.46910995, 0.2307483
-1.069944, 0.48988137, 0.22785439
-0.89016443, 0.5287316, 0.18864956
-1.0692307, 0.44922584, 0.21752822
-1.0898322, 0.4502361, 0.23074763
-1.0907749, 0.49008796, 0.23155901
-1.1094278, 0.46765006, 0.23152784
-1.0698357, 0.5102469, 0.22978641
-0.8892462, 0.5286514, 0.17636308
-0.87110466, 0.5290677, 0.18637164
-1.1068455, 0.45034027, 0.23382333
-1.1085985, 0.48957613, 0.2327096
-1.0900122, 0.509653, 0.23077908
-0.87048584, 0.5295547, 0.17514426
-0.8705753, 0.50883204, 0.1850829
-1.1099893, 0.43103626, 0.2331216
-1.1282047, 0.44938782, 0.23474994
-1.1101773, 0.50852376, 0.23306566
-1.1134837, 0.48960745, 0.24297449
-1.1313459, 0.46906254, 0.24495907
-0.8704362, 0.5097422, 0.17528838
-0.8502537, 0.53109914, 0.17206776
-0.8486567, 0.50928175, 0.17351663
-1.1297908, 0.4310388, 0.2458653
-1.1508821, 0.4908076, 0.24992585
-0.8287075, 0.5080199, 0.17248191
-1.1494054, 0.5098309, 0.24711114
-1.1514503, 0.41034827, 0.24702223
-1.1290151, 0.4083797, 0.23405038
-1.1328354, 0.50935453, 0.2447068
-0.8906574, 0.5096943, 0.18817198
-1.1122298, 0.4683584, 0.24464251
-1.1509289, 0.46922925, 0.24747404
-1.1281, 0.5085644, 0.2339721
-1.0706763, 0.52927196, 0.22697638
-1.0296912, 0.5296589, 0.2244452
-0.9299398, 0.55065405, 0.19229847
-1.0516776, 0.4888175, 0.2281832
-1.090873, 0.43128327, 0.23020089
-0.9721542, 0.5503027, 0.2070938
-0.96933174, 0.55012906, 0.19514348
-0.94957787, 0.5514181, 0.19483583
-1.1112591, 0.5310755, 0.23329462
-0.9072477, 0.5274195, 0.17678031
-1.1106735, 0.50919366, 0.24319467
-1.1470565, 0.4326807, 0.2367105
-1.0483075, 0.53054756, 0.21594438
-0.9497018, 0.55039674, 0.20616539
-1.0901588, 0.5299759, 0.23105271
-1.0692695, 0.4314015, 0.23021534
-1.1287917, 0.43146226, 0.23645718
-1.0694348, 0.5504779, 0.22806995
-1.0490317, 0.5293482, 0.22623555
-0.9314541, 0.5496908, 0.20420188
-1.109136, 0.54929, 0.23268914
-1.0883254, 0.5489167, 0.23040351
-1.06959, 0.41096786, 0.2289527
-1.0709752, 0.5691766, 0.22744356
-1.1110017, 0.5686736, 0.23170105
-1.1282778, 0.55053616, 0.23402938
-1.0880946, 0.5692014, 0.23223673
-1.0699823, 0.5689653, 0.21579304
-1.0714693, 0.58870244, 0.2284846
-1.0494123, 0.5689941, 0.22749087
-1.1100346, 0.5902934, 0.23141581
-1.1324838, 0.5497729, 0.24582423
-1.0308142, 0.4309739, 0.21495673
-1.0311738, 0.40944603, 0.22476524
-1.0489947, 0.40852475, 0.21444418
-1.070906, 0.61167985, 0.22919124
-1.0501386, 0.589495, 0.22641075
-1.1278874, 0.5902566, 0.2333954
-1.0309551, 0.4098363, 0.21342142
-1.0091677, 0.43074545, 0.21244472
-1.0480531, 0.5918894, 0.2146528
-1.08206, 0.58889973, 0.21953279
-1.0698093, 0.6108437, 0.21570536
-1.0492182, 0.6098243, 0.22758637
-1.088381, 0.6113511, 0.23118065
-1.0700822, 0.6285306, 0.22689393
-1.0321537, 0.588524, 0.22240011
-1.1335257, 0.5922371, 0.24441914
-1.1282642, 0.61006683, 0.23223397
-1.0089175, 0.4102535, 0.21189451
-0.99050623, 0.42985335, 0.2079949
-1.0474784, 0.61187875, 0.2173428
-1.0291291, 0.58985555, 0.21280804
-1.0315958, 0.610774, 0.22478385
-1.0898553, 0.6298663, 0.2321911
-1.0719265, 0.65032864, 0.2288299
-1.0937693, 0.62924737, 0.24158768
-0.9895495, 0.41044152, 0.20955355
-0.9699399, 0.42979163, 0.20750512
-1.0100757, 0.5892546, 0.2121232
-1.0301186, 0.5702914, 0.21340792
-1.0300895, 0.6321528, 0.22506294
-1.1110579, 0.63216466, 0.23218077
-1.0899951, 0.65005034, 0.23056233
-1.0882618, 0.63233304, 0.2152628
-1.049562, 0.64965534, 0.22688386
-1.1501564, 0.6095106, 0.24698251
-1.1494796, 0.56989044, 0.24748342
-1.1284184, 0.64863616, 0.23351952
-1.0088849, 0.57064575, 0.2136201
-1.0096883, 0.6097363, 0.21264756
-1.030275, 0.6304363, 0.21257888
-1.1088655, 0.6510454, 0.23311917
-1.0474151, 0.64847535, 0.21352024
-1.0512232, 0.6701888, 0.22545816
-1.1321498, 0.6713195, 0.23407438
-0.99084854, 0.5711544, 0.20889004
-1.0094247, 0.63132524, 0.21247607
-0.99187034, 0.6085759, 0.20858608
-1.1086214, 0.6703174, 0.23299642
-1.0311235, 0.6712083, 0.22443134
-1.1304901, 0.69083494, 0.23396446
-1.1302663, 0.6693826, 0.24604946
-1.008389, 0.6477137, 0.21170276
-0.99065477, 0.6313574, 0.21045594
-0.9715728, 0.61038107, 0.20597382
-0.9851646, 0.61256987, 0.19400609
-1.1122262, 0.671157, 0.24415684
-1.1092631, 0.68938273, 0.23144454
-1.1301848, 0.68938166, 0.245654
-1.1505525, 0.66977036, 0.24630864
-1.0084556, 0.66932714, 0.21038862
-0.99008197, 0.6491599, 0.210602
-1.0090162, 0.65211314, 0.22238491
-1.1102127, 0.70914227, 0.23111357
-1.092047, 0.6920876, 0.23131384
-1.1501021, 0.64991766, 0.24833195
-0.89225423, 0.42930925, 0.19032939
-1.0112226, 0.69027144, 0.21234684
-0.9891206, 0.6702823, 0.20892721
-0.96905345, 0.6508084, 0.2069961
-1.0898552, 0.7093552, 0.2323461
-1.1101296, 0.72884387, 0.23243953
-1.0701985, 0.691152, 0.23066556
-0.87312037, 0.42931226, 0.18718517
-0.9690805, 0.6699056, 0.20705573
-0.9526551, 0.64878637, 0.20659654
-0.9716071, 0.65461755, 0.1965191
-1.0702447, 0.7095826, 0.22868794
-1.089236, 0.72909385, 0.23009573
-1.1088026, 0.74779373, 0.23093568
-0.97208333, 0.66816705, 0.19440895
-0.9478134, 0.6523223, 0.1959036
-1.0719222, 0.730496, 0.22745128
-1.0683789, 0.7114041, 0.2170775
-1.0518184, 0.7117462, 0.22544418
-0.8509723, 0.42854217, 0.1727336
-0.9303614, 0.65236723, 0.19352575
-0.94967234, 0.6293976, 0.1947087
-1.0299431, 0.71181715, 0.22494112
-0.82954186, 0.42958885, 0.17396423
-0.928873, 0.66996753, 0.1918423
-0.9295788, 0.6271013, 0.19009627
-0.9464907, 0.6097012, 0.1949798
-1.0293373, 0.71052253, 0.21343556
-0.82808864, 0.41195267, 0.17018995
-0.81084585, 0.43033227, 0.1703024
-0.9107274, 0.671405, 0.19109929
-0.92995924, 0.6888383, 0.1917959
-0.90893185, 0.6289095, 0.19093557
-0.93132365, 0.6100037, 0.19134764
-0.94843906, 0.58991826, 0.1939821
-0.8908619, 0.6706473, 0.18694344
-0.9467942, 0.6892982, 0.19186136
-0.8925699, 0.6297313, 0.18791786
-0.9303701, 0.5907991, 0.19254163
-0.9504113, 0.5900754, 0.20621723
-0.9715047, 0.5910489, 0.1942293
-1.0284176, 0.7495471, 0.214083
-0.89029133, 0.6705026, 0.17753156
-0.871726, 0.67172706, 0.18535496
-0.9513533, 0.69067407, 0.20701857
-0.8869895, 0.6295937, 0.17562994
-0.908353, 0.58971786, 0.19011472
-0.8674784, 0.67155826, 0.17720027
-0.88655, 0.6121481, 0.17659082
-0.88917047, 0.5904015, 0.18516664
-0.870571, 0.60998416, 0.17511506
-0.8902058, 0.56850153, 0.18748651
-0.86841327, 0.6110884, 0.18525758
-0.8714367, 0.5712733, 0.18415764
-0.83016497, 0.5689969, 0.17428192
-0.9103628, 0.5698619, 0.18979973
-1.0513028, 0.51028544, 0.22651242
-0.9097554, 0.6895985, 0.19104308
-0.86803687, 0.5693449, 0.17480062
-1.0496347, 0.6704169, 0.21448505
-1.109914, 0.6095594, 0.23126796
-1.1474779, 0.65159, 0.23426282
-1.0895603, 0.466128, 0.21900406
-1.0125881, 0.51096296, 0.2243591
-1.0901532, 0.66985524, 0.22960679
-1.1118467, 0.5282673, 0.24329859
-1.0896498, 0.4105129, 0.2305775
-1.0296155, 0.6915454, 0.22558133
-1.0100812, 0.54990566, 0.21101466
-0.99008137, 0.5488372, 0.20834684
-0.90926486, 0.6510624, 0.19098753
-1.1699034, 0.6099815, 0.25055602
-1.1288592, 0.53036565, 0.24664977
-0.9505916, 0.6090172, 0.20550106
-1.0309707, 0.6894773, 0.21261628
-1.0705632, 0.6703685, 0.22912386
-0.90880275, 0.70930946, 0.191415
-1.0505359, 0.69035035, 0.21505678
-0.9498482, 0.73119205, 0.2045986
-0.9702457, 0.70833224, 0.20830709
-1.1688665, 0.62940437, 0.2497311
-0.9103886, 0.7313752, 0.18951777
-0.97354466, 0.7280219, 0.20681185
-0.9904187, 0.71014464, 0.20861594
-0.9276838, 0.7286572, 0.19333287
-0.96752155, 0.7315141, 0.19615197
-1.1511225, 0.42950347, 0.24873494
-0.872079, 0.68974835, 0.18698414
-1.0475789, 0.42874622, 0.21509288
-1.1101592, 0.40944803, 0.23327586
-1.0889971, 0.5890565, 0.23070757
-0.89024335, 0.54889697, 0.18631348
-1.0299078, 0.5313108, 0.21338773
-1.0308988, 0.5730823, 0.22578017
-0.87198627, 0.4918784, 0.18567333
-0.9517403, 0.6314764, 0.20624118
-0.8307625, 0.49077156, 0.17184253
-0.9094131, 0.6090511, 0.19036518
-0.86871916, 0.4854162, 0.17087184
-1.049189, 0.63017493, 0.21545854
-1.0702487, 0.63179433, 0.21594857
-0.99058646, 0.5886658, 0.20840853
-0.8708461, 0.54947734, 0.18579516
-0.84921265, 0.67078304, 0.17292428
-1.1707406, 0.65032285, 0.24927416
-1.090345, 0.75014997, 0.22947317
-0.89003414, 0.6087134, 0.18757898
-1.049573, 0.6294235, 0.22613397
-0.8930373, 0.69109607, 0.17478289
-0.8475361, 0.48987976, 0.17265433
-1.0104055, 0.48951414, 0.22397605
-1.0099912, 0.5307766, 0.2124298
-1.0098231, 0.71034867, 0.21145993
-0.8489031, 0.47013196, 0.18440582
-1.0681078, 0.689757, 0.21556471
-0.890497, 0.68957615, 0.18705584
-0.86842656, 0.55143064, 0.17517081
-1.1306559, 0.4889954, 0.24590719
-1.0296195, 0.60897243, 0.21248376
-0.89161587, 0.4909468, 0.1888943
-0.90921694, 0.5493012, 0.18846926
-0.8706376, 0.71109414, 0.18552671
-1.1315024, 0.7510234, 0.24508275
-0.83090484, 0.66887456, 0.17334835
-0.84864277, 0.6507051, 0.1703969
-0.8497765, 0.6899768, 0.1733043
-0.87116903, 0.71207, 0.1755716
-0.8333982, 0.6912557, 0.17303355
-0.8504051, 0.6290532, 0.17196159
-0.84968656, 0.70945054, 0.17240739
-0.86833066, 0.727857, 0.17454436
-1.1110216, 0.6528994, 0.24395937
-1.0662627, 0.6499142, 0.21630122
-0.87007666, 0.6495785, 0.18681572
-0.96967727, 0.5904503, 0.2064268
-0.93001074, 0.71040684, 0.1930648
-0.8899549, 0.5082246, 0.1776653
-0.95093095, 0.6687352, 0.20623827
-1.0115137, 0.6924631, 0.22469161
-0.93216884, 0.5955308, 0.20295192
-0.95155257, 0.51189977, 0.20560643
-0.9293192, 0.51029646, 0.19268861
-1.1472118, 0.45085675, 0.23591278
-1.0299624, 0.4899951, 0.21449597
-1.0158273, 0.47762036, 0.19896318
-1.1303657, 0.48855522, 0.23526739
-0.8650337, 0.6903594, 0.17611566
-0.93209547, 0.5114118, 0.20448822
-1.1102277, 0.55028224, 0.24244125
-0.8294721, 0.6265316, 0.17202741
-0.8509131, 0.5491375, 0.172492
-0.9093135, 0.70618725, 0.20295209
-0.8674983, 0.6510756, 0.17451477
-0.9107398, 0.51027393, 0.19230223
-0.89275426, 0.64973617, 0.18770623
-1.0290741, 0.67035407, 0.21521044
-1.0678766, 0.5296433, 0.2151613
-0.9703029, 0.6902984, 0.20676298
-0.891248, 0.727039, 0.17680666
-0.91144633, 0.5323104, 0.20503655
-0.8694102, 0.7294952, 0.18563172
-1.1318786, 0.56949675, 0.24505672
-0.8305568, 0.6088955, 0.17190243
-1.1262954, 0.7097115, 0.23197615
-0.867968, 0.6326366, 0.18704076
-0.8501945, 0.7307806, 0.17417628
-1.050956, 0.69142926, 0.22548357
-0.83249325, 0.71114516, 0.17370236
-0.8503606, 0.44780144, 0.17322463
-0.98880243, 0.68943316, 0.21049921
-1.028065, 0.6506351, 0.21150625
-0.98957115, 0.45072702, 0.20871861
-0.82981986, 0.44922203, 0.17309505
-0.8663264, 0.4496088, 0.17597547
-0.871578, 0.4497361, 0.18705942
-0.9700388, 0.6270985, 0.19673766
-1.0472257, 0.450928, 0.21584834
-0.8909236, 0.44980645, 0.18779463
-1.0654538, 0.4712085, 0.21507668
-0.90942866, 0.45005295, 0.19090739
-1.0081576, 0.45010784, 0.21253958
-0.9138975, 0.44717553, 0.20245613
-0.8719357, 0.7712762, 0.18489352
-0.89162153, 0.7695069, 0.18942727
-0.8915108, 0.750984, 0.18746273
-0.8831057, 0.46742174, 0.17626815
-1.0086776, 0.69339406, 0.19686149
-0.9089248, 0.7314549, 0.17735635
-0.89113116, 0.7100961, 0.18803604
-1.0459354, 0.5701595, 0.21569455
-0.9512296, 0.4117083, 0.20452015
-1.1272541, 0.46815556, 0.23486999
-0.8898112, 0.7301105, 0.18815264
-0.9682193, 0.5700421, 0.19657694
-0.95081514, 0.51231414, 0.1930959
-0.9847822, 0.72272444, 0.19933811
-1.1500614, 0.7296704, 0.24655122
-0.9039106, 0.59049624, 0.17521991
-0.9902197, 0.46863103, 0.2100916
-0.9504735, 0.5717757, 0.20678534
-1.094152, 0.61092854, 0.24266066
-0.9481809, 0.70906365, 0.19496486
-1.050495, 0.7118232, 0.21531631
-0.97105867, 0.5116775, 0.20716363
-0.970062, 0.50792617, 0.19491893
-1.0508714, 0.5522134, 0.22776853
-0.9512136, 0.47004244, 0.19425029
-0.8693249, 0.75125146, 0.17336993
-0.9088269, 0.4291547, 0.19026442
-0.9284517, 0.7500462, 0.19253066
-0.9694591, 0.57051086, 0.20670207
-0.9070695, 0.69185424, 0.17716314
-0.96984106, 0.63052535, 0.20701486
-0.94865483, 0.66982603, 0.19406214
-1.1702629, 0.59007776, 0.24787682
-0.8281557, 0.5295373, 0.17377636
-0.9042077, 0.67023295, 0.17649935
-0.8163986, 0.62808454, 0.17020695
-1.1487259, 0.71040225, 0.24799845
-0.9106586, 0.78763735, 0.19198714
-0.969032, 0.4122194, 0.20674829
-1.030858, 0.46778074, 0.22425637
-0.99081886, 0.6684953, 0.19568111
-0.87368333, 0.7474519, 0.18898873
-0.95145285, 0.7500317, 0.20668596
-1.1299839, 0.7090063, 0.24643464
-0.8703848, 0.5920625, 0.18660004
-1.1508572, 0.5489941, 0.24720517
-1.1682252, 0.5499126, 0.24691904
-0.9514846, 0.49131104, 0.20547809
-1.0514348, 0.45013773, 0.22846588
-1.1661593, 0.5105916, 0.2485593
-1.0837791, 0.53067994, 0.21840566
-0.86929625, 0.79087913, 0.17027348
-0.91004336, 0.7505786, 0.1900388
-1.1287622, 0.5688296, 0.23318756
-0.95081234, 0.4502989, 0.20686375
-1.1679876, 0.74759674, 0.24980138
-1.0307817, 0.4498335, 0.21411633
-0.85099924, 0.45045018, 0.18484737
-0.9701469, 0.44956174, 0.20689408
-0.84850705, 0.6097765, 0.17206332
-0.9330828, 0.73172563, 0.20480172
-0.9910481, 0.7311572, 0.21090277
-1.0517424, 0.430335, 0.22670676
-0.9316643, 0.6529969, 0.17874508
-1.165154, 0.42977303, 0.24636047
-0.85097134, 0.5698879, 0.17208052
-0.8871756, 0.49319658, 0.17661516
-0.9296547, 0.4500475, 0.19455966
-0.98497635, 0.47027153, 0.19559889
-0.9897021, 0.74961245, 0.20929503
-0.9496073, 0.74940175, 0.19422126
-1.1514134, 0.5310818, 0.2483811
-1.033937, 0.50912356, 0.22529967
-1.0292863, 0.72971725, 0.21397838
-0.9496168, 0.72952676, 0.19381765
-0.8292008, 0.5499572, 0.17174739
-1.0108101, 0.7315253, 0.21128027
-1.1290076, 0.5298599, 0.23434588
-0.852016, 0.43071967, 0.18492527
-1.1524612, 0.68959033, 0.24686296
-0.98782843, 0.7684057, 0.20882837
-1.0077038, 0.767958, 0.21201159
-1.1097878, 0.73371625, 0.24320498
-1.0116374, 0.44879362, 0.22218387
-1.0313519, 0.75038606, 0.2251663
-1.048891, 0.5477564, 0.2169197
-0.9288887, 0.5706605, 0.20319085
-0.8696675, 0.8109442, 0.17207287
-1.0297875, 0.5493699, 0.22396068
-0.9312672, 0.5704952, 0.19423132
-0.9264342, 0.7442194, 0.17878085
-0.9678705, 0.45226857, 0.19515084
-0.96829456, 0.6087587, 0.19396883
-0.8695377, 0.82772845, 0.17322959
-1.1681731, 0.6551318, 0.23452745
-1.0897195, 0.64922845, 0.21657899
-1.1286814, 0.73025244, 0.23407534
-1.0021538, 0.7073765, 0.19997449
-1.0898067, 0.769331, 0.23002698
-0.83438396, 0.7284393, 0.17345954
-1.1877578, 0.6475856, 0.2478076
-1.0857303, 0.43775913, 0.21856922
-0.9135547, 0.8069234, 0.18536021
-1.1875353, 0.67034376, 0.24873102
-0.91165936, 0.5900359, 0.20387605
-0.8881032, 0.6469224, 0.17679214
-0.92947763, 0.43055046, 0.19327219
-0.9321323, 0.49357256, 0.20289144
-0.93285465, 0.6674759, 0.20540567
-0.9103893, 0.41182247, 0.1888012
-0.9061616, 0.5122968, 0.17886522
-1.1680003, 0.53033394, 0.2479701
-1.1115046, 0.41014943, 0.24386977
-1.1714722, 0.7295814, 0.24993527
-1.0916634, 0.48938957, 0.2433589
-1.0095897, 0.5688008, 0.22385217
-1.1077803, 0.61775464, 0.21427533
-0.88918275, 0.7889717, 0.18834251
-1.0308489, 0.55071163, 0.21419738
-1.0876515, 0.750897, 0.21646872
-0.8520235, 0.5892231, 0.1742668
-0.96988267, 0.69119626, 0.196687
-1.0031133, 0.44669366, 0.19914542
-1.1090983, 0.61027026, 0.24407442
-0.94994587, 0.5697872, 0.19545594
-0.8922367, 0.5920286, 0.17595552
-1.1503701, 0.4487271, 0.24821927
-0.8428729, 0.5958976, 0.15897205
-0.9303187, 0.451271, 0.20535329
-0.98967195, 0.6924884, 0.19735265
-1.0134834, 0.47071543, 0.22439982
-0.8684887, 0.5878696, 0.17283879
-0.9886349, 0.63010544, 0.19694336
-0.8297371, 0.38905695, 0.17025046
-0.9278795, 0.5943892, 0.17686862
-1.1461182, 0.41091403, 0.23629901
-1.1695416, 0.6696376, 0.24921985
-0.97003543, 0.7513683, 0.20591024
-1.1707511, 0.6901355, 0.25032339
-1.1688986, 0.70995307, 0.24931192
-1.010644, 0.42771906, 0.2240931
-0.8887813, 0.8769747, 0.17479372
-0.9124549, 0.57130486, 0.20475636
-1.1471105, 0.6692687, 0.2352423
-1.0331179, 0.6514268, 0.22416654
-0.94930625, 0.44950366, 0.19495368
-1.1886481, 0.63108504, 0.24995422
-0.8729085, 0.41262028, 0.18660589
-0.88510257, 0.5675856, 0.17835096
-0.9401782, 0.5896879, 0.17995559
-0.90306115, 0.49874207, 0.17959853
-1.1497961, 0.74883956, 0.24682252
-1.0037585, 0.63577, 0.19667932
-0.830303, 0.59013236, 0.17255697
-0.9125137, 0.7715992, 0.19080828
-1.0901542, 0.61445785, 0.21609372
-1.0863168, 0.44791117, 0.21693437
-1.0840876, 0.49021634, 0.21692857
-1.0856842, 0.5560123, 0.21351993
-1.1104343, 0.7683614, 0.23098455
-1.0684623, 0.5115526, 0.21778691
-1.1675508, 0.49073604, 0.24658039
-1.0477244, 0.7711738, 0.21221788
-1.187834, 0.7510993, 0.24993946
-1.0273153, 0.7696226, 0.2104009
-0.85083634, 0.7902295, 0.17154866
-1.0693935, 0.4885591, 0.21481615
-1.1487523, 0.5905738, 0.24762927
-0.96534115, 0.710271, 0.19654831
-1.0101055, 0.67234993, 0.19783416
-1.0695488, 0.76683015, 0.22830415
-0.8240196, 0.5885155, 0.1585331
-0.9102553, 0.6112316, 0.17876461
-1.1291747, 0.62850225, 0.23285392
-0.8058924, 0.4096243, 0.15827571
-0.82757086, 0.6284669, 0.15712105
-0.8375854, 0.7681143, 0.17559496
-1.013156, 0.52682763, 0.22732098
-0.8331451, 0.6498007, 0.17041114
-1.1130708, 0.53849125, 0.21541542
-1.0077889, 0.5909373, 0.198371
-1.187756, 0.7289828, 0.24908645
-1.0496098, 0.72899336, 0.21425694
-1.1503648, 0.63125354, 0.24822627
-1.150438, 0.68907416, 0.23537862
-0.9025884, 0.549762, 0.1754247
-1.0941837, 0.44709247, 0.24383397
-0.8352243, 0.7518791, 0.17646977
-0.82150537, 0.49576896, 0.15918131
-0.93358153, 0.7106652, 0.20292169
-0.8497175, 0.40902406, 0.16934338
-0.8704246, 0.63041204, 0.1711542
-0.93113375, 0.81159335, 0.17199339
-0.932454, 0.6090547, 0.2037879
-1.0709442, 0.39393887, 0.2287298
-1.1309435, 0.7520598, 0.23451473
-1.0112991, 0.60924387, 0.22292078
-1.1867912, 0.58825725, 0.24754389
-0.8887085, 0.81006557, 0.17134538
-1.1103809, 0.63038194, 0.24372096
-1.11014, 0.43209916, 0.2441534
-1.0939481, 0.5532639, 0.24161051
-1.0164928, 0.55265033, 0.22527066
-0.86866856, 0.77115005, 0.17621675
-1.0500271, 0.410105, 0.22871707
-0.9511078, 0.7090276, 0.20913452
-1.1522704, 0.7517796, 0.2359017
-0.9711835, 0.49021512, 0.1973626
-1.0294013, 0.39128423, 0.21346803
-0.9529153, 0.7705303, 0.20547618
-1.187361, 0.7083031, 0.25055134
-1.111608, 0.6890244, 0.24581885
-1.012924, 0.5083858, 0.1989403
-0.97154874, 0.70196664, 0.17996646
-1.0084832, 0.40851802, 0.22350487
-1.1492023, 0.6123874, 0.2348891
-0.9847163, 0.65023255, 0.19691601
-1.0945814, 0.47075322, 0.24749704
-1.0623356, 0.4299827, 0.21429592
-1.0670018, 0.7298942, 0.21565045
-1.130258, 0.6296644, 0.24442917
-1.1327174, 0.45015538, 0.24465612
-1.1284852, 0.77035433, 0.23373684
-1.010413, 0.7502038, 0.21035306
-1.1018838, 0.4317987, 0.21877916
-1.095982, 0.51045424, 0.24257521
-1.0292481, 0.72950405, 0.22649512
-1.1090839, 0.39369524, 0.23408502
-0.910923, 0.5659466, 0.17800722
-1.0700666, 0.75049025, 0.22918454
-0.99697745, 0.51982576, 0.19897522
-1.1674231, 0.46972248, 0.24589734
-0.8110803, 0.5100565, 0.16867486
-0.99620396, 0.6931952, 0.22212146
-1.1448665, 0.5057993, 0.236344
-1.0157309, 0.7252817, 0.22224155
-1.1643336, 0.69067633, 0.2357386
-0.92990124, 0.7714529, 0.19294839
-1.0883327, 0.65557563, 0.24037147
-1.0487909, 0.7466722, 0.21486959
-0.8896476, 0.46661597, 0.2005668
-0.9098679, 0.44396478, 0.17711988
-1.1901544, 0.55003226, 0.24571158
-0.8504501, 0.74966216, 0.17270903
-1.1113354, 0.7508575, 0.24403477
-1.1494752, 0.59167016, 0.23446451
-0.8885816, 0.8943449, 0.17626588
-0.89568305, 0.91106576, 0.17813513
-0.86992407, 0.8918693, 0.17716756
-0.90306586, 0.8877478, 0.17450757
-0.84356046, 0.8892949, 0.17211658
-1.0697893, 0.5882265, 0.21745959
-1.0944765, 0.5312843, 0.24177966
-0.90729445, 0.4698507, 0.17738639
-1.0884035, 0.3939048, 0.23425901
-1.0881587, 0.5660648, 0.21427642
-1.1327361, 0.7665707, 0.24363333
-0.970621, 0.47025612, 0.1951712
-0.93023765, 0.6440031, 0.20451212
-1.1753961, 0.43190682, 0.23656085
-1.0942924, 0.5924256, 0.24429029
-1.0930494, 0.5734358, 0.24156064
-1.1095175, 0.5857181, 0.24480952
-0.8281082, 0.41934368, 0.15689528
-0.9935995, 0.5125689, 0.2242872
-1.0154352, 0.59441996, 0.22105592
-0.8484224, 0.590479, 0.18568435
-0.8901886, 0.79081345, 0.2012562
-1.0851781, 0.6939057, 0.21749774
-0.8530237, 0.49079636, 0.18561627
-0.8884916, 0.41065893, 0.17083023
-0.9273838, 0.80951434, 0.18945408
-0.8676097, 0.42920703, 0.1752449
-1.0932208, 0.7552248, 0.24196419
-0.90612084, 0.70756555, 0.17806473
-0.9028459, 0.4956862, 0.2094294
-0.88533366, 0.74875855, 0.17459604
-0.9270421, 0.62783885, 0.20653379
-1.154143, 0.6074415, 0.2609374
-1.1901505, 0.69194525, 0.24960133
-0.8505234, 0.7673769, 0.17363906
-0.9899694, 0.7880239, 0.2077241
-0.9157504, 0.6299523, 0.2076936
-1.19227, 0.69082934, 0.23407836
-1.0918534, 0.6925274, 0.24045739
-0.84871405, 0.9110936, 0.17185159
-0.8988099, 0.5077214, 0.2025094
-1.0774059, 0.6998282, 0.24624676
-1.048786, 0.7310983, 0.22713798
-0.8455173, 0.91174567, 0.15606083
-1.0005313, 0.7374299, 0.19860716
-0.8899924, 0.4120917, 0.19073471
-1.0678406, 0.6684224, 0.21366315
-1.1314833, 0.6082386, 0.24566235
-0.9339827, 0.7494518, 0.20363109
-0.8903774, 0.5508316, 0.17749523
-0.90335584, 0.40177888, 0.20200884
-1.1879888, 0.6095216, 0.24866523
-0.8900699, 0.7061637, 0.1765256
-1.1292933, 0.40979728, 0.2453831
-0.98621595, 0.71891207, 0.19725421
-0.9834664, 0.55392236, 0.19910634
-0.9151725, 0.78931856, 0.20315382
-0.93046945, 0.53206474, 0.2021661
-1.1492937, 0.5509911, 0.23503628
-0.9929336, 0.7480237, 0.2204629
-0.8528595, 0.5513619, 0.18511777
-1.1496469, 0.39072585, 0.24677834
-0.8931187, 0.4560197, 0.21024193
-1.0122399, 0.7882571, 0.20971988
-1.0156327, 0.63031673, 0.22122626
-1.1472992, 0.72953576, 0.2332638
-1.0784405, 0.7133295, 0.24324618
-0.914477, 0.65087, 0.20356585
-1.0210106, 0.65958244, 0.19701622
-0.93393946, 0.69166166, 0.17919424
-0.8836879, 0.5716945, 0.20042233
-1.0703393, 0.552768, 0.21631882
-0.9907422, 0.45670053, 0.2271856
-0.9174238, 0.666563, 0.2000744
-1.0075604, 0.7504257, 0.22283475
-1.1500069, 0.7095168, 0.23645803
