-2.2682874, 0.4288995, 0.19638835
-2.2513118, 0.4272244, 0.19468184
-2.2889245, 0.42922133, 0.1959026
-2.2704866, 0.41052547, 0.19379394
-2.2896366, 0.4104018, 0.19376628
-2.3107321, 0.42655942, 0.19634984
-2.3106341, 0.40864497, 0.19431885
-2.2907906, 0.44904828, 0.20653307
-2.332189, 0.429039, 0.19778842
-2.3310518, 0.40833476, 0.19349983
-2.310146, 0.44981018, 0.20717478
-2.271973, 0.45001757, 0.20507352
-2.2507267, 0.4509846, 0.2046606
-2.225916, 0.45179343, 0.20695697
-2.2076275, 0.4510413, 0.20592234
-2.1906164, 0.450326, 0.20516779
-2.1702576, 0.44989994, 0.2039418
-2.189854, 0.47139737, 0.20842704
-2.1717477, 0.47105357, 0.20675403
-2.1513212, 0.45096377, 0.20379409
-2.189518, 0.48918754, 0.21270958
-2.1493578, 0.47037372, 0.20649116
-2.129747, 0.45281288, 0.20319614
-2.211737, 0.49009222, 0.21277063
-2.1900752, 0.50877935, 0.21627761
-2.12917, 0.47071353, 0.20628189
-2.150502, 0.48976347, 0.21144779
-2.1086144, 0.45110255, 0.20479825
-2.2304723, 0.4897175, 0.21367982
-2.210328, 0.5092283, 0.2152686
-2.1922321, 0.5272451, 0.21862258
-2.1699982, 0.50950783, 0.21475115
-2.1097264, 0.47136688, 0.20792772
-2.1312761, 0.49045947, 0.21127006
-2.1101153, 0.44964108, 0.19747062
-2.1108556, 0.43419045, 0.20186706
-2.130815, 0.4282994, 0.19422631
-2.251646, 0.4885315, 0.21245416
-2.2271137, 0.5103857, 0.21632417
-2.191345, 0.53002435, 0.22471392
-2.109854, 0.4900662, 0.21128727
-2.0915737, 0.4717187, 0.20631298
-2.110027, 0.42988133, 0.1949773
-2.0883775, 0.4473059, 0.19621262
-2.1503077, 0.43067935, 0.19494824
-2.1297922, 0.4104848, 0.19205591
-2.2701623, 0.48910737, 0.2131012
-2.1900172, 0.5489757, 0.22899641
-2.1720736, 0.52862644, 0.2249276
-2.09014, 0.49068785, 0.21006781
-2.1084738, 0.50943637, 0.21572725
-2.0898247, 0.42990097, 0.19392236
-2.1698825, 0.4305575, 0.19513045
-2.1492853, 0.411026, 0.191389
-2.1295164, 0.39101833, 0.18524286
-2.2890782, 0.48798415, 0.21477751
-2.2102926, 0.55150574, 0.22986016
-2.1694558, 0.5512018, 0.22952428
-2.1931803, 0.56895804, 0.23215437
-2.069868, 0.48964322, 0.21122487
-2.1685443, 0.41001052, 0.1919866
-2.1887548, 0.42969733, 0.19559474
-2.1495223, 0.39096677, 0.18583724
-2.109548, 0.39015633, 0.18489125
-2.1278021, 0.3713659, 0.1843771
-2.3099015, 0.48987922, 0.21486256
-2.2293282, 0.55128866, 0.22968535
-2.1724682, 0.5674288, 0.23350951
-2.1492753, 0.5503418, 0.22992027
-2.0879116, 0.530372, 0.21612622
-2.106686, 0.38989937, 0.1785662
-2.1305258, 0.37080157, 0.17538585
-2.3283737, 0.48760605, 0.21593376
-2.2309277, 0.53051984, 0.22517315
-2.1524093, 0.5698637, 0.23221637
-2.1313798, 0.5499318, 0.22836818
-2.108699, 0.37018892, 0.17620425
-2.1292903, 0.34699795, 0.17106837
-2.2497604, 0.5325112, 0.22485565
-2.1308124, 0.5702643, 0.2317393
-2.1085749, 0.34896395, 0.17382494
-2.0893445, 0.36835876, 0.17366861
-2.1484995, 0.3486648, 0.17173637
-2.110037, 0.5711589, 0.23201084
-2.0894988, 0.350501, 0.17412148
-2.109014, 0.32982796, 0.16887267
-2.2689517, 0.51043266, 0.22434545
-2.0901432, 0.5700755, 0.23275529
-2.0696375, 0.3502519, 0.17360139
-2.0893102, 0.33044216, 0.16842061
-2.0892918, 0.5504428, 0.22752449
-2.0902524, 0.38765308, 0.17616981
-2.06972, 0.47172892, 0.20798923
-2.11009, 0.5501756, 0.22722712
-2.2885127, 0.53163743, 0.22725473
-2.1097946, 0.5312961, 0.22612691
-2.0895228, 0.5097325, 0.21474463
-2.0689971, 0.45035064, 0.20493431
-2.0501683, 0.45075122, 0.20404395
-2.2495897, 0.5095817, 0.21583411
-2.1102297, 0.41061008, 0.19131449
-2.2907522, 0.38948792, 0.18832713
-2.1675625, 0.5280539, 0.21797559
-2.087926, 0.3085718, 0.16678126
-2.1677947, 0.35052422, 0.17231096
-2.3324656, 0.50767356, 0.21827407
-2.1697826, 0.48926634, 0.21153292
-2.1467457, 0.37174416, 0.18373618
-2.2901728, 0.50871485, 0.21578553
-2.314236, 0.5062623, 0.2167406
-2.1296206, 0.5257042, 0.21604915
-2.2111712, 0.53031325, 0.22439234
-2.1895952, 0.409697, 0.19155356
-2.091655, 0.3713114, 0.18276225
-2.1696737, 0.39052057, 0.1867002
-2.1097174, 0.3722885, 0.18512134
-2.268526, 0.53049225, 0.22642508
-2.129178, 0.54709214, 0.21895963
-2.049707, 0.48892692, 0.21074739
-2.0896325, 0.40958542, 0.19070089
-2.1491137, 0.50924766, 0.21444696
-2.1083727, 0.30861664, 0.1652598
-2.068391, 0.31160977, 0.16907217
-2.15026, 0.525427, 0.21688521
-2.190246, 0.3501828, 0.17109953
-2.1699438, 0.33082983, 0.16822958
-2.165741, 0.3736273, 0.18437321
-2.2110527, 0.40925002, 0.19120947
-2.19123, 0.38917327, 0.18637414
-2.0687919, 0.3739883, 0.18312183
-2.033467, 0.4899998, 0.20835416
-2.070732, 0.4096112, 0.1905017
-2.1287978, 0.31126097, 0.16590479
-2.0724487, 0.30791068, 0.15586093
-2.0900862, 0.2913532, 0.15129563
-2.18947, 0.32879227, 0.1688959
-2.1879516, 0.36968282, 0.17480648
-2.2109554, 0.34938908, 0.1732814
-2.1706889, 0.31033826, 0.16646864
-2.2315097, 0.4100744, 0.19161724
-2.2112138, 0.39078525, 0.18730235
-2.0533159, 0.51114005, 0.22212984
-2.0315735, 0.46988472, 0.20584153
-2.1305509, 0.5932831, 0.24390368
-2.1123724, 0.28778362, 0.15299875
-2.151148, 0.31017178, 0.16600473
-2.0718448, 0.29030645, 0.1522026
-2.1911416, 0.3101727, 0.16693649
-2.2084305, 0.3285889, 0.17144284
-2.208468, 0.36656606, 0.1750985
-2.2276428, 0.34971163, 0.17617345
-2.2289677, 0.39009544, 0.1885452
-2.0481007, 0.5300856, 0.22466643
-2.1088712, 0.27164182, 0.15005237
-2.1303372, 0.2887005, 0.15332103
-2.0704753, 0.26860547, 0.15110257
-2.0303588, 0.2914024, 0.16660711
-2.2296638, 0.32921118, 0.17156437
-2.2275095, 0.36885265, 0.17601252
-2.2495172, 0.35039824, 0.17631987
-2.2486484, 0.3898978, 0.18870813
-2.2303793, 0.3711833, 0.18390897
-2.0707688, 0.53206587, 0.2241368
-2.1497269, 0.2896508, 0.15305658
-2.050426, 0.27060482, 0.1487863
-2.2318468, 0.31156248, 0.1680098
-2.0350776, 0.5489677, 0.22574854
-2.1478128, 0.2703031, 0.15033396
-2.030309, 0.27188227, 0.15085852
-2.0482674, 0.25187835, 0.14575124
-2.2298112, 0.29095268, 0.16666077
-2.2502005, 0.309799, 0.16722521
-2.148331, 0.2527393, 0.14834933
-2.17005, 0.26908806, 0.14980862
-2.0118587, 0.26829982, 0.15044722
-2.0098355, 0.30916956, 0.15369712
-1.9924101, 0.292152, 0.15036507
-2.212481, 0.2902442, 0.1654503
-2.2700872, 0.31018505, 0.16732329
-2.027841, 0.30968043, 0.15484904
-2.2071059, 0.27066746, 0.16393334
-2.2762964, 0.30490053, 0.15730824
-2.2693505, 0.3312248, 0.17206134
-2.2897604, 0.30849203, 0.16804399
-2.2110584, 0.2678456, 0.1529238
-2.2708068, 0.2883312, 0.1549811
-2.290239, 0.3288152, 0.1708683
-2.2064261, 0.2511634, 0.15092523
-2.247406, 0.29028267, 0.15715006
-2.3105483, 0.3298174, 0.17303136
-2.2279246, 0.24898086, 0.14955057
-2.309452, 0.3485591, 0.17516914
-2.3304634, 0.3292015, 0.17382754
-2.249243, 0.2500989, 0.14924797
-2.3494122, 0.32936925, 0.17295873
-2.3504238, 0.3105032, 0.17141318
-2.332673, 0.36981988, 0.18540177
-2.3509498, 0.2898358, 0.16694796
-2.3496327, 0.36922717, 0.18749554
-2.1888413, 0.2682475, 0.15305395
-2.0314205, 0.3114211, 0.1670579
-2.169144, 0.28752553, 0.15417263
-2.0497916, 0.50867856, 0.21389817
-2.2693172, 0.2480643, 0.1505425
-2.0509899, 0.31091905, 0.16791013
-2.1092172, 0.527882, 0.21601745
-2.2303047, 0.26808944, 0.15386334
-2.0902514, 0.5309834, 0.22560497
-2.0285656, 0.3286917, 0.16737856
-2.2104383, 0.30974177, 0.16859233
-2.06735, 0.5706419, 0.23206979
-2.3092992, 0.52969795, 0.22758132
-2.2686703, 0.39149386, 0.18956414
-2.3310478, 0.53096884, 0.22800991
-2.289363, 0.35007867, 0.17368644
-2.0762923, 0.38791275, 0.17690045
-2.2326798, 0.44704103, 0.19674344
-2.0718908, 0.42906144, 0.19419098
-2.191027, 0.5122129, 0.22381537
-2.0894847, 0.5889888, 0.23546156
-2.3360856, 0.44695494, 0.19747427
-2.2501035, 0.5249516, 0.2184687
-2.3119192, 0.3691081, 0.18493792
-2.1499104, 0.33104032, 0.17005564
-2.2685652, 0.52658355, 0.21753213
-2.249254, 0.55096126, 0.23096123
-2.214699, 0.5287559, 0.21674359
-2.3298979, 0.34794006, 0.17518166
-2.1092322, 0.5923439, 0.24282146
-2.1490707, 0.53131855, 0.22344574
-2.2313976, 0.35290024, 0.18347484
-2.3486483, 0.38923085, 0.18972528
-2.089552, 0.3896497, 0.1854761
-2.3082886, 0.30860135, 0.16854331
-2.249934, 0.40826052, 0.1932554
-2.1292465, 0.5083777, 0.21430148
-2.2502956, 0.32857618, 0.16987333
-2.1276493, 0.2705727, 0.15000837
-2.2316828, 0.51223975, 0.22382858
-2.2909396, 0.54973984, 0.2324588
-2.212041, 0.5699155, 0.22988535
-2.3100865, 0.38918972, 0.18946478
-2.229736, 0.5687288, 0.2327059
-2.2702293, 0.54882586, 0.23055452
-2.252041, 0.30911514, 0.1579279
-2.0700073, 0.5874707, 0.23470977
-2.0483737, 0.5702897, 0.22986932
-2.3095744, 0.5492906, 0.23155238
-2.3272948, 0.5483584, 0.23154269
-2.0894763, 0.59277844, 0.24423149
-2.3108997, 0.2911006, 0.16683772
-2.1447685, 0.3221507, 0.15673128
-2.2503586, 0.5685987, 0.23586872
-2.272684, 0.56920433, 0.23562558
-2.3097267, 0.5698535, 0.23564048
-2.3323362, 0.56942147, 0.23611327
-2.0883968, 0.6102708, 0.24540573
-2.2685523, 0.5870956, 0.23651709
-2.0709908, 0.6103186, 0.24615669
-2.330131, 0.39022937, 0.18915993
-2.347273, 0.4281401, 0.19586192
-2.2082407, 0.4291166, 0.1947037
-2.292907, 0.28937075, 0.15668546
-2.1908784, 0.37058046, 0.18253116
-2.2103872, 0.2907181, 0.15605156
-2.3507893, 0.33439904, 0.18247785
-2.2312143, 0.42800134, 0.19486482
-2.130321, 0.33048368, 0.16958506
-2.3474016, 0.27036086, 0.1650285
-2.0488977, 0.47158113, 0.2076795
-2.150739, 0.61059964, 0.24410215
-2.0490425, 0.4301512, 0.19541632
-2.2534986, 0.35049152, 0.1843794
-2.070317, 0.5098172, 0.21612895
-2.2499394, 0.5898409, 0.24561162
-2.2683575, 0.29063073, 0.16428846
-2.0320327, 0.44908518, 0.20434113
-2.3318264, 0.2894625, 0.1657266
-2.0495636, 0.3309491, 0.16889974
-2.347262, 0.42892018, 0.20266718
-2.290566, 0.26983118, 0.15448049
-2.3287728, 0.27388877, 0.1646882
-2.2731328, 0.352565, 0.184101
-2.2309666, 0.591909, 0.24256724
-2.3310323, 0.28754553, 0.15787902
-2.3126574, 0.26805612, 0.15464425
-2.3071136, 0.2519686, 0.15346552
-2.3300529, 0.24820329, 0.1528815
-2.108551, 0.6092768, 0.24458028
-2.0678518, 0.36587295, 0.1753349
-2.1691105, 0.5867288, 0.23578817
-2.0359447, 0.509927, 0.20973648
-2.17359, 0.54252154, 0.21740952
-2.2319953, 0.52836394, 0.21708842
-2.1315646, 0.53152794, 0.22273602
-2.3294408, 0.47073036, 0.21233921
-2.2697804, 0.46953171, 0.20967764
-2.2111502, 0.58697665, 0.23535863
-2.3083875, 0.46969646, 0.20983851
-2.068009, 0.39034656, 0.1882615
-2.1502552, 0.5877363, 0.2324884
-2.049444, 0.55028707, 0.22669196
-2.2081547, 0.47050107, 0.20860448
-2.2305305, 0.4703283, 0.20869775
-2.2700236, 0.3704431, 0.18532258
-2.2891757, 0.36973116, 0.18640311
-2.2106795, 0.36894467, 0.18318996
-2.2910323, 0.46955323, 0.20890915
-2.168827, 0.3891834, 0.17844935
-2.0893276, 0.33214816, 0.1577017
-2.1880708, 0.5878822, 0.23649208
-2.192321, 0.28951913, 0.15467958
-2.249296, 0.27067643, 0.15280685
-2.3102207, 0.5710534, 0.24135573
-2.3336794, 0.5224597, 0.21694008
-2.173663, 0.32571748, 0.15815338
-2.0120413, 0.34821382, 0.16789404
-2.0718193, 0.55005515, 0.22688447
-2.1658354, 0.30445778, 0.15747547
-2.2334633, 0.5734246, 0.24443321
-2.0492473, 0.30840865, 0.15494664
-2.1459234, 0.3867066, 0.17763498
-2.2142367, 0.4690498, 0.19935846
-2.2506042, 0.36779207, 0.17795789
-1.9709848, 0.26749027, 0.15221968
-2.1100526, 0.4690387, 0.19735909
-2.0881186, 0.5477008, 0.21916562
-2.3489697, 0.4080554, 0.19232483
-2.0504475, 0.40955386, 0.19135532
-2.187326, 0.25139332, 0.1487697
-2.250017, 0.46818954, 0.20952713
-2.1928208, 0.4716706, 0.19931978
-2.2700295, 0.37045544, 0.17689817
-2.0688548, 0.32925272, 0.17009796
-2.1501932, 0.5924236, 0.2431264
-2.0513976, 0.6118549, 0.24477482
-2.289949, 0.5688185, 0.23401764
-1.9891733, 0.34794182, 0.16887891
-2.3504076, 0.351578, 0.17563681
-2.033884, 0.53070223, 0.22528811
-2.170681, 0.59278625, 0.24321811
-2.288527, 0.24987552, 0.15015748
-2.1097014, 0.58767116, 0.23503336
-2.0715759, 0.29140592, 0.16528006
-2.1260273, 0.4323045, 0.20275655
-2.3123438, 0.43236387, 0.20319265
-2.0293279, 0.35030663, 0.17031945
-2.1728144, 0.47323793, 0.19866824
-2.352563, 0.26950702, 0.15411142
-2.2497034, 0.29061556, 0.16573429
-2.1507869, 0.44852257, 0.19657573
-2.3471367, 0.41453743, 0.20297438
-2.0340877, 0.5712031, 0.22883436
-2.2896042, 0.29245034, 0.16662641
-2.291064, 0.5251131, 0.21722913
-2.2487516, 0.51251435, 0.22379193
-2.1090372, 0.54600424, 0.21839231
-2.0486434, 0.4283573, 0.2021353
-2.1914763, 0.29033455, 0.16586715
-2.167637, 0.370719, 0.17670135
-2.2903636, 0.3509318, 0.18467768
-2.331668, 0.58778954, 0.23854068
-2.165863, 0.4520791, 0.19638105
-2.2287328, 0.43071213, 0.2052689
-2.1107397, 0.308939, 0.15767899
-2.188323, 0.60938954, 0.24448335
-1.990291, 0.30929923, 0.15077019
-2.1522493, 0.3722801, 0.17558265
-2.1881044, 0.44734818, 0.19816303
-2.2693155, 0.35149887, 0.17570548
-2.1692703, 0.2516196, 0.1461213
-2.1287909, 0.38443577, 0.17804055
-2.27029, 0.26895356, 0.15406032
-2.1281705, 0.30729294, 0.1567786
-2.3284183, 0.58900493, 0.24258731
-2.128836, 0.58751845, 0.23483762
-2.0743003, 0.47009593, 0.19849849
-2.1522822, 0.6047138, 0.23724543
-1.9882603, 0.33137217, 0.16814041
-2.250773, 0.37157533, 0.18508308
-2.3086665, 0.5928292, 0.24433567
-2.3304324, 0.4323973, 0.20387262
-2.069264, 0.5272665, 0.21680996
-2.047849, 0.58821696, 0.23262526
-2.0486753, 0.35072002, 0.17170653
-2.147075, 0.48254934, 0.1984348
-2.2104847, 0.4330489, 0.2036232
-2.3287604, 0.26744756, 0.15464911
-1.9702921, 0.31066167, 0.15300961
-2.188791, 0.2723873, 0.16561325
-2.2300034, 0.58750564, 0.23523073
-2.2305167, 0.38545468, 0.17833678
-2.3281653, 0.31058955, 0.16920629
-2.2282758, 0.2882164, 0.15615445
-2.1866062, 0.307036, 0.15682518
-2.1298323, 0.6094634, 0.24523297
-2.0490124, 0.59315014, 0.24268802
-2.1310177, 0.4488778, 0.1979681
-2.30679, 0.511046, 0.22439548
-2.2695644, 0.50712365, 0.21496648
-2.191101, 0.5455311, 0.21816541
-2.1702244, 0.6087241, 0.2435832
-2.3289602, 0.51275396, 0.22389731
-2.0693796, 0.4501592, 0.19672783
-2.0686233, 0.6095236, 0.23643142
-1.9890224, 0.33044004, 0.15129286
-2.1511314, 0.3094662, 0.15652247
-2.0500512, 0.34035805, 0.15812306
-2.2304103, 0.31023884, 0.15775332
-2.2569528, 0.39469567, 0.17904343
-2.2899492, 0.43131322, 0.20329139
-2.3210437, 0.46526548, 0.19680731
-2.252291, 0.44603872, 0.1965002
-2.2698298, 0.4433336, 0.19669431
-2.2108266, 0.30671993, 0.15668859
-2.0946083, 0.30812314, 0.15473247
-2.0520723, 0.28898454, 0.15349935
-2.0901535, 0.4512015, 0.20403913
-2.3481603, 0.34619847, 0.18249029
-2.3121378, 0.35015783, 0.18215175
-2.1460652, 0.4689203, 0.19723046
-2.2883031, 0.51022375, 0.22577122
-2.331808, 0.61243665, 0.24589838
-2.0469344, 0.45019588, 0.19715069
-2.2139752, 0.38420156, 0.17802754
-2.3464186, 0.45019308, 0.20714413
-2.3113968, 0.49152738, 0.22282287
-2.139909, 0.3215359, 0.15780684
-2.330355, 0.3467373, 0.18219888
-2.292043, 0.30214897, 0.15763092
-1.9530784, 0.30933532, 0.1560894
-2.0899398, 0.4655835, 0.19739564
-2.3284347, 0.36739114, 0.17726277
-2.190299, 0.26507413, 0.13890469
-1.9715043, 0.28943828, 0.15158242
-2.3287892, 0.44942433, 0.20507385
-2.3106565, 0.60612804, 0.24627367
-2.2907124, 0.26974964, 0.16142568
-2.0163915, 0.37173355, 0.16791032
-2.2521398, 0.58640707, 0.23403981
-2.0868154, 0.4308371, 0.20259707
-2.288107, 0.58816767, 0.24370079
-2.0912004, 0.61191136, 0.2360581
-2.2859073, 0.4452632, 0.19560967
-2.3073876, 0.28863943, 0.15608366
-2.0464954, 0.38530734, 0.17654215
-2.3485649, 0.36807027, 0.1741517
-2.18842, 0.61342597, 0.23525357
-2.0316432, 0.43532237, 0.20298934
-2.1529603, 0.56369734, 0.21769983
-2.1150954, 0.28854644, 0.1389301
-2.0347414, 0.5285182, 0.21323197
-2.3111653, 0.4167529, 0.20130995
-1.9514664, 0.32565498, 0.15540996
-2.1282785, 0.6073859, 0.23685427
-2.193374, 0.40044045, 0.17858337
-2.214141, 0.44744372, 0.19820772
-2.2467387, 0.5702292, 0.24311873
-1.9706618, 0.308556, 0.1686507
-2.0896926, 0.4072486, 0.17758614
-2.2687087, 0.5706085, 0.24093926
-2.0484903, 0.3500074, 0.18280515
-2.3464432, 0.2921972, 0.15786533
-2.0538166, 0.46779004, 0.1982742
-2.2895038, 0.41329697, 0.20184404
-2.2479713, 0.27440155, 0.16617605
-2.06559, 0.547997, 0.21833056
-2.0711675, 0.3549872, 0.18252586
-2.3482454, 0.25070193, 0.15125366
-2.2122445, 0.41146696, 0.17878443
-2.3445597, 0.38878646, 0.17957692
-2.324822, 0.33668137, 0.18115471
-2.290238, 0.3383168, 0.18174025
-2.3476572, 0.23215318, 0.14757624
-2.1901429, 0.5958641, 0.24455985
-2.1458845, 0.2681762, 0.1364931
-2.2673473, 0.5924939, 0.24225572
-2.0911927, 0.26991206, 0.14968906
-2.328041, 0.23024063, 0.14614542
-2.2117496, 0.5970794, 0.24220458
-2.2088811, 0.32214472, 0.15953904
-2.3069263, 0.3685305, 0.17605004
-2.3507934, 0.30635482, 0.15827268
-2.2861853, 0.3708613, 0.17743613
-2.1885164, 0.38707083, 0.17862299
-2.3146358, 0.58818734, 0.23585814
-2.1712039, 0.34914106, 0.18775186
-2.2481441, 0.43185902, 0.20149413
-2.0854142, 0.51574105, 0.2227463
-2.0924654, 0.2882324, 0.16252275
-2.067806, 0.5660443, 0.21940337
-2.1504955, 0.5751753, 0.2422009
-2.1718626, 0.43263924, 0.20331936
-2.2511113, 0.46731138, 0.19781028
-2.1639652, 0.26210052, 0.13643752
-2.0518165, 0.36861718, 0.17339627
-2.267112, 0.6062002, 0.24360718
-2.1682048, 0.2687266, 0.16219315
-2.111577, 0.32792443, 0.15481564
-2.274554, 0.43095046, 0.2026882
-2.2086596, 0.50608593, 0.2205699
-2.1100976, 0.5150589, 0.2247484
-2.050083, 0.29247567, 0.16532698
-2.0886648, 0.2620113, 0.13963501
-2.2981937, 0.48525193, 0.22101003
-2.1701472, 0.5104029, 0.22373046
-2.2200649, 0.60732156, 0.2346466
-2.1446333, 0.25248206, 0.13658094
-2.2101133, 0.60290533, 0.23698612
-2.3151112, 0.54134405, 0.21910168
-2.2282643, 0.60992575, 0.24195667
-2.3124063, 0.26720887, 0.16430037
-2.1689572, 0.6093109, 0.23395734
-2.028028, 0.28776336, 0.15512717
-2.1085243, 0.40113524, 0.17998253
-2.1370718, 0.5135828, 0.22285652
-2.1527054, 0.51504886, 0.22317578
-2.2520611, 0.61044204, 0.24828303
-2.1468527, 0.4342089, 0.2017172
-2.2897215, 0.60947055, 0.2483724
-2.1299777, 0.35694855, 0.18380623
-2.2636287, 0.27179247, 0.16600741
-2.3029711, 0.2330725, 0.15072611
-2.216401, 0.3360795, 0.18124725
-2.0361762, 0.35455006, 0.18386737
-2.2949908, 0.23857144, 0.14499147
-2.1030347, 0.28075433, 0.16298273
-2.0496035, 0.3915948, 0.18794252
-2.070092, 0.25405782, 0.1463093
-2.2903428, 0.59181595, 0.23623595
-2.219407, 0.35282877, 0.18004365
