-0.4481627, 1.033675, 0.149317
-0.44886154, 1.067713, 0.14971925
-0.44730943, 1.0849458, 0.14726499
-0.44638622, 1.011737, 0.17566833
-0.4516298, 1.0292222, 0.18587917
-0.44613203, 0.9908739, 0.1701383
-0.45135728, 1.0537156, 0.19071089
-0.4506387, 0.9912326, 0.19149794
-0.444378, 0.9725675, 0.17261714
-0.46301806, 1.0955937, 0.191664
-0.44772154, 0.9721085, 0.19023344
-0.44462082, 0.9541204, 0.1757458
-0.4620441, 1.0533484, 0.21003532
-0.46348628, 1.1166415, 0.18629122
-0.4667701, 1.0867823, 0.21207011
-0.44670868, 0.94956225, 0.1945233
-0.4521321, 0.9691682, 0.21045859
-0.44172853, 0.9532835, 0.15630125
-0.44204003, 0.9300735, 0.1697532
-0.4618744, 1.0366341, 0.20974207
-0.46519792, 1.0709498, 0.20959386
-0.46735322, 1.0465586, 0.2279188
-0.4649149, 1.1345524, 0.19032684
-0.46846515, 1.1113112, 0.21402773
-0.44610262, 0.92928827, 0.19240275
-0.44977686, 0.9497645, 0.21187666
-0.4426499, 0.9099726, 0.17326438
-0.46279097, 1.0119853, 0.21025082
-0.46948022, 1.0702299, 0.22931105
-0.47409007, 1.0503175, 0.25079873
-0.4621845, 1.1288457, 0.17501836
-0.46442217, 1.1499685, 0.19369695
-0.44770196, 0.9293333, 0.21067709
-0.44514126, 0.9078127, 0.19497795
-0.43188217, 0.90951866, 0.16864568
-0.45235223, 1.0113378, 0.20612577
-0.4742125, 1.0698388, 0.25230408
-0.4725346, 1.1489782, 0.21158941
-0.44585526, 0.9106401, 0.21032386
-0.44250405, 0.88775694, 0.19375932
-0.4334628, 0.8895054, 0.17258716
-0.44306922, 0.8904051, 0.2135926
-0.43567762, 0.87155807, 0.16939431
-0.47155327, 1.1073557, 0.24910821
-0.4283624, 0.8691907, 0.15513985
-0.45311737, 1.1480072, 0.16863155
-0.44219273, 0.97841436, 0.14659305
-0.4717602, 1.1335332, 0.22897036
-0.47237262, 1.090744, 0.22975293
-0.44815433, 0.87448466, 0.23302342
-0.4603997, 0.9915072, 0.2100714
-0.46215585, 1.078861, 0.18036558
-0.44913805, 1.0860085, 0.1656877
-0.454191, 0.8734854, 0.24844207
-0.4530969, 0.8505896, 0.2502877
-0.46980053, 1.1676669, 0.19215202
-0.46201393, 1.1184639, 0.16632588
-0.44780177, 1.0434105, 0.16999272
-0.45173976, 0.8901642, 0.22785226
-0.46843597, 1.1279935, 0.21446759
-0.44996566, 1.0077183, 0.190389
-0.47026, 1.0261357, 0.25184086
-0.45059004, 1.0664505, 0.18818884
-0.43336704, 0.95187515, 0.1490299
-0.43070734, 0.947844, 0.13029468
-0.43149072, 0.9262477, 0.14721414
-0.43479466, 0.8512265, 0.18731222
-0.4611019, 1.1547722, 0.16786897
-0.46170598, 1.0568889, 0.19386902
-0.4473063, 1.0114737, 0.15785758
-0.44727442, 0.8496695, 0.2121844
-0.46593738, 0.8475216, 0.22536224
-0.44392735, 0.86821747, 0.2092598
-0.42958426, 0.8513702, 0.1539961
-0.47075248, 1.1681247, 0.21058385
-0.4521521, 1.0256664, 0.20298624
-0.44790956, 1.0672269, 0.17010653
-0.42926404, 0.8906822, 0.1502731
-0.45194092, 0.9287388, 0.22615202
-0.45550805, 1.1505368, 0.18737802
-0.443717, 1.0288992, 0.13772963
-0.4506037, 1.1537778, 0.13648637
-0.45051515, 1.1326034, 0.14928067
-0.45801082, 1.1730001, 0.15004458
-0.45234257, 0.98735344, 0.20940606
-0.44258493, 1.031074, 0.11261156
-0.46362707, 1.0332958, 0.22836635
-0.48303443, 1.1481981, 0.23391089
-0.45247525, 0.9100005, 0.22697943
-0.45574018, 0.9073668, 0.24787489
-0.4497323, 1.1103779, 0.15203924
-0.45394677, 1.0903652, 0.18604565
-0.47223553, 1.1524578, 0.22792372
-0.4660136, 0.9903316, 0.2513714
-0.45707437, 0.95208967, 0.22926569
-0.44134924, 1.0361749, 0.08540834
-0.4431025, 1.0051622, 0.1313892
-0.46183717, 1.1735466, 0.16888797
-0.43100968, 0.9755564, 0.105405346
-0.48391253, 1.1688873, 0.24939072
-0.47254246, 1.0913968, 0.2485715
-0.4362678, 0.94922084, 0.16732304
-0.4360023, 0.8717225, 0.18988204
-0.46686488, 1.0129321, 0.25041077
-0.47442597, 1.165184, 0.24989665
-0.4270877, 0.9986636, 0.12190431
-0.43825164, 0.97555274, 0.16609897
-0.43610922, 0.90068185, 0.18995441
-0.4323052, 0.98357326, 0.15279557
-0.46347493, 0.9940841, 0.22633463
-0.46154386, 0.9113748, 0.22995736
-0.45033228, 0.85300446, 0.23000051
-0.45518202, 1.107545, 0.16597907
-0.44855055, 1.0330656, 0.16956094
-0.47586462, 1.1134489, 0.23004746
-0.45733416, 0.92576283, 0.26620373
-0.43868512, 1.0843801, 0.14678618
-0.4548619, 1.0484372, 0.20404741
-0.42161536, 0.8607288, 0.13962953
-0.4325505, 0.93715, 0.16901214
-0.43834767, 0.92927754, 0.1835058
-0.4850233, 1.1750983, 0.2393046
