-0.5686596, 0.3299973, 0.21104084
-0.58909535, 0.33067104, 0.21233122
-0.55102235, 0.3294197, 0.20756778
-0.5903313, 0.3497759, 0.21328084
-0.5490508, 0.3277619, 0.19631936
-0.53145087, 0.33080196, 0.20656963
-0.5897766, 0.3698554, 0.21279936
-0.5300403, 0.310954, 0.20833941
-0.5702612, 0.36929417, 0.21040545
-0.52678406, 0.3108654, 0.19602232
-0.52983326, 0.29003695, 0.2071084
-0.5117318, 0.3113857, 0.20335041
-0.5506342, 0.36951375, 0.2079813
-0.61150306, 0.37067437, 0.22645846
-0.5079932, 0.30962867, 0.19292161
-0.5291332, 0.28596735, 0.1956397
-0.5106814, 0.29239938, 0.20420529
-0.52858776, 0.2699802, 0.20662479
-0.5308235, 0.37072903, 0.20810132
-0.5507011, 0.38877547, 0.2070943
-0.61067295, 0.38849124, 0.22530423
-0.61025786, 0.34902284, 0.22491996
-0.5099098, 0.2899589, 0.1940388
-0.51087606, 0.33082592, 0.19396588
-0.48978087, 0.31130984, 0.19285996
-0.5302563, 0.27124485, 0.19589464
-0.51167125, 0.26873612, 0.20471364
-0.5496968, 0.270631, 0.208908
-0.53213817, 0.38916922, 0.20451237
-0.6286743, 0.38971347, 0.22649904
-0.6125602, 0.3306089, 0.22559375
-0.63136834, 0.34879032, 0.22788464
-0.6490123, 0.36982304, 0.22793555
-0.48871738, 0.28969985, 0.19224179
-0.50865996, 0.26911694, 0.1922461
-0.4892177, 0.330201, 0.19112377
-0.4709875, 0.31190225, 0.18850389
-0.54735065, 0.26988462, 0.19703498
-0.53146625, 0.41013208, 0.20705828
-0.612189, 0.30947375, 0.22801003
-0.62962294, 0.33126318, 0.22792822
-0.65136826, 0.3482488, 0.2279391
-0.6291422, 0.34596673, 0.21550532
-0.6671233, 0.3709212, 0.23007762
-0.48842683, 0.27085376, 0.19089015
-0.49199787, 0.331575, 0.2036956
-0.47051287, 0.3280154, 0.18894655
-0.46732223, 0.3080833, 0.17427826
-0.6095707, 0.3071115, 0.2156785
-0.6319059, 0.30867442, 0.22753754
-0.6107515, 0.28925544, 0.22576132
-0.65063334, 0.33041316, 0.22949222
-0.46937397, 0.26844, 0.18838741
-0.47227433, 0.32885572, 0.1778345
-0.45168877, 0.32866567, 0.18716864
-0.44818318, 0.3096454, 0.17626075
-0.6108061, 0.29075283, 0.21584271
-0.6322421, 0.2891977, 0.22911867
-0.6502012, 0.3103311, 0.22927506
-0.59139663, 0.2884124, 0.22568071
-0.672003, 0.33062157, 0.2299451
-0.4514497, 0.26848015, 0.18820699
-0.4316082, 0.32728782, 0.18512726
-0.58704555, 0.2892041, 0.21508029
-0.6289991, 0.269697, 0.22897375
-0.6500881, 0.29094604, 0.23125577
-0.6703652, 0.3081941, 0.23241091
-0.45056978, 0.24850123, 0.1861334
-0.43060187, 0.27438688, 0.18568529
-0.42968804, 0.32722715, 0.17464806
-0.42952845, 0.30927092, 0.18713307
-0.40875003, 0.30948752, 0.17271346
-0.5684839, 0.28949, 0.21114773
-0.6495438, 0.2694331, 0.23086397
-0.6678003, 0.2905144, 0.23069397
-0.6883602, 0.31126207, 0.23392594
-0.45156652, 0.22829963, 0.18772635
-0.4067851, 0.3296137, 0.17131697
-0.3899147, 0.30913046, 0.17139333
-0.6444851, 0.26314667, 0.21719497
-0.6710387, 0.26919618, 0.23178323
-0.6906693, 0.30838373, 0.24554083
-0.46951574, 0.22889054, 0.18762879
-0.4095928, 0.27173588, 0.17202304
-0.42773402, 0.3702047, 0.17527741
-0.4085501, 0.3494324, 0.17350037
-0.44828245, 0.37054992, 0.18607347
-0.6690922, 0.2697953, 0.24169004
-0.68757975, 0.2700503, 0.23543048
-0.7125207, 0.310087, 0.24724671
-0.48737434, 0.2293987, 0.192085
-0.39052013, 0.27012613, 0.17174378
-0.40924263, 0.2505822, 0.17316882
-0.45078024, 0.36717424, 0.17585614
-0.3904377, 0.3496711, 0.16910541
-0.69193965, 0.2688693, 0.24733996
-0.71152955, 0.29107666, 0.24551423
-0.73016113, 0.30950472, 0.25162283
-0.5084235, 0.22930783, 0.19426359
-0.37451518, 0.26911554, 0.16733885
-0.4296459, 0.25102952, 0.1740001
-0.7099469, 0.27056348, 0.24691607
-0.7298685, 0.28969723, 0.24873126
-0.7305653, 0.32951146, 0.2482692
-0.7469755, 0.30944225, 0.24775608
-0.5310003, 0.23371272, 0.19640292
-0.7100408, 0.24864103, 0.24981728
-0.74649143, 0.28970096, 0.24809958
-0.73081315, 0.35083663, 0.24840397
-0.73055184, 0.24880403, 0.25035936
-0.7094677, 0.35162437, 0.2466432
-0.69183236, 0.34992442, 0.24483559
-0.68847394, 0.34915012, 0.23415184
-0.46513784, 0.36771223, 0.17744112
-0.39043954, 0.3707287, 0.17008626
-0.49050277, 0.3644383, 0.17903882
-0.43381882, 0.34855083, 0.17275478
-0.37537584, 0.2503477, 0.17027964
-0.41478747, 0.25250265, 0.18352471
-0.390171, 0.2900549, 0.17072785
-0.3899888, 0.2494346, 0.17183179
-0.42701772, 0.3095823, 0.17376506
-0.5714488, 0.30764693, 0.2136305
-0.5884277, 0.2694045, 0.2119622
-0.54439926, 0.30416754, 0.19432187
-0.72927755, 0.230964, 0.25108135
-0.4505548, 0.28928202, 0.1753803
-0.6904177, 0.29066232, 0.24636054
-0.4503482, 0.39231727, 0.18612659
-0.5921698, 0.3095059, 0.22566772
-0.5074429, 0.36960283, 0.1930501
-0.6099757, 0.27251324, 0.21675731
-0.3891402, 0.39139497, 0.16824391
-0.43307793, 0.2889188, 0.18716955
-0.4515471, 0.29014713, 0.18757129
-0.69073147, 0.2901103, 0.23486291
-0.46881267, 0.29127184, 0.1888132
-0.4318289, 0.26989746, 0.17492324
-0.5697838, 0.35073376, 0.20894055
-0.55131125, 0.30922636, 0.2077783
-0.549444, 0.3500773, 0.20868142
-0.49381787, 0.35138416, 0.2033905
-0.4905803, 0.24995662, 0.19191483
-0.7290547, 0.36978543, 0.24797127
-0.5111029, 0.25369334, 0.20427567
-0.7122934, 0.36938938, 0.24761233
-0.4307277, 0.23189414, 0.17575292
-0.55196244, 0.28811654, 0.20765436
-0.45387125, 0.34956014, 0.18655595
-0.41310123, 0.28770882, 0.17192566
-0.61193115, 0.27001372, 0.22660317
-0.70982254, 0.3287532, 0.24728931
-0.67285377, 0.29073456, 0.24485397
-0.7221137, 0.289348, 0.23628968
-0.3900834, 0.32878518, 0.17087124
-0.49004206, 0.3502372, 0.1898561
-0.63049424, 0.36946598, 0.22675613
-0.4696301, 0.24801214, 0.19009277
-0.6910473, 0.37140277, 0.23649456
-0.5081046, 0.35213935, 0.19565636
-0.53119487, 0.35244596, 0.1961183
-0.5100085, 0.2522009, 0.19631305
-0.62740195, 0.31391534, 0.21602885
-0.57002467, 0.2694112, 0.2114601
-0.6080601, 0.3489121, 0.214342
-0.46988004, 0.37024018, 0.19127992
-0.5901624, 0.30923423, 0.21153598
-0.46936956, 0.35020944, 0.1900414
-0.5293071, 0.35027975, 0.20515333
-0.69239765, 0.33010623, 0.24568233
-0.43095377, 0.25133204, 0.18589872
-0.40979314, 0.23132807, 0.17292398
-0.4458497, 0.34706816, 0.17545576
-0.4280885, 0.28994772, 0.17340703
-0.54974973, 0.24861024, 0.21172412
-0.58967245, 0.24930789, 0.21278839
-0.7320025, 0.20952314, 0.24984744
-0.46854928, 0.39231163, 0.18948434
-0.61083555, 0.2513495, 0.21518445
-0.5123939, 0.35079375, 0.20305477
-0.7057828, 0.36988693, 0.23508279
-0.43007025, 0.21078745, 0.1748772
-0.60934794, 0.2500686, 0.22717291
-0.56992614, 0.24940884, 0.21020137
-0.4085451, 0.21114066, 0.17027625
-0.5906537, 0.24937178, 0.22498953
-0.72971386, 0.19113629, 0.24954139
-0.7102226, 0.20996898, 0.24647647
-0.48973307, 0.39061782, 0.18910764
-0.40947556, 0.4096995, 0.17265078
-0.44965872, 0.4312117, 0.17115381
-0.4501541, 0.25334954, 0.17693292
-0.7130015, 0.18876095, 0.24986838
-0.7294108, 0.16952626, 0.25228375
-0.6909123, 0.21089774, 0.24585359
-0.3703114, 0.20573916, 0.16626374
-0.69205856, 0.1929459, 0.24606688
-0.7125176, 0.16918972, 0.25032237
-0.6908295, 0.23056568, 0.24616314
-0.68931407, 0.21043862, 0.23191965
-0.68746483, 0.17098455, 0.2460856
-0.6876435, 0.1882673, 0.23392619
-0.70965654, 0.14948805, 0.24813396
-0.66840833, 0.21190523, 0.23174615
-0.67164606, 0.16938531, 0.24391602
-0.69123733, 0.17310768, 0.23597877
-0.67102075, 0.19045751, 0.2318044
-0.71021956, 0.12910476, 0.24894305
-0.6689125, 0.2293075, 0.23272261
-0.66835296, 0.17125894, 0.23341076
-0.64694536, 0.19037996, 0.2309069
-0.64884996, 0.23009026, 0.22982919
-0.6494665, 0.16886434, 0.23172703
-0.6700032, 0.14886375, 0.23439282
-0.62933356, 0.1909677, 0.22834812
-0.6890346, 0.11066881, 0.24607539
-0.6877218, 0.13079269, 0.2344348
-0.6710675, 0.13092545, 0.2472951
-0.6302581, 0.17048712, 0.22936092
-0.6495422, 0.15040508, 0.23336227
-0.65269136, 0.20923202, 0.24223296
-0.66502535, 0.12923251, 0.23453757
-0.6298217, 0.21099159, 0.22803499
-0.6093781, 0.19217187, 0.22791396
-0.68941927, 0.09007835, 0.24886927
-0.6700755, 0.10856119, 0.24725944
-0.7108354, 0.0703004, 0.24867871
-0.6108926, 0.17152035, 0.22715543
-0.63109446, 0.15033123, 0.23172194
-0.64995944, 0.12986562, 0.23200835
-0.6702595, 0.10937609, 0.23337875
-0.610724, 0.21025056, 0.22587213
-0.62936646, 0.20931083, 0.21731141
-0.6084106, 0.18841805, 0.21605983
-0.6943457, 0.09047892, 0.23677652
-0.67018986, 0.0911725, 0.2448882
-0.6884584, 0.06990479, 0.24932137
-0.64988536, 0.11130689, 0.23280162
-0.6706538, 0.090796895, 0.23485409
-0.6101473, 0.21058868, 0.21446657
-0.58953685, 0.18983372, 0.21378314
-0.69087595, 0.050441526, 0.24963583
-0.5924306, 0.14836949, 0.22710097
-0.6110248, 0.12965295, 0.2280243
-0.63016284, 0.11236414, 0.23019783
-0.65115136, 0.08807196, 0.23368098
-0.66701317, 0.06969548, 0.2347398
-0.58869505, 0.21208546, 0.2151976
-0.58744925, 0.16938253, 0.2141082
-0.6713998, 0.049875926, 0.2461458
-0.59349644, 0.12831184, 0.22653991
-0.60936147, 0.10917234, 0.22770052
-0.6114253, 0.12896004, 0.21600524
-0.631276, 0.08907121, 0.22982545
-0.6498829, 0.06912954, 0.23459135
-0.6687431, 0.049685605, 0.23462594
-0.5694878, 0.20858616, 0.21075058
-0.56977123, 0.17074744, 0.21119982
-0.65061206, 0.05016714, 0.24366586
-0.5640752, 0.13249347, 0.2236798
-0.59224623, 0.1088136, 0.22456065
-0.6096046, 0.090288095, 0.22695585
-0.629039, 0.07117068, 0.2288303
-0.6508552, 0.070503734, 0.24349888
-0.64818364, 0.06806903, 0.21420155
-0.5499455, 0.16948996, 0.20948967
-0.5708853, 0.14922762, 0.21304359
-0.5717803, 0.13095218, 0.20984817
-0.5526652, 0.12783471, 0.22625919
-0.590782, 0.090662904, 0.22427173
-0.6112696, 0.070155986, 0.2275424
-0.63128746, 0.050500546, 0.2319638
-0.54871017, 0.1898317, 0.2095663
-0.528862, 0.16953065, 0.20756096
-0.5508463, 0.14904837, 0.20945564
-0.55049294, 0.1305741, 0.21183622
-0.5734944, 0.08986025, 0.22569561
-0.58994174, 0.09082477, 0.2134909
-0.5911963, 0.0683949, 0.22721455
-0.60797197, 0.06976108, 0.21480438
-0.6092759, 0.051030364, 0.2284312
-0.63050246, 0.029493513, 0.22955878
-0.529729, 0.18846373, 0.2069432
-0.5314587, 0.14661808, 0.20853508
-0.5488309, 0.108945735, 0.21001151
-0.5307091, 0.12899372, 0.20711856
-0.5699016, 0.08895782, 0.21339916
-0.58897054, 0.07103612, 0.21311645
-0.58947366, 0.05011054, 0.2264128
-0.6106422, 0.030329734, 0.2270364
-0.64864445, 0.029385937, 0.2307498
-0.53066593, 0.15137547, 0.1969198
-0.5501148, 0.090269744, 0.21159369
-0.5494142, 0.072245464, 0.2221434
-0.5698589, 0.069080636, 0.21281773
-0.5859883, 0.04850126, 0.21191238
-0.5711784, 0.049226727, 0.22473076
-0.5075866, 0.15234923, 0.19111058
-0.54980934, 0.07132135, 0.20886381
-0.5700951, 0.04867773, 0.21363157
-0.5093219, 0.13213806, 0.19399998
-0.54945385, 0.04983499, 0.2105423
-0.568832, 0.028803747, 0.21386583
-0.4882549, 0.1295612, 0.19193128
-0.5036961, 0.11062521, 0.19387498
-0.5296573, 0.05068384, 0.20949368
-0.5501401, 0.03078917, 0.2095119
-0.46936145, 0.12789182, 0.19050553
-0.49107763, 0.10955381, 0.19172905
-0.49328214, 0.13041823, 0.20487985
-0.5297361, 0.10752393, 0.19679049
-0.51255643, 0.04982566, 0.20473818
-0.46855485, 0.14724328, 0.1886033
-0.4703014, 0.1092196, 0.19042549
-0.45012072, 0.13222122, 0.18895778
-0.49041742, 0.0916084, 0.1934053
-0.44987515, 0.11106002, 0.18894282
-0.46875027, 0.090402305, 0.1940422
-0.43168557, 0.12972009, 0.1858311
-0.506405, 0.06722046, 0.19473644
-0.44699255, 0.09125315, 0.18735394
-0.43206173, 0.111751996, 0.18440582
-0.47224414, 0.088463955, 0.20237125
-0.52854633, 0.068875305, 0.19610095
-0.429808, 0.089237906, 0.18796022
-0.42807302, 0.10847706, 0.17500384
-0.43075347, 0.070068985, 0.18642524
-0.63042957, 0.33294818, 0.21471214
-0.40722322, 0.39240548, 0.17218928
-0.5717048, 0.24973838, 0.22201207
-0.41396353, 0.20999478, 0.18190925
-0.6480674, 0.051726367, 0.23259568
-0.46911696, 0.40804228, 0.18746951
-0.66790736, 0.34927467, 0.2320362
-0.51026905, 0.11002491, 0.20544723
-0.6094594, 0.39008498, 0.21379434
-0.5295456, 0.1101098, 0.20487255
-0.49123245, 0.049339112, 0.20321001
-0.5298306, 0.07164591, 0.20748718
-0.5452633, 0.2923119, 0.19789883
-0.52995056, 0.089975454, 0.20832802
-0.5118733, 0.12728958, 0.20337126
-0.67413527, 0.229364, 0.24300429
-0.67330706, 0.35050774, 0.24498586
-0.5495331, 0.34370333, 0.19869627
-0.5678942, 0.35261163, 0.19602743
-0.62946004, 0.22986136, 0.22949854
-0.54821044, 0.14459065, 0.19809788
-0.5686901, 0.10939551, 0.21322215
-0.6075542, 0.0491977, 0.21838622
-0.6717199, 0.14887756, 0.244887
-0.46965447, 0.06922917, 0.19047028
-0.50905114, 0.32927325, 0.20427565
-0.66903466, 0.18805525, 0.24522774
-0.37318167, 0.22921927, 0.1669895
-0.6315399, 0.12856351, 0.2319666
-0.5873805, 0.10957496, 0.21428254
-0.52904016, 0.08710731, 0.19043714
-0.52858293, 0.32969972, 0.19506015
-0.6317082, 0.17164004, 0.21905164
-0.42778012, 0.13285823, 0.17493458
-0.5091847, 0.087248504, 0.20559707
-0.6931083, 0.15134847, 0.23626672
-0.46987602, 0.04986627, 0.19207671
-0.4497407, 0.04944954, 0.18711105
-0.66751283, 0.028510857, 0.23421474
-0.6512029, 0.38779435, 0.22960111
-0.46732587, 0.2691592, 0.17813633
-0.48890242, 0.36977443, 0.19132341
-0.62700796, 0.28874707, 0.21429953
-0.45059377, 0.067610756, 0.18852559
-0.5319139, 0.031454604, 0.20759135
-0.60743374, 0.33079693, 0.21698248
-0.4930135, 0.3653455, 0.20243451
-0.4498152, 0.3118988, 0.18737298
-0.50574315, 0.17120105, 0.19178747
-0.47601506, 0.06773281, 0.2045039
-0.4311306, 0.050994955, 0.18661433
-0.41032755, 0.0717513, 0.18400395
-0.43144011, 0.15158036, 0.1870088
-0.64934, 0.20880225, 0.23414019
-0.571254, 0.18948807, 0.21128052
-0.5130199, 0.17053786, 0.20666774
-0.5873281, 0.14996508, 0.2143899
-0.65045935, 0.213651, 0.21802294
-0.6276668, 0.113608494, 0.21650688
-0.7112561, 0.23032683, 0.24869204
-0.6119933, 0.15213478, 0.21434058
-0.4713842, 0.031142024, 0.19155775
-0.4498166, 0.10573113, 0.1772715
-0.4888797, 0.16958234, 0.19281933
-0.42736548, 0.048622172, 0.17516015
-0.41064268, 0.06911498, 0.172334
-0.43106714, 0.16848463, 0.18694083
-0.48937348, 0.18929173, 0.19373056
-0.4085118, 0.04899022, 0.17188178
-0.40893924, 0.08707197, 0.17354171
-0.4518287, 0.16957806, 0.18837917
-0.49054304, 0.1858303, 0.2027279
-0.39021796, 0.089997835, 0.16959305
-0.3694211, 0.08995358, 0.17071855
-0.3901373, 0.109829254, 0.17156243
-0.3691365, 0.13233599, 0.16567107
-0.37171325, 0.14969456, 0.16913033
-0.4139955, 0.12723824, 0.18378255
-0.45002073, 0.3906485, 0.1754449
-0.5123675, 0.37060353, 0.20472448
-0.669342, 0.38831002, 0.23108843
-0.66730505, 0.32988068, 0.24335343
-0.41296965, 0.09064321, 0.18257025
-0.6875448, 0.3292273, 0.23506963
-0.40889916, 0.10831391, 0.17104791
-0.49052614, 0.30998862, 0.2052505
-0.49283907, 0.07088386, 0.19175716
-0.705208, 0.03500702, 0.2501053
-0.6910739, 0.107179865, 0.23431732
-0.4506638, 0.15217872, 0.18584491
-0.41415098, 0.32926807, 0.18373366
-0.58739275, 0.4070996, 0.21266828
-0.35640454, 0.11179435, 0.16686094
-0.4267989, 0.34784308, 0.18534274
-0.5100149, 0.048667833, 0.19324546
-0.5467811, 0.17170179, 0.19713263
-0.48672712, 0.07146956, 0.20500356
-0.7069024, 0.2917843, 0.23412335
-0.59359545, 0.1901998, 0.22343628
-0.44802397, 0.13085374, 0.17693967
-0.68741554, 0.22916019, 0.23427084
-0.40889785, 0.12791976, 0.17405675
-0.68181807, 0.20734748, 0.2199435
-0.7058988, 0.19071308, 0.23564242
-0.53502804, 0.16889523, 0.19396365
-0.5916163, 0.2716765, 0.22547096
-0.48943543, 0.14899273, 0.19186583
-0.39041138, 0.23078689, 0.17170452
-0.39411044, 0.12955534, 0.18332703
-0.4890345, 0.033730987, 0.19170734
-0.5891515, 0.3880878, 0.21294746
-0.45231533, 0.09055158, 0.17774376
-0.40970123, 0.36976212, 0.17177008
-0.7086879, 0.24804671, 0.2387101
-0.5122954, 0.18937829, 0.20603396
-0.57222235, 0.11210552, 0.22479172
-0.65167826, 0.14655577, 0.24371333
-0.4115882, 0.17220713, 0.18477182
-0.47074816, 0.18854618, 0.19068848
-0.54997844, 0.20981683, 0.21039185
-0.60524136, 0.16879255, 0.2160056
-0.5104348, 0.08551215, 0.19299549
-0.3867417, 0.27279162, 0.18267146
-0.707134, 0.30680013, 0.23701459
-0.41049948, 0.10831513, 0.18342173
-0.45083538, 0.32814306, 0.17672844
-0.69262713, 0.25042295, 0.24576843
-0.6426015, 0.31141815, 0.2166859
-0.6132584, 0.23072486, 0.22534761
-0.5912578, 0.3515668, 0.22447619
-0.48965424, 0.050277524, 0.19323699
-0.5951824, 0.20717834, 0.223168
-0.41067195, 0.16463315, 0.17186715
-0.5526872, 0.21178602, 0.19752337
-0.5135853, 0.14918582, 0.2064605
-0.5287091, 0.23005894, 0.20609531
-0.58822227, 0.33374476, 0.22542484
-0.6307603, 0.24966119, 0.22689492
-0.53133947, 0.18821065, 0.19617666
-0.511126, 0.23168737, 0.2062184
-0.7300203, 0.2704679, 0.24948236
-0.45194334, 0.2120648, 0.1740177
-0.5697675, 0.29283568, 0.22687913
-0.42893648, 0.09233885, 0.1756711
-0.6244846, 0.24927981, 0.2168867
-0.46966574, 0.21050628, 0.18835725
-0.54944724, 0.23109984, 0.20862038
-0.49119663, 0.22330704, 0.17857242
-0.43167663, 0.21063626, 0.18542068
-0.3888409, 0.19076839, 0.16786839
-0.51265997, 0.42706567, 0.1856223
-0.5526392, 0.24740002, 0.19589388
-0.6876876, 0.032855082, 0.23583174
-0.6089832, 0.15146096, 0.22620952
-0.4290815, 0.40972534, 0.17130665
-0.45089364, 0.20861661, 0.18717836
-0.3913432, 0.12946607, 0.1728145
-0.5918936, 0.032718167, 0.22668931
-0.37170643, 0.18827343, 0.16861047
-0.58626723, 0.13178171, 0.21395202
-0.5126603, 0.4523666, 0.18432048
-0.5067588, 0.21113452, 0.19463515
-0.68884337, 0.25104055, 0.23319404
-0.4102589, 0.19125679, 0.17434494
-0.44302347, 0.19725661, 0.17237063
-0.67155266, 0.2531721, 0.23484872
-0.4297552, 0.3910287, 0.17379613
-0.57062703, 0.23082034, 0.21220845
-0.6735546, 0.06996615, 0.24572963
-0.40929025, 0.430006, 0.17128293
-0.48226854, 0.35468367, 0.17640798
-0.64922893, 0.28442746, 0.21568432
-0.37454417, 0.3095023, 0.16825674
-0.5326539, 0.21113844, 0.20613635
-0.65038705, 0.25069243, 0.23159899
-0.42648843, 0.1906552, 0.17381266
-0.39148888, 0.20784764, 0.17165282
-0.6057251, 0.23215368, 0.21329609
-0.74760264, 0.3302823, 0.25017375
-0.5902903, 0.2320816, 0.21302828
-0.5699602, 0.2308294, 0.22278565
-0.38814068, 0.069005445, 0.17333491
-0.48847124, 0.21498016, 0.20094056
-0.4517122, 0.45308626, 0.18530838
-0.4664524, 0.2884867, 0.17479181
-0.42934954, 0.43076628, 0.16784386
-0.41045177, 0.30934742, 0.18301399
-0.5893121, 0.38953382, 0.2238959
-0.56578666, 0.22918454, 0.19701794
-0.48320282, 0.24492754, 0.17881075
-0.5761839, 0.2638954, 0.19868484
-0.67473274, 0.20323718, 0.24472547
-0.58823043, 0.17088372, 0.22541021
-0.6260143, 0.18875048, 0.21618351
-0.4470401, 0.26933026, 0.17527309
-0.5106217, 0.18947628, 0.1946051
-0.47214878, 0.105868235, 0.20404428
-0.6274298, 0.22348475, 0.21841635
-0.52669764, 0.25191543, 0.19522575
-0.49039853, 0.21095508, 0.19236214
-0.4306063, 0.23284347, 0.18511915
-0.38824776, 0.05022004, 0.1700491
-0.5913763, 0.3660946, 0.22698379
-0.44507772, 0.23578781, 0.17660296
-0.39605963, 0.0700152, 0.18278603
-0.46962437, 0.24549715, 0.1784186
-0.43017098, 0.15060934, 0.17566372
-0.54584885, 0.08680627, 0.1985672
-0.57164603, 0.4083821, 0.20843872
-0.6888136, 0.03366336, 0.24779269
-0.39007276, 0.17017233, 0.16673978
-0.57245904, 0.32716158, 0.22277428
-0.5654725, 0.19075452, 0.2232837
-0.40785626, 0.151542, 0.17445248
-0.46977586, 0.16901614, 0.18809833
-0.4304818, 0.19079174, 0.18365134
-0.51049286, 0.21077657, 0.20304582
-0.44555748, 0.14887065, 0.17882165
-0.5886601, 0.23027454, 0.22480503
-0.66768086, 0.2957777, 0.21939716
-0.46730894, 0.15567777, 0.17614365
-0.5487902, 0.22643633, 0.1972285
-0.46854672, 0.16885215, 0.17933267
-0.45007756, 0.16860354, 0.17639598
-0.6100271, 0.0330512, 0.2164855
-0.3915406, 0.40860638, 0.16863695
-0.41123986, 0.151466, 0.18300197
-0.39050823, 0.14973824, 0.16965236
-0.6512597, 0.10837116, 0.24377798
-0.55419, 0.17098229, 0.22128268
-0.65404356, 0.19179004, 0.21781151
-0.37005416, 0.052727494, 0.16737139
-0.35660583, 0.08990836, 0.16655697
-0.48861608, 0.16702859, 0.20287606
-0.46603546, 0.13531315, 0.20564029
-0.6924623, 0.38864556, 0.23453777
-0.5078857, 0.3917718, 0.19271117
-0.6113967, 0.10892783, 0.2156072
-0.5660151, 0.100058086, 0.19998996
-0.63075393, 0.2656559, 0.21706752
-0.46862116, 0.22728877, 0.17675787
-0.5274034, 0.1309668, 0.19687128
-0.58553815, 0.25099215, 0.19942994
-0.53270906, 0.25070015, 0.20737654
-0.49209264, 0.2694013, 0.20457003
-0.59040666, 0.29744264, 0.19853395
-0.3698013, 0.070551075, 0.16816334
-0.35670775, 0.14863095, 0.16641316
-0.7056496, 0.3501054, 0.23619139
-0.4927657, 0.41149828, 0.17145358
-0.6718566, 0.3049885, 0.2450074
-0.6231393, 0.048972417, 0.2178241
-0.5548756, 0.089777656, 0.22204775
-0.43165603, 0.16710523, 0.17313825
-0.4778654, 0.17114398, 0.2014669
-0.47677925, 0.38966203, 0.20337695
-0.48884794, 0.25191274, 0.2049712
-0.5132764, 0.07046052, 0.20640141
-0.52963245, 0.3923325, 0.19567701
-0.62385046, 0.14960173, 0.21651429
-0.67296386, 0.18887363, 0.21935451
-0.47442365, 0.38016856, 0.17699812
-0.5696674, 0.15228747, 0.2234736
-0.43120676, 0.39074877, 0.1833118
-0.55073595, 0.40670827, 0.20741396
-0.5732301, 0.28497267, 0.19648077
-0.49566856, 0.22896676, 0.20494688
-0.544176, 0.12690136, 0.19732478
-0.49834675, 0.16811942, 0.17834455
-0.6614257, 0.3014915, 0.21691851
-0.57102674, 0.37507236, 0.22339898
-0.3706807, 0.11068423, 0.16935287
-0.46126243, 0.092024855, 0.17955656
-0.35619637, 0.06991464, 0.1648269
-0.71107376, 0.048792142, 0.2502354
-0.7292069, 0.09006513, 0.25019297
-0.46802968, 0.43085986, 0.17175445
-0.5521092, 0.06307238, 0.19810483
-0.70841104, 0.21071008, 0.23548152
-0.3934189, 0.19288489, 0.18251511
-0.3896525, 0.20997846, 0.18402994
-0.651316, 0.09069751, 0.24272485
-0.7077042, 0.27195823, 0.2358822
-0.5444409, 0.11638696, 0.19431414
-0.44154894, 0.31523424, 0.15705004
-0.4956982, 0.2866655, 0.20416728
-0.6674298, 0.24830137, 0.24437006
-0.4492803, 0.40963385, 0.1876027
-0.5691219, 0.33224523, 0.19919719
-0.56877756, 0.069809854, 0.22293855
-0.3571704, 0.12822348, 0.16439039
-0.46945047, 0.20543002, 0.17495427
-0.42734712, 0.0723535, 0.17400357
-0.49560905, 0.38667718, 0.20286536
-0.6404808, 0.1078743, 0.21806212
-0.707045, 0.38729483, 0.23482558
-0.7237544, 0.03331896, 0.25014418
-0.46884593, 0.3545421, 0.17540681
-0.42752376, 0.3884405, 0.15959975
-0.45001033, 0.19067654, 0.18996046
-0.74851906, 0.35174298, 0.24993321
-0.43217963, 0.029547576, 0.17706609
-0.5655588, 0.21185073, 0.19892564
-0.6300546, 0.12828234, 0.21682811
-0.48424172, 0.13675211, 0.1784496
-0.72636276, 0.051937275, 0.2478522
-0.63352704, 0.106212966, 0.24145769
-0.471958, 0.11571948, 0.17981306
-0.7057376, 0.045293484, 0.26338118
-0.4823125, 0.27656233, 0.17900485
-0.7484709, 0.37118748, 0.25050494
-0.65716094, 0.18451893, 0.24324709
-0.47567666, 0.37048408, 0.20266223
-0.574383, 0.20872608, 0.22203632
-0.41045377, 0.43244117, 0.15783848
-0.7321998, 0.38893124, 0.24762847
-0.5781525, 0.3512953, 0.22165269
-0.4947183, 0.08995115, 0.17816092
-0.6543047, 0.23963735, 0.21731904
-0.6085444, 0.09104721, 0.21305874
-0.63974494, 0.3499558, 0.24096397
-0.5294905, 0.05459463, 0.19385263
-0.5493957, 0.19355586, 0.22086594
-0.6368823, 0.0860279, 0.24106693
-0.7247668, 0.17002523, 0.26446855
-0.5290097, 0.034029823, 0.19619524
-0.4533301, 0.12128985, 0.20377435
-0.5866512, 0.029294012, 0.21153279
-0.6374991, 0.2960886, 0.24093063
-0.6743127, 0.37113804, 0.24346004
-0.5504556, 0.19852537, 0.19705321
-0.47013208, 0.14575423, 0.20274073
-0.39691186, 0.42916003, 0.16466397
-0.57724535, 0.124298446, 0.19986828
-0.44537604, 0.34236264, 0.15978064
-0.37235695, 0.116064, 0.18171917
-0.5759813, 0.31526685, 0.22459657
-0.6322598, 0.15119368, 0.24445021
-0.68978417, 0.15042426, 0.2460439
-0.38518623, 0.11959148, 0.18242677
-0.37524894, 0.058275137, 0.18521672
-0.6272804, 0.09164899, 0.21548685
-0.642697, 0.32919252, 0.21691117
-0.47437757, 0.12262156, 0.17980962
-0.47523487, 0.19497597, 0.17822792
-0.41028118, 0.289429, 0.18463087
-0.74617696, 0.20908253, 0.24835932
-0.5758527, 0.38897297, 0.2245493
-0.6897342, 0.37088287, 0.24328132
-0.72409964, 0.4001716, 0.24139574
-0.61394364, 0.17519133, 0.24086088
-0.4290636, 0.451182, 0.17404723
-0.44823566, 0.19149984, 0.20068425
-0.68967575, 0.13142247, 0.24658774
-0.48938113, 0.4086672, 0.18971065
-0.3987509, 0.17469926, 0.18201065
-0.42932466, 0.36931574, 0.18503
-0.40944895, 0.18588755, 0.18374169
-0.5696341, 0.16943045, 0.22201295
-0.6444659, 0.24765971, 0.2162655
-0.61645913, 0.06734158, 0.24089064
-0.38967025, 0.35864675, 0.18617505
-0.53758603, 0.21703939, 0.22005005
-0.7372869, 0.23021616, 0.26198918
-0.4066012, 0.026194917, 0.16792467
-0.7202268, 0.18916556, 0.2754491
-0.5614528, 0.31413656, 0.19774064
-0.4701743, 0.34986666, 0.20670995
-0.6983209, 0.05746527, 0.26069763
-0.56552845, 0.04542474, 0.19611628
-0.64059335, 0.08881126, 0.21939078
