0.30958194, -1.9697194, 0.27197415
0.32990122, -1.9514446, 0.2296254
0.29006135, -1.9860498, 0.26803243
0.2872653, -1.9888932, 0.22945598
0.28785917, -1.9913598, 0.24786857
0.3290001, -1.9516704, 0.2684371
0.3255657, -1.9669069, 0.23016678
0.33084372, -1.9665899, 0.1888896
0.3289933, -1.9548889, 0.18856423
0.27272666, -2.0059948, 0.31077933
0.27288368, -2.0076394, 0.25090194
0.2888854, -1.9929521, 0.19036803
0.26967013, -2.0073903, 0.19023621
0.3487963, -1.9451339, 0.3125376
0.30586186, -1.9876703, 0.17287163
0.31611302, -1.955654, 0.14894097
0.35273647, -1.9471064, 0.15114729
0.30991995, -1.9720533, 0.1536683
0.3044103, -1.9850988, 0.33038256
0.3077903, -1.9692894, 0.33080262
0.28922954, -1.9881581, 0.32939842
0.26678282, -2.0070028, 0.32615942
0.2307341, -2.0302768, 0.25159073
0.22832033, -2.0299032, 0.2697604
0.22695683, -2.0322268, 0.18971281
0.28878295, -2.0041924, 0.16732478
0.33300304, -1.9500711, 0.35007775
0.30976692, -1.9678462, 0.3510641
0.31034037, -1.9702123, 0.13266598
0.35445458, -1.9463983, 0.12923929
0.29092178, -1.988131, 0.110145144
0.27396098, -1.9914488, 0.36929986
0.22803067, -2.0290477, 0.15350375
0.31075478, -1.9701679, 0.39024606
0.2494033, -2.008579, 0.08998148
0.250985, -2.0127704, 0.13606127
0.35185617, -1.9476088, 0.08987808
0.2703086, -2.0097713, 0.36938536
0.22739233, -2.0308924, 0.20984045
0.24613154, -2.0115476, 0.2900447
0.21077362, -2.0490482, 0.34621936
0.23175429, -2.0290873, 0.22995251
0.24830253, -2.0112615, 0.34966192
0.29116678, -1.9896075, 0.37056777
0.24663454, -2.0257838, 0.14756578
0.32881817, -1.9669471, 0.20674357
0.3107173, -1.9688258, 0.28974292
0.2698623, -2.0233078, 0.11559178
0.34472087, -1.9511778, 0.32814637
0.29292595, -1.974834, 0.2522513
0.22819608, -2.0301719, 0.31025606
0.20640562, -2.0530674, 0.2879428
0.23528296, -2.014631, 0.20751913
0.24979319, -2.024415, 0.11144021
0.30705154, -1.9753308, 0.09057521
0.29015565, -1.9726691, 0.17095481
0.2717843, -2.0080833, 0.14821242
0.32987982, -1.9518044, 0.3883577
0.28832522, -1.9872608, 0.08901645
0.32832336, -1.9681721, 0.04999107
0.22259875, -2.0421705, 0.30595386
0.25160143, -2.0125976, 0.27053976
0.22525571, -2.0434952, 0.23057555
0.2644797, -2.0230277, 0.088876836
0.2652166, -2.0092666, 0.29235384
0.32996374, -1.9484535, 0.3695985
0.22732158, -2.0456245, 0.047854286
0.22681522, -2.0430002, 0.14633499
0.2919, -1.9898795, 0.12890096
0.23154391, -2.0277793, 0.11253319
0.23404555, -2.016644, 0.30567235
0.3488192, -1.9349601, 0.37328625
0.29014468, -1.9911852, 0.028893404
0.28780168, -1.9905642, 0.20886727
0.3508164, -1.9472526, 0.06984551
0.20947951, -2.0435684, 0.15426978
0.2275835, -2.030826, 0.38947386
0.27106366, -2.0088434, 0.09122533
0.24643128, -2.0275843, 0.26524943
0.21005651, -2.0491545, 0.091593094
0.28309563, -2.0038056, 0.25441417
0.22997013, -2.0303605, 0.07283126
0.3497004, -1.9490924, 0.20849325
0.24767615, -2.0117526, 0.20939027
0.24566916, -2.0254679, 0.09413208
0.29103678, -1.9900906, 0.41183206
0.22548172, -2.0262508, 0.33052826
0.3485821, -1.9340575, 0.2690382
0.3335845, -1.9504333, 0.31148738
0.28328738, -2.0001276, 0.37765288
0.29429615, -1.9738748, 0.23108675
0.2524179, -2.0087547, 0.1708023
0.26984444, -1.9901005, 0.38890362
0.28205484, -2.0001216, 0.10186236
0.2910906, -1.9928375, 0.14868519
0.23323429, -2.0149062, 0.3307229
0.30517665, -1.9835886, 0.09482459
0.32631615, -1.9669584, 0.028840514
0.31215957, -1.953539, 0.3694014
0.33166155, -1.9503081, 0.08502059
0.2486631, -2.0098302, 0.112242945
0.30932704, -1.9696035, 0.24699824
0.21211839, -2.0480075, 0.23144709
0.22924241, -2.0260248, 0.28885907
0.3112313, -1.9717293, 0.23141116
0.3324921, -1.9500133, 0.25001153
0.31183255, -1.9729782, 0.17157339
0.32365888, -1.9676147, 0.17119962
0.29516387, -1.9737997, 0.2685912
0.25733733, -1.9970707, 0.34965724
0.32723156, -1.9660212, 0.37249103
0.33004227, -1.9491754, 0.16902214
0.2076889, -2.0492911, 0.3282036
0.35183686, -1.9365956, 0.2930942
0.21003067, -2.0476131, 0.2503324
0.31075335, -1.9688411, 0.31568953
0.25651094, -1.9974431, 0.26717907
0.35038516, -1.9333439, 0.25147384
0.30988437, -1.9566629, 0.21055612
0.31156668, -1.9698771, 0.04962903
0.3063789, -1.9831573, 0.31180456
0.26942453, -2.009939, 0.030937992
0.25025377, -2.0089037, 0.3294132
0.25176027, -2.0094948, 0.38796553
0.27125055, -2.012344, 0.111969195
0.22972737, -2.0309043, 0.35033545
0.25045887, -2.008164, 0.19366775
0.31432283, -1.9554096, 0.29544166
0.29064974, -1.9886091, 0.2936097
0.32076302, -1.9805212, 0.13651444
0.28429982, -1.9918088, 0.31174278
0.250797, -2.012943, 0.30705222
0.2640552, -2.0219848, 0.20609891
0.3287646, -1.9479262, 0.13006644
0.23211335, -2.0279434, 0.37109175
0.33079255, -1.951772, 0.049549647
0.3520272, -1.9466797, 0.25168934
0.26818916, -2.0098648, 0.22765727
0.28629518, -2.0114274, 0.22972691
0.24490133, -2.0282238, 0.3074469
0.24940492, -2.0129151, 0.150585
0.34518903, -1.9467027, 0.10756168
0.32958397, -1.9507, 0.20787264
0.32516924, -1.9692892, 0.24625164
0.2827798, -2.010809, 0.3325767
0.35206366, -1.9489762, 0.19191755
0.23068506, -2.0430233, 0.18980573
0.28810537, -1.9903332, 0.3494789
0.24798648, -2.0086238, 0.23242392
0.2507848, -2.0124497, 0.2529915
0.28370363, -2.0026312, 0.34744054
0.32379735, -1.9820244, 0.18391329
0.3034984, -1.9824902, 0.29052228
0.31004202, -1.9675406, 0.19023418
0.22790161, -2.029381, 0.12950893
0.21027371, -2.0343513, 0.11009621
0.21293867, -2.032645, 0.34897447
0.27029163, -2.0113935, 0.048265718
0.24620645, -2.0264459, 0.12688361
0.26304257, -2.0152824, 0.13147494
0.28552288, -2.002405, 0.18853402
0.2739754, -1.991891, 0.40820274
0.24746145, -2.03086, 0.1722824
0.2719078, -1.9913315, 0.08856267
0.3272258, -1.951347, 0.10544851
0.2913843, -1.9714087, 0.09181718
0.27039272, -2.010949, 0.26833344
0.2690783, -2.0101678, 0.38842508
0.2502599, -2.0120869, 0.05092285
0.2534049, -2.0059783, 0.07111779
0.21421829, -2.034009, 0.32808644
0.3132293, -1.9550734, 0.18968306
0.26520216, -2.0044503, 0.012397388
0.2829695, -2.0042744, 0.12715167
0.26314327, -2.02615, 0.23450638
0.34788537, -1.9340284, 0.30860364
0.26317096, -2.0209599, 0.28219587
0.22789581, -2.0294173, 0.09411701
0.33591145, -1.9366969, 0.31120664
0.27263495, -1.9904357, 0.05374493
0.24089515, -2.041677, 0.23747616
0.30635875, -1.9702662, 0.3680565
0.35189682, -1.9468249, 0.3687804
0.26731604, -2.0225892, 0.31051025
0.21021587, -2.0491643, 0.1281778
0.31183645, -1.9712445, 0.20812485
0.24737611, -2.0278144, 0.052922264
0.30783224, -1.9560119, 0.3124699
0.21033123, -2.0449963, 0.19532567
0.28965053, -1.970271, 0.20710099
0.24806358, -2.0113854, 0.027420688
0.24536352, -2.044116, 0.20292622
0.31644413, -1.9571874, 0.17186971
0.27210328, -2.0118275, 0.41124102
0.30584326, -1.9667286, 0.069156595
0.28512776, -2.006982, 0.090200916
0.23177879, -2.018265, 0.12514384
0.3496443, -1.936052, 0.3473388
0.2901233, -1.9747065, 0.40698075
0.27441075, -1.9783096, 0.32649714
0.35000592, -1.9366368, 0.15072274
0.3092253, -1.9849179, 0.2705632
0.23044512, -2.0319622, 0.1701207
0.26800197, -1.9907972, 0.15120313
0.22716007, -2.048669, 0.09215413
0.21082294, -2.0434086, 0.31175268
0.20958756, -2.029718, 0.22832935
0.33178812, -1.9509108, 0.40804276
0.31189784, -1.9542137, 0.34919834
0.263902, -2.0205798, 0.24340557
0.21572505, -2.032258, 0.21434581
0.209502, -2.045037, 0.06746139
0.19887556, -2.0579772, 0.2169438
0.27377212, -1.9783013, 0.15172414
0.2758836, -1.9744996, 0.11021327
0.2562642, -1.9984335, 0.31785262
0.2288596, -2.026911, 0.030205633
0.29185584, -1.9720865, 0.05099819
0.30538148, -1.9870636, 0.21138951
