-0.05318571, -1.4715053, 0.1711855
-0.06728963, -1.4667988, 0.17064908
-0.07008774, -1.4508153, 0.2086919
-0.090484485, -1.4459314, 0.18662655
-0.043166503, -1.4887639, 0.16648069
-0.042921837, -1.4916775, 0.19650859
-0.08361212, -1.4450873, 0.20270246
-0.04337441, -1.4877304, 0.20842819
-0.09004599, -1.4315168, 0.2308033
-0.06507631, -1.4672229, 0.23931253
-0.05206859, -1.4720464, 0.23113565
-0.07510372, -1.455538, 0.24965872
-0.04652771, -1.4836375, 0.2303117
-0.07126722, -1.4468699, 0.22815652
-0.090788186, -1.4269778, 0.21312061
-0.09057831, -1.4305674, 0.24460441
-0.04733944, -1.4879152, 0.14761631
-0.11328704, -1.4100374, 0.19068953
-0.042576127, -1.5045305, 0.17166677
-0.10759543, -1.4111296, 0.23072287
-0.112580895, -1.3939601, 0.21611634
-0.10947306, -1.4088014, 0.26795885
-0.10762948, -1.4056312, 0.2537275
-0.11372821, -1.3885669, 0.23186329
-0.06830277, -1.4506631, 0.27011332
-0.041753765, -1.4918154, 0.27055597
-0.051101584, -1.4729886, 0.27112022
-0.074193045, -1.4529448, 0.28746957
-0.1128824, -1.3941011, 0.2677989
-0.13482517, -1.3657253, 0.2142266
-0.12556489, -1.3941691, 0.2089854
-0.06829932, -1.4535803, 0.3271281
-0.116072245, -1.4010828, 0.13275659
-0.065324545, -1.4682047, 0.36772507
-0.0422884, -1.487523, 0.34547365
-0.081147596, -1.4433249, 0.38763675
-0.062457263, -1.4651543, 0.3852377
-0.107299596, -1.4060705, 0.38642752
-0.1137646, -1.3904245, 0.40956503
-0.11458537, -1.3915099, 0.4284803
-0.04537083, -1.4918231, 0.108257845
-0.049100883, -1.4704175, 0.36509737
-0.06900683, -1.4647799, 0.2550842
-0.041739084, -1.5034767, 0.20956706
-0.065249205, -1.465693, 0.19167961
-0.052490503, -1.4696505, 0.1894072
-0.047289465, -1.4888011, 0.38919294
-0.06423362, -1.4467076, 0.3902948
-0.07053067, -1.4488869, 0.19152352
-0.103707835, -1.4230567, 0.36550996
-0.076072805, -1.433703, 0.22804572
-0.051045764, -1.4741365, 0.14848348
-0.06985886, -1.4464774, 0.40956855
-0.0678882, -1.4521337, 0.30868238
-0.1315057, -1.3658063, 0.2516954
-0.14678472, -1.3690876, 0.2475115
-0.10586095, -1.4242314, 0.19268781
-0.045598608, -1.4813286, 0.3310478
-0.06335308, -1.4528499, 0.3514449
-0.13205196, -1.3726594, 0.23460981
-0.06985639, -1.4513981, 0.10974738
-0.09387022, -1.4120029, 0.2338695
-0.072389096, -1.4353127, 0.39461973
-0.06961866, -1.451336, 0.37077072
-0.09085065, -1.4274182, 0.37395507
-0.07581782, -1.4361469, 0.2120858
-0.095790155, -1.4061694, 0.21573877
-0.06989387, -1.4547323, 0.12943275
-0.13292462, -1.3611838, 0.15746012
-0.12966043, -1.3672962, 0.19297181
-0.058773994, -1.4475102, 0.19493322
-0.07119729, -1.4677651, 0.27381858
-0.11731127, -1.391141, 0.18261854
-0.06940672, -1.4694594, 0.28597614
-0.04511532, -1.4882321, 0.37631023
-0.09090394, -1.4338148, 0.16963461
