1.4662771, 0.36808977, 0.13876322
1.4090827, 0.33267522, 0.14115942
1.4149709, 0.3900806, 0.14317422
1.4367629, 0.39267442, 0.13650247
1.3702484, 0.4080353, 0.13775054
1.3759094, 0.34394196, 0.13755302
1.4064198, 0.42977503, 0.14472505
1.4462008, 0.4324582, 0.13168737
1.4145824, 0.3715293, 0.14255656
1.467939, 0.4562956, 0.11622004
1.4422141, 0.41493323, 0.14132136
1.3742852, 0.33070618, 0.13532004
1.4052964, 0.3243577, 0.13876975
1.4483067, 0.33025762, 0.134714
1.4605056, 0.35907802, 0.13489383
1.3996526, 0.4041105, 0.14240856
1.376606, 0.4271057, 0.14110038
1.4425073, 0.42673668, 0.14425005
1.3684713, 0.37348002, 0.1346178
1.367955, 0.33029443, 0.14119804
1.3852749, 0.37269837, 0.14558028
1.3956978, 0.3926994, 0.14181206
1.4750884, 0.4081838, 0.13838056
1.4049971, 0.4135362, 0.13776457
1.3919404, 0.42863873, 0.13910425
1.4101696, 0.3473119, 0.14771836
1.3963516, 0.3874339, 0.13302726
1.4690673, 0.38948256, 0.135624
1.4328357, 0.41002554, 0.13598412
1.3926547, 0.32923245, 0.13638642
1.4903796, 0.42989653, 0.13079411
1.4763373, 0.32718837, 0.13274263
1.3502691, 0.40715897, 0.13395071
1.3690814, 0.39231274, 0.13167106
1.3710699, 0.35244754, 0.14405403
1.4298174, 0.30943918, 0.14291471
1.4325849, 0.29768893, 0.13947017
1.4533969, 0.31138045, 0.13420716
1.5469398, 0.53001684, 0.13170946
1.3899546, 0.4446578, 0.1303845
1.4599502, 0.3470744, 0.13464339
1.5052674, 0.42658547, 0.12840801
1.387514, 0.35471958, 0.13354905
1.4414488, 0.39298135, 0.1396154
1.5530449, 0.5266453, 0.15208651
1.4346952, 0.430199, 0.12985799
1.2861549, 0.36365995, 0.14212374
1.3350077, 0.36872253, 0.13575436
1.3470461, 0.41257095, 0.14409548
1.4963533, 0.36934865, 0.12768763
1.4550146, 0.29061267, 0.1391736
1.4878659, 0.34595183, 0.12660354
1.416495, 0.3875238, 0.13094841
1.2853057, 0.3207256, 0.15031679
1.5127143, 0.36431995, 0.11008055
1.6203878, 0.48664752, 0.109629855
1.3675822, 0.42914477, 0.13254437
1.4513981, 0.3675342, 0.14300902
1.436291, 0.31283173, 0.1318208
1.3248774, 0.34653556, 0.14566007
1.4058506, 0.3507499, 0.13333173
1.4243073, 0.39878097, 0.14685433
1.4015119, 0.30739415, 0.14637436
1.5856122, 0.50049716, 0.11048212
1.4395217, 0.3232404, 0.1336477
1.1683481, 0.071943745, 0.1828315
1.3854499, 0.31100813, 0.13599847
1.2287954, 0.3057887, 0.1496002
1.319071, 0.39082333, 0.13740095
1.437456, 0.33440232, 0.14260761
1.28981, 0.37285185, 0.13491513
1.4860157, 0.4581877, 0.11533832
