2.5714722, -1.3907981, 0.5834958
2.5511117, -1.3523128, 0.5707504
2.5866208, -1.4071447, 0.5696538
2.6038384, -1.4048419, 0.58425933
2.5661557, -1.3698859, 0.5854216
2.5480542, -1.3440188, 0.58650076
2.547404, -1.3662361, 0.55092156
2.5701878, -1.3898964, 0.5536872
2.5843842, -1.3989428, 0.55332243
2.5750859, -1.3841546, 0.56966937
2.5505037, -1.3669169, 0.56893045
2.5466456, -1.347401, 0.55097127
2.5177388, -1.3247991, 0.5467375
2.5239224, -1.3320796, 0.5337644
2.5530026, -1.370152, 0.5335569
2.5438318, -1.3277729, 0.59701395
2.532134, -1.3278419, 0.55421185
2.541084, -1.3362173, 0.5756245
2.5306902, -1.3281491, 0.56828296
2.5354972, -1.3295436, 0.5895951
2.5888882, -1.4146984, 0.55440766
2.5944448, -1.4256777, 0.5477675
2.626142, -1.430103, 0.58873487
2.5441036, -1.3543607, 0.5267832
2.5285704, -1.3409275, 0.52409756
2.5142708, -1.3092036, 0.56498367
2.4825468, -1.2873223, 0.5459509
2.6257782, -1.4567455, 0.546612
2.6646888, -1.4676659, 0.6126605
2.4813929, -1.2643423, 0.57431084
2.4894953, -1.266043, 0.5890465
2.471476, -1.2689406, 0.5669605
2.495297, -1.2790924, 0.6063988
2.4475305, -1.2245574, 0.56581557
2.4334552, -1.2158837, 0.5491451
2.5106506, -1.291652, 0.7050811
2.539592, -1.350016, 0.5657786
2.5335975, -1.3078576, 0.61125964
2.631779, -1.4747244, 0.5366848
2.527857, -1.310791, 0.5735
2.532811, -1.3104168, 0.6259302
2.512588, -1.3036534, 0.6482483
2.555922, -1.3290428, 0.6227746
2.5138686, -1.2907765, 0.6563157
2.5208178, -1.2942965, 0.66226727
2.5118809, -1.2847575, 0.67705476
2.5669045, -1.3524642, 0.6677021
2.549931, -1.340778, 0.6845268
2.4299335, -1.1943276, 0.5702184
2.4239995, -1.1700027, 0.61798674
2.4540982, -1.1856347, 0.62709165
2.4307144, -1.1732764, 0.62821424
2.408901, -1.1460613, 0.60317814
2.4511046, -1.2138267, 0.5541386
2.4070249, -1.1630036, 0.5637179
2.4491646, -1.206799, 0.5868935
2.511202, -1.3283445, 0.5300708
2.5277512, -1.3107322, 0.64540815
2.5050352, -1.2789348, 0.5598613
2.5167384, -1.3091462, 0.5957059
2.5344632, -1.3461109, 0.5420808
2.5184681, -1.3041304, 0.6072962
2.4212584, -1.1795325, 0.5841702
2.4286742, -1.1737176, 0.6416383
2.5100303, -1.2927547, 0.59351724
