0.5094258, -1.4119205, 0.1833086
0.54931295, -1.3905813, 0.16716929
0.50937974, -1.389404, 0.17414832
0.5316758, -1.4495863, 0.17484224
0.51187027, -1.3696254, 0.17037757
0.53027856, -1.3696493, 0.16955905
0.47291708, -1.407893, 0.17718782
0.46996886, -1.431133, 0.18991978
0.4884351, -1.4096007, 0.18572082
0.5300496, -1.4107717, 0.17180382
0.4905073, -1.3904586, 0.17442869
0.5502256, -1.4104556, 0.16941638
0.48939782, -1.4302906, 0.18699563
0.51222676, -1.4293946, 0.1743809
0.48900524, -1.3896524, 0.18351822
0.5297323, -1.4310046, 0.18365829
0.5109252, -1.3685527, 0.18259493
0.49073246, -1.4493905, 0.18854178
0.5106176, -1.4502734, 0.18614386
0.5501808, -1.430178, 0.1707197
0.46979982, -1.3892071, 0.18705994
0.4678553, -1.4105752, 0.18761434
0.4931865, -1.4270927, 0.17697318
0.50805086, -1.393109, 0.18357398
0.48973003, -1.3717378, 0.1736152
0.52970815, -1.4520177, 0.18554811
0.49133778, -1.4086337, 0.1752962
0.49208796, -1.4465387, 0.17647599
0.5307679, -1.4302372, 0.17337665
0.51102614, -1.4093894, 0.17342049
0.5534163, -1.408764, 0.15715761
0.55163825, -1.3893557, 0.15715699
0.57004535, -1.4099939, 0.1667859
0.56996316, -1.4306818, 0.16833438
0.58665806, -1.4107405, 0.16475442
0.5497044, -1.369965, 0.16630472
0.571948, -1.4101351, 0.15690668
0.46961224, -1.3719935, 0.1760537
0.4687634, -1.372678, 0.1858414
0.49105367, -1.3495431, 0.17235512
0.51295537, -1.4657888, 0.17561863
0.5505469, -1.4683313, 0.17324662
0.5307433, -1.4679363, 0.17601472
0.53038913, -1.4692677, 0.18509118
0.49019504, -1.4685678, 0.19054876
0.5482709, -1.4698279, 0.18481879
0.5099852, -1.4694568, 0.18796915
0.5106469, -1.4884908, 0.18929859
0.5712552, -1.4699517, 0.17209989
0.57055557, -1.4495198, 0.17016804
0.55023056, -1.4907172, 0.18635966
0.5517563, -1.4501871, 0.17108154
0.5290236, -1.3295268, 0.16549864
0.49097767, -1.328737, 0.16928871
0.4706698, -1.347082, 0.17234349
0.47060436, -1.3522471, 0.18454479
0.45223114, -1.4486775, 0.19133113
0.4531719, -1.3689964, 0.1747612
0.4505519, -1.3713838, 0.18693958
0.45023683, -1.4091955, 0.18835467
0.42963538, -1.3899246, 0.18970707
0.45073768, -1.4296541, 0.19137502
0.45075583, -1.3880483, 0.17761631
0.47081622, -1.4498084, 0.19100441
0.4492507, -1.389763, 0.18804397
0.45085979, -1.4299861, 0.17755185
0.42927396, -1.4095379, 0.19277626
0.42886636, -1.4313773, 0.20495503
0.43166354, -1.4498371, 0.19415043
0.47013515, -1.4694968, 0.1920206
0.42989463, -1.4499224, 0.20637429
0.44730735, -1.4714754, 0.20618887
0.58933675, -1.4304811, 0.16656181
0.50761414, -1.491245, 0.20238063
0.4694869, -1.4888644, 0.19243562
0.44730031, -1.3514485, 0.18513417
0.4315741, -1.3689936, 0.1867981
0.45158646, -1.3489224, 0.17505722
0.47067806, -1.3291289, 0.17152296
0.6084322, -1.4297254, 0.16600856
0.6100897, -1.4498398, 0.15648855
0.6096712, -1.4503086, 0.16606963
0.62995, -1.429663, 0.15208282
0.5888476, -1.3509873, 0.152054
0.4495041, -1.332037, 0.18214603
0.44973388, -1.3316137, 0.17529064
0.50836015, -1.3104004, 0.16537762
0.47084585, -1.3098809, 0.16985132
0.4902496, -1.310029, 0.1559821
0.48941714, -1.3090521, 0.16692033
0.5303069, -1.5096856, 0.1896474
0.51391125, -1.5090305, 0.17753635
0.5102307, -1.5104232, 0.1905905
0.49071684, -1.509124, 0.19242202
0.59054834, -1.4881274, 0.17073482
0.57143635, -1.5096793, 0.17365767
0.5699951, -1.4901098, 0.18667752
0.56995374, -1.4891437, 0.17260414
0.4698813, -1.5119604, 0.19439453
0.46929085, -1.5123394, 0.20730926
0.45034012, -1.4888424, 0.20608798
0.48898444, -1.5319651, 0.2064005
0.52811354, -1.5296423, 0.20384671
0.612151, -1.4894979, 0.16865213
0.5501824, -1.5294722, 0.18925966
0.50745034, -1.2913958, 0.16345395
0.5115146, -1.2909681, 0.15416482
0.45131665, -1.3089608, 0.17289999
0.49153015, -1.2888805, 0.15561163
0.46918488, -1.2908876, 0.16854364
0.48887926, -1.2904495, 0.16547117
0.42835197, -1.3317809, 0.17633738
0.42975056, -1.3308134, 0.18660866
0.41159764, -1.3898916, 0.19126487
0.4038948, -1.3846072, 0.1787361
0.41050336, -1.4108076, 0.19472586
0.4085591, -1.430587, 0.19413397
0.4293152, -1.4701046, 0.2068542
0.41017368, -1.4295701, 0.20507726
0.41276506, -1.4500852, 0.19594178
0.42965555, -1.4913229, 0.20905676
0.41063887, -1.471719, 0.20940512
0.40882033, -1.4508803, 0.20779479
0.39055264, -1.4102795, 0.1933818
0.38755745, -1.3897427, 0.20618322
0.38824788, -1.4092042, 0.20503399
0.39050308, -1.3705765, 0.19282417
0.39056396, -1.4494586, 0.21009037
0.45132673, -1.5103909, 0.19680554
0.4496231, -1.5105208, 0.2087457
0.3867513, -1.4674523, 0.22521581
0.43053716, -1.5100865, 0.21062967
0.4700295, -1.5312458, 0.20869502
0.45175958, -1.5279894, 0.19543357
0.47263858, -1.5290849, 0.1961483
0.4082578, -1.3304898, 0.18716697
0.43135872, -1.3098484, 0.17398551
0.41184807, -1.3300741, 0.17622897
0.39881998, -1.349618, 0.17594433
0.3903518, -1.3484657, 0.1924748
0.61005473, -1.509547, 0.17097968
0.40982082, -1.3107249, 0.18595746
0.4323096, -1.2892417, 0.17343049
0.4498417, -1.2713516, 0.16968223
0.46850088, -1.2705477, 0.15723093
0.5086328, -1.5500765, 0.20650047
0.5105585, -1.5496153, 0.19412746
0.5311567, -1.5497084, 0.18979628
0.48924437, -1.5493658, 0.20914292
0.4723496, -1.5500214, 0.20875013
0.62841725, -1.5075336, 0.16901991
0.4511188, -1.5507793, 0.2095376
0.411126, -1.5105238, 0.2118192
0.47177616, -1.5697603, 0.19742827
0.550052, -1.5677626, 0.19159703
0.62930095, -1.529727, 0.17279983
0.42995384, -1.2677217, 0.17238136
0.4089902, -1.2904938, 0.18588118
0.4141206, -1.2886496, 0.17689575
0.44858438, -1.2496656, 0.16714087
0.3899814, -1.3281673, 0.19209947
0.3885118, -1.3112863, 0.189542
0.36752218, -1.3924825, 0.20677029
0.3692926, -1.4096347, 0.20956032
0.3687354, -1.3685882, 0.20654011
0.3700211, -1.3888377, 0.19742186
0.36824572, -1.428281, 0.2112149
0.37084672, -1.4486228, 0.21091184
0.38910705, -1.5074635, 0.21296135
0.39236587, -1.513032, 0.225725
0.36738575, -1.4709339, 0.22506025
0.37125966, -1.4890223, 0.21235685
0.35090435, -1.4290962, 0.20992178
0.353906, -1.4209992, 0.19763702
0.35139066, -1.4113654, 0.21062222
0.36894083, -1.3491726, 0.19411519
0.34890056, -1.3687327, 0.20788409
0.36999017, -1.3492534, 0.2032464
0.37032577, -1.329524, 0.19287592
0.35108814, -1.3502268, 0.1948565
0.36884436, -1.3290143, 0.20346543
0.35047203, -1.4716102, 0.2156834
0.3512263, -1.4482751, 0.21311392
0.35076508, -1.4713361, 0.22606872
0.3506471, -1.4894527, 0.22667997
0.35181564, -1.4882689, 0.2160805
0.43848014, -1.5450004, 0.19490157
0.4083501, -1.5520623, 0.22642833
0.41062227, -1.5524184, 0.21401988
0.43139225, -1.5692723, 0.21292605
0.44877824, -1.5692133, 0.22363636
0.3884716, -1.2910155, 0.18633649
0.367527, -1.315556, 0.17980249
0.4077237, -1.2731384, 0.18344834
0.35073015, -1.3295233, 0.19403957
0.34891415, -1.3312984, 0.2042241
0.41058198, -1.2494915, 0.1724374
0.42973587, -1.250859, 0.16952728
0.5071628, -1.2326559, 0.14927472
0.42938855, -1.231054, 0.16784048
0.47173768, -1.5911078, 0.21173033
0.44939443, -1.5891701, 0.21332946
0.4098785, -1.5700958, 0.22725084
0.4096243, -1.2320145, 0.16904923
0.4293298, -1.2105123, 0.16682118
0.35058045, -1.313633, 0.20397484
0.32791495, -1.4106156, 0.22521135
0.3297553, -1.3701428, 0.20966986
0.33006412, -1.3886052, 0.21076065
0.3311362, -1.4094266, 0.21211852
0.3302912, -1.3698045, 0.19767193
0.3286981, -1.4320946, 0.22712922
0.32956848, -1.4475858, 0.22363189
0.32998618, -1.470716, 0.2278781
0.35106376, -1.5300071, 0.22993752
0.35025153, -1.5113913, 0.22765166
0.32971266, -1.5100647, 0.23073807
0.31045884, -1.4082344, 0.21517856
0.31009233, -1.4089506, 0.22365606
0.30941865, -1.4493847, 0.22741714
0.30994323, -1.429817, 0.22735474
0.31124538, -1.3898786, 0.21191455
0.31063735, -1.3703259, 0.21207717
0.30341828, -1.351095, 0.22471023
0.30972105, -1.3502539, 0.2106048
0.31032965, -1.4703815, 0.2289847
0.31039727, -1.4911199, 0.23093545
0.3305164, -1.5301715, 0.22920217
0.36871806, -1.569855, 0.22990723
0.38952175, -1.569593, 0.22853374
0.3497166, -1.5470269, 0.23308818
0.4117927, -1.607876, 0.21805856
0.4695344, -1.270829, 0.16769889
0.4514711, -1.6285467, 0.22739553
0.31085998, -1.2913325, 0.20675972
0.29022825, -1.4079738, 0.22656254
0.28858727, -1.4296995, 0.22852601
0.29135722, -1.3894387, 0.21379353
0.28585485, -1.391071, 0.22700448
0.29021493, -1.3488002, 0.21259698
0.2904405, -1.3712773, 0.21347636
0.29090184, -1.4708854, 0.23079285
0.2926068, -1.4932064, 0.24395056
0.28950584, -1.4897628, 0.23208843
0.3311027, -1.5702802, 0.23452584
0.3099786, -1.5301455, 0.23358873
0.29036164, -1.5076491, 0.2328304
0.27123314, -1.4288143, 0.23130219
0.26868886, -1.4296479, 0.21858098
0.26975936, -1.3913927, 0.22889638
0.26969892, -1.4316933, 0.24263386
0.2905856, -1.3285502, 0.21007949
0.2685951, -1.3502783, 0.21378322
0.27172044, -1.4916314, 0.23317325
0.26534072, -1.4917444, 0.2480981
0.29071748, -1.5470932, 0.23647705
0.2907048, -1.551686, 0.24907102
0.32842174, -1.5893757, 0.24856198
0.41068384, -1.649512, 0.23183002
0.41037044, -1.6301695, 0.22827609
0.3894172, -1.6495255, 0.23407589
0.2713699, -1.3110921, 0.21050152
0.2500154, -1.4286982, 0.23158234
0.24925238, -1.3909168, 0.22964755
0.24776807, -1.4538559, 0.24528845
0.25208056, -1.3711035, 0.22720619
0.24946225, -1.4679736, 0.2351262
0.25074044, -1.4704099, 0.24533351
0.29037935, -1.5712978, 0.24787036
0.29388502, -1.5873233, 0.24735612
0.25110006, -1.5301135, 0.24961026
0.23004569, -1.4115363, 0.23331362
0.22900984, -1.4300287, 0.24485964
0.22898914, -1.5076374, 0.25067186
0.4091874, -1.6700199, 0.24780728
0.3509034, -1.6521728, 0.24945448
0.21310547, -1.4135274, 0.23564804
0.21010423, -1.4527186, 0.25000829
0.21197978, -1.3880942, 0.24437954
0.2111194, -1.3693808, 0.23363265
0.54971707, -1.5099723, 0.18724114
0.46990168, -1.4698557, 0.20564003
0.3489067, -1.3896254, 0.2089315
0.39393947, -1.4304132, 0.19436345
0.46944818, -1.5705166, 0.20923483
0.28778607, -1.511254, 0.24546963
0.59107196, -1.4697926, 0.17010656
0.45067248, -1.2901218, 0.16937655
0.5111996, -1.5714153, 0.20704268
0.61035883, -1.5510517, 0.1732806
0.3490144, -1.4492254, 0.22475456
0.41020355, -1.3497149, 0.18882121
0.5743717, -1.4308736, 0.15836726
0.312288, -1.6091058, 0.24857728
0.50898975, -1.5904772, 0.20839706
0.3499565, -1.4098394, 0.19730912
0.3673377, -1.2099, 0.1660809
0.3529274, -1.6113945, 0.23319674
0.47065455, -1.6086191, 0.21342357
0.40761226, -1.4828681, 0.19720043
0.45064744, -1.608729, 0.2131787
0.38935474, -1.631389, 0.23187695
0.2304291, -1.469155, 0.24805117
0.42868727, -1.5490311, 0.22646855
0.34955674, -1.5887351, 0.23174359
0.27175042, -1.407316, 0.2285238
0.40875405, -1.409809, 0.20582621
0.42739558, -1.3113811, 0.18538348
0.38818738, -1.4286861, 0.20870818
0.36979276, -1.5107945, 0.22725576
0.4879025, -1.4720869, 0.17668569
0.5112732, -1.4498868, 0.17562786
0.514713, -1.3493019, 0.15851611
0.43022907, -1.6127546, 0.22973146
0.32964715, -1.4287025, 0.21226314
0.5525908, -1.3684874, 0.15604466
0.2500697, -1.3694283, 0.21664733
0.3712849, -1.3666277, 0.19371922
0.39110947, -1.4901106, 0.20979324
0.6090528, -1.4305907, 0.15477122
0.43132505, -1.5293021, 0.21070369
0.3111451, -1.5108352, 0.23251633
0.23256147, -1.3947675, 0.21893756
0.45097688, -1.4689449, 0.19234028
0.43004784, -1.4279971, 0.19380067
0.46976084, -1.4900582, 0.20525111
0.28885943, -1.3702419, 0.22750762
0.338468, -1.5645682, 0.21824229
0.3339398, -1.4715816, 0.21466652
0.31259727, -1.5511272, 0.23395997
0.60535383, -1.3551599, 0.13955656
0.37065312, -1.3095114, 0.19078453
0.33307528, -1.3116245, 0.19328749
0.4961549, -1.3258926, 0.15533982
0.44474426, -1.3105493, 0.18386653
0.31192744, -1.4477556, 0.21600908
0.3923734, -1.5488237, 0.21290834
0.36888477, -1.5502349, 0.23026232
0.53039545, -1.3891594, 0.17038889
0.5107982, -1.4876732, 0.17610271
0.5304035, -1.4897306, 0.18727691
0.27197567, -1.3678187, 0.21525514
0.53034186, -1.3498768, 0.15702543
0.5303239, -1.3293371, 0.15562074
0.5712735, -1.3922389, 0.15488154
0.4087063, -1.5291404, 0.2116495
0.4301602, -1.2072917, 0.15529987
0.38764772, -1.6709851, 0.24737123
0.39288488, -1.3887402, 0.19175826
0.40934348, -1.3096807, 0.17731941
0.24971741, -1.4918635, 0.24712941
0.34805077, -1.5303433, 0.21689913
0.31016243, -1.4317654, 0.21497497
0.5125462, -1.3307375, 0.15600911
0.5109797, -1.5312397, 0.19188106
0.40967417, -1.36987, 0.19212885
0.51041234, -1.3502066, 0.16877012
0.34982803, -1.3077914, 0.1913008
0.5493975, -1.331841, 0.15439661
0.5697764, -1.370512, 0.15427352
0.3710047, -1.470911, 0.21277325
0.41661027, -1.3475446, 0.1745807
0.43561202, -1.2451084, 0.15555477
0.35137805, -1.507801, 0.2144834
0.42787838, -1.3725052, 0.17366733
0.41008323, -1.4885409, 0.20908767
0.35229394, -1.5709717, 0.22947007
0.36795, -1.2915102, 0.19165935
0.5127858, -1.3737553, 0.15863945
0.5335348, -1.3664393, 0.15779841
0.43025315, -1.649401, 0.23020099
0.4360848, -1.4100494, 0.17891663
0.32982773, -1.3292847, 0.20617887
0.4293581, -1.3509885, 0.1865983
0.62892437, -1.4721925, 0.16729952
0.39157698, -1.2701384, 0.18456337
0.6103586, -1.4704527, 0.16757938
0.42879418, -1.6282227, 0.23005478
0.61131054, -1.4109956, 0.15269028
0.3711272, -1.5899907, 0.23142444
0.5082058, -1.3300688, 0.16786231
0.42776015, -1.2710046, 0.18306844
0.5740484, -1.4711308, 0.15818265
0.5356881, -1.3876107, 0.15833814
0.41198832, -1.2665815, 0.17292255
0.25024435, -1.5106949, 0.24991612
0.5662822, -1.3718468, 0.1644898
0.34733924, -1.6090667, 0.24595359
0.3524267, -1.3677045, 0.19593725
0.5689022, -1.5678997, 0.19246475
0.59184057, -1.5094707, 0.17213397
0.49073243, -1.4902169, 0.19127643
0.5908548, -1.4480274, 0.15716077
0.19013178, -1.4110376, 0.24872269
0.37208366, -1.2916348, 0.17801997
0.45082647, -1.4903297, 0.19356535
0.4921601, -1.5295036, 0.1948901
0.45379278, -1.5485699, 0.19603795
0.2085843, -1.4698399, 0.25150752
0.36997855, -1.4905442, 0.22468771
0.5509277, -1.5852321, 0.19314235
0.5519118, -1.4896104, 0.17269205
0.33075345, -1.3487538, 0.2075337
0.23096877, -1.3899871, 0.23063363
0.37220755, -1.6879473, 0.24617982
0.2507838, -1.4107752, 0.2318569
0.3086805, -1.5503886, 0.24753715
0.4702476, -1.2507058, 0.16650374
0.5305775, -1.5683624, 0.19392921
0.30957875, -1.3305721, 0.20782681
0.40876052, -1.6078576, 0.23112322
0.2670097, -1.3520184, 0.2252915
0.47126016, -1.3891909, 0.17688517
0.42853555, -1.4122978, 0.20318967
0.40573484, -1.3929516, 0.20424855
0.50477654, -1.2341663, 0.13406503
0.5913503, -1.4102951, 0.15503666
0.59230334, -1.4279355, 0.154957
0.42988372, -1.5700694, 0.22698656
0.5307227, -1.5308993, 0.19077523
0.35280538, -1.6301674, 0.24831401
0.35033464, -1.3483407, 0.20501512
0.47297323, -1.2500972, 0.15514559
0.190068, -1.4112955, 0.23530732
0.58705485, -1.3893955, 0.16337524
0.26991728, -1.329706, 0.21173443
0.43151024, -1.5914054, 0.22939166
0.56930804, -1.3900071, 0.16591567
0.4058841, -1.6883969, 0.24781074
0.3692736, -1.5287682, 0.22958116
0.5467451, -1.4532475, 0.18389222
0.5908938, -1.3902822, 0.1527624
0.44744092, -1.5492612, 0.2228887
0.4888184, -1.3714923, 0.18377224
0.6283701, -1.4515508, 0.16524483
0.4537017, -1.2483323, 0.15673582
0.3901563, -1.2688752, 0.17509541
0.45109338, -1.2089263, 0.15348646
0.61249715, -1.470764, 0.1573723
0.29198256, -1.3089309, 0.20846128
0.39492124, -1.3155123, 0.17901005
0.46899685, -1.549386, 0.19527149
0.2706368, -1.5280143, 0.23662007
0.32683676, -1.3084728, 0.20423433
0.37439907, -1.4325668, 0.1980838
0.5134876, -1.3083616, 0.15640076
0.2720682, -1.5117031, 0.23508225
0.47705746, -1.4604322, 0.17974927
0.47059909, -1.2300897, 0.1523854
0.21181415, -1.4316825, 0.23627907
0.43190518, -1.4925041, 0.19647698
0.37184745, -1.5281293, 0.21605356
0.29119986, -1.295413, 0.20677248
0.21226096, -1.3734639, 0.2438902
0.22743072, -1.4687196, 0.2362317
0.46874887, -1.4452113, 0.177554
0.27066255, -1.450662, 0.23055847
0.25558883, -1.5472106, 0.2506532
0.42973912, -1.3477949, 0.17703304
0.250955, -1.3359419, 0.2258997
0.4515619, -1.5917922, 0.19657767
0.28821868, -1.3510451, 0.22615539
0.4904459, -1.5691004, 0.19514243
0.5266776, -1.4524925, 0.15841235
0.39253664, -1.5678089, 0.21622142
0.4732609, -1.4267639, 0.17755494
0.45176265, -1.5699215, 0.21107079
0.6309457, -1.449395, 0.15419519
0.3737245, -1.5104867, 0.21687873
0.4531174, -1.2296153, 0.1562944
0.48781526, -1.6092846, 0.20953947
0.54988724, -1.3501898, 0.1557486
0.20939845, -1.4113125, 0.24551427
0.45139673, -1.2682002, 0.15707488
0.40905863, -1.589885, 0.22729859
0.5292629, -1.3497586, 0.16775876
0.39300948, -1.6701102, 0.23476316
0.29196692, -1.4294037, 0.21417227
0.3311662, -1.450452, 0.21354213
0.4604492, -1.5104154, 0.17999133
0.5705165, -1.5288718, 0.17406458
0.55194104, -1.5087944, 0.17506509
0.4294825, -1.5488673, 0.21179138
0.29342562, -1.4103426, 0.21337335
0.3890644, -1.5491923, 0.22627181
0.38759062, -1.3715825, 0.20480926
0.34775096, -1.5872495, 0.24676104
0.3882567, -1.5901518, 0.23092024
0.33503628, -1.3495222, 0.19396509
0.35094872, -1.5447114, 0.21747158
0.4296582, -1.4679737, 0.19291332
0.20913546, -1.3873225, 0.23397373
0.37477446, -1.5481793, 0.21637033
0.23170643, -1.4501919, 0.23570557
0.2310239, -1.3494515, 0.22624792
0.24953292, -1.4307466, 0.24359404
0.57016265, -1.3498622, 0.15282847
0.24958076, -1.3517802, 0.22782205
0.45094213, -1.4095398, 0.1778234
0.42985675, -1.5901954, 0.21348792
0.575176, -1.4816079, 0.15963213
0.43538126, -1.3988389, 0.17480555
0.5308141, -1.5084333, 0.17611687
0.37360194, -1.4076688, 0.19542141
0.34836626, -1.392774, 0.19670297
0.4722028, -1.3022999, 0.15855862
0.5299585, -1.5891433, 0.19284686
0.5518734, -1.5500637, 0.19019975
0.33049583, -1.2880169, 0.19339561
0.50950927, -1.2540928, 0.15182833
0.65083116, -1.5088831, 0.16717507
0.27107164, -1.4732238, 0.2326266
0.5319718, -1.4890777, 0.17424634
0.5939999, -1.469025, 0.15781234
0.33079955, -1.5495791, 0.23049891
0.25141856, -1.4506974, 0.23014686
0.5678014, -1.4533455, 0.15859048
0.6486718, -1.4713718, 0.16594419
0.4080541, -1.3717277, 0.17731443
0.56830955, -1.5879422, 0.1950636
0.26826647, -1.3705463, 0.22585966
0.5295385, -1.2911674, 0.15164295
0.5903269, -1.4499718, 0.16944629
0.5684293, -1.4700974, 0.18318406
0.22982574, -1.453111, 0.2480207
0.33444718, -1.5889223, 0.23422447
0.66839945, -1.489575, 0.15232183
0.5280971, -1.3112205, 0.15379371
0.3697545, -1.6297088, 0.24532436
0.36872134, -1.6088256, 0.23284304
0.49894515, -1.3441283, 0.15861285
0.42927384, -1.2889938, 0.1827287
0.2312044, -1.4112376, 0.24598938
0.27081877, -1.5136884, 0.24844946
0.34361312, -1.4108787, 0.22443998
0.39100614, -1.6096591, 0.22938836
0.19120164, -1.4527332, 0.25039217
0.39092767, -1.4710675, 0.20970596
0.38990617, -1.5284348, 0.22761574
0.38992175, -1.2501118, 0.17539042
0.44882685, -1.6480163, 0.23130861
0.4283384, -1.227785, 0.15665159
0.3314901, -1.6290588, 0.25083083
0.64579976, -1.4909495, 0.16534764
0.63031363, -1.4702828, 0.15586029
0.4732195, -1.3320863, 0.1838984
0.4909942, -1.5695521, 0.20951125
0.59154016, -1.5281491, 0.17203699
0.5092645, -1.43109, 0.18446347
0.36832693, -1.5889491, 0.24555914
0.28838682, -1.4484373, 0.22779667
0.39004675, -1.5306987, 0.21274379
0.44639373, -1.4331018, 0.20281735
0.4685133, -1.1906562, 0.14773245
0.5119696, -1.533047, 0.17857642
0.3916727, -1.4924767, 0.22295907
0.30236065, -1.3476145, 0.19704324
0.33084095, -1.3299781, 0.19505686
0.19051212, -1.428817, 0.24831608
0.2688378, -1.4525768, 0.24850413
0.45588434, -1.2849674, 0.15788196
0.21257553, -1.4293865, 0.24590725
0.43866912, -1.524605, 0.1939358
0.39051864, -1.4682183, 0.19739892
0.33000773, -1.4885017, 0.22853461
0.3113216, -1.5721966, 0.25019246
0.49844256, -1.607905, 0.19775474
0.27014872, -1.5302904, 0.24914418
0.45106936, -1.5273544, 0.21018712
0.41212115, -1.2258656, 0.15613833
0.52488726, -1.4143746, 0.18258029
0.38613158, -1.2312273, 0.18463986
0.23044077, -1.4870528, 0.24993102
0.48802003, -1.2310894, 0.15140101
0.27325457, -1.3892374, 0.21756847
0.62757725, -1.4114075, 0.15310223
0.58841664, -1.4904994, 0.18391423
0.23129307, -1.4320648, 0.23404416
0.48971137, -1.3509191, 0.18169495
0.31196463, -1.3907144, 0.22332758
0.58885753, -1.4739406, 0.18264098
0.48806414, -1.5905324, 0.20973332
0.65064025, -1.507255, 0.1500859
0.5359501, -1.2697113, 0.13526289
0.31651452, -1.4870282, 0.21486756
0.34932515, -1.2911016, 0.19164501
0.4509871, -1.454064, 0.20410287
0.30629477, -1.3738447, 0.22311683
0.37072894, -1.6267225, 0.23246087
0.3291069, -1.6079534, 0.24987924
0.21287084, -1.3531114, 0.22789918
0.55516696, -1.4473752, 0.15893278
0.6079143, -1.5260053, 0.17181876
0.31097767, -1.5891552, 0.24912567
0.40660015, -1.2521856, 0.18201345
0.32954347, -1.4904846, 0.21630123
0.34650776, -1.4317784, 0.22409083
0.4077765, -1.5069432, 0.19956987
0.632793, -1.4886005, 0.1682234
0.2524455, -1.3866125, 0.2182025
0.39070436, -1.353, 0.20223887
0.15244251, -1.4101295, 0.24726254
0.47097722, -1.2890664, 0.15824768
0.23388131, -1.402242, 0.21752542
0.25033912, -1.4882193, 0.23326097
0.3286711, -1.5115955, 0.24461874
0.31131583, -1.4683912, 0.21818511
0.3082977, -1.5314817, 0.24720657
0.27164567, -1.4099802, 0.21587774
0.29355213, -1.4703785, 0.2145134
0.32776353, -1.5320021, 0.24615513
0.275449, -1.4675155, 0.21856757
0.2913465, -1.5309633, 0.2473271
0.3786564, -1.4708692, 0.19697511
0.35020974, -1.5094502, 0.24257912
0.49470508, -1.4932876, 0.17695604
0.22532251, -1.3725822, 0.24387068
0.4884339, -1.249436, 0.15276992
0.5665137, -1.4539522, 0.18222277
0.49277806, -1.5324255, 0.17720251
0.40663844, -1.3512563, 0.20173767
0.48971575, -1.4718472, 0.2027698
0.20628974, -1.4692534, 0.2628102
0.2692437, -1.3312827, 0.22392039
0.23025338, -1.3687816, 0.22974482
0.23492521, -1.5294235, 0.24683397
0.21512325, -1.4722453, 0.23528764
0.19333638, -1.4480746, 0.23546952
0.5100749, -1.5691164, 0.1933976
0.30986485, -1.5111581, 0.24555671
0.22799665, -1.3914642, 0.24414457
0.46610424, -1.4547743, 0.20366915
0.4870464, -1.2119561, 0.13707475
0.46534455, -1.572254, 0.22354752
0.18936995, -1.391416, 0.24619085
0.24321496, -1.413058, 0.24546966
0.4932039, -1.551129, 0.19392623
0.46650606, -1.2323753, 0.16359967
0.37279046, -1.5688887, 0.21615869
0.58826745, -1.3681809, 0.13942836
0.2590376, -1.402769, 0.21802345
0.48688617, -1.4482224, 0.20422883
0.46526894, -1.5288315, 0.22359872
0.49333724, -1.5032984, 0.17776872
0.3074596, -1.4752758, 0.24452072
0.38890764, -1.3732945, 0.17964436
0.4080399, -1.3672221, 0.20275079
0.28429502, -1.3295525, 0.22476009
0.21309596, -1.4875118, 0.25035363
0.3535157, -1.3171549, 0.17807344
0.52875775, -1.5105246, 0.20312074
0.55661, -1.4263617, 0.15949455
0.4935894, -1.5884557, 0.19682392
0.46831194, -1.212081, 0.15160775
0.3796302, -1.4824038, 0.19819938
0.35532102, -1.6663537, 0.24701834
0.4514593, -1.4493399, 0.1752993
0.29736874, -1.505877, 0.21937041
0.14934927, -1.427579, 0.24723832
0.50926244, -1.6268044, 0.21266223
0.17428076, -1.3922979, 0.24867505
0.40817195, -1.6690428, 0.23051304
0.17031206, -1.4106787, 0.26281244
0.31297958, -1.5736196, 0.23502432
0.33838218, -1.4062402, 0.196804
0.33802214, -1.3933709, 0.19921185
0.52901226, -1.549662, 0.20547879
0.39181697, -1.4522258, 0.19461322
0.35099608, -1.2944243, 0.20273131
0.36939493, -1.4518349, 0.2237788
0.36687484, -1.3109462, 0.20330623
0.40684903, -1.2074519, 0.1561348
0.3930888, -1.328533, 0.17850487
0.42981416, -1.3903677, 0.20098336
0.36884272, -1.235691, 0.18586738
0.40646467, -1.685919, 0.22963786
0.43351513, -1.6248928, 0.21518828
0.42639133, -1.5324723, 0.22321743
0.29120559, -1.4840207, 0.21795776
0.17112775, -1.4271815, 0.2494514
0.57312775, -1.5491142, 0.17416696
0.5372417, -1.4133906, 0.15843776
0.26615033, -1.4449027, 0.21781075
0.46868855, -1.629536, 0.22832929
0.5495066, -1.2881191, 0.14996222
0.27131152, -1.5670133, 0.2507435
0.5902928, -1.3702992, 0.15212369
0.3497756, -1.2699726, 0.18980266
0.45019558, -1.5883659, 0.22561432
0.48903382, -1.5080837, 0.20429373
0.38756457, -1.6163274, 0.21764188
0.4450022, -1.4161122, 0.20170562
0.40970695, -1.5898097, 0.21412274
0.38991812, -1.5713171, 0.2422737
0.40613538, -1.5897214, 0.2417916
0.4639783, -1.43055, 0.20106316
0.46602836, -1.3097736, 0.1815233
0.27020708, -1.5418804, 0.26328495
0.17282388, -1.4523985, 0.25019336
0.45159602, -1.4620082, 0.17831683
0.32788908, -1.5704288, 0.24923193
0.5084922, -1.5112104, 0.20436816
0.30944198, -1.5993475, 0.26174682
0.46869737, -1.6485994, 0.22986233
0.3430817, -1.2748482, 0.2016277
0.45591128, -1.2636429, 0.18079612
0.4293168, -1.6666753, 0.23056002
0.43231487, -1.4793929, 0.22107147
0.34042695, -1.4948752, 0.24120742
0.21383584, -1.4551291, 0.23365833
0.49043578, -1.4891572, 0.20413117
0.4076057, -1.4909227, 0.22246118
