-0.22879243, -1.4486604, 0.20674516
-0.21432577, -1.4443383, 0.21361282
-0.2146729, -1.4481345, 0.2779466
-0.2745584, -1.4886429, 0.25065285
-0.20907831, -1.4286449, 0.22638987
-0.25114822, -1.4666657, 0.2505333
-0.21733697, -1.4461342, 0.17192763
-0.19014907, -1.4259378, 0.2109059
-0.1896134, -1.4268737, 0.22898148
-0.23417263, -1.4634227, 0.17081246
-0.20792268, -1.4282748, 0.30724046
-0.17251605, -1.4072896, 0.22870032
-0.2062616, -1.4331251, 0.13159886
-0.23672345, -1.462771, 0.14826925
-0.20953766, -1.4303573, 0.15534784
-0.25129738, -1.4706792, 0.12751567
-0.15217851, -1.3879246, 0.23234609
-0.18780443, -1.4101777, 0.32597998
-0.2328028, -1.4507654, 0.32982716
-0.1521474, -1.3951131, 0.20782267
-0.26591438, -1.4851837, 0.13297908
-0.27099106, -1.488728, 0.111950636
-0.15096666, -1.3913714, 0.13166608
-0.22668728, -1.4498544, 0.09571896
-0.25115263, -1.4708366, 0.30951187
-0.12996945, -1.3702576, 0.16608144
-0.18972522, -1.426383, 0.06805969
-0.17140663, -1.4118409, 0.27029264
-0.18838835, -1.412316, 0.17054158
-0.19220732, -1.4300475, 0.31036523
-0.23172858, -1.4505202, 0.2709383
-0.18787135, -1.411849, 0.3874291
-0.16792297, -1.4097253, 0.18784435
-0.19497272, -1.4300971, 0.13674226
-0.12664108, -1.3680594, 0.108037405
-0.21366778, -1.432891, 0.20796874
-0.1274307, -1.3704219, 0.3087573
-0.2530882, -1.4691763, 0.287396
-0.26885206, -1.4873749, 0.26823008
-0.17112114, -1.4081205, 0.36909086
-0.22847822, -1.449424, 0.31430924
-0.19014089, -1.414539, 0.08631305
-0.12664172, -1.3692828, 0.33197013
-0.15129006, -1.3901378, 0.2527949
-0.25135103, -1.4706305, 0.088983186
-0.1699247, -1.4021907, 0.12805502
-0.15105471, -1.3901519, 0.14852694
-0.16889039, -1.3930887, 0.34675843
-0.21139234, -1.444245, 0.30807373
-0.23431394, -1.4501365, 0.13149422
-0.21620858, -1.446014, 0.12914996
-0.21271572, -1.4448494, 0.2941459
-0.26906973, -1.4878963, 0.07508467
-0.23783134, -1.4659582, 0.19014831
-0.18898103, -1.4243592, 0.26495576
-0.25782955, -1.4828283, 0.32913426
-0.21351753, -1.4319752, 0.27564558
-0.20907761, -1.4289027, 0.35036397
-0.26545268, -1.4891862, 0.32839614
-0.19057024, -1.4073948, 0.07302945
-0.13487709, -1.3848199, 0.1671401
-0.2117629, -1.428494, 0.2884073
-0.14639473, -1.3880965, 0.27014524
-0.16809916, -1.4077716, 0.24988782
-0.21085802, -1.4272821, 0.24375595
-0.20851322, -1.4320513, 0.19055277
-0.15293965, -1.3876778, 0.37031454
-0.16531187, -1.3869002, 0.13213098
-0.24720986, -1.4691, 0.34973675
-0.14894746, -1.3919829, 0.3912385
-0.21172115, -1.4448509, 0.331406
-0.22648253, -1.4537916, 0.11286764
-0.15253463, -1.389463, 0.28839108
-0.19251321, -1.427678, 0.3682266
-0.15168782, -1.3889372, 0.10905688
-0.22746485, -1.4562329, 0.16899164
-0.24824454, -1.4700792, 0.2715041
-0.15024024, -1.3901119, 0.1708194
-0.23851874, -1.4619197, 0.1319892
-0.16932148, -1.3888907, 0.11241376
-0.16831155, -1.4051685, 0.15218912
-0.18458135, -1.414061, 0.13181919
-0.21211822, -1.4456189, 0.15652387
-0.26655096, -1.4893649, 0.14921083
-0.1479495, -1.3915193, 0.33047742
-0.22954796, -1.4467459, 0.19090234
-0.18909064, -1.4079452, 0.22821896
-0.27203864, -1.486507, 0.21052651
-0.14878994, -1.3869212, 0.0938176
-0.17799018, -1.4256395, 0.3533851
-0.19138275, -1.4295039, 0.16662475
-0.24702752, -1.4736842, 0.15208828
-0.21448445, -1.4454191, 0.108202726
-0.21084891, -1.4440433, 0.2248406
-0.25977153, -1.4825569, 0.077521615
-0.2330412, -1.4645164, 0.22830929
-0.2316402, -1.4502714, 0.04936628
-0.16593117, -1.407751, 0.38742033
-0.18682498, -1.4102286, 0.26975992
-0.13191836, -1.3689873, 0.29464316
-0.25625822, -1.4832393, 0.34223828
-0.20908658, -1.4339871, 0.11317396
-0.21014114, -1.4314872, 0.41042987
-0.23125635, -1.4626977, 0.29199085
-0.12737042, -1.3660172, 0.36722705
-0.25048357, -1.4760997, 0.21092695
-0.22916377, -1.4516162, 0.36785272
-0.20648268, -1.4325603, 0.08795658
-0.23734772, -1.4697773, 0.27224448
-0.25141826, -1.456826, 0.29334575
-0.2087069, -1.4288859, 0.3326228
-0.19219556, -1.4295777, 0.41247734
-0.23633267, -1.4602863, 0.05404851
-0.26662898, -1.4903228, 0.28711537
-0.2651775, -1.4841985, 0.1884869
-0.24596994, -1.469207, 0.11104068
-0.16885103, -1.4109503, 0.34637642
-0.12870616, -1.3705103, 0.27607322
-0.25160024, -1.4707576, 0.19289248
-0.16548207, -1.4076772, 0.3138292
-0.16896954, -1.4083772, 0.10843095
-0.18859732, -1.4121069, 0.4097491
-0.14781018, -1.3728187, 0.17155607
-0.23330238, -1.4598272, 0.25550112
-0.2520044, -1.4638823, 0.3630774
-0.25371775, -1.4576524, 0.22953546
-0.27270302, -1.47278, 0.23593234
-0.27250215, -1.4858038, 0.37243435
-0.26880825, -1.4703401, 0.30933586
-0.22912008, -1.4468105, 0.35592872
-0.20906554, -1.4450784, 0.34600297
-0.19515909, -1.4298607, 0.24915344
-0.27304804, -1.4734771, 0.2918982
-0.23591454, -1.4639759, 0.3658321
-0.2306109, -1.4478958, 0.1545573
-0.26653236, -1.4891846, 0.4110727
-0.22924961, -1.4513085, 0.28747728
-0.28573015, -1.4908676, 0.20422776
-0.20889175, -1.4339216, 0.16901346
-0.2855267, -1.4956523, 0.3494664
-0.1697171, -1.389091, 0.08901559
-0.21508399, -1.4486519, 0.2522056
-0.19046034, -1.4273183, 0.14886518
-0.16934888, -1.3920894, 0.29188263
-0.16927749, -1.3895646, 0.19005391
-0.24665399, -1.4525205, 0.34855202
-0.2337286, -1.4645704, 0.11436834
-0.15663077, -1.4017274, 0.26710406
-0.27048, -1.4694699, 0.15359816
-0.16515306, -1.3854496, 0.21261686
-0.22363181, -1.4327339, 0.14849861
-0.24450749, -1.4479537, 0.11156401
-0.16753237, -1.4031928, 0.06791437
-0.18980955, -1.4070015, 0.18877304
-0.16870978, -1.393049, 0.22905679
-0.16598779, -1.4085925, 0.2870939
-0.24956767, -1.4504462, 0.25185
-0.13493961, -1.388657, 0.35454893
-0.17201643, -1.38919, 0.05186748
-0.2533031, -1.4670808, 0.38306087
-0.25200117, -1.4816556, 0.22931008
-0.17013252, -1.4095055, 0.21373701
-0.1907661, -1.4079125, 0.027171953
-0.1495106, -1.3759793, 0.090331085
-0.14746277, -1.374753, 0.28309226
-0.23024578, -1.4519098, 0.41313615
-0.1936441, -1.430002, 0.08823047
-0.18088244, -1.3984232, 0.26870143
-0.27505833, -1.4712152, 0.11079027
-0.15095465, -1.3725066, 0.27288994
-0.2946812, -1.5116681, 0.16947004
-0.18003692, -1.3993537, 0.10422062
-0.28344592, -1.4864364, 0.11907067
-0.2504088, -1.4529535, 0.33315343
-0.28996184, -1.5085177, 0.10533993
-0.26487345, -1.4742658, 0.41070914
-0.24857464, -1.4596044, 0.13252527
-0.2936616, -1.506923, 0.22934625
-0.22405851, -1.4302181, 0.33957347
