0.63406336, -0.7354187, 0.026533844
0.6312989, -0.69229937, 0.02318136
0.6593238, -0.7740464, 0.028654054
0.6352574, -0.7404673, 0.027109368
0.64336586, -0.7513145, 0.026246842
0.60010445, -0.7020795, 0.039376803
0.6282716, -0.7076551, 0.022268794
0.6531755, -0.6865867, 0.013695496
0.58508795, -0.6749422, 0.025076684
0.65047103, -0.72770417, 0.015098647
0.6515814, -0.6694598, 0.012360025
0.6381704, -0.7269072, 0.015457378
0.6502036, -0.74123985, 0.014399164
0.67814887, -0.7773704, 0.025778385
0.66880715, -0.75198674, 0.011551431
0.6922243, -0.79144627, 0.011694402
0.6897024, -0.66835433, 0.010593036
0.56624776, -0.643029, 0.024917908
0.6940622, -0.80549973, 0.015279855
0.70916283, -0.7893223, 0.0120996395
0.7032659, -0.788218, 0.02592818
0.7118418, -0.82965165, 0.022131495
0.71210605, -0.8255339, 0.0133728
0.71014786, -0.8066152, 0.013629347
0.71512777, -0.8143611, -0.0044105514
0.6897114, -0.629435, 0.010920684
0.6093846, -0.6297207, 0.008892627
0.7342983, -0.8312148, 0.012268119
0.73667884, -0.86119515, 0.010486956
0.59344465, -0.650335, 0.012652148
0.7690551, -0.8887073, 0.00931098
0.77240825, -0.8692518, 0.0126213245
0.57243615, -0.64915633, 0.015056278
0.791472, -0.9123096, 0.011203942
0.80541086, -0.88947004, 0.010098458
0.8101834, -0.909735, 0.012408395
0.78987616, -0.8520604, -0.0013194074
0.810683, -0.8860761, -0.004668847
0.7667508, -0.90322423, 0.020433728
0.79233634, -0.89224625, 0.007932259
0.8086838, -0.87284756, -0.0040585785
0.77490675, -0.9087057, 0.014723998
0.8086883, -0.93369853, 0.025043719
0.81407505, -0.931578, -0.00538189
0.790744, -0.9283131, 0.0156722
0.8083381, -0.92786074, 0.010514761
0.8253844, -0.8907031, -0.003779158
0.84976345, -0.94618285, 0.010749195
0.84987193, -0.931656, -0.0051368964
0.8883801, -0.95038646, 0.010988499
0.8759805, -0.9962569, 0.019495703
0.8912499, -0.96875477, 0.011698299
0.9307395, -0.9506219, -0.005189501
