0.39002004, -1.9743904, 0.41372284
0.4071362, -2.0089421, 0.4154637
0.34654975, -1.9704545, 0.41634533
0.38888842, -1.9888841, 0.40909114
0.38412398, -1.988234, 0.42267066
0.37079963, -2.0312376, 0.4151547
0.32974204, -1.9922017, 0.42386276
0.3278873, -1.9878087, 0.41361457
0.3690824, -2.0520406, 0.41562107
0.35249802, -2.0321884, 0.4081646
0.3690588, -2.0536168, 0.42530638
0.35169464, -2.0726304, 0.42309666
0.32909808, -2.031497, 0.42471588
0.32450825, -2.0498085, 0.41689944
0.34806892, -2.049958, 0.41463757
0.3086408, -2.0267313, 0.42287102
0.28625998, -2.0069003, 0.4229496
0.34880897, -2.0926404, 0.4141557
0.30960363, -2.052215, 0.41367456
0.3330141, -2.092704, 0.41321197
0.30615124, -2.0924952, 0.42536253
0.30876502, -2.0729253, 0.41124493
0.34750217, -2.1118321, 0.41759837
0.3082826, -2.0721817, 0.4246371
0.25114736, -2.0279603, 0.41179764
0.34743923, -2.0710812, 0.4125751
0.30387178, -2.1278794, 0.4156292
0.36924937, -2.0709743, 0.42523667
0.29011375, -2.071129, 0.41383603
0.39422542, -2.0490763, 0.41521242
0.2894368, -2.0498564, 0.41722265
0.27279496, -2.1095822, 0.41503167
0.3686888, -2.069082, 0.41221258
0.3100899, -1.9729679, 0.42316344
0.3092335, -2.0908375, 0.413534
0.31117517, -1.9683021, 0.41217312
0.40708485, -2.030499, 0.41579717
0.30970022, -2.0283656, 0.41419554
0.27142674, -2.0325341, 0.4119055
0.27443156, -2.0506203, 0.4166023
0.37337092, -2.0316932, 0.4239239
0.3506407, -2.029808, 0.42501414
0.2941913, -2.1284816, 0.42210656
0.290905, -2.0720525, 0.4259771
0.2920278, -2.0096092, 0.41464102
0.2866026, -2.0910547, 0.42374825
0.4114402, -2.0469184, 0.41349736
0.28983197, -2.028075, 0.42483026
0.39062196, -2.0296776, 0.41554877
0.32642877, -2.0251014, 0.41728917
0.2897649, -2.0448341, 0.4249426
0.369913, -2.0096343, 0.42613703
0.3332835, -2.0678144, 0.42806402
0.30929837, -2.1080785, 0.41628277
0.39046037, -2.0114849, 0.41187474
0.30942857, -2.046926, 0.42415112
0.3486549, -1.9916604, 0.4138685
0.41378853, -2.0709567, 0.41207552
0.32941914, -2.0713181, 0.41049582
0.307968, -2.111425, 0.4235206
0.3507852, -1.9717361, 0.42253464
0.30817765, -1.9913961, 0.41261753
0.27320814, -2.0515184, 0.42372915
0.3123275, -2.0087912, 0.42481136
0.3310969, -2.011624, 0.41332507
0.32802147, -2.1077802, 0.42211995
0.28639665, -2.107329, 0.4240488
0.26781788, -2.0711632, 0.4149984
0.23204693, -2.0459623, 0.4234685
0.3491013, -2.0114048, 0.42491192
0.3372666, -2.053149, 0.42144224
0.2703557, -2.085344, 0.42953342
0.36965626, -1.991173, 0.42476648
0.34799945, -1.948336, 0.40923452
0.36979255, -2.092553, 0.4100616
0.33036017, -1.9571683, 0.4218933
0.33040774, -2.0922596, 0.42217794
0.33106887, -2.1250963, 0.4224752
0.40180165, -2.0248735, 0.4207578
0.40342036, -2.0119753, 0.42178375
