2.4089346, -3.9362783, 2.0489497
2.3403673, -3.978326, 2.0224743
2.3294213, -3.9689734, 2.0106857
2.3278673, -3.9700344, 2.0289836
2.338696, -3.9729576, 1.9893818
2.333613, -3.9718454, 2.0660121
2.321405, -3.998355, 2.00421
2.3965282, -3.920788, 1.9740585
2.3167362, -3.9894261, 1.9851049
2.3169687, -3.9888008, 1.9668674
2.367026, -3.9411738, 2.041551
2.3371096, -3.970437, 1.9488497
2.3720877, -3.946557, 1.9876385
2.3785079, -3.9549801, 1.9703676
2.331738, -3.9702678, 2.0480707
2.3261352, -3.981967, 2.0848289
2.3125045, -3.9870293, 2.0553122
2.3726785, -3.9456916, 1.933059
2.2864459, -4.0075603, 1.9907947
2.2854528, -4.0068045, 2.0271306
2.2920551, -4.015235, 1.9551895
2.2830746, -4.0262475, 1.9860016
2.2762322, -4.0147843, 1.9665934
2.2873895, -4.011566, 1.9718966
2.2867205, -4.011592, 2.0083194
2.292308, -4.015244, 1.9369813
2.3411918, -3.9746788, 1.912965
2.3320277, -3.9893308, 2.0673962
2.28853, -4.0043063, 2.0692754
2.2732818, -4.0180917, 2.0761003
2.2890432, -4.004424, 2.0510485
2.2759328, -4.0170817, 2.03528
2.276331, -4.024891, 2.0237727
2.2484112, -4.0376654, 1.9717321
2.2493987, -4.0356154, 2.0110507
2.2472243, -4.0364957, 1.9898044
2.2486615, -4.036159, 2.0475674
2.274701, -4.016511, 2.0534108
2.2544503, -4.046284, 1.9544017
2.3110747, -3.9860418, 2.0756779
2.2959092, -4.025142, 2.0838428
2.2525725, -4.0479736, 2.082548
2.2221386, -4.0545335, 1.9479177
2.2216146, -4.0554295, 1.9661419
2.1876636, -4.084915, 1.9299285
2.1671708, -4.08945, 2.0541437
2.1777163, -4.098079, 1.9336646
2.169747, -4.0889945, 1.9873365
2.3926678, -3.9145257, 2.009703
2.2834444, -4.022258, 1.9494643
2.3270726, -3.982752, 1.9389971
2.394733, -3.916956, 2.028198
2.397215, -3.9286268, 1.9136114
2.3689518, -3.9433012, 2.023627
2.3894274, -3.9190392, 1.9670496
2.2539222, -4.044817, 1.9360403
2.3297477, -3.968269, 1.9716935
2.2966585, -3.993969, 2.0098443
2.3929763, -3.9243197, 1.9857755
2.3021626, -4.002625, 2.047379
2.3952477, -3.9282315, 2.0226147
2.3924406, -3.9249468, 2.049508
2.3706844, -3.9471602, 2.069679
2.303733, -4.0051975, 2.0660057
2.4293911, -3.9034286, 2.0248947
2.3944695, -3.9252236, 1.9314275
2.3947208, -3.927114, 2.004277
2.3119912, -4.0159955, 1.9575448
2.302599, -4.0032535, 1.935317
2.1838112, -4.085706, 1.98801
2.3040056, -4.011089, 2.0061758
2.2919858, -3.99562, 2.0407047
2.3019342, -4.009142, 2.024179
2.300427, -4.0047407, 1.9872432
2.255846, -4.0143175, 2.099791
2.19852, -4.079224, 2.0915856
2.3493304, -3.9531841, 1.985196
2.2584803, -4.015919, 2.0089507
2.205489, -4.075272, 1.9455032
2.3254533, -3.9233754, 2.089988
2.3568952, -3.9632282, 1.9681308
2.3465521, -3.9828298, 2.0860395
2.3557987, -3.960342, 1.9315069
2.4095674, -3.904632, 2.0711002
2.3481522, -3.9548836, 2.0763085
2.2169836, -4.0585732, 2.0755827
2.4188428, -3.908636, 2.0123303
2.199414, -4.078756, 2.073273
2.3461323, -3.9499946, 2.0211136
2.2642267, -4.025614, 2.0465608
2.4213264, -3.9126596, 1.9945686
2.2705944, -4.0338354, 1.9927707
2.3960037, -3.9225926, 2.0695887
2.2065196, -4.0787277, 1.9640151
2.2656631, -4.028279, 2.0651772
2.4093566, -3.9044533, 2.0482965
2.35364, -3.9619846, 2.0590441
2.20683, -4.0829186, 2.0008652
2.2032084, -4.08097, 2.0370855
2.2668724, -4.034574, 1.9519958
2.2012904, -4.0761075, 2.0182886
2.2670534, -4.0308733, 2.0838282
2.3499124, -3.9560246, 2.040044
2.2027977, -4.0692296, 1.9267975
2.186496, -4.0401435, 1.8882108
2.2534535, -4.0314584, 2.0746171
2.199193, -4.0765433, 2.054754
2.3429022, -3.9811466, 2.0045786
2.3514855, -3.956907, 2.0037816
2.4317434, -3.8963227, 1.9332116
2.2639644, -4.04032, 1.9846166
2.4105814, -3.9152503, 1.9860208
2.3315563, -3.9919128, 1.9766469
2.3244145, -3.981529, 1.9937378
2.429103, -3.8976288, 2.0519426
2.2618396, -4.0385118, 2.0026276
2.4141653, -3.9203997, 2.0048223
2.4287477, -3.8967793, 2.0040412
2.4118185, -3.9174538, 2.022687
2.3899744, -3.9112182, 1.991151
2.2235858, -4.0546923, 2.0452814
2.380676, -3.9464746, 1.976819
2.2235963, -4.0531206, 2.008627
2.376322, -3.9384043, 2.0853682
2.2244182, -4.055197, 2.027098
2.3216305, -3.994873, 2.0224972
2.207503, -4.0821157, 1.9825636
2.3196833, -3.991114, 2.003828
2.2264931, -4.0568414, 1.990826
2.2245817, -4.0586276, 2.100658
2.4319391, -3.902836, 1.9679016
2.3826504, -3.9408467, 2.0036747
2.425222, -3.8941598, 2.030531
2.2876568, -4.021397, 1.931996
2.276197, -4.007954, 1.9850912
2.2682261, -4.003283, 2.0934572
2.373851, -3.9305332, 2.0751681
2.382702, -3.9404383, 1.9854305
2.3866148, -3.946847, 2.0226262
2.280477, -4.020304, 2.077605
2.1857042, -4.0909867, 2.025082
2.2816033, -4.020774, 2.059411
2.4298906, -3.900738, 2.076996
2.3458543, -3.973144, 1.9554354
2.3166697, -3.9665723, 1.991653
2.265618, -4.0248184, 1.9371984
2.3124223, -3.9867716, 2.030138
2.1726518, -4.0953584, 2.0255442
2.3041475, -4.0060525, 2.0844386
2.4097924, -3.905673, 1.9711831
2.4268553, -3.8940892, 1.9855572
2.2814243, -3.998693, 2.0818763
2.4287117, -3.896315, 1.9495038
2.3893385, -3.918532, 1.9488813
2.296061, -3.992839, 1.9915262
2.448497, -3.8862166, 1.9501573
2.4125564, -3.8975487, 2.0838397
2.4511616, -3.8897717, 1.9687145
2.4461074, -3.8830652, 2.0498505
2.4451838, -3.8817983, 1.9315679
2.2713466, -4.042306, 1.9710166
2.443017, -3.8789096, 1.9131808
2.3750987, -3.9339144, 1.9528581
2.297767, -3.995857, 2.0282817
