0.41327882, -2.0215578, 0.12676747
0.41033518, -2.0267367, 0.050415266
0.42846978, -2.042292, 0.09781206
0.43275565, -2.0483289, 0.15306474
0.41059893, -2.0133772, 0.15245786
0.41531643, -2.0225043, 0.14940937
0.42951512, -2.0282516, 0.14630337
0.44837716, -2.0710678, 0.0945605
0.41794533, -2.0260172, 0.18634775
0.3946915, -1.9881877, 0.17050704
0.40570164, -1.9949903, 0.18932544
0.39085752, -1.9883811, 0.18443705
0.40860963, -2.0051804, 0.19154294
0.40866986, -2.0089126, 0.21324912
0.39231476, -1.9912921, 0.20949405
0.4176588, -2.0269368, 0.2274199
0.40730447, -2.008071, 0.23297073
0.37676215, -1.9701499, 0.20947677
0.37151173, -1.9701005, 0.088733725
0.4141562, -2.023486, 0.2515363
0.37340122, -1.9679105, 0.27232775
0.42936307, -2.0454597, 0.31053218
0.4091373, -2.027526, 0.30756626
0.43760762, -2.0653973, 0.26312864
0.35114112, -1.9341102, 0.33109054
0.3724789, -1.9716883, 0.34931788
0.3658632, -1.9474026, 0.34977674
0.41215065, -2.0310075, 0.084587656
0.43122092, -2.0489655, 0.18933615
0.39603648, -2.0081687, 0.25026685
0.41098052, -2.026979, 0.109546244
0.38820192, -1.9700139, 0.24496223
0.41859704, -2.0238671, 0.20899837
0.43580675, -2.055408, 0.34587657
0.44868743, -2.0698025, 0.15569212
0.3899799, -1.9731002, 0.210267
0.42664573, -2.033817, 0.08921479
0.39675143, -2.0090904, 0.14309719
0.42839086, -2.0333838, 0.12501763
0.39011148, -1.9890934, 0.14872569
0.43471467, -2.0498836, 0.07101444
0.41088492, -2.0138433, 0.17671101
0.4137822, -2.0293417, 0.065661006
0.36619356, -1.9469895, 0.19259584
0.40967485, -2.013103, 0.27305907
0.37424538, -1.9664152, 0.045463428
0.43850213, -2.0663922, 0.21293396
0.4334487, -2.0303357, 0.21322238
0.36721048, -1.9475523, 0.36969906
0.39755, -2.0219662, 0.10584276
0.40968144, -2.025537, 0.26805875
0.37758893, -1.9882464, 0.09764263
0.38908714, -1.9879377, 0.0719935
0.40559512, -2.0115886, 0.25218776
0.39177117, -2.013716, 0.32833883
0.36549014, -1.9515699, 0.20939364
0.4323312, -2.050074, 0.20933804
0.43858123, -2.0634415, 0.08261392
0.37414265, -1.9662125, 0.18995592
0.4130748, -2.0083737, 0.053473007
0.36625662, -1.950156, 0.33117017
0.37987363, -1.9819008, 0.034452613
0.39664072, -2.000418, 0.19904348
0.4343583, -2.0621269, 0.2829215
0.43432266, -2.0442443, 0.11306941
0.39918354, -2.0258355, 0.2720864
0.36955997, -1.9685223, 0.15070039
0.39500305, -2.0123975, 0.13977216
0.44926542, -2.0511525, 0.027405959
0.3959807, -2.0246947, 0.04876093
0.37568647, -1.9667677, 0.25075114
0.36965322, -1.9488525, 0.24920323
0.3677505, -1.9498109, 0.13297269
0.42930913, -2.0295954, 0.18629143
0.4074421, -2.0151436, 0.35598814
0.37646252, -1.9656218, 0.23355259
0.38810092, -1.9745078, 0.22572125
0.3917672, -1.9856676, 0.36598924
0.3898894, -1.9842898, 0.28365883
0.41099632, -2.026597, 0.32831886
0.37802467, -1.985694, 0.13056403
0.40634176, -2.0152278, 0.097239316
0.4378468, -2.0620658, 0.31369847
0.38535905, -1.9763753, 0.07361542
0.36913857, -1.9498389, 0.26829487
0.436448, -2.0565794, 0.3336727
0.45056856, -2.0701332, 0.27386835
0.4226574, -2.0297234, 0.36683518
0.45570916, -2.0578196, 0.18130311
0.36716652, -1.9562565, 0.30627468
0.44464236, -2.033217, 0.2684994
0.42868266, -2.015677, 0.23228608
0.46828887, -2.0852795, 0.21041809
0.38770047, -1.9931506, 0.2482602
0.44633684, -2.0741787, 0.07399826
