0.650111, -2.0101278, 0.16432409
0.64983445, -2.0488596, 0.15552558
0.6885618, -1.9465214, 0.17696954
0.6516522, -2.0705776, 0.15304476
0.6320778, -1.9693528, 0.17230055
0.632472, -1.9881194, 0.1685079
0.71102643, -1.9120663, 0.1918301
0.69030964, -1.9320729, 0.17853004
0.75217056, -1.8912393, 0.20530912
0.65004414, -1.949009, 0.1741097
0.63163406, -1.9494089, 0.17286721
0.7089045, -1.8882984, 0.195523
0.7274033, -1.8898255, 0.19612604
0.6906419, -1.9300561, 0.1884808
0.78817916, -1.8698152, 0.21070758
0.74992085, -1.8500745, 0.20778054
0.72856575, -1.8694743, 0.20335864
0.7686085, -1.8518416, 0.21076751
0.70855546, -1.8502942, 0.19600949
0.74987376, -1.8719199, 0.19781424
0.68898326, -1.8910357, 0.18984845
0.6725387, -1.8697611, 0.19211203
0.72787285, -1.8501714, 0.19723783
0.7099982, -1.8710073, 0.19528875
0.6721539, -1.8897097, 0.1880325
0.6894672, -1.8494346, 0.19465606
0.8031599, -1.8536462, 0.21359484
0.79084903, -1.8475665, 0.21253559
0.6484515, -1.9279836, 0.18221249
0.6471309, -1.9104098, 0.18348518
0.80956334, -1.8302196, 0.22372201
0.78838664, -1.8286086, 0.21779522
0.8111879, -1.830597, 0.21752739
0.76721895, -1.8302424, 0.21290886
0.772109, -1.8117028, 0.21556969
0.73071694, -1.8095157, 0.21054958
0.7885001, -1.8116827, 0.2153943
0.74951196, -1.8115425, 0.21203263
0.78953284, -1.8080605, 0.22441289
0.6926238, -1.809063, 0.20512773
0.6943866, -1.8259441, 0.20352264
0.6709258, -1.8513273, 0.1921081
0.670103, -1.8288649, 0.19312036
0.6687919, -1.8301978, 0.20218726
0.6857115, -1.8143673, 0.19673154
0.70922536, -1.810941, 0.20573586
0.6716782, -1.9111438, 0.18552986
0.64565504, -1.8944819, 0.17654537
0.6492386, -1.8735512, 0.18427637
0.63439965, -1.8500068, 0.18634099
0.6887864, -1.8312627, 0.19511859
0.70848584, -1.8331516, 0.19759455
0.74962324, -1.8289278, 0.21129714
0.6286154, -1.9076895, 0.17520677
0.6477972, -1.8724062, 0.17690386
0.66959125, -1.8118683, 0.1937906
0.6073239, -1.9316859, 0.1690602
0.61040425, -1.912122, 0.1703182
0.6315989, -1.9316823, 0.17240705
0.6071244, -1.8908447, 0.171772
0.62507355, -1.8668424, 0.17769398
0.8284379, -1.7903985, 0.23154846
0.7922942, -1.7892144, 0.22504047
0.77220666, -1.7890482, 0.225342
0.7683063, -1.7891558, 0.2152768
0.7324598, -1.8321358, 0.2070241
0.74851435, -1.7888808, 0.21660036
0.76296943, -1.7729836, 0.21567357
0.77038693, -1.7710099, 0.22521502
0.70825654, -1.7900175, 0.20949312
0.70588416, -1.7943829, 0.1991983
0.69222105, -1.7899351, 0.2055771
0.71116644, -1.8282956, 0.20511164
0.7295353, -1.7713279, 0.21363053
0.7105719, -1.7713461, 0.21015579
0.81093633, -1.7697268, 0.23086163
0.6518358, -1.7865126, 0.20477267
0.6695141, -1.7636048, 0.19910814
0.66853213, -1.7689279, 0.20687515
0.69196045, -1.7690625, 0.20806688
0.6309606, -1.8309449, 0.1874523
0.63137853, -1.8112416, 0.1907794
0.61360025, -1.8683026, 0.18330167
0.61173475, -1.8493574, 0.18544936
0.5892164, -1.833672, 0.17557737
0.58923227, -1.8525467, 0.17384961
0.5925248, -1.8491142, 0.18277328
0.6085341, -1.810725, 0.18614085
0.5895398, -1.8701571, 0.17300633
0.60923743, -1.8288856, 0.1873362
0.60573435, -1.8057529, 0.17904203
0.5907059, -1.9283726, 0.16693465
0.59186256, -1.9092762, 0.17030306
0.591373, -1.890716, 0.17152835
0.60957634, -1.9482299, 0.16892007
0.6515664, -1.7660805, 0.19622165
0.65379065, -1.7694669, 0.20785934
0.59104395, -1.9699042, 0.16523463
0.57347184, -1.9098885, 0.16742194
0.61153305, -1.9703714, 0.16642453
0.5907858, -1.9506222, 0.16595235
0.60294735, -1.9726566, 0.15826139
0.5659214, -1.8862941, 0.15808573
0.5688229, -1.8677124, 0.1688862
0.8105721, -1.7480285, 0.23255564
0.84999335, -1.7707392, 0.23373191
0.76555634, -1.7550925, 0.21879333
0.79061484, -1.749972, 0.23190822
0.770761, -1.7498302, 0.226386
0.75119966, -1.7477428, 0.22594331
0.74865603, -1.7526747, 0.2162186
0.7275797, -1.7506868, 0.21535721
0.78896046, -1.7290553, 0.23320864
0.7500426, -1.7309593, 0.22649646
0.7102981, -1.7492526, 0.21411514
0.73181343, -1.7307478, 0.22501084
0.7252636, -1.7305031, 0.21753845
0.68768686, -1.7901248, 0.19730401
0.6892354, -1.7496681, 0.21145561
0.66991377, -1.7494427, 0.20865351
0.7111028, -1.7302908, 0.21580607
0.6880059, -1.729636, 0.2153483
0.8335191, -1.7285675, 0.233778
0.8319192, -1.7285813, 0.24396987
0.80677545, -1.7298712, 0.23444025
0.62901664, -1.750364, 0.19436787
0.6522683, -1.7491668, 0.20512377
0.62967896, -1.769727, 0.19471273
0.6500278, -1.7527766, 0.19724777
0.60857105, -1.7682712, 0.19171935
0.609908, -1.791754, 0.18749131
0.62983835, -1.7484183, 0.20545325
0.6705982, -1.7288132, 0.21039654
0.65368915, -1.7291213, 0.20947526
0.65263325, -1.7336587, 0.19756462
0.72977394, -1.79052, 0.21219555
0.58966774, -1.8150322, 0.17563973
0.59015906, -1.7904366, 0.18691902
0.5878092, -1.79327, 0.17780739
0.6281702, -1.8914411, 0.17491074
0.549596, -1.8106551, 0.17338337
0.5481467, -1.8290218, 0.17113708
0.5515401, -1.8498949, 0.17097537
0.55284315, -1.8108155, 0.18429674
0.5664182, -1.7905676, 0.18594217
0.5666027, -1.8086354, 0.18574473
0.5675082, -1.788631, 0.17702043
0.5510712, -1.8709152, 0.16784734
0.59168583, -1.7706634, 0.19195513
0.5511511, -1.8888577, 0.16930076
0.551576, -1.9320589, 0.15451065
0.55039275, -1.9100224, 0.16433807
0.57473737, -1.9526424, 0.15491205
0.61127794, -1.987775, 0.16635852
0.62900245, -1.7287714, 0.20667496
0.6296939, -1.7262878, 0.19613445
0.60801375, -1.7512062, 0.19115841
0.5311889, -1.8869342, 0.16672751
0.5292915, -1.9266039, 0.15242034
0.52530503, -1.8915519, 0.1544068
0.52791804, -1.8666472, 0.16637482
0.52518034, -1.8719783, 0.15766054
0.52668315, -1.8544445, 0.15781619
0.5281156, -1.8489361, 0.1685204
0.77044654, -1.7098527, 0.23123842
0.75088125, -1.7096921, 0.22897074
0.73146904, -1.7098119, 0.227162
0.72759426, -1.7100735, 0.21619946
0.7101219, -1.7100419, 0.224911
0.7720151, -1.6891855, 0.23086528
0.7887551, -1.6907346, 0.2353125
0.7281795, -1.6910648, 0.22832632
0.6881746, -1.7108009, 0.2142754
0.70842427, -1.692554, 0.2163059
0.70715094, -1.6883187, 0.22540376
0.6702504, -1.709439, 0.21385555
0.6510517, -1.7103333, 0.20971274
0.6932405, -1.6906569, 0.22315401
0.6878537, -1.6889296, 0.21532099
0.6699865, -1.6882315, 0.21359466
0.6720829, -1.6927159, 0.22302255
0.6074255, -1.7306345, 0.19559278
0.63132894, -1.7072808, 0.19800222
0.61128473, -1.7090915, 0.20538847
0.59101325, -1.7296464, 0.19369534
0.6065576, -1.710113, 0.19577454
0.5703662, -1.7488685, 0.17851964
0.5688176, -1.7702779, 0.18736896
0.5683255, -1.750009, 0.18968353
0.6502967, -1.6907566, 0.21209422
0.6277334, -1.6879238, 0.20882691
0.55311126, -1.7902035, 0.17665216
0.5489282, -1.7869657, 0.18532191
0.5501892, -1.7671149, 0.18782088
0.5305246, -1.8305937, 0.17128304
0.5308934, -1.7930092, 0.17243
0.51001924, -1.848042, 0.16548643
0.5115254, -1.8293377, 0.1691139
0.5111411, -1.8110627, 0.16905844
0.5301859, -1.7715237, 0.1749938
0.51013756, -1.7915804, 0.17001064
0.50911856, -1.8720202, 0.15588528
0.55048615, -1.7511264, 0.18875909
0.5487595, -1.7514378, 0.17609516
0.5694894, -1.7306308, 0.19351901
0.6067418, -1.6887273, 0.19707538
0.5909849, -1.7083025, 0.19501872
0.48799196, -1.8689502, 0.15313728
0.49142888, -1.8489691, 0.16541436
0.49216598, -1.8302214, 0.16787794
0.79109323, -1.6684644, 0.23499732
0.78651524, -1.6695358, 0.24430893
0.7694813, -1.6703689, 0.23309456
0.7487994, -1.6705469, 0.23016277
0.751518, -1.6703471, 0.24461731
0.7314464, -1.6685677, 0.22805095
0.7065801, -1.7303768, 0.22344013
0.7080696, -1.674212, 0.2183995
0.7119979, -1.6703274, 0.22750671
0.6900515, -1.6703451, 0.21629556
0.68920165, -1.6691582, 0.22432375
0.7702864, -1.6488373, 0.23465744
0.7486439, -1.6505947, 0.23245095
0.7298174, -1.6483397, 0.23016669
0.669641, -1.665885, 0.22279455
0.66931033, -1.6705384, 0.2149061
0.69024837, -1.6495076, 0.22582883
0.650358, -1.6689513, 0.2132946
0.6273532, -1.6679863, 0.21166213
0.6703094, -1.648969, 0.2239746
0.669826, -1.6486413, 0.215059
0.6492496, -1.6491219, 0.21506535
0.56889653, -1.7077811, 0.20173056
0.5914525, -1.6873983, 0.20414864
0.5893982, -1.6924222, 0.19594684
0.5708288, -1.709835, 0.19523984
0.60894793, -1.6687202, 0.20787907
0.57008636, -1.6904237, 0.20279263
0.57046205, -1.6896492, 0.19413169
0.59098345, -1.6694895, 0.20649947
0.5486275, -1.7298791, 0.18995608
0.5456778, -1.7281767, 0.17738798
0.5278973, -1.732103, 0.17447373
0.53040975, -1.7312477, 0.18726169
0.5295873, -1.7507216, 0.17676182
0.6283285, -1.65149, 0.21116145
0.6092961, -1.6497062, 0.21065369
0.61003435, -1.642446, 0.19967933
0.5113705, -1.772156, 0.17093574
0.5096271, -1.7491482, 0.18737178
0.48998252, -1.7905426, 0.1696353
0.48886308, -1.7697189, 0.17025563
0.47131273, -1.8299938, 0.1569001
0.50597006, -1.7312388, 0.17348172
0.4884331, -1.749895, 0.17469463
0.51015776, -1.7310379, 0.18791428
0.47171327, -1.7689542, 0.15851654
0.4692254, -1.769505, 0.17066078
0.5315484, -1.7088896, 0.18895455
0.54949665, -1.6902065, 0.19311205
0.568705, -1.6692387, 0.19503622
0.5895273, -1.6475048, 0.20839305
0.5702281, -1.670137, 0.20424147
0.7491769, -1.6278019, 0.24248779
0.71171576, -1.6300128, 0.2301348
0.68894595, -1.6299295, 0.22802928
0.67102665, -1.6309041, 0.22615711
0.72919226, -1.61085, 0.23162153
0.71281815, -1.6102854, 0.24224418
0.6507133, -1.628195, 0.22407058
0.65279543, -1.6293291, 0.21522689
0.6894943, -1.6093023, 0.22988541
0.66990227, -1.6111823, 0.22617388
0.63001615, -1.6305423, 0.2131861
0.63396007, -1.6275635, 0.22194725
0.60069096, -1.6390076, 0.19950892
0.65032965, -1.6107917, 0.21743461
0.62970716, -1.6080183, 0.22493438
0.5508292, -1.6696754, 0.19346374
0.57119083, -1.6498381, 0.20696639
0.5895091, -1.6291801, 0.20850731
0.55107373, -1.6492009, 0.20507215
0.54953814, -1.6511246, 0.19470511
0.56964695, -1.6289523, 0.20753752
0.48835292, -1.7308182, 0.17478484
0.47013858, -1.7487657, 0.17051072
0.47385707, -1.7303319, 0.17142601
0.44761398, -1.7918626, 0.15605506
0.4510909, -1.7893784, 0.16648892
0.4314826, -1.789149, 0.15441182
0.46752664, -1.7119663, 0.17166483
0.44943634, -1.7288749, 0.16870232
0.50995624, -1.6709286, 0.19024877
0.7086713, -1.5915785, 0.23336917
0.6898143, -1.5698436, 0.23302066
0.62981755, -1.5878732, 0.22553165
0.64966124, -1.5702121, 0.23062474
0.61143035, -1.588264, 0.22571765
0.59093845, -1.5880785, 0.22316176
0.5292186, -1.6314216, 0.19248797
0.5306094, -1.6090834, 0.20706674
0.5103827, -1.6305993, 0.19050184
0.4690756, -1.6929067, 0.17582068
0.48482242, -1.6757798, 0.17484538
0.43778297, -1.7342492, 0.17000276
0.4111256, -1.785172, 0.15445448
0.6105759, -1.5500437, 0.22522368
0.63024783, -1.7891704, 0.19236939
0.5720987, -1.96878, 0.15466742
0.77164376, -1.7314789, 0.22746043
0.65216005, -2.0898921, 0.1509279
0.75117, -1.870293, 0.20401667
0.74785566, -1.772252, 0.21523787
0.6494285, -1.5870111, 0.22910531
0.7106589, -1.6095868, 0.2330199
0.81007046, -1.8089321, 0.2189073
0.66761553, -2.0075932, 0.1640886
0.5097859, -1.6888785, 0.18888521
0.45223284, -1.8115633, 0.16420923
0.4915464, -1.7281286, 0.18522023
0.7444608, -1.8502533, 0.19786447
0.7241547, -1.6922165, 0.21714266
0.6684977, -1.5302606, 0.23401026
0.57407737, -1.9316635, 0.16626477
0.7095508, -1.5708972, 0.2425852
0.5707135, -1.6092083, 0.20947179
0.7120796, -1.8496095, 0.20340653
0.70974815, -1.6497207, 0.2292388
0.6066383, -1.5897263, 0.21403061
0.63240033, -1.5930886, 0.2172337
0.6280124, -1.7105337, 0.20485951
0.7671708, -1.8696475, 0.20932102
0.6094551, -1.5698969, 0.21447773
0.43616092, -1.7502941, 0.15826456
0.80465966, -1.711689, 0.23524843
0.6915637, -1.5887761, 0.23204708
0.64707273, -1.8109723, 0.19056946
0.788806, -1.7108082, 0.23416974
0.75177824, -1.689044, 0.23115914
0.68997765, -1.5689476, 0.2423347
0.8295371, -1.7510941, 0.23107602
0.83106554, -1.8090957, 0.22832026
0.54890823, -1.9471512, 0.15522593
0.6548934, -1.953326, 0.18126859
0.85340947, -1.7719612, 0.24346961
0.59178114, -1.7099074, 0.2042574
0.45007434, -1.8299372, 0.15113792
0.73123294, -1.911612, 0.19275899
0.4885633, -1.7109461, 0.17553233
0.609251, -1.6886485, 0.2043289
0.6045059, -1.9914002, 0.15917394
0.66642994, -1.6292905, 0.21671732
0.5286972, -1.6503935, 0.19188602
0.56741035, -1.6512111, 0.19631019
0.6477206, -1.8293248, 0.19376725
0.8117686, -1.7885458, 0.22904506
0.8302551, -1.7687321, 0.23317775
0.7075872, -1.7103562, 0.21682434
0.82786703, -1.708884, 0.24414057
0.530645, -1.9102007, 0.15708765
0.64619213, -1.7884951, 0.19367614
0.45184135, -1.7697599, 0.16897799
0.65083, -1.8493534, 0.19056046
0.6895365, -1.5496707, 0.23329793
0.43354687, -1.7951354, 0.16551363
0.6817847, -1.7570826, 0.19979143
0.46862158, -1.8492156, 0.15391357
0.84745497, -1.7911105, 0.23298165
0.79155695, -1.7698106, 0.22735588
0.7075671, -1.8095692, 0.19883046
0.549541, -1.6103234, 0.20799723
0.6263357, -2.0348587, 0.15447617
0.61092377, -1.6303868, 0.21163578
0.8525911, -1.728406, 0.24329793
0.650148, -1.8897954, 0.18477185
0.76876354, -1.8892869, 0.20625907
0.58931977, -1.6105429, 0.21212971
0.46947083, -1.8096969, 0.16449662
0.79208094, -1.7428403, 0.21659105
0.5897235, -1.7518187, 0.19165023
0.6695394, -1.5894958, 0.23097576
0.84986174, -1.752007, 0.23575518
0.83141965, -1.8515103, 0.21632431
0.81062996, -1.7089595, 0.24390881
0.7313223, -1.6296864, 0.23319332
0.49361166, -1.8108147, 0.16936019
0.44887364, -1.7532754, 0.15759729
0.5307371, -1.7676959, 0.18386424
0.80955994, -1.6913838, 0.23431015
0.3853297, -1.7730042, 0.15153669
0.7095437, -1.9295051, 0.19007517
0.53124845, -1.6111627, 0.19523056
0.61173964, -1.5706418, 0.2253613
0.68950224, -1.5485549, 0.24386209
0.53271246, -1.7519037, 0.18562518
0.5336111, -1.6686577, 0.20272845
0.66655177, -1.6112244, 0.21755916
0.54878396, -1.8925622, 0.15443388
0.5098294, -1.710717, 0.1878895
0.6699827, -1.5296698, 0.24419552
0.57142234, -1.9458325, 0.16678493
0.56962514, -1.888584, 0.16954516
0.46875, -1.7512451, 0.15886311
0.5494236, -1.6316634, 0.19589025
0.74926656, -1.6108375, 0.24363795
0.65165955, -1.6077306, 0.22445981
0.52767545, -1.8095554, 0.17255919
0.52873003, -1.6704878, 0.19015783
0.5071093, -1.8897043, 0.15233052
0.56870157, -1.848826, 0.16978784
0.52713764, -1.6932802, 0.1780518
0.68873215, -1.871821, 0.19248739
0.46674258, -1.8119493, 0.15692478
0.50771904, -1.6887406, 0.17693947
0.6910702, -1.910882, 0.18795557
0.78789324, -1.8904037, 0.20524703
0.7302104, -1.7506808, 0.22388887
0.7674531, -1.6313565, 0.23353182
0.62410325, -1.6889341, 0.1993035
0.6310592, -1.6117271, 0.21371222
0.6077466, -1.8315083, 0.17696975
0.68873674, -1.6176589, 0.21929859
0.6718463, -1.7942603, 0.19479814
0.55299085, -1.7181833, 0.17842057
0.69155794, -1.7082111, 0.2239472
0.632058, -1.8708124, 0.18311268
0.64792466, -2.0131748, 0.15499426
0.53150225, -1.7120196, 0.17575076
0.44732115, -1.8113501, 0.15418042
0.86792976, -1.7929873, 0.23411912
0.56580734, -1.9306483, 0.15776217
0.60815656, -1.8489804, 0.17487365
0.6491513, -1.5285965, 0.23145904
0.5923272, -1.6543636, 0.19784217
0.47464257, -1.7894031, 0.15814875
0.8102339, -1.7302481, 0.24280868
0.81149757, -1.8101143, 0.22619739
0.76072437, -1.8574296, 0.19607225
0.5466103, -1.77183, 0.1757495
0.7109755, -1.5873238, 0.2435932
0.6455256, -1.9321162, 0.17331868
0.4900245, -1.8333237, 0.15761071
0.6707841, -1.9313078, 0.18284108
0.76698875, -1.6304783, 0.2426412
0.5902999, -1.6696306, 0.19516517
0.6531801, -1.6476717, 0.22338922
0.6099575, -1.6120843, 0.21213885
0.5094389, -1.7523526, 0.17464861
0.5661571, -1.831146, 0.17412256
0.6490332, -2.0314286, 0.15150715
0.64933664, -1.9905461, 0.16789067
0.65173817, -1.5306277, 0.2430521
0.6132828, -1.605956, 0.22392833
0.7944742, -1.7367438, 0.21997495
0.64811015, -1.9682784, 0.17149164
0.5119761, -1.611346, 0.19424516
0.59250194, -1.5702753, 0.22515908
0.8300323, -1.828497, 0.22696307
0.6845382, -1.6520044, 0.21767363
0.589347, -1.589656, 0.21244308
0.5525386, -1.7102681, 0.1904511
0.7307552, -1.8319831, 0.19799219
0.75019115, -1.8922186, 0.19665271
0.6322684, -1.8896433, 0.18475012
0.4914822, -1.6917167, 0.17506073
0.7289601, -1.8693378, 0.19653635
0.47117046, -1.7909144, 0.1676362
0.58810467, -1.9896786, 0.15470017
0.49241325, -1.6703748, 0.18715067
0.68662703, -1.915735, 0.17851397
0.5689538, -1.6322867, 0.19773223
0.4918639, -1.8871162, 0.14718342
0.51121837, -1.8887966, 0.16339311
0.66957074, -1.5697218, 0.23128365
0.6645297, -1.891736, 0.17644948
0.7318818, -1.8892685, 0.20521483
0.53014505, -1.6881648, 0.1916241
0.5514137, -1.9677935, 0.14966352
0.6427236, -1.715313, 0.19748703
0.4936553, -1.6499337, 0.187994
0.74594426, -1.7267522, 0.21827759
0.66910017, -1.7889069, 0.20474413
0.6689557, -1.7469578, 0.1978884
0.64841336, -1.5932153, 0.21810022
0.63237834, -1.5672934, 0.22870103
0.8284311, -1.8297051, 0.21744698
0.67212707, -1.9526196, 0.17530774
0.6708077, -1.5497277, 0.23333612
0.7504763, -1.6511807, 0.2454536
0.80594254, -1.7900468, 0.2188441
0.8709339, -1.8294996, 0.22805
0.54859376, -1.8487482, 0.15847404
0.71073586, -1.7483749, 0.22299242
0.6337215, -1.5169741, 0.22807984
0.53230315, -1.9078791, 0.165209
0.58617675, -1.9764578, 0.15205938
0.5688987, -1.8073939, 0.1759182
0.64508826, -1.5728087, 0.21979119
0.4872601, -1.8523443, 0.15320906
0.76960534, -1.6483369, 0.24522063
0.5905992, -1.8091431, 0.18577242
0.5883973, -1.900475, 0.15752882
0.5081776, -1.7096845, 0.17684866
0.5297732, -1.8348994, 0.15633288
0.5509668, -1.927225, 0.16337267
0.8703345, -1.8095646, 0.2314714
0.5089358, -1.6737237, 0.17687152
0.44464928, -1.7695127, 0.15773179
0.6312174, -1.8522364, 0.17814559
0.5816003, -1.6350813, 0.19918647
0.5084688, -1.8541355, 0.1547638
0.48670104, -1.8142838, 0.15542455
0.5110168, -1.9108144, 0.15241967
0.55198807, -1.9072913, 0.15707467
0.55195874, -1.8683002, 0.15633817
0.6313762, -1.5488303, 0.22925405
0.7723914, -1.8087866, 0.22414118
0.71000403, -1.5703534, 0.2323504
0.45486426, -1.7119819, 0.17203368
0.67397666, -1.5927165, 0.21808018
0.5932822, -2.012601, 0.15121463
0.5126704, -1.7698188, 0.18332067
0.5925526, -1.7295128, 0.20383792
0.5303976, -1.6503202, 0.20334277
0.61013603, -1.7480785, 0.20362292
0.6107196, -1.7319341, 0.20289892
0.69199866, -2.088408, 0.15120764
0.43434712, -1.8119652, 0.151982
0.58946097, -1.8301051, 0.18538137
0.7307882, -1.6073351, 0.2440403
0.6938222, -1.5850366, 0.24194296
0.80788374, -1.759468, 0.21841659
0.7518543, -1.7649843, 0.22600171
0.6698399, -2.1139076, 0.14987946
0.6321994, -1.9092749, 0.18392697
0.55480105, -1.6709393, 0.20359623
0.66878605, -1.9714712, 0.1731081
0.6710512, -1.5497383, 0.24234973
0.63001317, -2.0078118, 0.16539678
0.7707931, -1.6879834, 0.2430029
0.6070204, -2.0281892, 0.15097353
0.65126026, -2.028544, 0.1636806
0.7088296, -1.5509504, 0.24333942
0.68579465, -1.7738872, 0.19828267
0.7926735, -1.7872417, 0.21606371
0.6093939, -2.0074022, 0.15439267
0.54996926, -1.708231, 0.2013426
0.7458017, -1.6974068, 0.21642564
0.4266212, -1.7722671, 0.15323077
0.6147819, -1.9359893, 0.15762947
0.6493515, -1.5503436, 0.23022108
0.5709068, -1.9614747, 0.1654254
0.58828944, -1.5689118, 0.21225968
0.569751, -1.8245858, 0.18334198
0.5548572, -1.6882809, 0.20281574
0.6076159, -1.8693875, 0.1740348
0.74242836, -1.8277278, 0.19881819
0.85101545, -1.810949, 0.23057032
0.6875118, -2.1354558, 0.12916021
0.5697816, -1.9045846, 0.15961622
0.75041014, -1.6311263, 0.23370448
0.7112014, -1.650164, 0.21920678
0.845987, -1.7325245, 0.23322392
0.74882823, -1.6097647, 0.23393399
0.71178746, -2.1297102, 0.15333192
0.7848765, -1.7699775, 0.21520667
0.8290115, -1.7091763, 0.23230046
0.5082542, -1.8082767, 0.15878989
0.74935174, -2.2051802, 0.15428767
0.77182615, -2.2289233, 0.15273878
0.77038515, -2.2453098, 0.1480674
0.7913962, -2.2479393, 0.14905927
0.8324638, -2.2532687, 0.15025043
0.83239734, -2.310745, 0.15114495
0.80873275, -1.693365, 0.24430244
0.58554256, -1.610835, 0.19746839
0.7681456, -1.6711509, 0.24452104
0.4337309, -1.7529392, 0.1638944
0.43386048, -1.7703427, 0.16768332
0.569233, -1.8761712, 0.15998633
0.5313249, -1.8066518, 0.18138623
0.7511537, -1.6842198, 0.24252228
0.711351, -1.8701388, 0.2013103
0.7356439, -1.663343, 0.24372478
0.57530844, -1.6058364, 0.22228952
0.8874942, -1.7877756, 0.24229199
0.673072, -1.8059909, 0.20138402
0.7309273, -1.8496696, 0.20474634
0.8206891, -1.7952082, 0.21937925
0.830077, -1.74969, 0.24283102
0.6379361, -1.6453246, 0.22117604
0.5053972, -1.8325996, 0.15706116
0.5265353, -1.66892, 0.17735124
0.54638296, -1.6909207, 0.17846072
0.6522349, -1.5490674, 0.2426875
0.7556312, -1.8046141, 0.22279696
0.7874133, -1.6919254, 0.2440387
0.51419747, -1.8692081, 0.16496074
0.7720076, -1.7284336, 0.21773893
0.6496078, -1.9104216, 0.17675498
0.74645096, -1.9151965, 0.19484782
0.5924315, -1.606825, 0.22211501
0.63268673, -1.7642022, 0.2030808
0.4707709, -1.8282824, 0.16631025
0.48992553, -1.787799, 0.18120441
0.6056153, -1.6723181, 0.19758274
0.7347006, -1.6480141, 0.244778
0.72737736, -1.6538007, 0.2176908
0.53396714, -1.9465036, 0.14762975
0.6903527, -1.6286155, 0.21859606
0.46788865, -1.749069, 0.18139106
0.59194237, -1.7493923, 0.20327988
0.733244, -1.7676488, 0.22255565
0.67526877, -1.7233278, 0.22112063
0.83236843, -1.7655488, 0.24384186
0.66630197, -1.9860095, 0.16927198
0.6711769, -2.008609, 0.15538454
0.65096235, -1.6744556, 0.2210494
0.6122346, -1.7706783, 0.20378964
0.66731775, -1.9144063, 0.17663442
0.6697866, -1.9290512, 0.17781138
0.53491837, -1.7879338, 0.18291669
0.68962604, -1.9459921, 0.18684103
0.4505752, -1.7490894, 0.17122874
0.62972057, -2.0148058, 0.15780506
0.6711253, -1.9498461, 0.18528377
0.4819764, -1.7884626, 0.1595874
0.68973845, -2.1336153, 0.15014973
0.49368256, -1.7485759, 0.18222879
0.69140863, -1.8474932, 0.20154391
0.65697825, -1.6955062, 0.22062926
0.63022596, -2.0481462, 0.15185548
0.7920767, -1.7101682, 0.24271016
0.8477113, -1.8270688, 0.23000036
0.5918265, -1.5513313, 0.22441427
0.60213447, -1.9498317, 0.15860957
0.8074645, -1.7747835, 0.2183392
0.6712352, -1.7049446, 0.22355087
0.59486926, -1.990931, 0.1634947
0.49782607, -1.7766824, 0.15949222
0.774544, -1.7197076, 0.21991132
0.8527581, -1.8110751, 0.24276522
0.4890115, -1.7101527, 0.18714905
0.5913309, -1.7741814, 0.17937078
0.8168547, -1.766875, 0.24157186
0.7310944, -1.6293489, 0.24123302
0.793255, -1.8290963, 0.22152449
0.5815918, -1.9206742, 0.15926726
0.62090564, -1.7870036, 0.17949589
0.7827774, -2.27839, 0.13300863
0.59396124, -1.8931775, 0.1574261
0.47840428, -1.6758541, 0.17679313
0.74946743, -2.1684215, 0.15385368
0.7111596, -1.9028001, 0.20207712
0.5750025, -1.7244507, 0.20288171
0.75127685, -1.7901917, 0.22368217
0.5840426, -1.9545262, 0.15612312
0.4915082, -1.6740588, 0.20205502
0.85187364, -1.7481362, 0.24318539
0.5062515, -1.9177343, 0.13888642
0.55153173, -1.6297984, 0.20576808
0.5736488, -1.5701226, 0.22382249
0.8101337, -1.8484255, 0.22437528
0.7700224, -1.8287356, 0.22245738
0.71605, -1.8915058, 0.2015544
0.8510705, -2.2891006, 0.1533433
0.5714422, -1.5916188, 0.22194993
0.66908413, -2.0719907, 0.1518605
0.45421377, -1.8435369, 0.14609924
0.7554293, -1.6759921, 0.21980226
0.47578198, -1.6746985, 0.182826
0.70920306, -2.1741085, 0.14515051
0.7742707, -1.847729, 0.22208115
0.52043986, -1.6461631, 0.17984508
0.56217825, -1.779687, 0.17959604
0.7102482, -1.7692418, 0.2209445
0.8094003, -2.267569, 0.15292042
0.7284444, -1.5738087, 0.24329379
0.47432852, -1.7759805, 0.18060622
0.47254217, -1.8736078, 0.14413223
0.8700366, -1.7694032, 0.24161011
0.50523967, -1.663047, 0.20280883
0.7913394, -1.7305964, 0.24300398
0.6599278, -2.1121974, 0.15183313
0.40376776, -1.7842017, 0.16844983
0.73519623, -2.20562, 0.15048926
0.48133707, -1.7680719, 0.18255885
0.79883945, -1.8472503, 0.22375357
0.5401263, -1.9427407, 0.16182107
0.6975546, -1.8717461, 0.20204976
0.83810884, -1.8253937, 0.24080142
0.54860187, -1.8266206, 0.18236369
0.6317654, -1.5304548, 0.2420139
0.85271204, -1.7873459, 0.24493504
