0.5663534, -2.068855, 0.024289532
0.6054338, -2.1130922, 0.028693264
0.59058785, -2.1076336, 0.024566805
0.44964612, -1.9485048, 0.0121595515
0.545765, -2.0479631, 0.02555031
0.51200783, -2.009835, 0.024615671
0.3526632, -1.810905, 0.025446454
0.32802284, -1.789198, 0.024887023
0.34723112, -1.7895439, 0.028452586
0.32707444, -1.7695823, 0.026418725
0.2928135, -1.7318968, 0.026469016
0.78673714, -2.3076472, 0.037741926
0.6323546, -2.1527364, 0.014346466
0.8037006, -2.331452, 0.03481058
0.506082, -1.9896479, 0.02791515
0.3213081, -1.7466164, 0.036552668
0.42988253, -1.9253258, 0.025678372
0.26732248, -1.711085, 0.028897649
0.2627155, -1.6746854, 0.032895617
0.22688268, -1.6312083, 0.029790174
0.20679592, -1.6314609, 0.029140081
0.18819009, -1.6113992, 0.030531904
0.16835919, -1.5916545, 0.02548412
0.14110516, -1.5178661, 0.029366681
0.37064964, -1.8304738, 0.027423868
0.46300906, -1.9375978, 0.029566254
0.33167657, -1.8274653, 0.02308355
0.29502898, -1.7553833, -0.002424491
0.4313033, -1.9664304, 0.021178443
0.16791084, -1.5549648, 0.033211306
0.5316159, -2.0326002, 0.023465805
0.21100685, -1.7098542, 0.0265499
0.16290228, -1.6155987, -0.0068033803
0.14697711, -1.5660663, 0.03293691
0.2421893, -1.6555485, 0.023548959
0.48768774, -2.003521, -0.0016298041
0.4896025, -1.9675882, 0.030223489
0.5731883, -2.1105335, 0.022421762
0.4069557, -1.9506859, -9.229348E-4
0.45119768, -1.9671632, 0.020870257
0.40842715, -1.9692047, 0.00450718
0.58580416, -2.0949976, 0.01600972
0.20778213, -1.647782, 0.026111897
0.5893389, -2.0898674, 0.026102306
0.50550926, -2.0495248, -0.0038848843
0.23472568, -1.6491047, 0.026298353
0.14523782, -1.6304505, -0.0015105163
0.109550394, -1.5683275, 0.012825954
0.36704043, -1.8577899, 0.021744397
0.20665692, -1.6110351, 0.02800273
0.335247, -1.874002, 0.022328256
0.21179576, -1.7489494, 0.025408106
0.36028627, -1.81508, 0.02141983
0.22178651, -1.637575, 0.016541613
