1.4678835, -0.4902466, 0.17022923
1.4520946, -0.49001676, 0.16935673
1.4295068, -0.46911177, 0.17164858
1.4493768, -0.47222394, 0.17050675
1.4165194, -0.4832946, 0.1626377
1.413582, -0.49176776, 0.15410855
1.4060084, -0.46782458, 0.14686225
1.4101137, -0.50841475, 0.1489605
1.4150312, -0.47324783, 0.1672263
1.4263331, -0.49095502, 0.15025666
1.4088221, -0.4471377, 0.16376969
1.4101826, -0.42881766, 0.16594023
1.3851146, -0.49502623, 0.13975607
1.4136074, -0.5311898, 0.15061522
1.3685852, -0.47497973, 0.13685134
1.3644195, -0.4586255, 0.13810289
1.4089301, -0.51294076, 0.13810433
1.4217786, -0.55695343, 0.13741802
1.367284, -0.42907038, 0.14836045
1.3925753, -0.4062364, 0.16457604
1.3662097, -0.40543362, 0.1615216
1.3487382, -0.491598, 0.13172433
1.3460813, -0.40481636, 0.14954062
1.3881972, -0.5295417, 0.1346634
1.3327891, -0.41070214, 0.15139106
1.3687336, -0.38683715, 0.16416822
1.3724163, -0.37321132, 0.17014995
1.3501924, -0.36876556, 0.16649105
1.3112646, -0.41078594, 0.13519824
1.3147392, -0.39060602, 0.15256344
1.2881087, -0.3882652, 0.14771876
1.3605412, -0.3502161, 0.16866602
1.3548415, -0.35149887, 0.1685277
1.2847084, -0.34730032, 0.14855172
1.3090038, -0.31244677, 0.1669982
1.2727652, -0.33128107, 0.15043734
1.3084368, -0.29356748, 0.17069055
1.2868742, -0.27231738, 0.17225708
1.2911801, -0.28638914, 0.17087531
1.2671001, -0.26658088, 0.1645954
1.249566, -0.29018614, 0.15173295
1.2499884, -0.2504098, 0.16755411
1.2156396, -0.2649532, 0.1618549
1.2267883, -0.26882982, 0.15401487
1.1924556, -0.27007067, 0.14663883
1.4086161, -0.41305608, 0.16649576
1.3959452, -0.47143897, 0.16059735
1.3287226, -0.37115052, 0.16737524
1.3865532, -0.47122696, 0.15224384
1.4428482, -0.44938675, 0.16861767
1.3129358, -0.42921412, 0.1460739
1.2468921, -0.32975373, 0.14901422
1.2509927, -0.31000218, 0.1514975
1.2855765, -0.29526043, 0.15827842
1.311411, -0.3735677, 0.15191144
1.4497025, -0.5083012, 0.16525789
1.308251, -0.40774578, 0.14828667
1.4510107, -0.51271296, 0.15640949
1.3454261, -0.38235536, 0.1621583
1.366013, -0.41210604, 0.15233079
1.4313103, -0.47460493, 0.15411752
1.3529817, -0.3715135, 0.15871441
1.2665212, -0.2706155, 0.15420988
1.3713323, -0.47085357, 0.14786404
1.4280252, -0.50818634, 0.15233886
1.4262741, -0.5471952, 0.15011717
1.3886476, -0.4304167, 0.152677
1.3060914, -0.35150766, 0.15188527
1.2855392, -0.33119982, 0.1539815
1.4082146, -0.45062482, 0.14721441
1.3327637, -0.3333089, 0.16705035
1.3713753, -0.45071715, 0.1501862
1.3345282, -0.44837782, 0.14763397
1.3306838, -0.35110664, 0.1535104
1.329561, -0.39115858, 0.15748525
1.4207401, -0.42625433, 0.15796867
1.3529018, -0.4305967, 0.14946151
1.2651209, -0.28888145, 0.1525447
1.4290814, -0.42666835, 0.16441654
1.3471233, -0.44812694, 0.14676951
1.3442724, -0.4703188, 0.1335009
1.3882747, -0.48936272, 0.14888488
1.29262, -0.31006292, 0.15363145
1.2715205, -0.35224888, 0.15066999
1.2308604, -0.31167084, 0.14773141
1.3269093, -0.42867634, 0.14958607
1.2114345, -0.29104137, 0.15078826
1.388598, -0.3888061, 0.15528691
1.4939917, -0.51465666, 0.15974833
1.3527967, -0.4868474, 0.14668593
1.3956472, -0.52654713, 0.14721516
1.4118012, -0.43923217, 0.15689078
1.2392197, -0.33539066, 0.16276793
1.4011649, -0.3967266, 0.15827641
1.3925022, -0.3945057, 0.16493426
1.3102684, -0.3291931, 0.15433037
1.3465855, -0.46859914, 0.14487338
1.3076645, -0.3882777, 0.16194522
1.3273448, -0.30883065, 0.16469796
1.4004356, -0.38756147, 0.16583467
1.434741, -0.45744723, 0.15525019
1.3763523, -0.446042, 0.16442055
1.3265426, -0.36843494, 0.1537717
1.3320338, -0.38772237, 0.16313478
1.3800226, -0.37958044, 0.16361836
1.2490735, -0.27220833, 0.15267567
1.3434182, -0.33008304, 0.167464
1.3902177, -0.4126887, 0.15385783
1.2442291, -0.32700104, 0.16185647
1.2879121, -0.3649099, 0.16344261
1.2888318, -0.35205144, 0.16324165
1.4517777, -0.493855, 0.15532151
1.3723314, -0.3945674, 0.15637174
1.3673404, -0.489598, 0.150702
1.4663247, -0.5070021, 0.15537354
1.3844885, -0.42506787, 0.16370949
1.4061084, -0.4114951, 0.15839139
1.2693872, -0.3693673, 0.14797865
1.350338, -0.3926523, 0.15336677
1.3759215, -0.51144284, 0.14447084
1.2742434, -0.29175663, 0.1691736
1.3772253, -0.4281499, 0.16097318
1.3031739, -0.3001052, 0.15179606
1.1950692, -0.25772026, 0.14736798
1.303894, -0.29538268, 0.1577799
1.4656051, -0.4931277, 0.15498877
1.3674788, -0.3539145, 0.15525557
1.2726519, -0.311729, 0.15701821
