1.4039962, -4.455916, 1.4863945
1.3912762, -4.4848247, 1.4928502
1.3494531, -4.499026, 1.495663
1.382242, -4.489885, 1.5360662
1.3961418, -4.4736724, 1.5505018
1.4086243, -4.469304, 1.4333371
1.3773856, -4.4868584, 1.5518329
1.3952419, -4.484543, 1.5797782
1.3761901, -4.495238, 1.5722134
1.3934703, -4.47752, 1.568176
1.3886846, -4.4846263, 1.5919408
1.372344, -4.4910793, 1.3630034
1.4110665, -4.4709196, 1.3928294
1.4154595, -4.477072, 1.4729618
1.3390509, -4.515664, 1.5665469
1.3440123, -4.525065, 1.5520037
1.3665937, -4.491368, 1.6099995
1.3351656, -4.516091, 1.5843531
1.3683691, -4.509674, 1.6247654
1.4171842, -4.463722, 1.3576924
1.4280183, -4.4441185, 1.3653286
1.3101299, -4.5474486, 1.5112108
1.3031857, -4.532731, 1.5379008
1.3011254, -4.5518026, 1.573329
1.4311752, -4.445133, 1.3258799
1.4313207, -4.437048, 1.3324041
1.443279, -4.445621, 1.3096583
1.2962686, -4.5569, 1.4722753
1.2995685, -4.5598087, 1.5911598
1.290638, -4.565015, 1.6092772
1.329533, -4.5363336, 1.4305736
1.291382, -4.560393, 1.6269381
1.3140788, -4.557691, 1.4067975
1.3485907, -4.509625, 1.5107548
1.4137918, -4.4664216, 1.3753083
1.421392, -4.451539, 1.4027613
1.3631152, -4.5125365, 1.6492499
1.3265877, -4.5426493, 1.6102521
1.3707082, -4.4920006, 1.5922225
1.3921199, -4.4709296, 1.4656055
1.4616328, -4.4275346, 1.4245093
1.293243, -4.5788016, 1.5828375
1.3508927, -4.515082, 1.6243654
1.3232081, -4.542898, 1.353436
1.4504553, -4.431438, 1.465645
1.3016975, -4.561634, 1.5295376
1.355171, -4.5103536, 1.5861131
1.4689853, -4.412412, 1.3422098
1.3330157, -4.5289154, 1.3703778
1.3260789, -4.549937, 1.4228457
1.3554064, -4.516721, 1.6065309
1.4343811, -4.4571867, 1.5894679
1.3857782, -4.5074635, 1.3256906
1.3753066, -4.489856, 1.4679248
1.3069713, -4.5327263, 1.4078242
1.3592681, -4.493797, 1.5532717
1.3858929, -4.479768, 1.4112825
1.2705114, -4.575866, 1.6353025
1.4575496, -4.4210553, 1.4128196
1.3070836, -4.5459247, 1.4250827
1.4254992, -4.4482555, 1.3828548
1.4739313, -4.415652, 1.3241549
1.4693289, -4.4315214, 1.4636317
1.4723245, -4.418168, 1.4287746
1.449698, -4.433838, 1.5519692
1.2839952, -4.563241, 1.3361585
1.2791783, -4.5786147, 1.3709948
1.4487311, -4.4527383, 1.5871438
1.2670336, -4.5913095, 1.3495741
1.2615522, -4.5882483, 1.3700527
1.4377558, -4.4546905, 1.5693078
1.4183134, -4.4554415, 1.6536301
1.4057068, -4.448258, 1.3626062
1.4550325, -4.4093175, 1.3773922
1.3483784, -4.518223, 1.4856308
1.3670979, -4.4880323, 1.50893
1.4315333, -4.453328, 1.4906142
1.4082863, -4.4558787, 1.4687328
1.3575208, -4.5156345, 1.5631388
1.3254019, -4.533987, 1.334552
1.3334193, -4.54098, 1.574095
1.3447925, -4.521032, 1.5033183
1.4531741, -4.432217, 1.5343465
1.456753, -4.431776, 1.3297267
1.4177486, -4.442421, 1.5336745
1.449561, -4.4388065, 1.4831554
1.3804823, -4.480024, 1.422272
1.4175763, -4.4621973, 1.5688547
1.3374573, -4.5394087, 1.5563145
1.3207313, -4.5457, 1.3688036
1.3096607, -4.5682855, 1.4361324
1.4291425, -4.4552946, 1.675554
1.349747, -4.5159655, 1.2908899
1.2793398, -4.574915, 1.698703
1.3271179, -4.576974, 1.7690235
1.3510938, -4.5621953, 1.7662714
1.3319474, -4.5522346, 1.7681938
1.3518729, -4.5503244, 1.7719588
1.3119699, -4.5928802, 1.7858876
1.3323007, -4.5650673, 1.7866938
1.3462644, -4.5591693, 1.7840651
1.3668752, -4.5229907, 1.7766976
1.410976, -4.508832, 1.7703176
1.4146156, -4.501616, 1.7433171
1.4207164, -4.487847, 1.7650592
1.4650245, -4.461212, 1.7740064
1.4484005, -4.4412875, 1.404084
1.3858036, -4.5005198, 1.6273932
1.4698125, -4.46331, 1.756328
1.453998, -4.433932, 1.3690057
1.4909048, -4.4048657, 1.5682027
1.4252168, -4.46654, 1.415114
1.4493695, -4.4725385, 1.7899021
1.3863791, -4.524681, 1.7947272
1.4593799, -4.4162064, 1.3953165
1.4383776, -4.4373837, 1.4335514
1.4705007, -4.457842, 1.728854
1.3455093, -4.5128574, 1.5284768
1.4924653, -4.4069014, 1.4656239
1.4450192, -4.4434576, 1.421714
1.4145051, -4.466344, 1.6757044
1.4175613, -4.454575, 1.4269185
1.4644475, -4.434825, 1.4900867
1.4082936, -4.5187154, 1.7975212
1.4535291, -4.456491, 1.7625707
1.4873943, -4.3992624, 1.4784458
1.3825421, -4.5034065, 1.5564778
1.3293586, -4.5314302, 1.3159328
1.4183732, -4.45422, 1.551197
1.340014, -4.529993, 1.3770841
1.4107612, -4.4697313, 1.6100999
1.4464312, -4.4320955, 1.3894734
1.3817314, -4.4903154, 1.446488
1.4290657, -4.4652596, 1.3973947
1.4172837, -4.459114, 1.5628362
1.3821036, -4.4797297, 1.6331177
1.3293799, -4.5800915, 1.823462
1.3639582, -4.5085773, 1.5277439
1.3360285, -4.552585, 1.7502688
1.3530679, -4.5479317, 1.7518644
1.3707279, -4.5438776, 1.2053293
1.3516804, -4.555378, 1.1899151
1.3762935, -4.512395, 1.1982552
1.3819554, -4.5330977, 1.190315
1.3646848, -4.5337234, 1.171737
1.4161756, -4.491892, 1.1911061
1.5058577, -4.389529, 1.4738069
1.4494153, -4.4437885, 1.5695157
1.3868914, -4.5114503, 1.1486323
1.4478239, -4.470866, 1.7719344
1.3555168, -4.5358205, 1.2088766
1.4370927, -4.472287, 1.1692972
1.4501785, -4.475549, 1.8170011
1.3957584, -4.4694557, 1.4479227
1.3190047, -4.5762744, 1.7462434
1.4054122, -4.4889812, 1.5298438
1.394815, -4.5362673, 1.777392
1.3661232, -4.5021143, 1.5101418
1.2955899, -4.5546646, 1.3967364
1.3246483, -4.5468135, 1.4660118
1.4045318, -4.4690056, 1.5037005
1.4532024, -4.4192967, 1.4306566
1.3494042, -4.5611167, 1.788288
1.4562596, -4.458707, 1.1709092
1.4474237, -4.4724083, 1.2331936
1.4701188, -4.437555, 1.1529016
1.4652784, -4.4350686, 1.1712487
1.5107802, -4.416447, 1.167428
1.4347763, -4.4385505, 1.5541519
1.4937664, -4.3960047, 1.5096514
1.3967314, -4.5238914, 1.7500885
1.3564869, -4.5526714, 1.8248522
1.3273059, -4.516911, 1.3014104
1.4039676, -4.4678226, 1.4106759
1.489094, -4.4285574, 1.1931483
1.2807801, -4.566402, 1.6806402
1.2501705, -4.6106906, 1.3471915
1.4033284, -4.4537616, 1.6220915
1.4970818, -4.4021144, 1.4356295
1.5135055, -4.4103327, 1.1469026
1.3098369, -4.5559783, 1.4716232
1.4271181, -4.503357, 1.7277882
1.3529973, -4.4860225, 1.4605368
1.419344, -4.450312, 1.3229773
1.3878357, -4.4733915, 1.48436
1.4385157, -4.4281435, 1.4100847
1.3911988, -4.4849477, 1.3865031
1.3910196, -4.51283, 1.7836555
1.4537437, -4.425642, 1.4459318
1.4354404, -4.430535, 1.5365779
1.4378034, -4.4463654, 1.450917
1.3974477, -4.5098333, 1.7477359
1.2844722, -4.5520115, 1.6447401
1.2823855, -4.573333, 1.3534025
1.4203019, -4.4978886, 1.7832757
1.3383526, -4.5900087, 1.742608
1.346699, -4.512595, 1.324388
1.4572847, -4.4183636, 1.3039732
1.4692194, -4.448745, 1.789184
1.5308315, -4.399288, 1.1449893
1.5045463, -4.396011, 1.49124
1.3677037, -4.546002, 1.1854569
1.4816449, -4.451656, 1.748659
1.4521103, -4.4261713, 1.354308
1.4635565, -4.453157, 1.2374846
1.4306746, -4.4894624, 1.2289288
1.4572347, -4.4084034, 1.2869658
1.3749821, -4.535755, 1.2299603
1.3578651, -4.5306053, 1.1919179
1.3453351, -4.537173, 1.3340867
1.3122941, -4.588057, 1.8113043
1.3989273, -4.4718966, 1.3403078
1.3017768, -4.6025023, 1.8101757
1.4926934, -4.421814, 1.1420391
1.4860761, -4.444071, 1.211864
1.4260063, -4.490181, 1.1502353
1.36109, -4.509426, 1.452634
1.5476025, -4.389058, 1.1724674
1.471937, -4.4276705, 1.4460652
1.3660151, -4.495778, 1.4472482
1.4129009, -4.456703, 1.4510194
1.4971476, -4.3873653, 1.4098411
1.4971192, -4.4314427, 1.8168882
1.5085021, -4.422856, 1.771031
1.5162705, -4.4052896, 1.8101687
1.5306654, -4.4170265, 1.7573355
1.5429906, -4.4025755, 1.7733079
1.5492157, -4.391567, 1.22737
1.5412517, -4.396741, 1.8165448
1.5497489, -4.386757, 1.7450495
1.4763921, -4.4111013, 1.5495391
1.3399508, -4.539804, 1.5764587
1.3399009, -4.52916, 1.6518935
1.4750125, -4.454267, 1.7716331
1.3130101, -4.594831, 1.7559804
1.3029597, -4.544676, 1.5555453
1.3073732, -4.55046, 1.4941757
1.418413, -4.4415474, 1.6189522
1.5368767, -4.4055276, 1.8088702
1.3286989, -4.5445685, 1.3297915
1.509392, -4.433529, 1.7893242
1.5461509, -4.401064, 1.7989781
1.3893722, -4.4957047, 1.5162272
1.3672049, -4.4950867, 1.4103594
1.3242004, -4.5883827, 1.7964259
1.5445261, -4.3905206, 1.2050626
1.5422902, -4.4046755, 1.2395339
1.4101518, -4.449718, 1.3447046
1.400866, -4.488298, 1.3571236
1.4033386, -4.4814343, 1.3332782
1.3393359, -4.557718, 1.8017629
1.4141504, -4.497666, 1.2086284
1.4481789, -4.446548, 1.512353
1.4446778, -4.4482684, 1.5300149
1.3135513, -4.550599, 1.3254747
1.4215444, -4.466229, 1.3319279
1.3671062, -4.5368266, 1.1867197
1.3620973, -4.505309, 1.4150342
1.3241948, -4.5336223, 1.6297688
1.4359516, -4.4520087, 1.468462
1.3576943, -4.559538, 1.7303051
1.392811, -4.4847426, 1.7964792
1.5461979, -4.3948345, 1.1898324
1.4027501, -4.462388, 1.6398524
1.4296486, -4.4492483, 1.6292311
1.3130893, -4.563551, 1.3425257
1.4711145, -4.4171104, 1.5764477
1.4655938, -4.473025, 1.7923278
1.3832138, -4.4723682, 1.503685
1.2750089, -4.580976, 1.3887701
1.4603081, -4.445609, 1.459202
1.5242813, -4.409168, 1.7748169
1.277216, -4.60763, 1.7535609
1.2705215, -4.589357, 1.6556923
1.3080043, -4.5765185, 1.1717229
1.3279189, -4.5756774, 1.726885
1.5059111, -4.4435987, 1.8291796
1.3193783, -4.5800853, 1.150269
1.2971146, -4.6100836, 1.1664021
1.2958577, -4.594097, 1.1485518
1.2899727, -4.605574, 1.1882098
1.3179607, -4.591765, 1.1663828
1.312909, -4.563497, 1.1367406
1.2637703, -4.62844, 1.1372476
1.2425559, -4.6530604, 1.1655167
1.5019335, -4.431412, 1.8248885
1.47425, -4.427355, 1.5891612
1.2545662, -4.6321716, 1.1887009
1.5653136, -4.3847313, 1.1888787
1.3053963, -4.5922728, 1.2055362
1.5696094, -4.377712, 1.1919278
1.3083414, -4.5548024, 1.4497484
1.4386572, -4.4433737, 1.5477748
1.5480661, -4.3870387, 1.2750423
1.3954998, -4.4844775, 1.3687305
1.3614479, -4.56441, 1.7305671
1.367315, -4.510229, 1.5703266
1.3270012, -4.5508003, 1.4451904
1.419534, -4.4897842, 1.1732006
1.3648598, -4.528185, 1.7948282
1.5488353, -4.3827324, 1.1551888
1.4790723, -4.4227457, 1.5665668
1.3238852, -4.529773, 1.4059749
1.3220015, -4.5514708, 1.483795
1.3023597, -4.6181817, 1.8290037
1.263857, -4.6292624, 1.225822
1.3796375, -4.4733133, 1.4294127
1.4754584, -4.4510756, 1.7498977
