2.1844606, -1.1892684, 0.36979818
2.2096074, -1.1894714, 0.36672994
2.1631832, -1.1899858, 0.37020674
2.1362805, -1.2102435, 0.36933005
2.152491, -1.2324866, 0.36720654
2.11395, -1.2447561, 0.36927295
2.1146293, -1.2157588, 0.37059784
2.1520224, -1.2071927, 0.36596495
2.088584, -1.1907659, 0.37117338
2.1268916, -1.2280344, 0.36852658
2.1079228, -1.2734033, 0.36918953
2.0941305, -1.244844, 0.3690585
2.0679362, -1.2365711, 0.37062678
2.106861, -1.1921988, 0.37581763
2.1480246, -1.189078, 0.37393776
2.0873182, -1.1501042, 0.36647147
2.1471884, -1.2719138, 0.36809048
2.073068, -1.193435, 0.37115532
2.111963, -1.1515267, 0.35961285
2.1497664, -1.1434249, 0.36577815
2.069342, -1.1326196, 0.3697024
2.028744, -1.1698291, 0.3693395
2.0684588, -1.1516001, 0.36951166
2.1148894, -1.1295563, 0.36320508
2.1090622, -1.1469595, 0.37259614
2.0544112, -1.1117935, 0.36774474
1.9895416, -1.1496542, 0.37036777
1.9738836, -1.113314, 0.3724875
1.970912, -1.0710999, 0.37163624
1.9295485, -1.0737544, 0.36995646
1.9740655, -1.0333284, 0.36629835
1.9670954, -1.0556318, 0.3685973
1.9890031, -1.029616, 0.36719936
1.8893731, -1.014748, 0.37210682
1.9084424, -1.009158, 0.3723606
2.0665917, -1.2115577, 0.37122375
1.9132426, -0.98804015, 0.3689539
2.0728507, -1.2465836, 0.372178
2.073123, -1.1086051, 0.36823824
2.102341, -1.1337252, 0.35986665
2.2575214, -1.1568544, 0.3581145
2.1097848, -1.1774198, 0.35509875
2.1309955, -1.1304755, 0.3691779
2.14056, -1.1308906, 0.377726
1.9878451, -1.054936, 0.3694066
2.1307998, -1.1680176, 0.36511993
2.1688898, -1.1648303, 0.3665851
1.9474041, -1.0070804, 0.36983055
2.2474723, -1.1639677, 0.35457703
2.1137407, -1.1707511, 0.36417425
2.0480576, -1.1691322, 0.36816078
2.0828586, -1.1732209, 0.36611533
2.0890455, -1.2067508, 0.3664444
2.1164515, -1.233918, 0.3596999
2.1906245, -1.2068727, 0.36736304
2.2728722, -1.1835369, 0.35929418
2.2873535, -1.1797998, 0.36233094
2.1269817, -1.1890166, 0.37420553
2.1278088, -1.1502659, 0.37032676
1.912246, -1.0473642, 0.3669324
2.0088947, -1.0087893, 0.3735416
1.9281923, -1.0092018, 0.37216896
1.9323272, -1.0311892, 0.36481032
2.1703851, -1.232747, 0.3676073
2.023497, -1.182128, 0.36367437
2.0478072, -1.2319733, 0.36753482
2.132466, -1.205391, 0.3583385
2.1337643, -1.2458122, 0.36931467
2.026239, -1.0525398, 0.36884132
2.088748, -1.23477, 0.37017986
2.0097156, -0.93389845, 0.35684633
2.0086875, -0.92688364, 0.3645574
2.03068, -0.91127175, 0.36963585
2.0156307, -0.90929556, 0.36056253
2.0146396, -0.89038825, 0.35461858
2.0286772, -0.92375654, 0.36582023
2.0492613, -0.92362297, 0.3598763
2.069189, -0.9347795, 0.3633546
2.0641448, -0.91150945, 0.36481482
2.050099, -0.8857075, 0.36763003
2.0913494, -0.9494792, 0.36703086
2.087266, -0.9307399, 0.35783
2.0707593, -0.85234535, 0.35453108
2.114018, -0.93180186, 0.36845872
2.1148922, -0.90595603, 0.3562789
2.1078591, -0.9466403, 0.35755894
2.086574, -0.8738609, 0.36406606
2.0872564, -0.8704658, 0.35743216
2.1092126, -0.8646536, 0.3655702
2.1290576, -0.89102685, 0.3548713
2.1120188, -0.8722519, 0.35681838
2.1302712, -0.8616631, 0.36741307
2.146827, -0.88998663, 0.35567364
2.1278346, -0.8486525, 0.36412027
2.1500878, -0.8507942, 0.35263133
2.1731346, -0.88657796, 0.3555405
2.1604047, -0.87774324, 0.3550979
2.1697345, -0.9089833, 0.355775
2.1506822, -0.8184659, 0.35837504
2.1833723, -0.8187301, 0.37200812
2.2472231, -0.90483683, 0.36240655
2.1520638, -1.1554465, 0.3556649
2.0083044, -1.0664856, 0.3670196
2.1886115, -0.84538823, 0.3528433
2.0856476, -0.85207903, 0.35641658
2.2843642, -1.1358758, 0.358753
2.113447, -1.2072613, 0.35841376
2.19326, -0.8291789, 0.35303137
2.1068678, -0.80203307, 0.35060298
1.9992929, -1.1278352, 0.3573747
2.0059867, -1.0244637, 0.37299007
1.9907831, -0.9768803, 0.35917446
2.1088076, -0.8299834, 0.3671784
2.0506687, -1.094625, 0.3758494
2.1941721, -0.83026916, 0.36104876
2.2088163, -0.8914574, 0.35418987
2.1871963, -1.2138816, 0.35469332
2.158392, -1.2130712, 0.35998526
2.0761316, -0.95599407, 0.35643563
1.9895134, -1.10464, 0.37689918
2.0681014, -1.1723825, 0.3699904
2.1690805, -1.2419279, 0.3581101
2.0320468, -0.9862614, 0.36914244
2.1362832, -1.1451061, 0.35773534
2.153678, -1.1682152, 0.3643204
2.1735494, -0.8322017, 0.35252225
2.2355223, -0.88745916, 0.3493237
2.0525563, -0.8720741, 0.35628447
2.1325307, -0.91063243, 0.3578035
2.1891327, -0.9085914, 0.36445597
2.1499445, -0.9332392, 0.36941677
2.1271327, -1.181364, 0.35843694
2.105473, -0.85440826, 0.3537923
2.0697262, -0.88544834, 0.35985467
2.106908, -1.18311, 0.3593653
2.1664863, -0.8869566, 0.36625928
2.1477797, -1.2465916, 0.3690574
2.1370451, -0.86457086, 0.35663703
2.1465545, -1.1792991, 0.35811967
2.024729, -1.1499686, 0.36862963
2.1299465, -1.2695216, 0.3638413
2.1241934, -0.82977057, 0.35831016
1.9753761, -1.0160811, 0.35795432
2.093611, -0.83637524, 0.36600864
2.052377, -1.1382155, 0.3653315
2.092041, -1.2689195, 0.36228073
2.1605265, -1.1698432, 0.35504815
2.0472195, -0.99351275, 0.38706303
2.0289812, -1.1308818, 0.3666656
2.0625844, -0.9293127, 0.3596746
2.0598648, -0.9604856, 0.3562698
2.2336984, -1.2566506, 0.35653004
2.2663112, -1.1658167, 0.3572955
1.9929945, -1.0879828, 0.36870715
2.112295, -0.8109269, 0.36074388
2.0023804, -1.0948989, 0.35838193
1.9694266, -1.0023187, 0.36195993
2.1895201, -0.9374012, 0.36161694
2.071316, -0.9764619, 0.35965154
1.9525373, -1.1130121, 0.37436667
2.1900623, -1.1618828, 0.363579
2.1510847, -0.85241723, 0.3688767
2.0596118, -0.91533595, 0.3594726
2.2062607, -1.1594017, 0.36210322
2.2271142, -1.1708758, 0.35660633
2.1522102, -0.906074, 0.35635448
2.2673857, -1.2560512, 0.32525238
2.1880422, -1.165914, 0.35583156
2.1574025, -0.8135279, 0.3607509
2.1865654, -1.150883, 0.36763006
2.006914, -1.1974511, 0.38084766
2.3107555, -1.2703927, 0.3274582
2.0388923, -0.91210556, 0.3584248
2.0472682, -1.2134591, 0.37222308
2.156762, -1.2059054, 0.38180926
2.2443, -1.2082919, 0.36660123
2.0807993, -1.2130564, 0.38172975
2.0425878, -1.1875315, 0.36812896
2.2292933, -0.8710412, 0.35001096
2.235709, -1.1955652, 0.35565075
2.2026997, -1.2528856, 0.3640505
2.0500393, -1.2459272, 0.38095525
2.0257502, -0.8876793, 0.36695126
2.146421, -0.8344618, 0.3569018
2.113252, -0.8487523, 0.36715823
2.183656, -0.8771998, 0.36331287
2.005527, -1.1257948, 0.3616157
2.1869946, -1.2252885, 0.36388963
2.2204206, -1.209185, 0.36853075
1.9416001, -1.0453162, 0.36133814
2.0943432, -0.8522816, 0.36663643
1.9566365, -0.99219114, 0.37049702
2.0221741, -0.9821872, 0.35626096
2.1685061, -1.1485281, 0.36260903
