1.0905513, -1.4301201, 0.22806112
1.0878122, -1.3904532, 0.23057638
1.0499074, -1.4106718, 0.22844514
1.069093, -1.4109131, 0.22886543
1.0706092, -1.4675839, 0.22820255
1.0877233, -1.4097998, 0.23101369
1.0470914, -1.4297315, 0.2268671
1.0329305, -1.4312105, 0.21442795
1.0302237, -1.3682051, 0.2298651
1.0102141, -1.4098704, 0.21252593
1.0106566, -1.4093059, 0.22674933
1.0110148, -1.39133, 0.2144616
1.052131, -1.491675, 0.21021725
1.027936, -1.467593, 0.22336403
1.0908171, -1.4900252, 0.22543906
1.0473101, -1.5105963, 0.21257634
1.1079829, -1.4886742, 0.22935334
1.0306704, -1.4899341, 0.21411943
1.0676717, -1.4902252, 0.21529216
1.0506524, -1.4696771, 0.22747461
1.0106899, -1.4500321, 0.20960191
1.0103432, -1.4548653, 0.22661497
0.9890877, -1.4465998, 0.21009092
1.0097218, -1.4707003, 0.21096955
0.9936006, -1.4103905, 0.22459364
0.99033463, -1.4288137, 0.21064371
0.9884567, -1.4095726, 0.21126336
1.01027, -1.3482043, 0.22955914
1.0271817, -1.3296386, 0.23293276
1.0108116, -1.3685617, 0.22963779
0.96936494, -1.412669, 0.19523545
0.9704932, -1.4301275, 0.21099572
0.96976453, -1.3704269, 0.21081838
1.0692159, -1.531261, 0.20960458
1.0497574, -1.528904, 0.20957321
1.0886202, -1.5060469, 0.2113043
1.010165, -1.4912583, 0.20799519
1.1082529, -1.5472615, 0.2115494
1.1110108, -1.5275899, 0.22832128
1.051224, -1.5489023, 0.20703748
1.0272939, -1.5487164, 0.19398682
1.1497438, -1.4906149, 0.23137812
0.97271144, -1.4478163, 0.20887125
0.9504989, -1.4304451, 0.21062542
0.94770515, -1.4476365, 0.20649226
0.9887208, -1.3294773, 0.23158568
0.93123776, -1.4103119, 0.20706955
0.93007076, -1.4281193, 0.19672465
0.93150306, -1.409631, 0.19542572
0.9306725, -1.3909202, 0.20789945
0.9514212, -1.3287305, 0.22771956
0.9493904, -1.3496147, 0.22518934
1.0096529, -1.5492187, 0.19256791
0.96839416, -1.5324733, 0.19078669
0.98699355, -1.5314554, 0.19195011
1.0842749, -1.5549915, 0.1991205
1.0895627, -1.590029, 0.20760961
1.071559, -1.5887735, 0.19769835
1.0691466, -1.5875744, 0.20841435
1.0304712, -1.5893276, 0.18846685
1.0079037, -1.5695654, 0.1904605
1.0501682, -1.5892812, 0.19420785
1.010579, -1.5865022, 0.18847634
0.97155297, -1.5503056, 0.18828097
0.9293222, -1.4690528, 0.19242306
0.930557, -1.4715407, 0.20506738
0.9305057, -1.5122097, 0.1926601
0.9102124, -1.4695697, 0.19017446
0.93042874, -1.4911567, 0.19051474
0.9074184, -1.4507458, 0.19096275
0.9093386, -1.4321107, 0.19232178
0.95098776, -1.310537, 0.22825892
0.91047657, -1.3704083, 0.21000099
0.9091763, -1.3872868, 0.19438717
0.90902674, -1.389922, 0.20859468
0.8921143, -1.4307741, 0.20533948
0.89095426, -1.4495595, 0.18883191
0.9106017, -1.3521487, 0.21030745
0.9889588, -1.5884572, 0.18782204
0.9310514, -1.5315167, 0.18790935
0.9493782, -1.5522342, 0.18962528
0.9488139, -1.549923, 0.17496988
1.0115719, -1.6282314, 0.17552432
1.030674, -1.6305157, 0.1883872
0.9664062, -1.5857326, 0.17738618
0.9891483, -1.6295829, 0.17671998
0.9492767, -1.5899626, 0.17292385
0.9096804, -1.5294483, 0.18787855
0.9089221, -1.530776, 0.17589678
0.8887647, -1.5307436, 0.17326325
0.8889127, -1.5088125, 0.17404458
0.8707443, -1.4908781, 0.18819381
0.87024844, -1.4508681, 0.19046699
0.8691345, -1.4472771, 0.1762306
0.87030613, -1.390635, 0.19247897
0.8494346, -1.45021, 0.19066021
0.84843874, -1.4700193, 0.1732403
0.8510739, -1.3891697, 0.19143079
0.91043246, -1.5679631, 0.17310973
0.929909, -1.5939815, 0.17095643
0.9685407, -1.6505967, 0.17141443
0.96956956, -1.6260623, 0.18780065
1.0096164, -1.6498201, 0.17365779
0.9901715, -1.6481724, 0.17345028
0.95107704, -1.6290274, 0.17274076
0.92878234, -1.6119933, 0.17129184
0.950028, -1.6516733, 0.17089167
0.86921304, -1.5708615, 0.17062189
0.84904927, -1.5303829, 0.17107847
0.84950477, -1.4892937, 0.18752939
0.82910866, -1.51018, 0.17099959
0.8271653, -1.4704762, 0.17401704
0.81158155, -1.4489118, 0.17325188
0.8098263, -1.490746, 0.17035197
0.89064616, -1.6072019, 0.16863453
0.9491497, -1.6698071, 0.16840929
0.91082495, -1.6487156, 0.16709611
0.88874584, -1.6287489, 0.16862278
0.95103127, -1.7090737, 0.16688018
0.86933714, -1.6099615, 0.17104849
0.83058035, -1.5285232, 0.168549
0.8311786, -1.5712453, 0.16703822
0.8507631, -1.6119163, 0.15376101
0.8500963, -1.5716261, 0.16786619
0.82787746, -1.5715894, 0.15499434
0.8098106, -1.5487131, 0.1673604
0.8487399, -1.6289016, 0.1529067
0.9347446, -1.708617, 0.15424609
0.9294775, -1.7105815, 0.16786587
0.9492041, -1.7272285, 0.1680789
0.8085282, -1.5916557, 0.15251206
0.7889219, -1.5686425, 0.15436842
0.7687574, -1.5529712, 0.15029526
0.76952547, -1.5296587, 0.16769348
0.9707777, -1.63128, 0.1704948
1.0485771, -1.6322066, 0.190811
1.0298172, -1.3513608, 0.22937305
0.930035, -1.37055, 0.2083242
0.9886347, -1.6107948, 0.18841653
1.0478094, -1.370522, 0.23209882
0.98945343, -1.7086492, 0.17092466
1.0327631, -1.54738, 0.206874
0.9512802, -1.690681, 0.1696021
0.95161223, -1.6101488, 0.1714474
0.88889396, -1.3907313, 0.1953748
0.9083593, -1.610163, 0.17014705
0.93033904, -1.5689095, 0.18705139
0.96924716, -1.6702815, 0.17098197
0.80968595, -1.5320872, 0.16762473
0.913383, -1.6285294, 0.15827681
1.1089957, -1.5886182, 0.21152924
1.0859952, -1.3741335, 0.23123057
1.089502, -1.5753384, 0.19539599
0.8883238, -1.5500578, 0.16980137
1.0128134, -1.3309493, 0.22866936
0.98707557, -1.5071403, 0.19331826
0.969018, -1.3887591, 0.21091503
0.89018834, -1.4705504, 0.18875034
0.99097294, -1.349288, 0.22732891
1.0703654, -1.5518, 0.2079726
0.97108877, -1.3501873, 0.21378489
0.87096405, -1.6489452, 0.15184991
0.97097087, -1.6676966, 0.15870813
0.85051155, -1.5075611, 0.17056085
1.0294882, -1.5084773, 0.21029116
1.032539, -1.5721816, 0.19234005
0.889741, -1.4544151, 0.17798834
1.1279415, -1.5729109, 0.2122501
1.0285969, -1.5317672, 0.20862737
1.131322, -1.5924554, 0.21135518
0.8640962, -1.4711998, 0.17469668
0.78943276, -1.4874898, 0.15709938
0.8702582, -1.4280155, 0.19159031
0.9098123, -1.4063654, 0.20729627
0.95240104, -1.6268709, 0.15984732
0.8826268, -1.5888507, 0.15899941
0.767566, -1.5097153, 0.1553159
0.8520344, -1.5494882, 0.16986302
0.92928547, -1.5691235, 0.17557022
0.9488277, -1.5127798, 0.17721774
0.9710812, -1.3492681, 0.22622402
0.96972877, -1.5071808, 0.19122207
0.9880892, -1.5701494, 0.19011773
1.0088024, -1.5120406, 0.1948316
1.0451287, -1.5677068, 0.1963356
1.0688313, -1.3685032, 0.23215339
0.81099224, -1.4082308, 0.18458173
0.92928046, -1.486308, 0.20424798
0.9508835, -1.4090552, 0.21106534
0.98928654, -1.3892652, 0.21532764
0.92824274, -1.6298898, 0.16963531
0.86896163, -1.5497078, 0.17133452
0.97059757, -1.5903888, 0.18828961
0.9699056, -1.6147486, 0.17269255
0.8067051, -1.4898891, 0.1579393
0.8732948, -1.6107976, 0.15517998
0.9891549, -1.3712075, 0.2264469
1.0683945, -1.5709349, 0.21112406
0.83090997, -1.4877574, 0.18527398
0.99172807, -1.615016, 0.17486683
1.1089534, -1.5702628, 0.21096255
0.8695271, -1.5939076, 0.15427853
1.0082566, -1.53269, 0.19475573
0.95203847, -1.5091434, 0.19099832
0.89227486, -1.567686, 0.16798536
0.9511619, -1.5695912, 0.18849583
0.82870007, -1.491224, 0.17320326
0.92977494, -1.4294745, 0.20969804
0.81095356, -1.6108823, 0.15206233
0.9524403, -1.5886595, 0.1884905
1.0737224, -1.5130988, 0.21013695
1.0288638, -1.4091762, 0.22822559
0.91005975, -1.6295683, 0.16731629
0.8900336, -1.4885578, 0.19083528
0.84737706, -1.5503157, 0.15654092
1.0910239, -1.610002, 0.21023075
1.0096266, -1.670589, 0.17180376
0.88924426, -1.5653172, 0.15957919
0.7941707, -1.4350895, 0.17531842
0.78916943, -1.5907118, 0.15286705
0.9894081, -1.5503664, 0.18888177
1.1103933, -1.5104119, 0.21361692
1.028356, -1.6506629, 0.18770652
1.132899, -1.5099493, 0.21672127
1.1719409, -1.4891627, 0.23096693
1.1697756, -1.5266775, 0.2426566
1.0883952, -1.550547, 0.21005031
0.90636563, -1.5506587, 0.17262669
0.82823396, -1.4307685, 0.18687968
0.79248655, -1.4501338, 0.16951898
0.9104377, -1.4906832, 0.19125503
1.129146, -1.5498316, 0.21250822
0.9680209, -1.4504272, 0.19557798
0.9484988, -1.5698323, 0.1755113
0.85100484, -1.6887293, 0.1537217
1.1492554, -1.452191, 0.2335035
0.8704398, -1.4680904, 0.18510039
1.1297017, -1.4695994, 0.23173669
1.0901005, -1.5713695, 0.21121037
1.1066624, -1.5896993, 0.1985301
0.9296475, -1.3507565, 0.22574517
1.0520756, -1.5885463, 0.20434037
0.8669022, -1.3693999, 0.1945291
0.9514096, -1.5300198, 0.19043285
0.9482855, -1.6920582, 0.15606023
0.9691426, -1.4866129, 0.2083998
1.1277474, -1.53113, 0.2305279
0.7907797, -1.4917109, 0.16942011
0.9714527, -1.569814, 0.18956803
1.0913068, -1.4522661, 0.23218894
0.7715815, -1.4901059, 0.16530803
0.98673415, -1.6687373, 0.17410363
0.9900533, -1.4692627, 0.21025032
1.1321231, -1.511522, 0.23187459
1.167657, -1.5325528, 0.23064414
0.89273363, -1.4110854, 0.20747885
0.9296197, -1.3090698, 0.2244986
0.90784794, -1.4118817, 0.19217694
0.8900426, -1.390393, 0.20746562
0.95112854, -1.367859, 0.22401938
1.0671327, -1.4701247, 0.21584623
1.0900681, -1.5311975, 0.21152276
1.1476364, -1.5317208, 0.22708975
0.7307432, -1.54662, 0.15454814
1.048159, -1.6515039, 0.18971369
0.9488978, -1.3506749, 0.2137012
1.0499511, -1.6087685, 0.19378789
0.8302447, -1.5495728, 0.16873069
0.8496758, -1.3721058, 0.1923555
1.0292653, -1.5096349, 0.19554248
0.8685716, -1.5305381, 0.17027679
1.0082003, -1.4283934, 0.21014015
0.990723, -1.3111985, 0.22969764
0.9253089, -1.5150274, 0.17551953
0.84965324, -1.4291903, 0.18971996
0.85035354, -1.4109099, 0.18971454
0.8283234, -1.4305284, 0.1744213
1.0685554, -1.6086072, 0.19262548
0.9022531, -1.5955992, 0.15800744
0.93205994, -1.4476666, 0.20510577
0.91110295, -1.4276711, 0.20639516
1.110556, -1.5326838, 0.21108471
0.9655524, -1.3988724, 0.19600275
1.1019553, -1.4894634, 0.21467155
0.90901035, -1.3286657, 0.21157117
0.81199175, -1.4107974, 0.17656285
0.8880269, -1.493097, 0.1756749
1.0293664, -1.4098123, 0.2142413
0.871308, -1.5895448, 0.16947542
0.8086057, -1.5079051, 0.17096648
0.9505407, -1.3693664, 0.21089481
1.1112366, -1.471904, 0.22896
1.1491907, -1.5095013, 0.23078367
0.8284792, -1.4513131, 0.1741547
0.9288751, -1.4500806, 0.19482777
0.9647101, -1.5327559, 0.17582703
1.0905259, -1.4718766, 0.22689283
0.96940154, -1.4892732, 0.19195773
0.98849505, -1.6288506, 0.18590637
1.0314991, -1.4743055, 0.20996316
0.86999094, -1.3310701, 0.20732476
1.1035365, -1.4718336, 0.21697077
0.9303926, -1.6553779, 0.15773216
0.8104044, -1.4696771, 0.17196852
1.0115428, -1.526983, 0.20559934
0.96714765, -1.7111443, 0.15281236
0.82743937, -1.5900426, 0.15245895
0.92726195, -1.3289765, 0.21370892
0.9279779, -1.6700397, 0.15577622
0.9539032, -1.550214, 0.20465434
1.0272244, -1.5903622, 0.17712778
0.9495817, -1.4910198, 0.19371657
1.0138358, -1.5111268, 0.2080252
0.9465002, -1.3909503, 0.20869234
0.89058924, -1.588959, 0.16881351
0.9283886, -1.6485415, 0.1699394
0.969572, -1.3317188, 0.21555316
0.9300709, -1.3507261, 0.21166922
0.90979534, -1.511247, 0.1742665
0.9889464, -1.4896511, 0.19328348
0.8893316, -1.4095967, 0.19198084
1.0277791, -1.5339986, 0.19532283
0.80670166, -1.5084504, 0.15643539
1.030394, -1.605186, 0.18934417
0.97010756, -1.4115642, 0.21230678
0.86673886, -1.508822, 0.17320454
1.0509212, -1.5518316, 0.19681557
1.012617, -1.6901127, 0.18940496
0.90946805, -1.5079309, 0.19117199
0.91036624, -1.5918365, 0.17128465
0.8139635, -1.4529921, 0.18444686
0.8249517, -1.5095849, 0.15695971
0.9337639, -1.5341443, 0.176297
1.1003346, -1.5793993, 0.1969724
1.1129546, -1.610525, 0.20929638
1.0287672, -1.3103381, 0.23281212
0.8691862, -1.4087045, 0.19019996
1.170205, -1.5693624, 0.22719727
1.0096033, -1.3114287, 0.232634
0.868125, -1.4893513, 0.17588396
1.1507838, -1.4717598, 0.23296848
0.79295325, -1.4718928, 0.16832718
1.0505426, -1.4706302, 0.21280761
1.0310785, -1.3923635, 0.22851141
1.0669268, -1.6480217, 0.19501777
0.8901704, -1.3723085, 0.19660218
1.0664036, -1.4314128, 0.21754861
1.0471832, -1.3303475, 0.23432231
1.1706214, -1.5076671, 0.22987154
1.1314781, -1.427678, 0.22908947
1.1102445, -1.5495998, 0.22599874
1.0897284, -1.5126984, 0.22716713
0.91092366, -1.5489142, 0.1849294
1.1672885, -1.4881682, 0.2431468
0.9323084, -1.3278593, 0.22596763
0.9699357, -1.6483332, 0.1842077
0.8492176, -1.46871, 0.18819115
0.8317335, -1.6467692, 0.15233973
0.8924521, -1.3309082, 0.20784292
1.1093012, -1.508099, 0.23048866
0.89131343, -1.5104585, 0.18902807
0.9876369, -1.3308499, 0.21700042
1.0093545, -1.6501503, 0.1884114
0.8291635, -1.6098582, 0.16484524
0.8911894, -1.6497144, 0.16713029
0.86909485, -1.6502726, 0.16510572
1.01029, -1.7095357, 0.16951016
1.0311483, -1.4857932, 0.22274086
0.9312212, -1.5514839, 0.18845636
1.0099301, -1.6310196, 0.1900019
1.0676746, -1.4488732, 0.22904575
0.9491442, -1.7090187, 0.15568417
0.8292482, -1.3699139, 0.19124998
1.0505167, -1.3918668, 0.22924918
0.8501409, -1.5086395, 0.18570068
0.8873532, -1.4294242, 0.19132341
1.1296551, -1.4498123, 0.23063482
0.791268, -1.5106548, 0.170108
1.0280416, -1.4497, 0.20975997
0.9069446, -1.671054, 0.15439387
0.99015033, -1.4896692, 0.20765428
0.76877904, -1.5310491, 0.15113463
0.90789896, -1.6915468, 0.15456653
0.7923121, -1.5697992, 0.1642518
1.1100329, -1.4297793, 0.23076858
0.87126386, -1.5112009, 0.18551096
0.9923455, -1.5120867, 0.20664369
0.8299747, -1.4668894, 0.18602015
1.1881509, -1.5507919, 0.22899556
0.8289838, -1.6285839, 0.1526636
1.1891543, -1.5341352, 0.22739038
1.1652637, -1.5714794, 0.21606515
0.9909367, -1.2909751, 0.2289219
0.8454539, -1.5032784, 0.15935178
0.90748644, -1.6098697, 0.1577241
1.0696492, -1.388012, 0.2297143
0.9667978, -1.5559162, 0.1755585
0.9686949, -1.6921041, 0.17006145
0.95119625, -1.4716306, 0.19298188
0.88038665, -1.4619744, 0.1799632
0.9850059, -1.3492665, 0.21647564
1.0877028, -1.4520055, 0.21617326
0.9160621, -1.4885112, 0.20459203
1.1090896, -1.4502507, 0.23126476
0.98906296, -1.6893818, 0.16859725
0.99055004, -1.4715694, 0.19603112
0.9716279, -1.4313005, 0.19812205
0.86702484, -1.5493555, 0.15705366
0.83263123, -1.4112966, 0.18884823
1.0318965, -1.4900045, 0.19704625
0.8311733, -1.4493309, 0.18784292
1.1543238, -1.5070499, 0.21765924
1.1289265, -1.4888113, 0.23216248
0.7915222, -1.5788174, 0.13838957
0.8504433, -1.4338918, 0.17588064
0.9110811, -1.5703051, 0.1847769
0.968475, -1.6101978, 0.18944864
0.9698802, -1.3672405, 0.22482371
0.9830442, -1.5784284, 0.17725752
1.0509187, -1.4539117, 0.21307802
0.93393636, -1.476576, 0.1795799
0.94709384, -1.331686, 0.21355285
1.0292534, -1.5941608, 0.20373273
1.1116989, -1.409304, 0.2295804
0.98622155, -1.384494, 0.2237482
0.97070426, -1.466967, 0.21020107
0.9109195, -1.4722117, 0.2024457
0.971241, -1.2903349, 0.22936985
0.7886265, -1.5486401, 0.15366445
1.0290952, -1.6084194, 0.20365854
0.7492959, -1.5300392, 0.15123829
0.870213, -1.3696642, 0.20735057
1.0093536, -1.5906394, 0.20298797
1.0072836, -1.6084956, 0.1900985
0.9535702, -1.6291592, 0.18738623
1.04948, -1.3506595, 0.22960469
1.0295303, -1.6665671, 0.18764119
1.0871098, -1.629451, 0.19494662
0.8888827, -1.3696383, 0.20978522
1.0684667, -1.6323481, 0.1935254
0.9287703, -1.5503594, 0.17494892
0.9881335, -1.2523464, 0.2308276
1.089242, -1.4877757, 0.21084307
1.1481024, -1.5677319, 0.21116526
0.81089467, -1.4318243, 0.17372935
0.8306177, -1.6687605, 0.1512274
0.9293561, -1.6714609, 0.16913094
1.0419465, -1.4947629, 0.19459565
0.84881574, -1.4514802, 0.17597334
1.0110593, -1.6718225, 0.18882433
1.0729249, -1.42776, 0.2294238
0.90786946, -1.4928652, 0.17799807
0.87029845, -1.3889769, 0.20610383
0.8718551, -1.630181, 0.16709812
0.86977476, -1.5287409, 0.18437664
1.0435781, -1.3159003, 0.22928469
0.8427568, -1.5348831, 0.15684752
0.7701571, -1.5704796, 0.15237142
0.8686106, -1.6697091, 0.152976
0.9095724, -1.5070405, 0.20334232
1.125811, -1.6290225, 0.20964248
0.9892123, -1.5285792, 0.20558964
0.99271697, -1.3079906, 0.24312846
0.830843, -1.5874048, 0.1675386
1.0551499, -1.612427, 0.20432663
0.9303508, -1.3676903, 0.22429156
0.97028947, -1.2695253, 0.23055293
0.8721714, -1.3506838, 0.20641299
0.9903587, -1.2704068, 0.23045775
1.0498327, -1.5086967, 0.22290161
1.0330615, -1.4326187, 0.22458039
1.0107244, -1.4298561, 0.22649089
1.1509019, -1.5513017, 0.22847147
0.8100494, -1.5716149, 0.1524634
0.8105013, -1.347271, 0.19861037
1.0082753, -1.393889, 0.2283371
1.009592, -1.6088405, 0.20322089
1.0125686, -1.5497032, 0.20665555
1.1277223, -1.4943004, 0.21621603
1.048903, -1.5696385, 0.20718305
0.8713195, -1.4327288, 0.20318377
1.1673834, -1.4729444, 0.22982056
1.1679659, -1.5497777, 0.22760652
0.94947517, -1.450856, 0.19414362
0.9925662, -1.6535951, 0.18544436
0.865703, -1.4281571, 0.17755423
0.8749259, -1.5647856, 0.18338497
1.0940858, -1.4793651, 0.21709025
0.93211675, -1.2905542, 0.224246
1.0499156, -1.4899709, 0.22498442
0.86868644, -1.4058028, 0.2039234
1.1544306, -1.5126562, 0.24331248
0.8623879, -1.6454515, 0.13842925
0.83034766, -1.6116538, 0.15190446
0.8323708, -1.3896797, 0.18954831
1.0912184, -1.3944917, 0.24506272
1.070941, -1.487995, 0.22524688
1.0672784, -1.4506205, 0.21575211
0.9333843, -1.6286455, 0.18391292
0.8500204, -1.5924621, 0.1545759
1.0934634, -1.628298, 0.21035782
0.85105807, -1.5257429, 0.1830372
0.94493663, -1.596916, 0.15882847
1.0496855, -1.4501445, 0.22820283
0.7509134, -1.5482155, 0.15286401
1.0080377, -1.2912924, 0.23081544
0.7714932, -1.4707385, 0.17197254
1.0486748, -1.6697675, 0.1882695
1.0315161, -1.4533828, 0.22546029
0.9293453, -1.6252145, 0.15805
0.8688762, -1.4134305, 0.17923807
0.98456377, -1.4517933, 0.195089
0.97309154, -1.3303716, 0.22994241
0.9689019, -1.4110329, 0.22412364
0.95013505, -1.4884269, 0.20668928
0.8916909, -1.5485296, 0.18614127
0.8107204, -1.5138282, 0.18290721
0.9512863, -1.7300528, 0.1526801
1.0732607, -1.3504078, 0.22769749
1.0724945, -1.5719852, 0.19665322
1.0514917, -1.3902947, 0.21782893
0.9297239, -1.7327213, 0.1530282
0.8506148, -1.3896383, 0.2040032
0.88826567, -1.3497516, 0.21125309
0.82067144, -1.6280055, 0.13966295
0.9663334, -1.7303219, 0.16687243
1.0676042, -1.4080982, 0.24372712
0.94931537, -1.6071306, 0.18783589
0.9204778, -1.619685, 0.15907305
0.9909669, -1.2727644, 0.24744773
1.051066, -1.5280917, 0.22379082
1.145916, -1.6111248, 0.21175873
0.98417825, -1.3147575, 0.21569811
1.1728836, -1.5282459, 0.21918377
0.9291804, -1.5152897, 0.20490424
1.1521084, -1.5492287, 0.21452309
0.8914855, -1.6887763, 0.15181653
1.0277003, -1.570697, 0.20714246
0.9308773, -1.588737, 0.18475416
1.0051616, -1.6910725, 0.17270374
0.7517567, -1.5697726, 0.15263797
0.9502781, -1.2892715, 0.22654234
0.9111352, -1.6657625, 0.1670346
1.030879, -1.329831, 0.24464862
0.8777869, -1.5349061, 0.15853262
0.8726629, -1.7275592, 0.15179133
0.9507465, -1.3872154, 0.22671701
1.128778, -1.6077791, 0.2120073
0.9485356, -1.6588106, 0.15840712
1.1131953, -1.4663947, 0.24432252
0.8160243, -1.5239623, 0.18510623
0.9915273, -1.5706501, 0.20419446
0.9945253, -1.5499114, 0.20494165
0.87643754, -1.4691448, 0.20263547
0.85289013, -1.5499213, 0.18546677
0.99166626, -1.6716925, 0.18487687
0.99168813, -1.5864635, 0.20328197
0.8307017, -1.5531703, 0.18160033
1.0036983, -1.5980753, 0.1778672
0.8456342, -1.4246207, 0.20114228
0.95012575, -1.4297333, 0.19555333
0.9702947, -1.7083249, 0.16947728
0.86705965, -1.3512304, 0.19573796
0.94915974, -1.2685934, 0.2232932
1.0163821, -1.4685364, 0.22168449
1.0928864, -1.527302, 0.22585033
1.0261257, -1.2895181, 0.22913177
0.91190845, -1.3132862, 0.22326288
0.85184526, -1.4133604, 0.17717203
1.0004259, -1.27152, 0.24301453
0.81220794, -1.443206, 0.2008199
0.949143, -1.4315816, 0.22170143
1.0480623, -1.3323139, 0.24146895
1.0279661, -1.2956414, 0.24121347
0.9448972, -1.5257646, 0.1780317
1.0837562, -1.3756644, 0.24370952
0.94573087, -1.6714756, 0.18095052
0.99782234, -1.3323348, 0.24515882
0.9971695, -1.3637526, 0.2406306
1.0730643, -1.5143855, 0.22328737
