2.1705577, -3.683282, 0.31701803
2.1537905, -3.7044992, 0.31832072
2.128381, -3.6830156, 0.31117553
2.150283, -3.6931162, 0.31627098
2.175518, -3.6749659, 0.31469446
2.1574225, -3.6784103, 0.3171964
2.1072803, -3.683416, 0.3136826
2.21916, -3.6096206, 0.32808563
2.0485008, -3.7725444, 0.31389168
2.0346963, -3.7708263, 0.31221756
2.0159135, -3.7871184, 0.31334686
2.2900803, -3.5502458, 0.3258645
1.9607816, -3.811344, 0.31117445
1.963649, -3.7895586, 0.31101638
1.9857227, -3.8281596, 0.3143374
1.8822956, -3.8203788, 0.3151035
1.8506442, -3.9031463, 0.32589883
2.1281624, -3.730663, 0.3137092
1.9023455, -3.8205085, 0.31376883
1.9571677, -3.8347774, 0.3152524
2.1342323, -3.708615, 0.31515744
1.9864086, -3.76981, 0.31610045
2.0830321, -3.7502134, 0.31138897
2.1328397, -3.834823, 0.35411304
2.1487827, -3.824145, 0.3562792
2.1067598, -3.8708708, 0.35198894
2.1086543, -3.8569753, 0.35192078
2.1313293, -3.648888, 0.31271636
2.1769013, -3.6179812, 0.31165394
2.2029986, -3.6101916, 0.31634507
1.8869451, -3.8904035, 0.3245136
2.048978, -3.7496893, 0.31666395
1.9668692, -3.7315972, 0.29039282
2.074391, -3.704921, 0.3116587
2.1830094, -3.664058, 0.31679186
1.8726333, -3.8760018, 0.3146681
1.9067559, -3.8690233, 0.3119409
2.227992, -3.6185055, 0.32072863
1.8754526, -3.9241548, 0.32704523
1.9665083, -3.746192, 0.29392815
2.2157977, -3.6331513, 0.31884807
2.092107, -3.6879833, 0.31408978
2.2239084, -3.638217, 0.32286027
2.1046665, -3.6419904, 0.3086499
1.9289296, -3.76854, 0.30471098
2.1222138, -3.846888, 0.3479397
2.1356468, -3.6217651, 0.30963883
2.2924783, -3.5264876, 0.31634742
2.1894054, -3.568052, 0.3071998
2.1873016, -3.6096504, 0.31634375
2.1866138, -3.5900302, 0.3107639
2.2514753, -3.5726166, 0.31561947
2.1978717, -3.6471376, 0.31775612
1.9323797, -3.794176, 0.30631685
1.9504942, -3.7927403, 0.311339
1.8919786, -3.848041, 0.31554443
2.1573138, -3.6511073, 0.3143543
1.8333383, -3.8901477, 0.31297073
2.191216, -3.667699, 0.32097587
1.9912739, -3.7913404, 0.31159037
2.2072968, -3.5922995, 0.31360132
2.0127635, -3.766904, 0.31271487
2.2955415, -3.5130687, 0.31057325
2.2661395, -3.5868156, 0.32530856
2.211938, -3.646548, 0.31599638
2.1686378, -3.631205, 0.3142719
2.1276095, -3.666974, 0.3153284
2.0904884, -3.6494634, 0.30640924
2.2537463, -3.5872025, 0.32351777
2.1117826, -3.6634986, 0.3122225
1.9921368, -3.7476242, 0.31071815
2.2394316, -3.6135616, 0.3199131
2.2296038, -3.5860357, 0.31045026
1.8697803, -3.9010513, 0.3246429
2.1487823, -3.6102743, 0.30701298
2.0898914, -3.6290715, 0.2918531
2.1251202, -3.6055875, 0.29711214
1.9273072, -3.9155028, 0.32907087
2.0302825, -3.7105517, 0.31031948
2.0206513, -3.7067213, 0.29525435
2.0553784, -3.7107, 0.3104929
2.0148091, -3.7115936, 0.30098256
2.0325704, -3.685316, 0.304224
1.9071388, -3.9447286, 0.34471455
2.0758471, -3.6489806, 0.30860466
1.9502469, -3.9261744, 0.34068266
