0.76964897, -1.9130173, 0.19612958
0.8081745, -1.9194715, 0.18793714
0.81084925, -1.8888574, 0.2042811
0.7914561, -1.9534312, 0.16956367
0.7501216, -1.9564497, 0.17439154
0.76832837, -1.9239053, 0.1906793
0.8177921, -1.893655, 0.19750862
0.7471743, -1.9438574, 0.18327233
0.81241614, -1.924448, 0.1824356
0.7706539, -1.9495026, 0.17523901
0.81088126, -1.9368374, 0.1735154
0.78934366, -1.9356709, 0.17901672
0.74921966, -1.9041015, 0.20082654
0.7787461, -1.8864965, 0.19942193
0.72830105, -1.9315654, 0.1887066
0.7455995, -1.9284923, 0.19144231
0.826736, -1.8960297, 0.19664171
0.84907675, -1.9025309, 0.18490508
0.80761844, -1.8681906, 0.21059749
0.84787077, -1.9336283, 0.16727972
0.8311869, -1.9521817, 0.16390824
0.83593327, -1.9343181, 0.17006351
0.85278356, -1.8868635, 0.19272542
0.82629484, -1.8660668, 0.21284008
0.7954513, -1.9105318, 0.19325243
0.80581814, -1.8612559, 0.22154143
0.8515398, -1.8700268, 0.21083526
0.7655031, -1.9703959, 0.16541341
0.7723612, -1.9735327, 0.1579998
0.833046, -1.9598726, 0.1583511
0.75282896, -1.9660295, 0.17216277
0.8103757, -1.9720764, 0.16348983
0.7681099, -1.9920124, 0.16255029
0.7310569, -1.9909877, 0.16699888
0.7118042, -1.9615184, 0.17650296
0.72668654, -1.9953903, 0.15516366
0.73081326, -1.9704818, 0.17000829
0.73077214, -1.9489543, 0.18282768
0.7273373, -1.9486184, 0.1783302
0.7113461, -1.9486936, 0.18649459
0.7880792, -1.9744164, 0.1568441
0.7482409, -1.9904214, 0.15667336
0.701814, -1.9576094, 0.1799369
0.8235144, -1.8922979, 0.20139034
0.858344, -1.9376394, 0.15820505
0.84881157, -1.8499053, 0.21519649
0.89549017, -1.9127816, 0.1718888
0.87660336, -1.9321427, 0.15849805
0.87499577, -1.8522127, 0.2113824
0.85705686, -1.8366302, 0.21834803
0.69367224, -1.9892169, 0.16839819
0.71037614, -1.9871416, 0.16682795
0.6925241, -1.9708161, 0.17417663
0.88941014, -1.8341296, 0.21675608
0.8938506, -1.8111433, 0.23126005
0.8934583, -1.8032911, 0.24038942
