2.3299694, -1.9866347, 0.1084447
2.311255, -1.9364271, 0.11219114
2.3586438, -1.9832236, 0.11717728
2.3253489, -1.9664208, 0.115088835
2.3082547, -1.9672549, 0.111068875
2.3260224, -1.9471517, 0.11059073
2.287096, -1.9717493, 0.11181139
2.2653532, -1.9470036, 0.109832056
2.2697995, -1.925581, 0.1161197
2.2872431, -1.9523139, 0.11160138
2.3724153, -2.0264099, 0.11772446
2.3804224, -1.977226, 0.11038107
2.2643645, -1.975026, 0.11556585
2.2821581, -2.024782, 0.11215887
2.3491414, -2.0472476, 0.12601732
2.2441208, -1.971028, 0.11442384
2.3459744, -2.0683997, 0.10875916
2.2881606, -2.0550902, 0.123927854
2.3751934, -2.091032, 0.11594582
2.3970282, -2.0896661, 0.11385965
2.411314, -2.0666494, 0.11407544
2.4273016, -2.028701, 0.108468436
2.3041468, -2.0394049, 0.12601568
2.3542216, -2.1239429, 0.12098932
2.376223, -2.1295276, 0.12335079
2.420529, -2.1037402, 0.12034356
2.4337995, -2.071716, 0.11270615
2.4551587, -2.0347476, 0.1074228
2.4698417, -2.0889711, 0.11155954
2.4687204, -2.1668687, 0.11452752
2.5341935, -2.2141747, 0.1079276
2.5033944, -2.204124, 0.10970146
2.5102012, -2.2276092, 0.11167472
2.4841702, -2.23474, 0.1185615
2.4775486, -2.2264183, 0.11624116
2.511957, -2.2473724, 0.115193285
2.5921822, -2.2653892, 0.10819279
2.5301638, -2.3263075, 0.11252127
2.6159523, -2.2860987, 0.103581235
2.311367, -2.0687304, 0.12436632
2.2508676, -1.9246649, 0.1108818
2.3740616, -2.011218, 0.10814896
2.6297846, -2.316677, 0.11674665
2.4457455, -2.2081232, 0.11001003
2.576016, -2.2540734, 0.105849124
2.6504436, -2.26798, 0.11284799
2.3959873, -2.0112069, 0.10870527
2.6640453, -2.331137, 0.11482927
2.4578996, -2.2234085, 0.11500145
2.290253, -1.9328042, 0.12238268
2.351966, -2.0289316, 0.1114676
2.6050804, -2.3078794, 0.11327155
2.4571056, -2.1452863, 0.119547844
2.3327854, -1.9104488, 0.1115948
2.554338, -2.332054, 0.12185906
2.2775843, -2.0246925, 0.12266444
2.634308, -2.293845, 0.11686442
2.3486505, -2.1103375, 0.12196421
2.303059, -2.0145125, 0.110936426
2.6515632, -2.3739986, 0.111942306
2.3464148, -1.886558, 0.12186421
2.3965683, -2.199319, 0.12150321
2.6288154, -2.4063716, 0.12069506
2.6536784, -2.4127622, 0.11418055
2.6323059, -2.4477077, 0.12249707
2.6928816, -2.4331205, 0.11403874
2.5754247, -2.3845935, 0.11594157
2.6152775, -2.4748597, 0.11813482
2.4076333, -2.1291895, 0.1141745
2.550204, -2.3031316, 0.1170546
2.5290873, -2.1548645, 0.11044602
2.280573, -2.0116646, 0.11056404
2.3640904, -2.0720634, 0.11468722
2.3839316, -2.1067758, 0.10785983
2.592433, -2.349256, 0.1104089
2.448923, -2.0676024, 0.10043269
2.2330747, -1.9494629, 0.1119579
2.4051642, -2.1129677, 0.11299318
2.3468695, -2.0843413, 0.11489142
2.4184916, -2.057164, 0.102931
2.3832784, -2.0532432, 0.11326153
2.4262486, -2.170516, 0.1097081
2.7203267, -2.4326925, 0.11381795
2.6955647, -2.3939006, 0.10957017
2.6481833, -2.3524537, 0.112952344
2.4243617, -2.0411842, 0.11806376
2.7080069, -2.379882, 0.11403168
2.3241398, -2.02717, 0.11423715
2.6324584, -2.406082, 0.112600766
2.663517, -2.3965938, 0.10672085
2.3304024, -2.0062099, 0.10544483
2.3286974, -1.9322388, 0.11219054
2.529038, -2.1958983, 0.11251967
2.5355206, -2.2317662, 0.11337699
2.433624, -2.1382983, 0.11734426
2.685094, -2.372416, 0.10897394
2.5505989, -2.198971, 0.119988956
2.426711, -2.1187563, 0.11608334
2.3112922, -1.8708978, 0.11390802
2.668382, -2.4538069, 0.11393367
2.3128066, -2.0362175, 0.10822164
2.454565, -2.0519807, 0.11023557
2.5810807, -2.2464094, 0.09967575
2.2716386, -1.9962296, 0.11384477
2.6434426, -2.296076, 0.10528929
2.3749306, -2.108673, 0.11514357
2.3976765, -2.030868, 0.11362386
2.4114215, -2.1718373, 0.11146302
2.6366549, -2.3953154, 0.10619386
2.3895109, -2.0707703, 0.116872184
2.2243068, -1.9073056, 0.11108998
2.670143, -2.3733456, 0.12559023
2.6053944, -2.3948438, 0.11030065
2.635156, -2.4295492, 0.11350323
2.4417012, -2.1770658, 0.11244026
2.4832828, -2.2568064, 0.11540036
2.6404002, -2.3226914, 0.11019363
2.4295018, -2.1527555, 0.10982782
2.4018111, -2.136376, 0.123235404
2.414064, -2.087452, 0.11975461
2.6766434, -2.3789961, 0.11400711
2.329976, -1.8855524, 0.1170057
2.3175678, -2.0078545, 0.12290624
2.7393813, -2.437977, 0.121402115
2.2849417, -1.9956667, 0.12807918
2.5854745, -2.3865833, 0.10955758
2.610859, -2.326948, 0.11229832
2.5907416, -2.2490466, 0.11728374
2.2499616, -1.990554, 0.112383276
2.758789, -2.4622142, 0.11455371
2.5168927, -2.1768787, 0.11817515
2.5955172, -2.374676, 0.11198484
2.6059673, -2.2235718, 0.11540085
2.6033492, -2.4159307, 0.11172586
2.5678444, -2.3690743, 0.1115516
2.7953682, -2.5358205, 0.12280333
2.7457979, -2.5218117, 0.11024645
2.749956, -2.5562634, 0.11142892
2.7824316, -2.4705997, 0.12001321
2.77525, -2.5303097, 0.11171954
2.780788, -2.5708206, 0.113303974
2.7050657, -2.5318427, 0.123880155
2.710299, -2.5482771, 0.11651647
2.8226988, -2.4906154, 0.11650365
2.8101995, -2.5842602, 0.11622244
2.6734178, -2.5090265, 0.12264253
2.6438026, -2.5026696, 0.12154274
2.622027, -2.357642, 0.10946825
2.6464324, -2.4694402, 0.109824695
2.563867, -2.2127345, 0.10571507
2.4583225, -2.0770686, 0.12094283
2.296238, -1.8927139, 0.12141273
2.7256992, -2.4479342, 0.11398892
2.4636045, -2.148452, 0.107535005
2.561114, -2.3494768, 0.112368986
2.468079, -2.1864748, 0.11313117
2.4893987, -2.1692133, 0.11968315
2.715487, -2.5389957, 0.111839145
2.4505043, -2.1882036, 0.109701484
2.3496158, -1.949428, 0.1119733
2.681125, -2.521668, 0.112537935
2.231366, -1.9862903, 0.11389554
2.4662192, -2.2533484, 0.10910022
2.5671084, -2.2936978, 0.10610901
2.2913506, -1.9915109, 0.11270583
2.419892, -2.0294466, 0.11090023
2.5925794, -2.3336425, 0.10857911
2.6198137, -2.344294, 0.11046069
2.4759738, -2.204091, 0.11391633
2.4699512, -2.0683413, 0.11203699
2.5471966, -2.2486408, 0.10692451
2.6688952, -2.4721973, 0.12111831
2.528264, -2.2792513, 0.10575362
2.486657, -2.2762513, 0.12240985
2.4333098, -2.1517987, 0.12121283
2.6777182, -2.355748, 0.10968318
2.563096, -2.2248502, 0.107960224
2.725478, -2.409511, 0.10704493
2.724201, -2.4805698, 0.11644209
2.757817, -2.593194, 0.11040582
2.5075748, -2.242426, 0.121537
2.266572, -1.9922271, 0.1243633
2.6761453, -2.5469625, 0.12657037
2.7696738, -2.6014984, 0.10404979
2.6369846, -2.4829652, 0.123784386
2.4301572, -2.0679755, 0.12182255
2.4182665, -2.2061977, 0.12479155
2.6366343, -2.3353982, 0.121831104
2.5287795, -2.2485604, 0.12598631
2.7118378, -2.4826906, 0.10745501
2.257339, -1.9582388, 0.113811426
2.5117965, -2.1269403, 0.113709606
2.279768, -1.9589478, 0.122935414
2.3295012, -1.9727379, 0.12218287
2.6090217, -2.246991, 0.10787709
2.7141836, -2.507003, 0.10925044
2.4421375, -2.085722, 0.12029324
2.790032, -2.6552382, 0.12332019
2.7210088, -2.6087034, 0.121147506
2.2525601, -2.0130475, 0.122581325
2.4546857, -2.2595487, 0.12461012
2.584442, -2.3448622, 0.12186382
2.7434895, -2.5063791, 0.10860861
2.5508432, -2.4066284, 0.114956506
2.4662628, -2.135389, 0.10646534
2.3067806, -2.0956264, 0.11538452
2.7967143, -2.514228, 0.11611837
2.374178, -2.1159172, 0.12126338
2.559813, -2.2610915, 0.12497087
2.8377469, -2.5285673, 0.1101555
2.351966, -2.005875, 0.10620074
2.370794, -1.9947623, 0.10406662
2.2493718, -2.0189738, 0.10901059
2.8499155, -2.5430107, 0.10653472
