2.2064185, -1.3698223, 0.33594915
2.1901696, -1.3855084, 0.32837856
2.1926858, -1.3740396, 0.3106154
2.1713846, -1.3874862, 0.3270093
2.17759, -1.3857486, 0.35163814
2.1963923, -1.3724476, 0.34986627
2.1905625, -1.4000001, 0.3360543
2.1482277, -1.4072394, 0.35018194
2.145735, -1.4077756, 0.31487903
2.1472266, -1.4116471, 0.3307244
2.1401072, -1.4245586, 0.3597697
2.125657, -1.4135513, 0.3334403
2.1521, -1.4104617, 0.29091236
2.1905172, -1.3772792, 0.39228827
2.1881034, -1.3851104, 0.3841315
2.1360226, -1.4127973, 0.28515646
2.2412627, -1.3418019, 0.35397854
2.1279368, -1.4229891, 0.3628621
2.150166, -1.4088012, 0.41016826
2.308832, -1.2909969, 0.32899764
2.303774, -1.2903818, 0.3107517
2.293605, -1.3058947, 0.33184966
2.3529727, -1.2677003, 0.32746816
2.3284757, -1.2740887, 0.3326988
2.3308656, -1.2721529, 0.36755365
2.3361094, -1.2644405, 0.30454087
2.3328447, -1.2683558, 0.40388402
2.3670588, -1.2562767, 0.3512974
2.388792, -1.2447993, 0.331339
2.3714724, -1.2431238, 0.3137403
2.1291938, -1.4266421, 0.35050094
2.3044858, -1.2937578, 0.34950885
2.1645863, -1.4015512, 0.37444472
2.128358, -1.4256966, 0.33300358
2.1109385, -1.4273407, 0.37457785
2.2804933, -1.3236005, 0.33325505
2.1901352, -1.3718029, 0.4100489
2.2075086, -1.3704692, 0.41041988
2.1038358, -1.4359633, 0.3331573
2.2439587, -1.3454199, 0.3693988
2.205325, -1.3732592, 0.31409553
2.250963, -1.3458011, 0.38895288
2.0958545, -1.4324218, 0.36761984
2.3689637, -1.2582374, 0.29117164
2.110549, -1.4502798, 0.35385528
2.2950106, -1.290524, 0.36796013
2.4047096, -1.2425125, 0.35897183
2.112868, -1.4518442, 0.2273446
2.2503662, -1.3308489, 0.31515235
2.09203, -1.4486763, 0.3471205
2.364172, -1.263045, 0.39384824
2.202495, -1.3751117, 0.39665958
2.2909725, -1.3071278, 0.3472415
2.2517126, -1.3340466, 0.37624815
2.155809, -1.4083089, 0.2685473
2.0938277, -1.4333415, 0.34887108
2.156483, -1.3985204, 0.35450327
2.3709512, -1.2538598, 0.41373867
2.1705317, -1.3903741, 0.288743
2.2268176, -1.3688159, 0.32526022
2.343941, -1.2645265, 0.30422068
2.1998515, -1.3814505, 0.3495294
2.2975094, -1.3006889, 0.3665159
2.3656783, -1.2648501, 0.37535483
2.3057528, -1.2868141, 0.3687169
2.2661877, -1.3252635, 0.37003434
2.2674937, -1.3274934, 0.38859195
2.2368612, -1.3501089, 0.3853307
2.2539015, -1.3366054, 0.35334182
2.3726344, -1.248664, 0.38520294
2.1293576, -1.4298421, 0.31290203
2.3201754, -1.2826415, 0.31579092
2.1327708, -1.4095902, 0.3906474
2.348557, -1.2681015, 0.34625
2.1255386, -1.4456053, 0.28218773
2.3028708, -1.3059587, 0.33825752
2.155876, -1.4103518, 0.25221118
2.3367064, -1.2650642, 0.34522772
2.2278235, -1.3641714, 0.3518422
2.1676288, -1.4071242, 0.33074775
2.1093218, -1.4316348, 0.34835988
2.2193825, -1.3688737, 0.34474584
2.088584, -1.4329573, 0.33465564
2.1897135, -1.3939203, 0.26911515
2.2116013, -1.3812363, 0.3232504
2.3857517, -1.2625103, 0.33244118
2.128858, -1.4290354, 0.28954658
2.3657088, -1.263161, 0.4118073
2.3456845, -1.2656821, 0.40910503
2.1943483, -1.3723351, 0.3699323
2.38857, -1.2531837, 0.31662
2.333376, -1.2918952, 0.33406729
2.1557996, -1.3908298, 0.29419702
2.1485286, -1.3902743, 0.33144525
2.3886201, -1.2486963, 0.4161071
2.130389, -1.4316415, 0.2683861
2.1814775, -1.3808674, 0.2903251
2.1107168, -1.4313018, 0.3908321
2.1463974, -1.4228634, 0.31795263
