2.3664553, -3.931564, 1.0505939
2.3525665, -3.9537265, 1.0245433
2.3542747, -3.9554176, 1.0058029
2.3841074, -3.9231174, 1.0310427
2.3857472, -3.9256208, 1.0875067
2.325962, -3.9807467, 1.0465441
2.3045182, -3.9918342, 1.0264565
2.332555, -3.9715214, 1.0086486
2.331399, -3.9649756, 1.0469986
2.3262334, -3.9699519, 1.030577
2.3357024, -3.973048, 0.9945259
2.36685, -3.9417076, 0.9752531
2.3518374, -3.9505224, 0.96975315
2.3335595, -3.971628, 0.97630304
2.3048103, -3.9900627, 0.9894797
2.3839426, -3.9268692, 0.97431433
2.2642715, -4.028396, 1.0066764
2.262565, -4.02692, 1.0254236
2.3246884, -3.9710255, 0.95871824
2.244322, -4.044656, 1.010215
2.2407866, -4.0638494, 0.9793258
2.267714, -4.0290885, 0.9712202
2.2389333, -4.038768, 1.0301385
2.2590373, -4.018869, 1.046898
2.2572734, -4.021426, 1.0668727
2.2288747, -4.053146, 1.0553572
2.2092638, -4.0681744, 0.987831
2.2113457, -4.0692377, 1.0094496
2.2104254, -4.073614, 1.025722
2.2107232, -4.0740256, 1.0468129
2.2675064, -4.0332155, 1.0814716
2.234007, -4.064822, 1.0905123
2.3702898, -3.9452543, 1.0871874
2.3670359, -3.9323745, 1.0321281
2.3050702, -3.9895668, 0.9710727
2.388839, -3.9303255, 1.0684638
2.389082, -3.9299135, 1.0482483
2.3309655, -3.959695, 1.0147973
2.2332163, -4.0543947, 1.0734522
2.413165, -3.9061327, 1.0689632
2.2893388, -3.9955034, 1.0466957
2.1707127, -4.107718, 1.0541214
2.2031672, -4.0737104, 0.965816
2.30212, -4.0086017, 0.9716003
2.292883, -4.001717, 1.0264355
2.17133, -4.1061826, 1.0296427
2.3020437, -4.011782, 1.1003925
2.4139345, -3.8943357, 1.0146531
2.2392654, -4.042703, 1.0847998
2.3295772, -3.9566178, 0.95560014
2.2446666, -4.0498147, 1.0972171
2.30467, -3.9925194, 1.0444202
2.4214857, -3.9060686, 1.0490674
2.4195917, -3.902231, 1.0862826
2.1737857, -4.0901966, 1.0523679
2.4163158, -3.8969755, 1.0324929
2.2946367, -4.0069995, 1.0869839
2.1865082, -4.089369, 1.0310738
2.427544, -3.8899724, 1.04829
2.4284008, -3.8894033, 1.0104395
2.4239664, -3.883997, 0.9716586
2.4215295, -3.8813076, 0.9546853
2.1374643, -4.127713, 1.0147544
2.1364276, -4.122595, 0.972062
2.443319, -3.8188424, 0.9581395
2.3696265, -3.9455843, 1.0673771
2.429639, -3.8908577, 1.0285324
2.1686406, -4.106347, 1.0728486
2.195756, -4.0663123, 1.0033317
2.3296466, -3.9577856, 0.98888123
2.1867115, -4.092003, 0.9732691
2.34737, -3.9449272, 0.98925483
2.1371126, -4.131437, 1.0319276
2.1784782, -4.0973887, 1.0885754
2.2251625, -4.045556, 1.0381192
2.293908, -3.9931915, 1.0672331
2.3024352, -3.986365, 1.010929
2.1843886, -4.0891166, 1.0498965
2.3905468, -3.9082344, 0.99033254
2.1567385, -4.119296, 1.0661771
2.4281597, -3.8945422, 0.9958203
2.187453, -4.0902543, 1.0033828
2.3070843, -3.9959457, 1.0891117
2.1246042, -4.1196876, 1.049221
2.3867018, -3.8964381, 0.9742379
2.1617959, -4.122101, 1.0286006
2.4055538, -3.922477, 1.0089612
2.082553, -4.1541705, 0.9577585
2.4341748, -3.8914807, 1.0874625
2.3029258, -3.985319, 0.9557286
2.3992646, -3.9148943, 1.044362
2.1369345, -4.131281, 1.0513052
2.3328998, -3.9676173, 1.0649377
2.3261247, -3.9859056, 1.0060534
2.3214862, -3.9802139, 1.0255241
2.100694, -4.148036, 1.0325696
2.3140411, -3.972475, 1.0819666
2.106413, -4.148345, 0.95807004
2.0982518, -4.1508822, 1.0876856
2.4847932, -3.8379927, 1.0259261
2.3630111, -3.9368992, 0.95262593
2.3788376, -3.917418, 1.015677
2.2358558, -4.0353084, 1.0463612
2.15549, -4.119549, 1.0552737
2.4048934, -3.9201276, 1.0332112
2.2779763, -4.016191, 0.9923534
2.2801337, -4.022857, 1.1019386
2.1736608, -4.092401, 1.0728074
2.3658843, -3.94388, 1.0435535
2.2437465, -4.048425, 1.062705
2.27158, -4.008269, 1.0490261
2.2954946, -4.0026526, 0.99014527
2.1548917, -4.120366, 1.073673
2.3030944, -3.9896235, 1.1042942
2.275401, -4.013458, 1.029761
2.275861, -4.0158525, 1.0845965
2.3652892, -3.9424522, 1.0253937
2.2731535, -4.0095, 1.0119982
2.2289863, -4.0295553, 1.1134268
2.240164, -4.0413556, 1.0565096
2.151918, -4.111896, 1.0379556
2.2026966, -4.0848594, 1.0156881
2.2446506, -4.0394397, 0.96426713
2.2656898, -4.0294876, 0.9879642
2.3175533, -3.9664664, 1.0156395
2.3895724, -3.9009929, 0.9632984
2.1933546, -4.0912313, 1.0738075
2.443624, -3.8715086, 1.0707768
2.260534, -4.017435, 0.95485365
2.1608531, -4.1232634, 1.0470059
2.2862136, -4.0065866, 1.0771976
2.4315727, -3.859742, 0.98168176
2.1716757, -4.104089, 0.98940027
2.4142942, -3.9086802, 1.0070223
2.1739762, -4.1098614, 1.0070205
2.3275287, -3.9807415, 0.9762154
2.366349, -3.9411583, 0.994612
2.1588824, -4.106681, 0.9567747
2.3661726, -3.933148, 1.0128025
2.2412984, -4.032319, 0.9550889
2.4670246, -3.8719597, 1.0055082
2.240688, -4.0349193, 1.0285808
2.2095122, -4.05894, 0.96715415
2.3415284, -3.9739325, 1.0044945
2.241102, -4.036435, 1.0467658
2.2398536, -4.0353885, 1.0653428
2.2970715, -4.0002556, 0.9745361
2.1728992, -4.0974083, 0.9659649
2.342025, -3.975925, 1.0856274
2.389059, -3.9256825, 1.0062909
2.2087085, -4.0701156, 1.0709506
2.3055604, -3.993505, 1.0701077
2.4190521, -3.881927, 1.0460811
2.2943933, -3.9991026, 1.1036351
2.1684544, -4.0945916, 1.0229107
2.435134, -3.9035044, 0.98709965
2.2922225, -3.9954743, 1.0858434
2.099146, -4.1374683, 0.95284474
2.102627, -4.146634, 0.9956481
2.3186848, -3.9626265, 0.997134
2.4530056, -3.8850331, 1.0502794
2.2477152, -4.048134, 0.970304
2.100926, -4.1507635, 1.0506827
2.1355617, -4.1245503, 0.9954023
2.171768, -4.0977407, 0.9837451
2.2338238, -4.055068, 0.99948704
2.1401117, -4.1397977, 1.0275221
2.310859, -4.000877, 1.0037206
2.159743, -4.089914, 0.9785641
2.474394, -3.8578403, 1.0422024
2.2953017, -3.9994082, 1.0102524
2.2378018, -4.0335865, 0.95431083
2.202073, -4.077898, 1.097338
2.4696908, -3.8481908, 1.0088941
2.3306987, -3.9593642, 1.033215
2.3478594, -3.9485176, 1.0621895
2.1896355, -4.0599246, 0.9829379
2.4471123, -3.8861778, 0.9888982
2.3087945, -3.9588776, 0.9740418
