0.7453557, -0.76803654, 0.26714614
0.7471857, -0.7721824, 0.23113902
0.7119705, -0.7468707, 0.20958747
0.7257373, -0.7550037, 0.20948704
0.7520108, -0.7679923, 0.28475073
0.749375, -0.77266014, 0.24409068
0.7492789, -0.77503633, 0.21477632
0.7475796, -0.7689633, 0.30633408
0.77455884, -0.8055853, 0.24681042
0.7642094, -0.77155817, 0.3134677
0.7516122, -0.77323395, 0.18481189
0.7663287, -0.7914456, 0.18907803
0.7706349, -0.8109618, 0.23217298
0.7723044, -0.809587, 0.20905383
0.7661683, -0.7930092, 0.20885232
0.7311681, -0.74985534, 0.17003378
0.79460996, -0.81668305, 0.26311395
0.786735, -0.8133558, 0.23316568
0.7658945, -0.80577356, 0.19244473
0.7903278, -0.828606, 0.24822006
0.80242574, -0.83197314, 0.23858708
0.80009615, -0.83940977, 0.2599288
0.7911942, -0.82896405, 0.26903924
0.7886079, -0.82912964, 0.19167873
0.78397304, -0.81425637, 0.19196935
0.8003972, -0.8395749, 0.2011171
0.78984034, -0.8332127, 0.2106252
0.8059621, -0.84711224, 0.23101671
0.8049811, -0.84882843, 0.20921996
0.8054648, -0.84669673, 0.18462566
0.82701564, -0.8657908, 0.25218484
0.83185565, -0.8685843, 0.26970375
0.80609727, -0.8478102, 0.17274506
0.8494113, -0.87665826, 0.2777257
0.7421756, -0.76738167, 0.14785072
0.7435286, -0.7751624, 0.1664447
0.7896452, -0.8316319, 0.17208764
0.79134375, -0.8301473, 0.1522127
0.7440169, -0.75911665, 0.3056908
0.7938092, -0.8301175, 0.2872385
0.7882831, -0.7923696, 0.3145278
0.75377685, -0.79233235, 0.19161181
0.71571565, -0.74481565, 0.32872617
0.78227025, -0.7924393, 0.35350412
0.80062914, -0.8349422, 0.14451952
0.7870401, -0.813221, 0.16817558
0.80977225, -0.8510262, 0.08819999
0.807811, -0.8478306, 0.1480315
0.80646265, -0.83322066, 0.35132092
0.8039905, -0.8396927, 0.3699754
0.8075873, -0.8495587, 0.37381086
0.8101028, -0.85377234, 0.34941798
0.7911623, -0.8300878, 0.30828252
0.7870649, -0.81563246, 0.39125335
0.7561104, -0.7880995, 0.2465585
0.7650334, -0.7762176, 0.11020848
0.7644104, -0.7726466, 0.2907291
0.7936341, -0.84470403, 0.38689232
0.74925697, -0.7875387, 0.20961389
0.7497578, -0.7673833, 0.40878358
0.7890429, -0.82884103, 0.22938663
0.7287074, -0.7627543, 0.16594344
0.7930481, -0.83153945, 0.087673575
0.79129523, -0.8469252, 0.26925933
0.7919214, -0.84647423, 0.16851681
0.74410784, -0.7596591, 0.35356945
0.8067589, -0.8503074, 0.11200576
0.7523704, -0.7872705, 0.23061956
0.76533926, -0.81260824, 0.17777647
0.8224642, -0.86271447, 0.17283976
0.805223, -0.84730303, 0.13557675
0.8098107, -0.86080617, 0.24926056
0.80990684, -0.8287167, 0.30881423
0.8122089, -0.8625782, 0.20812964
0.7936524, -0.828658, 0.10498918
0.7795875, -0.82692206, 0.19007427
0.8130477, -0.86527556, 0.11902383
0.79235256, -0.84710497, 0.11297744
