1.231149, -1.3104526, 0.1676876
1.2449111, -1.3066003, 0.1532256
1.2663273, -1.2867469, 0.18573675
1.2091987, -1.3330293, 0.19218898
1.231098, -1.3125026, 0.14854132
1.2902933, -1.2709537, 0.13065834
1.2681333, -1.289448, 0.22970724
1.3049513, -1.2656223, 0.21157587
1.2450933, -1.3075495, 0.23192714
1.2883711, -1.2659321, 0.20923822
1.2893815, -1.2713232, 0.18782277
1.2486773, -1.2889936, 0.06934244
1.268117, -1.287924, 0.07297188
1.3096341, -1.2485323, 0.09381069
1.3267082, -1.2460217, 0.21112125
1.2334008, -1.3126911, 0.2693935
1.2480996, -1.3036166, 0.2873716
1.2675062, -1.2869209, 0.025354633
1.2896574, -1.2674224, 0.029608501
1.3304168, -1.2295884, 0.11034619
1.2844564, -1.2659543, 0.26992264
1.3086318, -1.2617593, 0.27023637
1.2281467, -1.3088378, 0.008721986
1.3274709, -1.2431693, 0.29030523
1.3112626, -1.2482693, 0.2924756
1.2889882, -1.2677099, 0.33064938
1.2533474, -1.2902598, 0.35105976
1.2698827, -1.2735854, 0.32927114
1.2726971, -1.2737334, 0.2702773
1.2273098, -1.3235471, 0.20982316
1.288216, -1.2691401, 0.2518451
1.2138839, -1.3307368, 0.272129
1.2070975, -1.3253301, 0.21329577
1.2675538, -1.2887334, 0.31134114
1.2306575, -1.3107759, 0.22883269
1.26605, -1.2889934, 0.32950303
1.2382126, -1.2954606, 0.3085429
1.2904041, -1.2688493, 0.35337457
1.2862906, -1.2666725, 0.091829896
1.1939484, -1.3333828, 0.3150258
1.2100779, -1.3282253, 0.16944583
1.3324314, -1.229815, 0.13150497
1.2110246, -1.3276665, 0.37094155
1.248652, -1.3091832, 0.19011456
1.2671465, -1.2865081, 0.052140515
1.307327, -1.268286, 0.04911936
1.2491444, -1.2927657, 0.2273711
1.2867254, -1.2744453, 0.17217945
1.2938342, -1.2512747, 0.22691119
1.2868412, -1.2843068, 0.18949595
1.3147833, -1.2480127, 0.12776367
1.3249756, -1.2441374, 0.26769057
1.328399, -1.2450213, 0.13117172
1.3064989, -1.2658348, 0.08875789
1.2646494, -1.3048548, 0.031186316
1.2494202, -1.3117969, 0.10929876
1.247914, -1.3076913, 0.20794007
1.3315055, -1.2314546, 0.07520346
1.2870357, -1.2696606, 0.05350303
1.3282284, -1.2461556, 0.035251383
1.3523104, -1.2304552, 0.032052174
1.3113909, -1.2493327, 0.112071246
1.2805431, -1.2896329, 0.106306344
1.2488246, -1.2917535, 0.08740588
1.2755418, -1.2745624, 0.054127935
1.2688185, -1.2868234, 0.25062168
1.2468215, -1.3067672, 0.2692971
1.3076751, -1.2659713, 0.13102686
1.3253953, -1.2472979, 0.19411974
1.2117622, -1.3151307, 0.07263484
1.3139623, -1.2522041, 0.33070326
1.3457727, -1.2284685, 0.32678664
1.2723094, -1.2755028, 0.23127183
1.2685795, -1.288886, 0.10990216
1.2702667, -1.2866799, 0.26841235
1.2676775, -1.2851918, 0.12913747
1.3109602, -1.249452, 0.30936846
1.2747451, -1.2727997, 0.18772781
1.2652793, -1.2904966, 0.3681172
1.195041, -1.3304795, 0.2710229
1.2894021, -1.2693193, 0.22917117
1.3322811, -1.2326295, 0.14939176
1.2874167, -1.2683607, 0.10996117
1.2861154, -1.2696284, 0.28739613
1.313181, -1.2515143, 0.19230804
1.2524998, -1.2929826, 0.109205775
1.3112967, -1.2522666, 0.0489411
1.3323932, -1.2335765, 0.20706825
1.2925255, -1.2545494, 0.04777534
1.2715498, -1.2726933, 0.3514895
1.2495663, -1.2903048, 0.19191629
1.3096008, -1.2466192, 0.07163633
1.2276696, -1.3277752, 0.1672231
1.2475376, -1.3070927, 0.25163746
1.2700773, -1.2885811, 0.09327302
1.282671, -1.2819567, 0.30517307
1.2129655, -1.3300034, 0.069929324
1.2269162, -1.311271, 0.1906796
1.3044764, -1.2657844, 0.35388672
1.323349, -1.2339196, 0.31345114
1.2521273, -1.2952476, 0.32834566
1.2689961, -1.3040242, 0.27274832
1.2315342, -1.3092824, 0.087401144
1.2912513, -1.2505852, 0.29183075
1.3419861, -1.2416767, 0.22840878
1.294056, -1.2509159, 0.20985138
1.3053458, -1.26652, 0.3153063
1.3230412, -1.2470363, 0.31169412
1.3062067, -1.2552819, 0.15122552
1.3104972, -1.2494512, 0.39079666
1.3470472, -1.2286998, 0.23040281
1.2457523, -1.3113796, 0.090639405
1.3212117, -1.2652534, 0.109719366
1.3282737, -1.2447491, 0.11083478
1.230533, -1.3126663, 0.28826743
1.2085676, -1.3312889, 0.10874519
1.31693, -1.2501073, 0.20977354
1.2668225, -1.2868526, 0.16805324
1.2302467, -1.305451, 0.32927787
1.267323, -1.2872468, 0.008288415
1.2307913, -1.3115208, 0.36821538
1.2883586, -1.2710692, 0.31000453
1.2511575, -1.2916645, 0.1696799
1.224055, -1.3267503, 0.14897314
1.3071167, -1.2664748, 0.2925523
1.2839296, -1.2853774, 0.28492048
1.2287214, -1.3070703, 0.10832936
1.3269093, -1.245905, 0.32770297
1.3273399, -1.248841, 0.17398831
1.2321079, -1.3106648, 0.13023564
1.224838, -1.3247038, 0.35094592
1.2703598, -1.2913121, 0.14915723
1.2095445, -1.3304513, 0.088873625
1.3287745, -1.2301904, 0.27388695
1.3123013, -1.2677349, 0.10578383
1.3064897, -1.2631248, 0.0129593145
1.249395, -1.2907622, 0.2510953
1.3073996, -1.2663147, 0.25222367
1.2614082, -1.3048579, 0.13885848
1.3106409, -1.2477283, 0.24629493
1.2875963, -1.2654523, 0.06763448
1.3033247, -1.266127, 0.15487643
1.2699313, -1.2914205, 0.20709954
1.2457577, -1.3077587, 0.17060833
1.3107913, -1.246779, 0.26707286
1.3078631, -1.2504926, 0.23214023
1.3542415, -1.2277226, 0.112915315
1.2271167, -1.3282635, 0.23071857
1.2881348, -1.2827438, 0.20975801
1.2102019, -1.3293015, 0.031368565
1.2472376, -1.2944854, 0.3685897
1.227353, -1.327885, 0.32855558
1.2097565, -1.331446, 0.22752687
1.2931908, -1.2517176, 0.07093527
1.2300119, -1.3088962, 0.04624756
1.3096318, -1.2507421, 0.16863792
1.211102, -1.3329059, 0.30928105
1.2316738, -1.3097188, 0.25197065
1.2743543, -1.2741945, 0.28953892
1.2505664, -1.3104692, 0.36992735
1.2911233, -1.264925, 0.15140735
1.3069712, -1.2492521, 0.010434134
1.2493186, -1.3074315, 0.13254802
1.2831647, -1.283985, 0.027992962
1.3083234, -1.2690052, 0.17355701
1.2482469, -1.308227, 0.31026065
1.3300672, -1.2317579, 0.2916535
1.2464492, -1.3080008, 0.067363285
1.3057323, -1.264164, 0.07103415
1.2495216, -1.2933605, 0.15035339
1.2650461, -1.3020387, 0.19437481
1.348975, -1.2260969, 0.06964112
1.2110821, -1.3317926, 0.13204794
1.3287532, -1.2450082, 0.0686415
1.3076934, -1.265041, 0.22776408
1.2307535, -1.3125015, 0.20939937
1.2239774, -1.3245418, 0.3714959
1.248591, -1.2904121, 0.008119995
1.2501237, -1.3078252, 0.34937236
1.3473232, -1.2300378, 0.16606271
1.2974266, -1.2553099, 0.36675805
1.3403624, -1.2418914, 0.3180318
1.3239647, -1.2514992, 0.093259215
1.2615352, -1.30321, 0.35156208
1.2284914, -1.327835, 0.24989244
1.2847712, -1.2825106, 0.077452525
1.2722602, -1.2898129, 0.35323596
1.2889742, -1.2662718, -0.008065897
1.282175, -1.2864201, 0.2680463
1.2283642, -1.3300471, 0.18934566
1.2781934, -1.2749172, 0.24884617
1.2296476, -1.3263685, 0.086227976
1.290866, -1.2553909, 0.18747468
1.3452696, -1.2304097, 0.20900133
1.3286262, -1.2305174, 0.22713907
1.2523559, -1.2940964, 0.1298075
1.3108715, -1.2516063, 0.3518428
1.3143932, -1.2374406, 0.38582098
1.2831461, -1.2827983, 0.019724103
1.2909396, -1.2703291, 0.38975805
1.2127805, -1.3148648, 0.25080687
1.2303753, -1.30954, 0.07353805
1.2685577, -1.3000152, 0.20565592
1.3348442, -1.232897, 0.170345
1.1904596, -1.3330901, 0.0877613
1.2886978, -1.2671324, 0.37143642
1.3306265, -1.2492981, 0.37315196
1.269691, -1.2719352, 0.20610541
1.3082964, -1.2665169, 0.33105105
1.2103426, -1.3283763, 0.2894074
1.2956707, -1.2538917, 0.24971595
1.3151642, -1.2328818, 0.21011187
1.2488976, -1.3097429, 0.03362251
1.2514879, -1.2887678, 0.26911852
1.3084215, -1.2498333, 0.03223634
1.2043037, -1.3256845, 0.052285407
1.3170273, -1.2352829, 0.08091289
1.2076758, -1.3344796, 0.2463014
1.2741727, -1.2681352, 0.13130994
1.1934737, -1.3286383, 0.28752106
1.2452378, -1.3230739, 0.32530507
1.288516, -1.2540119, 0.30593222
1.2713469, -1.2743678, 0.11157031
1.3085624, -1.2672187, 0.18494913
1.3288802, -1.2478194, 0.15226851
1.2730918, -1.2735301, 0.089827865
1.247629, -1.2887642, 0.2929482
1.3151755, -1.2380699, 0.11163784
1.3295189, -1.2290977, 0.32713553
1.283694, -1.2526112, 0.3264258
1.2082187, -1.3284129, 0.15372448
1.2649606, -1.3083832, 0.06817979
1.294867, -1.2525618, 0.3864791
1.3290539, -1.2473165, 0.39227712
1.2694105, -1.2897682, 0.28943998
1.19754, -1.3452474, 0.15178007
1.196432, -1.3310708, 0.1290902
1.2388717, -1.2982332, 0.25005066
1.2117478, -1.3143234, 0.19160408
1.2321446, -1.3099946, 0.031365454
1.1988134, -1.3443322, 0.32707456
1.3135946, -1.2375357, 0.19046277
1.3171676, -1.2352138, 0.2652755
1.2118952, -1.3129094, 0.13335297
1.2326378, -1.2921088, 0.05954407
1.3188655, -1.2360686, 0.22248898
1.2161899, -1.3167157, 0.3647071
1.2869612, -1.2847373, 0.13441254
1.3311203, -1.2297981, 0.25255162
1.304261, -1.2691689, 0.036937367
1.2693363, -1.2886877, 0.39182776
1.3494866, -1.2252733, 0.2673358
1.2583302, -1.275782, 0.23190024
1.2899266, -1.2520858, 0.11399038
1.3080304, -1.2511289, 0.37225494
