2.1900811, -3.8576145, 1.5550197
2.2054982, -3.8056586, 1.5363903
2.2239056, -3.833074, 1.5530694
2.2164364, -3.8686395, 1.559465
2.1747243, -3.833793, 1.5364157
2.1616225, -3.8896856, 1.5572416
2.1873364, -3.825254, 1.5429343
2.1747873, -3.8313844, 1.5417331
2.214015, -3.8938646, 1.5714958
2.2327292, -3.8274791, 1.560903
2.2368188, -3.8509977, 1.5660988
2.2239466, -3.7914257, 1.5367935
2.2427251, -3.8188884, 1.55347
2.222514, -3.8035147, 1.5438578
2.268926, -3.8569362, 1.5703151
2.2752106, -3.8043697, 1.5610662
2.2542372, -3.8747187, 1.5758839
2.2298467, -3.9041877, 1.5746522
2.1366024, -3.8507848, 1.5407003
2.1411827, -3.8943882, 1.5523877
2.1359463, -3.9083471, 1.5554775
2.1904287, -3.9343903, 1.5741264
2.1602998, -3.9251392, 1.5693276
2.264775, -3.864751, 1.5776441
2.2798045, -3.7679, 1.5436374
2.2511604, -3.7705674, 1.5444257
2.2804766, -3.8056648, 1.5555112
2.296426, -3.7907298, 1.5604918
2.3022778, -3.8358808, 1.574669
2.2907147, -3.7748163, 1.5544839
2.31889, -3.8139133, 1.5712881
2.113426, -3.8695853, 1.5401944
2.118723, -3.8585708, 1.5358713
2.110851, -3.9426377, 1.5548384
2.157798, -3.9402516, 1.5737633
2.0845835, -3.8997822, 1.5383282
2.1126404, -3.9235759, 1.5487067
2.2818966, -3.7623534, 1.5375134
2.3140364, -3.7421699, 1.5465033
2.3211582, -3.8248804, 1.577487
2.3290076, -3.762126, 1.5594274
2.065188, -3.891164, 1.534865
2.0744395, -3.8622105, 1.5327636
2.0896273, -3.8126764, 1.5199921
2.1294518, -3.96238, 1.5687916
2.077752, -3.953823, 1.5502853
2.0918307, -3.9782872, 1.5673482
2.0990946, -3.946685, 1.551031
2.3425791, -3.7768667, 1.57172
2.3199575, -3.717349, 1.5438551
2.0285912, -3.9114642, 1.536161
2.0438917, -3.834031, 1.5228508
2.0372534, -3.8462284, 1.5151222
2.003174, -3.8678427, 1.5146027
2.2084496, -3.8075213, 1.5441293
2.207688, -3.8440995, 1.5548108
2.1842365, -3.80894, 1.5382807
2.044475, -3.901372, 1.5370624
2.3126023, -3.7362812, 1.5378494
2.3321517, -3.7043962, 1.5374274
2.0102618, -3.8445427, 1.5214632
2.234483, -3.8841555, 1.5716547
2.234085, -3.7745867, 1.5375096
2.332739, -3.803939, 1.5791026
2.2915196, -3.7481148, 1.5453004
2.2634616, -3.816598, 1.5539144
2.1005158, -3.8718112, 1.5330215
2.1737845, -3.874242, 1.555367
2.207902, -3.9274728, 1.5759544
2.1389108, -3.934501, 1.5664768
2.0652034, -3.9730036, 1.5522436
2.2461889, -3.7573369, 1.5392197
2.3726997, -3.753598, 1.5708426
2.012188, -3.9515042, 1.5435683
2.0700905, -3.8231966, 1.5172478
2.2904758, -3.8552952, 1.5708019
2.0147972, -3.848339, 1.5100082
2.1656237, -3.768804, 1.5216348
2.183717, -3.7473025, 1.5280882
2.0149825, -3.9769456, 1.5485215
2.0941305, -3.937649, 1.5557926
2.0007236, -3.9300303, 1.5268966
2.052095, -3.9954967, 1.5613428
2.075451, -3.9065645, 1.5390866
2.3056016, -3.7664719, 1.5544235
2.105297, -3.7943492, 1.5253932
2.1955144, -3.9068174, 1.5684893
2.295487, -3.7524781, 1.5374798
2.055406, -3.959291, 1.5462384
2.3547094, -3.7177153, 1.5533974
2.3298318, -3.695997, 1.544261
2.149678, -3.8358467, 1.535111
2.083017, -3.8135464, 1.5253438
2.349557, -3.788097, 1.5757316
2.151901, -3.8417222, 1.5424944
2.3038974, -3.8444064, 1.579069
2.1669176, -3.9459505, 1.5746418
2.0158157, -3.8929043, 1.53045
2.3215866, -3.7884703, 1.5714259
2.264498, -3.7650628, 1.5367455
2.3655634, -3.7770362, 1.5760828
2.2947388, -3.7158086, 1.537818
2.1139586, -3.9716485, 1.5692906
2.1971197, -3.8634682, 1.5564677
2.281417, -3.788946, 1.5534863
2.359675, -3.7341144, 1.5780194
2.3059897, -3.7675543, 1.5621706
2.039236, -3.847452, 1.5234171
2.3759978, -3.7207875, 1.5694821
2.0400465, -3.9732904, 1.5443162
2.3166802, -3.7107885, 1.5383606
2.3438535, -3.746984, 1.5548427
