1.2727182, -1.4304252, 0.27133292
1.269474, -1.4277962, 0.25554875
1.2707813, -1.4159806, 0.30932063
1.2654185, -1.4248445, 0.22979416
1.2716451, -1.4265251, 0.291437
1.2726535, -1.4307231, 0.30990922
1.2707584, -1.4116186, 0.24806437
1.2707043, -1.4352981, 0.20683777
1.2457398, -1.392221, 0.23017326
1.2633907, -1.4119362, 0.21883303
1.251071, -1.4097095, 0.20988485
1.2540435, -1.4099593, 0.35141358
1.2706684, -1.4307224, 0.33011603
1.2722187, -1.4334469, 0.34859097
1.2660544, -1.4301976, 0.19014673
1.2538364, -1.4135249, 0.1892857
1.2465179, -1.3960589, 0.21165803
1.268741, -1.432571, 0.16869695
1.2493079, -1.4061916, 0.16958056
1.2361389, -1.3892702, 0.18855312
1.2886211, -1.4533545, 0.14692238
1.2692924, -1.4312822, 0.15494594
1.2550116, -1.4079468, 0.14996143
1.2697641, -1.4308435, 0.13127725
1.2628546, -1.4157093, 0.12870377
1.2237124, -1.3724285, 0.15245067
1.2060863, -1.3509965, 0.19046198
1.2871128, -1.452416, 0.10964349
1.2679603, -1.4295949, 0.109493814
1.2829218, -1.4324225, 0.096347824
1.2660658, -1.4118624, 0.09056842
1.270432, -1.4259652, 0.08373684
1.2231486, -1.3767713, 0.105518535
1.2673938, -1.4162318, 0.067769386
1.2261992, -1.3773805, 0.06919754
1.2889435, -1.4524086, 0.22606994
1.2692796, -1.4135278, 0.23066033
1.267572, -1.4108654, 0.2903824
1.2867901, -1.4545479, 0.08712103
1.2692733, -1.4311234, 0.06820646
1.2632424, -1.4151776, 0.3422272
1.300613, -1.4556305, 0.3129484
1.2422651, -1.393084, 0.08632021
1.2423899, -1.3933504, 0.3568506
1.2813504, -1.4336063, 0.25323197
1.2453728, -1.3925805, 0.3730198
1.2847188, -1.453057, 0.2492164
1.2337477, -1.4038796, -0.0030543646
1.2664573, -1.4159346, 0.04990705
1.2467536, -1.3988547, 0.12710124
1.3024671, -1.4710478, 0.12608214
1.253051, -1.4072897, 0.22510633
1.2497715, -1.3925765, 0.25096425
1.228285, -1.3844496, 0.21092585
1.2061808, -1.3473169, 0.20859347
1.2608669, -1.4143872, 0.15250036
1.2503915, -1.4081271, 0.38864094
1.2695625, -1.4118993, 0.27004117
1.2119852, -1.3680803, 0.088942856
1.2267632, -1.3675587, 0.30676252
1.2403567, -1.3791281, 0.30261993
1.2562095, -1.425041, 0.044120062
1.2758919, -1.4474481, 0.041023284
1.2643391, -1.3981738, 0.2981602
1.2329384, -1.3867668, 0.16719899
1.2216407, -1.3779913, 0.1926135
1.2158849, -1.3676972, 0.37000257
1.2642733, -1.415237, 0.32550615
1.1971912, -1.3487214, 0.0747448
1.2117591, -1.3685379, 0.06655367
1.2870748, -1.4480655, 0.2122033
1.2885613, -1.4466099, 0.3605986
1.2038794, -1.3487384, 0.1319189
1.24313, -1.394452, 0.1849429
1.2294353, -1.3768197, 0.12470422
1.2639954, -1.416856, 0.101904646
1.2474444, -1.3904238, 0.31215864
1.2269078, -1.3716395, 0.3483813
1.2845352, -1.4295911, 0.26811543
1.2689093, -1.4260175, 0.38748384
1.2602091, -1.417113, 0.36112496
1.2573695, -1.4054077, 0.10818268
1.2854214, -1.4435711, 0.291754
1.2713144, -1.4424632, 0.24793327
1.2290101, -1.3839266, 0.39120448
1.3093292, -1.4709421, 0.18912151
1.2541282, -1.4027793, 0.2470066
1.2530047, -1.4300011, 0.029700134
1.2844939, -1.4479105, 0.33147678
1.208852, -1.3499987, 0.2277277
1.277028, -1.4501797, 0.14517397
1.2545204, -1.4013438, 0.31963348
1.2119606, -1.3694468, 0.052721888
1.2323546, -1.3748717, 0.24282224
1.2842331, -1.4530005, 0.1766175
1.3075514, -1.4644321, 0.2520789
1.2689339, -1.4414096, 0.39483732
1.2394071, -1.3853017, 0.09227809
1.3336365, -1.4979339, 0.19914456
1.255662, -1.4156306, 0.40734887
1.254899, -1.4251089, 0.39137185
1.3351762, -1.4975626, 0.21281752
1.2987318, -1.469447, 0.21454424
1.3100083, -1.4637324, 0.28857574
1.2826916, -1.454913, 0.3575972
1.2162743, -1.3646436, 0.15392298
1.2475115, -1.3866324, 0.27942115
1.2486577, -1.3958588, 0.05332761
1.2706476, -1.445228, 0.16756189
1.2720953, -1.430252, 0.36790618
1.3250812, -1.4757166, 0.30731913
1.1964724, -1.3433576, 0.2678281
1.2514734, -1.409965, 0.049007192
1.255282, -1.4263396, 0.1968953
1.2586612, -1.4155697, 0.33782053
