1.8722901, 0.10754146, 1.4804454
1.8692589, 0.1070303, 1.4505128
1.8624212, 0.10138432, 1.5320631
1.8272634, 0.09187453, 1.4678379
1.8543041, 0.10041552, 1.4157633
1.8529679, 0.095644556, 1.5771619
1.792474, 0.08516705, 1.4607928
1.8287877, 0.08993771, 1.4040434
1.7980052, 0.08536011, 1.4283714
1.8694891, 0.10039219, 1.5996791
1.8031867, 0.085296065, 1.5474865
1.7815406, 0.08405001, 1.533429
1.7913406, 0.08563877, 1.3895981
1.8562155, 0.10502572, 1.3463755
1.8446116, 0.10164369, 1.6220326
1.8331993, 0.09339621, 1.641542
1.8243018, 0.09041715, 1.6704795
1.830706, 0.09311944, 1.728457
1.8147566, 0.08756343, 1.753438
1.8743106, 0.10317302, 1.7510824
1.7871028, 0.08318868, 1.7766811
1.8583908, 0.1044921, 1.7987307
1.8043876, 0.08660443, 1.8095815
1.8367786, 0.09927142, 1.8367541
1.7793909, 0.082757056, 1.9082872
1.8297718, 0.0958902, 1.97948
1.7954305, 0.08872978, 1.9808275
1.8061597, 0.0879518, 2.0336049
1.8599887, 0.101353355, 2.0386426
1.8275552, 0.09465363, 2.0520194
1.8048507, 0.085621506, 1.2886424
1.8566567, 0.1032103, 1.2790248
1.8789045, 0.10800887, 1.2881956
1.8685746, 0.10761747, 1.2083541
1.8145945, 0.09361938, 1.2265736
1.7929834, 0.08469026, 1.2183871
1.8333278, 0.092232235, 1.2052158
1.869146, 0.10842792, 1.172166
1.7679753, 0.08202068, 1.2428757
1.7824997, 0.084633276, 1.173687
1.8405192, 0.10021333, 1.1528002
1.7933615, 0.08519352, 1.1360763
1.7833164, 0.08230357, 1.1524827
1.8388726, 0.09436442, 1.1058596
1.7887341, 0.083252296, 1.4167122
1.8796909, 0.110331014, 2.0600178
1.8119447, 0.08906751, 1.0865711
1.878217, 0.11004696, 1.9339634
1.904706, 0.113054775, 1.7712836
1.7894105, 0.08647079, 1.0503827
1.8618299, 0.10428198, 1.0435542
1.9151078, 0.11066463, 1.8169692
1.7900275, 0.086321585, 1.0089736
1.8087401, 0.084302306, 1.0113108
1.7939324, 0.08622774, 0.9467992
1.851178, 0.10103865, 0.9143595
1.8092992, 0.08734086, 1.3034444
1.8939166, 0.110305615, 1.7252324
1.7864736, 0.08222216, 1.687803
1.8577961, 0.10055392, 1.5039469
1.7989498, 0.0884904, 1.1951579
1.7967466, 0.08807668, 1.820612
1.8796097, 0.10908963, 1.1586181
1.8031343, 0.08127255, 1.6591332
1.7890997, 0.08537086, 0.8721546
1.7935191, 0.07892021, 0.8307671
1.7867196, 0.08650551, 0.81722325
1.8099962, 0.089525744, 0.7449056
1.8324308, 0.09425852, 0.79293776
1.7817091, 0.08270189, 0.7148061
1.8563147, 0.103128135, 0.75703883
1.7900856, 0.085477516, 0.73911834
1.7875929, 0.08482337, 0.6976114
1.8253435, 0.09314677, 0.69304425
1.8492475, 0.10335533, 0.7189541
1.8578309, 0.10361775, 0.69949603
1.8369987, 0.098054364, 0.6223299
1.8759506, 0.10764593, 0.62095696
1.8489136, 0.09963619, 1.720079
1.8260634, 0.09415756, 1.9066514
1.7976737, 0.08029803, 1.2599016
1.8301954, 0.091936216, 1.6088784
1.8569572, 0.10258733, 1.2081914
1.8191522, 0.08407053, 0.58405477
1.8619536, 0.10259369, 0.8641832
1.8854485, 0.11071863, 1.8957602
1.8716599, 0.10250555, 1.0287977
1.7795684, 0.08284403, 0.58577013
1.7834128, 0.08288351, 0.55442566
1.8203909, 0.09000515, 0.56929135
1.7643752, 0.08123781, 0.55984485
1.8150682, 0.092631966, 0.5301857
1.7882407, 0.08813471, 0.51813996
1.8309213, 0.094243884, 0.48383313
1.8072892, 0.088339336, 0.48147953
1.7893158, 0.08229134, 0.47653592
1.7831672, 0.08477467, 0.43972647
1.8114852, 0.08601476, 0.42960757
1.8089269, 0.089781895, 0.39239985
1.8596416, 0.102735035, 0.37463933
1.8661002, 0.105310306, 0.3316952
1.888067, 0.1120505, 0.32051194
1.8592297, 0.10369813, 1.6895583
1.865463, 0.1079193, 1.8210208
1.7893337, 0.078224026, 0.34115982
1.8446205, 0.09572236, 1.1499054
1.7717316, 0.07658239, 0.6705636
1.7681376, 0.081991844, 0.57481116
1.8187137, 0.09450183, 0.3744484
1.8080012, 0.08848802, 0.33188546
1.7710444, 0.081572026, 0.34872025
1.8105385, 0.088252455, 0.29557198
1.7866254, 0.083946824, 0.2873243
1.7954196, 0.08616932, 0.24606238
1.7979332, 0.08617163, 0.26181927
1.8216511, 0.08999666, 1.4336597
1.8278577, 0.0950242, 0.3017176
1.81044, 0.09233967, 0.4139129
1.8998697, 0.11391183, 0.58242327
1.8726894, 0.10906255, 1.3796086
1.8246474, 0.095713675, 0.47182962
1.8419805, 0.09719152, 1.9655334
1.8347358, 0.09728577, 1.5574805
1.7615118, 0.079649575, 0.5175626
1.8015987, 0.08844598, 0.9705902
1.8257427, 0.09517977, 1.8929758
1.832099, 0.09573079, 0.98823917
1.8106353, 0.08498121, 1.1338588
1.8264278, 0.09550217, 2.0216706
1.8891779, 0.11179957, 1.9812702
1.8684008, 0.10012153, 1.8633353
1.8628589, 0.09816185, 1.8183417
1.8287553, 0.09715525, 1.4903255
1.8487636, 0.0943717, 0.4423454
1.8545191, 0.09624461, 1.7081411
1.8226842, 0.08843622, 0.9627623
1.792155, 0.07981652, 1.7113446
1.8453618, 0.09924115, 0.66148543
1.8473085, 0.096413895, 0.3393385
1.8667985, 0.10425578, 0.49266416
1.8650604, 0.09961528, 1.9390514
1.909732, 0.1133365, 1.229362
1.8281686, 0.08854964, 1.2351189
1.8332309, 0.094860084, 1.0372853
1.8215176, 0.09290966, 1.2602376
1.7887912, 0.08562719, 1.7126988
1.8870289, 0.10824248, 2.0547523
1.8928192, 0.11038193, 1.0118454
1.8323371, 0.0960017, 1.370855
1.8146652, 0.093070306, 1.9634585
1.8702985, 0.10800199, 1.96634
1.7700162, 0.07956317, 1.2766057
1.8133267, 0.08933009, 1.7070311
1.7931821, 0.07987313, 1.0790156
1.8671684, 0.09978184, 1.0512671
1.7736914, 0.07510296, 1.2521315
1.8859621, 0.11064337, 1.2409616
1.8324195, 0.09519467, 0.5487317
1.7533818, 0.065171435, 0.24032791
1.8455086, 0.09925576, 1.7746938
1.8058666, 0.091206945, 0.7867232
1.8989354, 0.11186033, 0.7306007
1.8537096, 0.09836689, 0.4290538
1.7863557, 0.08735285, 0.23034531
1.8661944, 0.10222338, 0.44746614
