2.6878262, -3.130535, 0.7699111
2.6935046, -3.1269114, 0.810856
2.6720157, -3.143614, 0.81017727
2.6846015, -3.1234267, 0.72947204
2.65515, -3.1403222, 0.7632306
2.7047243, -3.122582, 0.8104423
2.6513295, -3.1424577, 0.7544585
2.690545, -3.119156, 0.77124643
2.6473732, -3.145102, 0.72666824
2.6315553, -3.1529584, 0.7494086
2.6756933, -3.1375258, 0.7043816
2.6487184, -3.1503363, 0.7086942
2.665907, -3.1294947, 0.85146254
2.661655, -3.1316426, 0.82403517
2.6288352, -3.1496248, 0.830267
2.6762028, -3.1445143, 0.6862749
2.6268952, -3.1617641, 0.76994497
2.6273713, -3.1657124, 0.7521969
2.6099792, -3.1610274, 0.70557594
2.6425595, -3.149861, 0.679799
2.6096358, -3.1646423, 0.6902269
2.7032702, -3.1124923, 0.8703779
2.6857653, -3.1261654, 0.88535833
2.6527426, -3.147535, 0.86697096
2.6663368, -3.1288822, 0.8736897
2.6897466, -3.1238155, 0.8708078
2.6325095, -3.147176, 0.88138264
2.6508057, -3.1462038, 0.65257514
2.6327477, -3.150782, 0.64373386
2.7068105, -3.1112838, 0.8907589
2.7407825, -3.0947597, 0.89258933
2.752492, -3.0845857, 0.85483545
2.7103863, -3.1099381, 0.9111053
2.7446165, -3.0891962, 0.92584974
2.7515943, -3.074451, 0.8894577
2.7777302, -3.0794623, 0.8829292
2.7817743, -3.0736775, 0.9162913
2.7932727, -3.0701659, 0.86166203
2.7693913, -3.0812848, 0.9192261
2.792096, -3.0665143, 0.8962068
2.7739599, -3.0748203, 0.8702418
2.759055, -3.0765731, 0.904678
2.6668487, -3.1248302, 0.8934743
2.756902, -3.0763943, 0.83097017
2.784735, -3.0697148, 0.8490428
2.6081738, -3.1737862, 0.5668727
2.7867734, -3.0654163, 0.9495419
2.7665405, -3.069451, 0.9540445
2.7978861, -3.0550804, 0.92929894
2.7955422, -3.057779, 0.9127465
2.7486014, -3.0860538, 0.9504545
2.8192928, -3.0573905, 0.9047599
2.8087046, -3.0529604, 0.89018583
2.7355983, -3.0880914, 0.90942556
2.6536734, -3.1374075, 0.9046792
2.752294, -3.07816, 0.9920057
2.8075485, -3.0588593, 0.9441111
2.758612, -3.0854838, 0.87043834
2.7292595, -3.102044, 0.85471207
2.80349, -3.0729806, 0.8048385
2.648405, -3.144343, 0.63081664
2.8017612, -3.0517282, 0.874739
2.7453609, -3.1081078, 0.85691947
2.698448, -3.1089969, 0.84679043
2.6523283, -3.1471107, 0.93277824
2.6111157, -3.1701028, 0.6476498
2.6301239, -3.1493995, 0.7702733
2.6930583, -3.1337478, 0.92480487
2.775246, -3.0819688, 0.86530274
2.7529764, -3.0920565, 0.82875264
2.6498206, -3.1337197, 0.70576406
2.6499543, -3.1476119, 0.8504683
2.6852171, -3.1282911, 0.9511667
2.6799378, -3.1096132, 0.9379409
2.7116663, -3.1073856, 0.9518253
2.650403, -3.1520138, 0.81647825
2.7557108, -3.076775, 1.0081513
2.661469, -3.1305275, 0.91373277
2.6465476, -3.1488082, 0.8325885
2.6790125, -3.1417212, 0.84274143
2.7335508, -3.0980124, 0.8879817
2.6479962, -3.1484847, 0.91008765
2.6911583, -3.1170115, 0.96841705
2.7625122, -3.0895224, 0.7993999
2.7534642, -3.0846353, 1.0194883
2.7097945, -3.0955033, 0.9665822
2.804706, -3.0666363, 0.83065224
2.6454635, -3.1505642, 0.8878848
2.7356815, -3.0725172, 1.0064486
2.7904327, -3.0663035, 0.79110974
2.8390732, -3.0308783, 0.8115286
2.845761, -3.0418603, 0.7921648
2.6487117, -3.1336946, 0.96602786
2.7144513, -3.092107, 1.0122522
2.6252537, -3.1514041, 0.6904851
2.850617, -3.0265038, 0.8052323
2.7288547, -3.113685, 0.8028324
2.607926, -3.1564403, 0.6293338
2.660986, -3.143458, 0.6138622
2.8388295, -3.042475, 0.90976334
2.7725868, -3.067029, 0.93593657
2.7863166, -3.0729892, 0.931303
2.6890335, -3.1115963, 0.8670279
2.6546485, -3.1514616, 0.6057615
2.7965503, -3.053692, 0.9905678
2.6927907, -3.1432467, 0.76974374
2.8393972, -3.0341473, 0.9440173
2.8225427, -3.0695853, 0.7662852
2.70173, -3.0890622, 0.94825816
2.8111005, -3.0564685, 0.7693485
2.8372784, -3.0367332, 0.9273516
2.7594545, -3.0578697, 1.0912335
2.5969563, -3.1696596, 0.6223012
2.8271792, -3.0484219, 0.8524352
2.7245982, -3.0904243, 1.0508097
2.7258759, -3.1049376, 0.82973015
2.7940717, -3.064715, 0.70435363
2.6706767, -3.1463428, 0.5745445
2.8256516, -3.0482392, 0.7281662
2.7707224, -3.0730445, 1.1337255
2.821874, -3.0516157, 0.71186465
2.81284, -3.0482683, 0.633088
2.8179975, -3.064977, 0.64107716
2.7845864, -3.0744152, 0.6316069
2.8399003, -3.0455437, 0.61392605
2.810338, -3.0505986, 0.60684985
2.796304, -3.0617733, 0.59461516
2.8489637, -3.0461218, 0.5931874
2.8802648, -3.0216215, 0.5932018
2.8714542, -3.021906, 0.56903577
2.6682804, -3.133069, 0.92898655
2.815569, -3.055968, 0.7901263
2.8263886, -3.0617397, 0.67413574
2.8499827, -3.0342348, 0.609058
2.6932392, -3.111712, 0.88301307
2.8428257, -3.0426118, 0.6309493
2.6929557, -3.105779, 0.90868604
2.8310168, -3.0363004, 0.7883611
2.7576082, -3.0740154, 1.0246061
2.8602781, -3.0216641, 0.84977263
2.8038838, -3.054908, 0.5673897
2.7715302, -3.0636506, 0.83102155
2.8003266, -3.0538483, 0.7462202
2.65079, -3.1341422, 0.7893287
2.8098314, -3.0831728, 0.5721576
2.6235106, -3.1682959, 0.71792823
2.708394, -3.1011589, 0.98879117
2.8172064, -3.0526485, 0.8071435
2.6351953, -3.1526036, 0.62451
2.8440857, -3.0431707, 0.9173033
2.8308997, -3.0539653, 0.6509535
2.8632858, -3.0230505, 0.65504795
2.7487388, -3.0570865, 1.059936
2.615025, -3.149704, 0.577171
2.8429403, -3.0496583, 0.89169395
2.7558882, -3.0502427, 1.1085087
2.7747283, -3.0712047, 0.812783
2.688684, -3.113898, 1.0100791
2.8270001, -3.0433357, 0.7483484
2.6853313, -3.124278, 0.988714
2.832585, -3.050276, 0.66831183
2.8430822, -3.027216, 0.78621787
2.795353, -3.043902, 1.0658752
2.7762394, -3.0734582, 0.84122
2.6239874, -3.168649, 0.6501337
2.6933053, -3.122368, 0.84805024
2.8498049, -3.0357094, 0.5501946
2.8214948, -3.062741, 0.6578488
2.8265355, -3.0304964, 0.76822513
2.826148, -3.0360074, 0.89566165
2.7058756, -3.1040182, 0.93061584
2.7535603, -3.0812192, 0.8035277
2.6712646, -3.138796, 0.610222
2.6223507, -3.1618981, 0.67058235
2.773927, -3.071338, 0.9016043
2.6773076, -3.144386, 0.8259468
2.6521492, -3.133398, 0.6700069
2.7051828, -3.1241503, 0.88749725
2.853675, -3.03103, 0.6311655
2.8555715, -3.0324857, 0.5848496
2.8092864, -3.0629458, 0.75262034
2.6698616, -3.1334171, 0.7513804
2.8458672, -3.0347838, 0.9512264
2.653397, -3.1392283, 0.88639426
2.6905773, -3.1242547, 0.82741225
2.6640594, -3.1320133, 0.77092195
2.6365402, -3.148594, 0.8686273
2.6820436, -3.1123228, 1.0722337
2.6324012, -3.1538677, 0.60774326
2.6320887, -3.14492, 0.66751856
2.779185, -3.0550644, 0.9264668
2.6534367, -3.1548283, 0.58827204
2.7902575, -3.0722983, 0.6520187
