1.7476364, 0.33092442, 0.32797432
1.7488399, 0.33395806, 0.34844887
1.7213365, 0.29356378, 0.3407354
1.727788, 0.3074963, 0.34982184
1.7356822, 0.31248552, 0.30880442
1.7318153, 0.3140939, 0.36516333
1.72451, 0.29313564, 0.31619084
1.7440605, 0.32905364, 0.31200784
1.7289534, 0.31013212, 0.28731164
1.7534006, 0.34786046, 0.33336473
1.7440891, 0.33647788, 0.36846924
1.7460227, 0.32777968, 0.3931319
1.7019912, 0.26993862, 0.32367894
1.7107385, 0.28882453, 0.3508571
1.7186204, 0.29822934, 0.3973571
1.7143228, 0.29136395, 0.36626554
1.7039828, 0.2825636, 0.33345386
1.7455759, 0.32877576, 0.268708
1.7132217, 0.29234797, 0.28724664
1.7296305, 0.3100778, 0.41091248
1.7214303, 0.2993612, 0.40201417
1.7055726, 0.28263146, 0.24749994
1.731736, 0.310284, 0.42699867
1.7306788, 0.30839318, 0.23392385
1.7460315, 0.33096316, 0.23243307
1.711927, 0.28476474, 0.4546484
1.7107393, 0.2906624, 0.22936991
1.7197783, 0.29272047, 0.21726951
1.7191132, 0.293267, 0.47118
1.7494159, 0.33064854, 0.1854055
1.7263665, 0.29980585, 0.18039739
1.7180496, 0.29205933, 0.19316782
1.7216427, 0.28880814, 0.4947534
1.7334068, 0.31135947, 0.16805385
1.7329044, 0.30542457, 0.50855434
1.7249465, 0.29548818, 0.14965321
1.7013463, 0.27081534, 0.15646735
1.7260586, 0.29960537, 0.13240144
1.7367455, 0.31155425, 0.54802996
1.710428, 0.28207502, 0.5488845
1.7161589, 0.29027712, 0.094116285
1.749364, 0.32919773, 0.58847785
1.724114, 0.29640234, 0.0707864
1.6912646, 0.2712932, 0.09362684
1.7409103, 0.3140945, 0.60009164
1.732593, 0.30848095, 0.6313916
1.7496641, 0.33108872, 0.6046331
1.740869, 0.3224446, 0.05327459
1.7334776, 0.31233013, 0.02839042
1.7307675, 0.30841205, 0.65135336
1.7306705, 0.29562187, 0.66605353
1.7499079, 0.33306453, 0.6876077
1.7296767, 0.30759853, 0.6893598
1.7387211, 0.32304323, 0.68534124
1.7544974, 0.3335133, 0.733386
1.7359555, 0.31053814, 0.7346399
1.7269968, 0.29971045, 0.73182154
1.735719, 0.3156499, 0.7673462
1.7474757, 0.32990223, 0.7691145
1.7454622, 0.31782645, 0.817739
1.7505438, 0.32994345, 0.80766356
1.7417388, 0.31572554, 0.8646367
1.7435814, 0.31561816, 0.88782
1.7525274, 0.3241403, 0.91693455
1.7251097, 0.29727364, 0.9130362
1.7572471, 0.32927856, 0.88858163
1.7279034, 0.30239385, 0.9279858
1.753802, 0.33187696, 0.9285661
1.7722979, 0.33982217, 0.9460712
1.7487423, 0.3160437, 0.9552415
1.7673593, 0.34563422, 0.93167967
1.7325954, 0.3086598, 0.7557286
1.7469957, 0.3330688, 0.633054
1.7032342, 0.28549004, 0.31537363
1.7489401, 0.3158668, 0.909828
1.7411526, 0.31766084, 0.84874356
1.7096963, 0.28954977, 0.43412268
1.7721934, 0.34495926, 0.967152
1.7464421, 0.3138873, 0.5056164
1.7054381, 0.27359393, 0.40597475
1.72544, 0.30837363, 0.06728503
1.7615848, 0.34598657, 0.7644879
1.7162619, 0.29073343, 0.40792358
1.7470263, 0.33343086, 0.65731394
1.7117945, 0.28505975, 0.51208425
1.7402287, 0.31094605, 0.7704217
1.7315573, 0.3028776, 0.8864932
1.7482338, 0.332686, 0.4380692
1.7534485, 0.32978475, 1.0120707
1.7477828, 0.31597754, 1.0156063
1.7572284, 0.32952157, 1.0280818
1.7350749, 0.30484158, 1.0114453
1.7457492, 0.31319472, 1.0659392
1.7354463, 0.30664563, 1.0755138
1.7442749, 0.31862292, 1.0949968
1.7630938, 0.33457124, 1.0959492
1.7201887, 0.2912983, 1.0933595
1.732876, 0.30921626, 0.5881484
1.7235621, 0.29823107, 0.7644101
1.7368245, 0.3149952, 0.39760104
1.7371747, 0.32249093, 0.41549757
1.7385631, 0.30870217, 0.7960787
1.7548993, 0.32651553, 0.94500446
1.7498444, 0.31706008, 0.9860598
1.7416141, 0.30773216, 0.24936736
1.7473309, 0.33282185, 0.067561746
1.7236224, 0.29828525, 0.45303616
1.7409364, 0.29944324, 0.49539527
1.7394121, 0.32010248, 0.73799956
1.7348819, 0.30853418, 0.9182417
1.7362533, 0.31610253, 0.21840878
1.7368425, 0.31445402, 0.11384928
1.7011425, 0.27648062, 0.12148689
1.7242979, 0.29673105, 0.107646294
1.7340345, 0.32041925, 0.3500656
1.706807, 0.2785737, 0.20662268
1.7445993, 0.3192538, 0.3855021
1.7366778, 0.31374508, 0.25923127
1.7742484, 0.34249792, 1.0195931
1.7001785, 0.27175757, 0.16565864
1.7385635, 0.31124613, 0.8526513
1.6716859, 0.24733213, 0.34011877
1.6941364, 0.27389014, 0.14672388
1.732208, 0.31009123, 0.1531276
1.7504954, 0.3462964, 0.35113895
1.713832, 0.2942643, 0.17046517
1.7320449, 0.30756438, 0.56613314
1.7405756, 0.31155813, 0.20694089
