-0.76457655, -1.6698742, 0.056353994
-0.7684793, -1.6262242, 0.025908083
-0.79285675, -1.6375602, 0.05775019
-0.7781457, -1.6369919, 0.06462914
-0.79021347, -1.625477, 0.029983966
-0.7655233, -1.6648427, 0.027628273
-0.8079973, -1.6481103, 0.068094015
-0.75348073, -1.6740987, 0.045806114
-0.79206365, -1.5878096, 0.030906362
-0.8187395, -1.6241399, 0.04357043
-0.81051975, -1.611887, 0.027209984
-0.83285797, -1.6455247, 0.065839216
-0.82834065, -1.6715127, 0.055895977
-0.81517214, -1.6811646, 0.08290296
-0.7355426, -1.7149482, 0.0709828
-0.8331095, -1.5710592, 0.04588988
-0.82930744, -1.582222, 0.016683618
-0.810561, -1.5649593, 0.029694881
-0.86728346, -1.6297858, 0.083289884
-0.7935877, -1.702394, 0.082846254
-0.7169355, -1.7155521, 0.07212309
-0.84827507, -1.5918996, 0.06937319
-0.8660152, -1.5518881, 0.068153284
-0.8708556, -1.5782628, 0.058313467
-0.86740184, -1.6078557, 0.05603359
-0.69336116, -1.7549164, 0.052985337
-0.72905296, -1.7943513, 0.09338905
-0.6777527, -1.7734601, 0.05204948
-0.68721145, -1.7981977, 0.07263152
-0.90442973, -1.5314842, 0.05204754
-0.6709553, -1.7896175, 0.047804154
-0.66748744, -1.7712436, 0.017341563
-0.6914689, -1.7480819, 0.017053308
-0.7123794, -1.8091153, 0.07218073
-0.7250225, -1.8037237, 0.083717905
-0.65086186, -1.8084329, 0.050890867
-0.67506456, -1.8275293, 0.067779414
-0.6849772, -1.7890173, 0.13327906
-0.6861433, -1.8406948, 0.08754227
-0.62755585, -1.8476616, 0.08918167
-0.8850869, -1.5226328, 0.051167984
-0.8494829, -1.565668, 0.032134432
-0.6898904, -1.7270758, 0.015348716
-0.7609532, -1.6815577, 0.04189476
-0.70830446, -1.7498878, 0.055220306
-0.7275412, -1.687309, 0.02873174
-0.88637215, -1.5444331, 0.0971577
-0.82901555, -1.6343695, 0.065478
-0.873012, -1.5296445, 0.070116274
-0.6723952, -1.8070201, 0.05656357
-0.7861911, -1.6456764, 0.053377464
-0.6726751, -1.7445581, 0.013968879
-0.75906926, -1.654964, 0.050891396
-0.7326365, -1.7055402, 0.04765654
-0.84657514, -1.6042341, 0.07103512
-0.7380653, -1.6949042, 0.071030445
-0.8327102, -1.6062253, 0.06602663
-0.66950256, -1.8057532, 0.065879
-0.70937365, -1.769058, 0.06397373
-0.68876916, -1.83402, 0.07490436
-0.74982864, -1.6529989, 0.030474966
-0.88740486, -1.5237266, 0.06502952
-0.6927868, -1.7903304, 0.055633366
-0.76310015, -1.724344, 0.06805537
-0.7490291, -1.6660305, 0.028437588
-0.6849451, -1.7713016, 0.051291455
-0.86494696, -1.5479621, 0.055766612
-0.81988645, -1.5974798, 0.060267378
-0.7432398, -1.7600329, 0.09465893
-0.68201005, -1.8048849, 0.06754567
-0.8630807, -1.5304344, 0.014956936
-0.86879843, -1.4960165, 0.013846011
