1.3156562, -0.17422388, 0.19430137
1.3112704, -0.18525955, 0.21088761
1.2971256, -0.18219048, 0.14625049
1.3357104, -0.16190603, 0.20699047
1.3516238, -0.14871156, 0.19026113
1.3455093, -0.15080759, 0.20699629
1.2942121, -0.18954691, 0.17059359
1.3154178, -0.17520565, 0.21120769
1.2855102, -0.20214546, 0.27550477
1.2740631, -0.20721585, 0.23156774
1.288177, -0.19803445, 0.2456167
1.2655883, -0.2203769, 0.23343173
1.3141983, -0.16942681, 0.13213658
1.2847215, -0.20840211, 0.11360395
1.3524892, -0.15311903, 0.22601926
1.2464352, -0.22994977, 0.20869641
1.3698335, -0.1338363, 0.18659063
1.3040432, -0.19136249, 0.25946236
1.3240305, -0.17120503, 0.24915567
1.2307812, -0.23745488, 0.16791745
1.3059131, -0.18520743, 0.08213271
1.3480002, -0.1489462, 0.13163218
1.3488498, -0.16231592, 0.27341372
1.3808194, -0.12909417, 0.259099
1.392533, -0.11296338, 0.16754034
1.3281056, -0.16811731, 0.07708991
1.3095206, -0.17260376, 0.07064997
1.2426658, -0.22911772, 0.057463273
1.2291076, -0.22915311, 0.050083682
1.2433656, -0.22698538, 0.021724189
1.223929, -0.24310437, 0.07308825
1.2088933, -0.25555423, 0.088662624
1.4129264, -0.104632914, 0.23090914
1.411602, -0.10198709, 0.26774076
1.4336059, -0.091481976, 0.272043
1.4340398, -0.08789378, 0.20697962
1.4432425, -0.08539138, 0.27076098
1.4296083, -0.09703311, 0.2891486
1.3905373, -0.11300692, 0.30901107
1.4726635, -0.06393199, 0.19574566
1.3722255, -0.13269044, 0.04468225
1.4671656, -0.06392534, 0.256654
1.4545076, -0.074444726, 0.26461908
1.4740226, -0.05477794, 0.25431487
1.4872763, -0.0486424, 0.1892682
1.4855121, -0.045191277, 0.25113255
1.486319, -0.046883166, 0.16968812
1.5039985, -0.04091051, 0.20966971
1.5135194, -0.029862309, 0.269864
1.4862967, -0.066628866, 0.12853932
1.463065, -0.068803586, 0.089273944
1.5094689, -0.028558968, 0.08298883
1.5095851, -0.03234235, 0.055788316
1.4820871, -0.05421875, 0.07537232
1.503293, -0.027806144, 0.00880804
1.3723109, -0.13488859, 0.3487
1.2092485, -0.24437615, 0.06937392
1.4632432, -0.06531168, 0.11085747
1.2707691, -0.20940514, 0.19102328
1.351635, -0.14798486, 0.28524277
1.3660331, -0.1333617, 0.11507207
1.3802499, -0.13504256, 0.1480084
1.3936234, -0.1094447, 0.09721665
1.268321, -0.20862974, 0.09100115
1.4296446, -0.08568919, 0.24970165
1.3705773, -0.12799397, 0.28871927
1.3540292, -0.1484473, 0.16882177
1.4529645, -0.06010211, 0.021121792
1.4557163, -0.07206094, 0.2445091
1.3304927, -0.17263313, 0.27260244
1.370954, -0.14410694, 0.20975725
1.4179678, -0.10712305, 0.32012138
1.3269416, -0.17393792, 0.2894489
1.5103831, -0.027729662, 0.17068174
1.4555004, -0.07097437, 0.18954104
1.3344018, -0.15162203, 0.003591622
1.4879878, -0.053365506, 0.13084221
1.3707811, -0.13016136, 0.25092614
1.4042555, -0.11714216, 0.18972176
1.385538, -0.13783878, 0.296691
1.3894124, -0.12167191, 0.096746646
1.3934306, -0.12079836, 0.021908298
1.3504355, -0.13566634, 0.054089755
1.3352643, -0.16258568, 0.18816765
1.388438, -0.12719639, 0.19735876
1.4345361, -0.07477836, 0.035758
1.4863586, -0.048764545, 0.020734206
1.3293676, -0.17103793, 0.14569074
1.362886, -0.14587262, 0.19905558
1.3519549, -0.14285694, -0.0122194635
1.4427489, -0.097942196, 0.13453944
1.4368953, -0.08271913, 0.05371051
1.3099549, -0.1844769, 0.15711477
1.4746593, -0.07418014, 0.26442003
1.4009762, -0.10244479, 0.061795533
1.3924505, -0.11892056, 0.102106355
1.4888159, -0.047262054, 0.32566237
1.3560964, -0.16291086, 0.19593751
1.2341003, -0.23139131, 0.2879377
1.373744, -0.13187063, 0.21333276
1.3713346, -0.1498175, 0.29083788
1.4935358, -0.047956187, 0.2048618
1.5189542, -0.022385376, 0.34007797
1.4433917, -0.06637817, 0.012216606
1.55492, -0.0043568974, 0.14329553
1.4946166, -0.054145362, 0.26857796
1.3091656, -0.16759117, 0.03866439
1.4513793, -0.08663676, 0.15396479
1.2942877, -0.18880494, 0.26659578
1.3425658, -0.15224546, 0.090143636
1.3875821, -0.12566034, 0.3052076
1.4316303, -0.074239075, 0.010045912
1.4060512, -0.10892987, 0.08916167
1.436431, -0.0946725, 0.34433752
1.3975582, -0.10662374, 0.04684609
1.383379, -0.122183934, 0.048419666
1.267673, -0.20940958, 0.030927787
1.2750528, -0.20548636, 0.27412528
1.3673022, -0.15318608, 0.27378312
1.3479893, -0.14573687, 0.105394244
1.3278198, -0.16679394, 0.006552997
1.3979121, -0.11357429, 0.18731087
1.2878622, -0.19063382, 0.18991658
1.4241219, -0.100574106, 0.18784806
1.4304652, -0.09441567, 0.03886602
1.3264127, -0.17232215, 0.08373654
1.3209955, -0.18386485, 0.1224414
1.509415, -0.02461327, 0.33634016
1.2491663, -0.22682811, 0.30341634
1.4027058, -0.12258264, 0.1984049
1.4616251, -0.06742438, 0.01601393
1.44415, -0.07012991, 0.08861303
1.421222, -0.088221036, 0.08641337
1.2719538, -0.21278399, 0.16676459
1.4152124, -0.10756289, 0.050091103
1.3684925, -0.13135879, 0.08225544
1.5031072, -0.04075382, 0.27298707
1.5525899, -3.9897632E-4, 0.22221269
1.3765893, -0.12605366, 0.035763763
1.3899637, -0.123674825, 0.072160326
1.289178, -0.20048796, 0.15252031
1.4083868, -0.10905009, 0.29011834
1.4851559, -0.050395034, 0.14996229
1.3373401, -0.15605769, 0.07244328
1.4333116, -0.093195796, 0.10681003
1.3492454, -0.15078978, 0.056514636
1.3237228, -0.16126636, 0.1717537
1.476224, -0.046134967, 0.0024846697
1.2651929, -0.22203733, 0.12313772
1.2608024, -0.22099665, 0.14650083
1.3113458, -0.16841961, 0.16471806
1.3049546, -0.18184713, 0.18197343
1.3933158, -0.107579894, 0.027388807
1.3268135, -0.16879237, 0.10028289
1.2675943, -0.21538945, 0.28535315
1.3085269, -0.18617423, 0.27000606
1.5036311, -0.025667565, 0.031923614
1.4642723, -0.06466057, 0.038500547
1.2982533, -0.18461922, 0.23822664
1.2835128, -0.2032505, 0.2934422
1.3210318, -0.18046252, 0.22657774
1.38049, -0.13203152, 0.115721695
1.3067598, -0.18941003, 0.06767114
1.4305434, -0.092252284, 0.071074836
1.4718955, -0.05669614, 0.18599659
1.3926702, -0.11110436, 0.24836935
1.4471104, -0.08433159, 0.20855749
1.3462466, -0.15801765, 0.14194654
1.5978183, 0.019473737, 0.10909518
1.3106775, -0.18743569, 0.1676439
1.3513302, -0.13203329, 0.101625875
1.2912897, -0.19367824, 0.06588852
1.2469609, -0.22596163, 0.35706002
1.3442136, -0.1654458, 0.10437724
1.2858508, -0.20563306, 0.18706009
1.3633803, -0.14975624, 0.34158602
1.2325971, -0.23834229, 0.31031704
1.3245503, -0.17732961, 0.23825017
1.3300346, -0.18228705, 0.3280931
1.28876, -0.21079127, 0.06866357
1.3476332, -0.1500256, 0.069694065
1.4543927, -0.06978805, 0.21405496
1.2686046, -0.21620584, 0.30995515
1.4061446, -0.11379309, 0.24018753
1.4687393, -0.051187098, 0.21132794
1.4780844, -0.043398064, 0.025024833
1.4092712, -0.11761295, 0.14696649
1.4341446, -0.08982837, 0.22415324
1.3095816, -0.17243314, 0.36337197
1.411509, -0.09082959, 0.055553287
1.2308319, -0.2455307, 0.1247296
1.453135, -0.08213046, 0.33535376
1.5239484, -0.036541913, 0.2916394
1.5465758, -0.00614321, 0.28940853
1.2642974, -0.22608346, 0.16825175
1.4945132, -0.06513965, 0.2561164
1.2561716, -0.22024536, 0.06657843
1.331722, -0.15135886, 0.25583017
1.3759968, -0.11871888, 0.08402013
1.3990934, -0.10762201, 0.2038644
1.3884283, -0.13063373, 0.017658925
1.2458932, -0.2254933, 0.09052393
1.3088846, -0.2016557, 0.27870098
1.4114668, -0.09600388, 0.19689225
1.470511, -0.059978534, 0.23467158
1.5286782, -0.0102989, 0.16673246
1.3495146, -0.1525167, 0.27102804
1.3949361, -0.10480568, 0.34956786
1.2507142, -0.21749665, 0.30862102
1.4194531, -0.104676835, 0.17995562
1.3322104, -0.13633947, 0.045221154
1.4314263, -0.081668034, 0.18248741
1.5175837, -0.019000536, 0.27407444
1.2515538, -0.23539296, 0.1696815
1.4290158, -0.09216009, 0.12264173
1.3647531, -0.12872116, 0.17872721
1.2557846, -0.21292365, 0.1805448
1.3256794, -0.18768221, 0.08311597
1.3361832, -0.15161735, 0.14943853
1.2938722, -0.2076624, 0.333331
1.3461424, -0.1617835, 0.35216287
1.2478187, -0.2307132, 0.3352592
1.3312789, -0.15648103, 0.1181327
1.4880469, -0.05328659, 0.115655094
1.3143725, -0.17886266, 0.28791013
1.4354218, -0.07580395, 0.35725498
1.5001662, -0.044030033, 0.022262547
