0.8090304, -0.76889855, 0.41018024
0.84988815, -0.7887744, 0.41088474
0.85284096, -0.75342214, 0.39861253
0.8123347, -0.79062885, 0.40747127
0.82760835, -0.80934465, 0.39808565
0.8324486, -0.77086747, 0.40898597
0.8494384, -0.75000066, 0.40991822
0.8694073, -0.77072406, 0.40836436
0.89144635, -0.7529059, 0.40963817
0.8276399, -0.7088899, 0.4099761
0.88740784, -0.7324203, 0.39901656
0.868679, -0.730779, 0.4064865
0.86910087, -0.7110258, 0.4119845
0.8886627, -0.74365294, 0.39792708
0.82810885, -0.6913591, 0.41204736
0.9121759, -0.7502836, 0.39870158
0.8511888, -0.7675415, 0.4094174
0.9162873, -0.77238625, 0.39237976
0.9277933, -0.74703085, 0.40602288
0.7900741, -0.70954186, 0.40743992
0.90965575, -0.6919178, 0.40832186
0.9326537, -0.7101827, 0.39710867
0.8532329, -0.728608, 0.4210882
0.9099554, -0.70993423, 0.41157544
0.79427844, -0.82955176, 0.40927514
0.92554146, -0.7133878, 0.41167754
0.7904422, -0.7509427, 0.4071599
0.8087373, -0.8284965, 0.3941606
0.83410543, -0.7850959, 0.39799994
0.8471857, -0.7128496, 0.39933848
0.8308686, -0.76737654, 0.42148802
0.8869995, -0.7675088, 0.39665878
0.8679759, -0.78745824, 0.40873134
0.84815973, -0.6509554, 0.40500957
0.8112762, -0.7097217, 0.40944636
0.8287211, -0.74932474, 0.40836254
0.9052757, -0.732623, 0.39655197
0.8490711, -0.6699731, 0.41067776
0.8294587, -0.83192366, 0.39585528
0.8686774, -0.76764005, 0.39675927
0.81047034, -0.73357594, 0.4076865
0.8166348, -0.72822225, 0.39813977
0.75043035, -0.75299716, 0.42275825
0.8129634, -0.8167632, 0.3986089
0.9084526, -0.68781507, 0.39564568
0.8290342, -0.6722316, 0.4206777
0.86840504, -0.75309813, 0.39541152
0.84652317, -0.7685697, 0.39772496
0.806004, -0.74958384, 0.3982965
0.85380185, -0.8078474, 0.39845788
0.8472973, -0.79145306, 0.39879715
0.8942358, -0.66917604, 0.3988137
0.82882607, -0.7642966, 0.39618134
0.8882445, -0.6929303, 0.41112238
0.94710064, -0.7492645, 0.39386064
0.7756721, -0.79027903, 0.4271052
0.83014876, -0.7515007, 0.3967867
0.8485186, -0.73256373, 0.39834276
0.9085978, -0.7289271, 0.4099087
0.83147347, -0.8112178, 0.40725064
0.88767564, -0.7486408, 0.42051
0.8088904, -0.848602, 0.39312214
0.7928486, -0.73104614, 0.41087604
0.8329213, -0.72419393, 0.39862582
0.8724904, -0.6910791, 0.4124405
0.8882531, -0.70823675, 0.41070184
0.873482, -0.7282284, 0.39599416
0.7691743, -0.77204007, 0.39730918
0.88970876, -0.72962564, 0.40925017
0.94724727, -0.7279374, 0.39454508
0.8669598, -0.7336935, 0.42429215
0.7680176, -0.7885797, 0.4105641
0.7910561, -0.6998477, 0.4221454
0.9218345, -0.7466242, 0.4214478
0.8116753, -0.8130626, 0.41070545
0.8408645, -0.78900003, 0.42232543
0.90392584, -0.7882489, 0.40973657
