1.8611662, -0.6927421, 0.11670969
1.7866, -0.7095673, 0.11128734
1.7943687, -0.73402554, 0.11327281
1.7883741, -0.7548106, 0.11405414
1.744633, -0.69225734, 0.11295863
1.7485955, -0.66825026, 0.12223709
1.7627202, -0.62717515, 0.1222294
1.7651353, -0.7434665, 0.1129115
1.8479469, -0.7497544, 0.11166069
1.8312669, -0.8083358, 0.112108745
1.7529619, -0.7121795, 0.11309167
1.8666067, -0.82973313, 0.12322701
1.9074066, -0.8085692, 0.114252985
1.8835316, -0.8412501, 0.10045569
1.7866855, -0.6502573, 0.11292666
1.8908775, -0.83023167, 0.11353473
1.8509486, -0.8065137, 0.11399696
1.8692082, -0.7282697, 0.11061564
1.8156265, -0.7477887, 0.11157502
1.763382, -0.6275487, 0.11172942
1.8512315, -0.7952509, 0.11159123
1.8792208, -0.7728503, 0.1115669
1.8668271, -0.84693986, 0.11083745
1.8117063, -0.75731874, 0.1226788
1.7734271, -0.73251504, 0.11224371
1.8850892, -0.73018456, 0.109916806
1.7045834, -0.667494, 0.12143534
1.880953, -0.75229436, 0.11039105
1.849686, -0.83237714, 0.109062985
1.8603057, -0.81653315, 0.11835782
1.8729676, -0.7923926, 0.109912746
1.8117169, -0.70932996, 0.11164642
1.8323426, -0.7301592, 0.112407126
1.7710102, -0.5562295, 0.09530228
1.90744, -0.76834047, 0.104796015
1.9080738, -0.7318072, 0.10691113
1.8876995, -0.81219274, 0.110954605
1.7067208, -0.6538871, 0.11587345
1.943071, -0.7536342, 0.09571185
1.95044, -0.74572927, 0.10232887
1.9282051, -0.79421026, 0.10429573
1.8646903, -0.745329, 0.10602225
1.9279491, -0.76479506, 0.10131916
1.9063035, -0.7462841, 0.10169906
1.889161, -0.78447497, 0.099899195
1.7477334, -0.62952465, 0.113737695
1.9089763, -0.8286299, 0.10285097
1.9055113, -0.7875556, 0.10352808
1.7312841, -0.60931176, 0.108154446
1.8424764, -0.7650684, 0.12507753
1.8574301, -0.7583029, 0.122088194
1.8483397, -0.7657384, 0.111996606
1.8540243, -0.8285858, 0.12328511
1.9332508, -0.7530152, 0.09679694
1.936594, -0.78730756, 0.09566857
1.7481912, -0.5737653, 0.10219704
1.8302052, -0.7762016, 0.12165786
1.7544638, -0.55279875, 0.10224099
1.9035095, -0.74597603, 0.09524408
1.796245, -0.59576195, 0.10038959
