1.9270812, -1.1068561, 0.2864297
1.9066069, -1.085245, 0.31367245
1.9276894, -1.0991164, 0.29302534
1.8867964, -1.0683473, 0.30895475
1.93294, -1.1163514, 0.31364125
1.9238876, -1.1116533, 0.24944377
1.9486662, -1.1484735, 0.26773235
1.934649, -1.1272352, 0.25096455
1.9276485, -1.1144657, 0.2705062
1.9037338, -1.0898134, 0.27276665
1.9456943, -1.1167237, 0.29020166
1.9157845, -1.1041554, 0.34553462
1.9517293, -1.1491041, 0.24783209
1.9836524, -1.175199, 0.2891184
1.9788141, -1.1689091, 0.29523745
1.8900645, -1.0729015, 0.2495785
1.8721696, -1.0485392, 0.34891823
1.9641638, -1.1512635, 0.2650559
2.0089195, -1.2091238, 0.27662158
1.9914103, -1.1907179, 0.2509114
1.9918733, -1.1930181, 0.26727524
1.9843912, -1.1678288, 0.30431437
2.0058787, -1.2101883, 0.29449353
2.0043728, -1.1960472, 0.29079458
1.9854827, -1.1833804, 0.28205988
1.9943346, -1.1901771, 0.3108695
1.8894022, -1.0710114, 0.27085167
1.882007, -1.0474731, 0.21487992
2.0283587, -1.2306504, 0.26857868
2.0237033, -1.2181731, 0.2743501
1.9728174, -1.1669635, 0.35145137
2.0386739, -1.2440039, 0.3114419
2.048133, -1.2551856, 0.293456
2.0576541, -1.2697313, 0.2700308
1.9551542, -1.1443924, 0.34430817
2.0642638, -1.2746118, 0.26672247
2.053045, -1.2641466, 0.28820136
1.9681195, -1.1663616, 0.24725308
2.0906131, -1.2934076, 0.27301204
1.9758646, -1.1729285, 0.33201313
1.911076, -1.0941647, 0.35363126
2.0619626, -1.275167, 0.29130706
2.082338, -1.2906996, 0.29192132
2.031268, -1.2347225, 0.24901482
1.9681411, -1.1556219, 0.32587218
1.9594827, -1.1515431, 0.36601606
1.9544173, -1.1490704, 0.28583366
2.0111172, -1.2101425, 0.2510256
2.0209541, -1.2165695, 0.29979655
1.94875, -1.1290373, 0.27651474
1.9478045, -1.1334662, 0.28766665
2.006752, -1.2080075, 0.23531166
1.9274096, -1.1132076, 0.23297153
1.8882251, -1.0574956, 0.29076022
1.9901305, -1.187602, 0.3294779
2.0739903, -1.274684, 0.30756706
2.056697, -1.2629662, 0.2413705
1.9831018, -1.1759717, 0.22681299
2.0094788, -1.2086738, 0.31053495
2.029313, -1.2328329, 0.29117855
2.0913658, -1.3036973, 0.2692332
1.9851284, -1.1757944, 0.35103786
1.9144108, -1.1027894, 0.32877195
2.0756826, -1.290134, 0.26649776
2.0760083, -1.2865648, 0.3076874
2.0770042, -1.2893931, 0.29435185
1.8934281, -1.0744088, 0.29190436
1.8700173, -1.0491902, 0.28762925
1.9637233, -1.158513, 0.2468169
1.9094763, -1.0939184, 0.2903893
1.8862826, -1.067707, 0.34978357
1.9255865, -1.1139119, 0.32804605
2.0458486, -1.2535473, 0.30857205
1.9904394, -1.1868657, 0.3495951
1.9640673, -1.1656032, 0.26919734
1.8718356, -1.0530941, 0.33093902
1.9756167, -1.1677222, 0.36933303
1.9371153, -1.1233575, 0.36753613
2.048077, -1.255254, 0.25265163
2.0406885, -1.2502998, 0.26934034
1.900919, -1.0723101, 0.3251197
2.0326757, -1.2332358, 0.32754526
2.0620873, -1.2683965, 0.24140127
1.9012494, -1.0798457, 0.2961049
1.908696, -1.0921404, 0.23467198
1.8760462, -1.0492425, 0.36836255
1.951594, -1.142603, 0.33421302
2.0111063, -1.2104897, 0.32702136
1.8997184, -1.0842707, 0.2874483
1.9172249, -1.1046348, 0.3658089
1.9141569, -1.1031806, 0.24940981
1.9079981, -1.0899158, 0.33164996
1.968923, -1.1528516, 0.30854082
1.9429561, -1.1353844, 0.24969354
2.087648, -1.2777579, 0.19645827
2.088128, -1.2697093, 0.16629283
2.0946913, -1.3112178, 0.29029202
1.9449085, -1.132108, 0.30493984
1.873728, -1.0610874, 0.292899
1.9677011, -1.1533053, 0.2847216
2.0589712, -1.2607422, 0.34740284
2.067149, -1.271885, 0.3278594
1.9423659, -1.1265173, 0.3292544
2.0240963, -1.2257082, 0.30783582
1.9332985, -1.1297406, 0.270444
2.048522, -1.283495, 0.12386434
2.011446, -1.2212745, 0.29498124
2.0336053, -1.245077, 0.26920927
2.0344577, -1.2437432, 0.25428
2.009368, -1.2100356, 0.34968632
1.94661, -1.1348937, 0.34998992
2.0348399, -1.2314067, 0.34613252
2.073195, -1.3159938, 0.10657482
2.1439314, -1.3387043, 0.28353333
2.079243, -1.3018811, 0.046279717
2.0935006, -1.3132732, 0.025207233
2.0710554, -1.2856067, 0.012514824
2.1032176, -1.3257198, 0.051401332
2.1200676, -1.3397994, 0.058183294
2.0633235, -1.275008, -0.004473645
2.0531714, -1.2582384, -0.011889197
2.029476, -1.2458264, -0.027859688
2.0297844, -1.2445021, 0.006184045
2.028457, -1.2330362, -0.02943434
2.0240226, -1.2364819, -6.927504E-4
2.0055342, -1.2151858, -0.02578258
2.0015984, -1.2128601, 0.0080678
1.9862665, -1.2040727, -0.005688356
1.989862, -1.1981939, -0.026832383
1.9621471, -1.1572093, -0.019201994
2.0168674, -1.222933, 0.24924357
1.9923341, -1.1847718, 0.3636716
2.0891535, -1.2927049, 0.3173135
1.8720831, -1.047343, 0.30997726
2.020139, -1.2191068, 0.30818787
1.8550457, -1.0320052, 0.28340414
2.0969691, -1.292909, 0.36689943
1.931066, -1.12972, 0.009521656
1.9244776, -1.0937029, 0.20247957
2.0882945, -1.2916167, 0.32740346
1.9754459, -1.1528589, 0.36712104
2.0506134, -1.2527139, 0.328637
1.8675431, -1.0321802, 0.35168236
2.0507524, -1.248183, 0.3545019
1.9316958, -1.1113677, 0.3747238
2.0166154, -1.2098439, 0.36576515
1.8557103, -1.0321395, 0.27253234
2.0828445, -1.290187, 0.35215464
1.8828012, -1.0514843, 0.3063453
2.0769444, -1.285331, 0.33105284
2.0044734, -1.1970259, 0.33548194
1.8997345, -1.0822971, 0.35156944
2.053685, -1.2509323, 0.37039456
1.8951055, -1.084316, 0.255782
1.9360027, -1.1251943, 0.31443784
1.925054, -1.1287086, 0.033855215
1.9136305, -1.1102068, -0.00990956
1.9178034, -1.1200591, 0.03954117
2.0595205, -1.267071, 0.30683357
1.8748884, -1.045739, 0.21300721
1.9107158, -1.1047677, 0.27752703
2.0260968, -1.2174067, 0.3521251
1.8673744, -1.0492654, 0.26707065
2.030827, -1.228082, 0.3725825
2.0897238, -1.2801077, 0.17948054
2.068913, -1.3101319, 0.1267765
1.9327456, -1.1259238, 0.29902443
