-1.0517038, -1.6695483, 0.04907513
-1.0709488, -1.6353288, 0.032358862
-1.0288274, -1.658003, 0.041770082
-1.1123399, -1.6845787, 0.0306289
-1.0346044, -1.6641167, 0.036829226
-1.0759655, -1.6707892, 0.035958424
-1.0542661, -1.6648172, 0.034571692
-1.0291489, -1.630886, 0.032678075
-1.0142965, -1.6217388, 0.034784433
-1.1308897, -1.709519, 0.033031825
-1.0946962, -1.6868196, 0.03418474
-1.1358523, -1.6871343, 0.028470624
-1.1359338, -1.7241921, 0.041865427
-1.0544617, -1.646092, 0.012749465
-1.0930244, -1.659437, 0.043782357
-1.08926, -1.6340297, 0.040092867
-1.0831839, -1.6346514, 0.015622669
-1.0448167, -1.6338716, 0.02916181
-1.0298518, -1.5847251, 0.03524176
-1.0111268, -1.6101223, 0.025057213
-0.98289, -1.5846986, 0.03539565
-0.977312, -1.612852, 0.04119616
-1.1483688, -1.7293636, 0.03906066
-1.1504589, -1.7430496, 0.031154646
-1.1782969, -1.7105913, 0.03057987
-1.1511981, -1.71133, 0.030699331
-1.1680558, -1.6815817, 0.019179516
-1.032324, -1.6105012, 0.02512168
-1.0270615, -1.5690659, 0.016671661
-1.0116296, -1.5875831, 0.030918937
-0.95935154, -1.5814455, 0.04042009
-0.994486, -1.5447193, 0.016048681
-0.95228404, -1.5615089, 0.029637808
-0.9733126, -1.5659019, 0.026601952
-0.9475822, -1.5852766, 0.034585312
-0.9305019, -1.5831739, 0.03783296
-1.1903111, -1.7459877, 0.036607597
-1.1669561, -1.7659615, 0.045174375
-1.1930577, -1.7347766, 0.04560431
-0.9430032, -1.5503224, 0.029719157
-0.92655176, -1.5467695, 0.03241151
-0.92725897, -1.563384, 0.033892255
-0.9531391, -1.5521545, 0.014349807
-0.9541927, -1.5266621, 0.016871132
-0.97789925, -1.5261081, 0.016641797
-0.88694304, -1.6074309, 0.055547733
-1.2289199, -1.7465343, 0.037822105
-1.2183228, -1.7982656, 0.033249363
-1.1953683, -1.785685, 0.045351774
-1.2087351, -1.6484663, 0.018685102
-0.8906865, -1.5255947, 0.033761967
-0.89161056, -1.5458626, 0.036838412
-0.94788736, -1.489296, 0.032592405
-0.90799713, -1.491801, 0.028808096
-1.2536485, -1.7948214, 0.041832868
-1.2115409, -1.8035594, 0.04728297
-0.8750645, -1.493825, 0.02937638
-0.8661806, -1.5446445, 0.028549321
-0.9544394, -1.4507375, 0.014690804
-0.89483607, -1.4619285, 0.011712333
-0.88918036, -1.4705617, 0.027461201
-1.2712324, -1.8299497, 0.042455252
-1.2399466, -1.8366075, 0.075124
-1.2536126, -1.8232694, 0.048746094
-1.270702, -1.7950833, 0.04237307
-0.8483752, -1.4686118, 0.02939814
-0.9661354, -1.4497336, 0.014861725
-1.2969193, -1.8236417, 0.020924862
-1.2711308, -1.8577411, 0.051990297
-1.2886295, -1.8367125, 0.062116906
-1.2833989, -1.810158, 0.016976958
-1.0684586, -1.6858644, 0.047758456
-1.2704937, -1.8132138, 0.04336331
-0.9930471, -1.6058304, 0.029937398
-0.9514367, -1.5151582, 0.029436002
-0.85195875, -1.6382699, 0.05883178
-0.9316762, -1.4905351, 0.028823093
-0.9932995, -1.6239915, 0.035468094
-1.1220961, -1.6769855, 0.04347849
-0.89226264, -1.4928442, 0.028558563
-0.8515797, -1.6341996, 0.06595114
-0.98731077, -1.5892799, 0.043089334
-0.85059416, -1.646064, 0.066188954
-0.8476834, -1.6510592, 0.05521214
