-0.36855796, -2.850617, 0.09615074
-0.39406115, -2.8043792, 0.06796386
-0.39088327, -2.852294, 0.090783626
-0.3933418, -2.8246462, 0.07203067
-0.39145428, -2.8678071, 0.10934112
-0.4014394, -2.8701308, 0.12962364
-0.34885117, -2.8114264, 0.046817575
-0.38656417, -2.7909591, 0.06983471
-0.31194514, -2.866654, 0.040915795
-0.33681318, -2.8276, 0.048979875
-0.42876822, -2.8678117, 0.12800446
-0.42813382, -2.8859358, 0.13546515
-0.42990822, -2.8951786, 0.16829957
-0.4508862, -2.828687, 0.12833017
-0.4457119, -2.826229, 0.10768704
-0.32635453, -2.8467534, 0.051808715
-0.46772283, -2.8493443, 0.1534035
-0.45032054, -2.9070008, 0.1728011
-0.4686401, -2.9129655, 0.18655655
-0.47398874, -2.8692923, 0.19106583
-0.46991086, -2.871277, 0.17501643
-0.46857154, -2.8357177, 0.14560327
-0.47361618, -2.855386, 0.16433366
-0.49014285, -2.84306, 0.15660462
-0.48453647, -2.9305887, 0.23771942
-0.51274616, -2.870657, 0.20339882
-0.5091298, -2.9114728, 0.23426631
-0.507041, -2.9288998, 0.227613
-0.5514459, -2.910109, 0.24800569
-0.4899993, -2.9283369, 0.20949669
-0.55168813, -2.9303594, 0.2653367
-0.5674355, -2.943367, 0.28806245
-0.55088174, -2.975359, 0.3078388
-0.6113051, -2.9700937, 0.34801146
-0.5287157, -2.9513667, 0.26964584
-0.43314266, -2.8729296, 0.14819705
-0.5996616, -2.9559252, 0.31305566
-0.39056242, -2.8280659, 0.09161832
-0.546256, -2.9162843, 0.26814562
-0.53356934, -2.9233913, 0.25393322
-0.60962725, -2.9912848, 0.35819826
-0.39478484, -2.7940009, 0.084613785
-0.49049693, -2.9118326, 0.2136439
-0.42018458, -2.849053, 0.119204715
-0.41976812, -2.8540392, 0.14902611
-0.5698363, -3.0051496, 0.35053223
-0.5702543, -3.0227008, 0.3478101
-0.3725084, -2.8531637, 0.075004496
-0.60382175, -3.0252776, 0.37095618
-0.49109143, -2.8730495, 0.19391131
-0.58690375, -3.0289936, 0.3529726
-0.5912362, -2.9729943, 0.33092296
-0.46253112, -2.872404, 0.1560776
-0.53465986, -2.9469318, 0.24932247
-0.43162113, -2.8287356, 0.111924574
-0.5931902, -3.012886, 0.34797803
-0.6042846, -2.9648843, 0.33640864
-0.4353366, -2.8891625, 0.15260842
-0.37026525, -2.8571293, 0.10224262
-0.6470348, -3.0057602, 0.38691968
-0.45411628, -2.8824363, 0.16582504
-0.44777745, -2.8110356, 0.108695865
-0.47461477, -2.880942, 0.15993416
-0.348396, -2.8466651, 0.05736413
-0.5849374, -3.0126436, 0.33419475
-0.5626043, -2.9015994, 0.2573583
-0.35161978, -2.8507318, 0.08841636
-0.6114465, -2.953106, 0.3282507
-0.39945644, -2.8332403, 0.10612311
-0.4103639, -2.7482197, 0.042718716
