1.3294402, -0.3749091, 0.33565655
1.3321579, -0.3913746, 0.31123888
1.3413906, -0.3898724, 0.28253946
1.3248067, -0.37242994, 0.31029928
1.3126078, -0.36303574, 0.32985458
1.3099008, -0.35381436, 0.33372998
1.3318002, -0.38986507, 0.32769534
1.3487554, -0.41071424, 0.35012704
1.3268894, -0.38694608, 0.29138696
1.3570799, -0.4284577, 0.32979706
1.3684607, -0.43230522, 0.31301185
1.2889892, -0.32915464, 0.30853978
1.2827867, -0.31386915, 0.31473434
1.2881261, -0.3300639, 0.28836817
1.2913996, -0.33074775, 0.37204856
1.3645546, -0.42945158, 0.33107883
1.3639891, -0.43287426, 0.3546147
1.3753258, -0.451526, 0.33388868
1.3723675, -0.44674957, 0.30855423
1.3718983, -0.4491877, 0.29082477
1.3763094, -0.46473545, 0.28963572
1.2923586, -0.3494921, 0.27117366
1.2753506, -0.31056875, 0.292871
1.2648237, -0.29391882, 0.32464778
1.2712094, -0.30896783, 0.34644207
1.2566224, -0.29084778, 0.3327953
1.3892981, -0.46888438, 0.31350222
1.3894651, -0.4690731, 0.37187648
1.3949568, -0.48724607, 0.29194707
1.4096093, -0.49036503, 0.32822636
1.4200199, -0.49621832, 0.34075788
1.4266618, -0.51363266, 0.32720536
1.43104, -0.51009494, 0.389166
1.4434193, -0.53585434, 0.3048529
1.4112794, -0.49098825, 0.3513657
1.4155195, -0.505773, 0.34961805
1.4291328, -0.5119681, 0.34626418
1.2521398, -0.27166584, 0.34775224
1.2902681, -0.3269884, 0.38604984
1.2365342, -0.25023523, 0.3872801
1.2905767, -0.31175786, 0.39075837
1.2723278, -0.3231845, 0.32790446
1.2462089, -0.26848707, 0.2906501
1.3723369, -0.44816497, 0.3482923
1.3078792, -0.35173923, 0.37659064
1.4118537, -0.5072807, 0.31059906
1.22948, -0.25101638, 0.3299169
1.262866, -0.2889667, 0.36539167
1.43026, -0.52701, 0.30851352
1.2312683, -0.24793097, 0.37077358
1.3932612, -0.4742563, 0.3541961
1.2483011, -0.26781318, 0.36537275
1.3881735, -0.45480165, 0.37355113
1.2674022, -0.29500583, 0.35320067
1.3260127, -0.37005663, 0.34990215
1.2534612, -0.2872203, 0.31126836
1.3647524, -0.4173569, 0.37372464
1.3180143, -0.39179868, 0.2924825
1.4084084, -0.49359816, 0.26541215
1.4124241, -0.48977706, 0.38449237
1.2185493, -0.25152433, 0.3311508
1.4355588, -0.53023696, 0.32577944
1.4310454, -0.5290341, 0.26913083
1.270207, -0.31117705, 0.32900754
1.311678, -0.36472994, 0.37323514
1.3682172, -0.43174618, 0.37082922
1.3900816, -0.47570416, 0.29563934
1.3076214, -0.35299265, 0.28810534
1.2677763, -0.30859128, 0.30876338
1.3345274, -0.38954824, 0.35113004
1.3317304, -0.3758156, 0.37176064
1.310759, -0.37033582, 0.27109492
1.4071528, -0.49190268, 0.31119013
1.2987599, -0.35239756, 0.35019115
1.4057033, -0.47552705, 0.32850373
1.3114094, -0.36865857, 0.2941065
1.3040719, -0.33339727, 0.33097544
1.2722555, -0.3052718, 0.38742498
1.2497629, -0.27434823, 0.32900918
1.2288182, -0.24893151, 0.29249397
1.4136193, -0.5117747, 0.29204762
1.2483928, -0.27095887, 0.3107286
1.3728968, -0.44669965, 0.3683103
1.3041734, -0.35388398, 0.30791733
1.3508039, -0.41071296, 0.32837898
1.2625109, -0.2901165, 0.28748596
1.3314494, -0.3876032, 0.36743492
1.389869, -0.4482833, 0.3869618
1.2844172, -0.3117947, 0.3532198
1.3683697, -0.42715645, 0.3896534
1.4055173, -0.49582392, 0.28693023
1.2534713, -0.28979594, 0.29068136
1.3914579, -0.46909857, 0.3293035
1.2514102, -0.27028483, 0.3905197
1.294645, -0.342844, 0.31235325
1.3710607, -0.4477628, 0.2680468
1.3615566, -0.41366392, 0.31423053
1.3877443, -0.48395437, 0.3128772
1.2891432, -0.31751645, 0.36806378
1.3884463, -0.47206733, 0.27282545
1.4165448, -0.5075902, 0.334816
1.2462904, -0.25814676, 0.36985725
1.3004951, -0.33357412, 0.28598014
1.3341184, -0.40328923, 0.26579115
1.2894539, -0.33452356, 0.33188438
1.2929442, -0.34721196, 0.28944388
1.2487543, -0.2884373, 0.27338037
1.2556384, -0.284505, 0.37158313
1.3069056, -0.3445593, 0.34728652
1.4080673, -0.48982587, 0.36951527
1.3303815, -0.36764094, 0.38865742
1.3934345, -0.47031772, 0.3909115
1.2915586, -0.32997462, 0.35042274
1.3456267, -0.41152412, 0.31138682
1.2716532, -0.29511446, 0.30299208
1.2296828, -0.2502002, 0.35038748
1.3491073, -0.3947791, 0.33003592
1.3535612, -0.4088872, 0.39181766
1.2859504, -0.34436157, 0.32456696
1.3882741, -0.4560534, 0.35268047
1.4444896, -0.5362671, 0.33822381
1.2530502, -0.24623491, 0.19177376
1.4011698, -0.47456342, 0.29298443
1.2347969, -0.2629644, 0.35700455
1.2522248, -0.28567943, 0.38866276
1.3544315, -0.42417485, 0.35205078
1.3689079, -0.43251932, 0.2968106
1.3247266, -0.38919201, 0.26868337
1.2822798, -0.31789368, 0.29008663
1.3333488, -0.40554821, 0.33341014
1.2451737, -0.25982994, 0.31352583
1.3853753, -0.45235884, 0.3031606
1.2546197, -0.3036116, 0.29375806
1.4200655, -0.49483123, 0.3143296
1.355435, -0.44370064, 0.28635812
1.2336924, -0.2658481, 0.30895454
1.4309418, -0.5104579, 0.36862984
1.3538116, -0.43150616, 0.3074433
1.2321564, -0.26840848, 0.28950232
1.3754725, -0.4656849, 0.30963606
1.3823211, -0.45677206, 0.32032615
1.3430513, -0.3977128, 0.31275508
1.2526917, -0.2860875, 0.34735817
1.4105965, -0.50751185, 0.27219918
1.4353595, -0.5265553, 0.34908605
1.3076485, -0.34886307, 0.3906966
1.3053722, -0.33967286, 0.35490602
1.3426105, -0.39647737, 0.3505597
1.3166642, -0.3700307, 0.31161064
1.2687283, -0.29211062, 0.3914774
1.2920526, -0.31638822, 0.33565304
1.4509557, -0.53387725, 0.36706334
1.3478554, -0.40607184, 0.36756498
1.3203894, -0.35574874, 0.36085233
1.3649029, -0.42623004, 0.40534288
1.2734512, -0.30937415, 0.37031037
1.3258868, -0.3697089, 0.28573492
1.4505179, -0.54693997, 0.33299983
1.3143568, -0.36533707, 0.38808504
1.2361039, -0.26530355, 0.3345384
1.4101663, -0.48893183, 0.40559703
1.2788494, -0.33069354, 0.34822845
1.2668874, -0.27982607, 0.28385264
1.4507004, -0.5317268, 0.38849193
1.3338484, -0.4039264, 0.3090176
1.4335296, -0.5202518, 0.38586196
1.2653338, -0.27747354, 0.35862422
1.447461, -0.5318796, 0.35120925
1.3211389, -0.35743982, 0.3244858
1.3043349, -0.33659768, 0.37040135
1.4335678, -0.5261862, 0.3783564
1.4170994, -0.5076846, 0.36612344
1.2757354, -0.32462177, 0.293832
1.424438, -0.51454383, 0.31105995
1.2968028, -0.34284037, 0.36008516
1.2320975, -0.2508506, 0.30792525
1.2274517, -0.23079333, 0.32786357
1.3991747, -0.48530614, 0.35300228
1.233359, -0.26576313, 0.38231954
1.3521047, -0.42768508, 0.2915091
1.3972048, -0.48270777, 0.3798001
1.4155539, -0.50576574, 0.39496124
1.2357779, -0.2697308, 0.27105823
1.4304129, -0.5269613, 0.2905563
1.2463765, -0.25312632, 0.3286294
