2.4264827, -1.1887971, 0.3721233
2.4449363, -1.2073867, 0.34086427
2.435226, -1.2048619, 0.3686642
2.4484808, -1.2149631, 0.36932623
2.425152, -1.1936201, 0.39042726
2.4346073, -1.2109876, 0.3556882
2.4424698, -1.2035997, 0.38479027
2.411912, -1.1682374, 0.3759862
2.4139915, -1.1888869, 0.4117926
2.442318, -1.1985787, 0.35386977
2.401427, -1.1699327, 0.42089042
2.3939965, -1.1691272, 0.4345965
2.456241, -1.2391695, 0.4061213
2.468134, -1.252859, 0.3930609
2.4057863, -1.1547223, 0.4535257
2.4494886, -1.2390163, 0.43606132
2.432865, -1.2253445, 0.43038929
2.4268446, -1.2139404, 0.4508143
2.407337, -1.1915255, 0.47074345
2.4745035, -1.2698332, 0.39260167
2.4431908, -1.231753, 0.45472586
2.4846935, -1.2636578, 0.39827025
2.4059205, -1.1715531, 0.49713022
2.4115064, -1.1880437, 0.48851186
2.4809937, -1.2730883, 0.4592308
2.4302309, -1.2161448, 0.4686414
2.4663246, -1.2536457, 0.4883616
2.5021055, -1.3122842, 0.4751885
2.4957504, -1.3123149, 0.46662778
2.486802, -1.2859261, 0.5075528
2.5089173, -1.3137108, 0.49138415
2.526239, -1.3348682, 0.46786547
2.5317466, -1.3489882, 0.49239066
2.5343082, -1.3482397, 0.44644457
2.532003, -1.3470215, 0.51086235
2.5378895, -1.3494066, 0.42748424
2.5526133, -1.369297, 0.4907954
2.5531135, -1.3723174, 0.4710446
2.550571, -1.3675662, 0.50805026
2.5550969, -1.3651166, 0.4279745
2.5639563, -1.367866, 0.39884406
2.575615, -1.4007163, 0.42629123
2.5945158, -1.4114282, 0.40545732
2.5949724, -1.4148378, 0.39153075
2.5882807, -1.4151515, 0.4286566
2.5867715, -1.4077481, 0.4491299
2.613144, -1.4519126, 0.45378458
2.6146703, -1.4522465, 0.49002346
2.6046124, -1.4342219, 0.5193904
2.4117007, -1.1727399, 0.39267665
2.4520917, -1.2277783, 0.34951428
2.468681, -1.2520349, 0.41617373
2.4912798, -1.2906597, 0.44915935
2.51146, -1.310601, 0.50345594
2.4880774, -1.2896081, 0.43071708
2.445079, -1.2152137, 0.32631025
2.575383, -1.4232833, 0.38627332
2.609463, -1.4369293, 0.48618442
2.4706545, -1.2669256, 0.50622773
2.4348724, -1.2135563, 0.40916616
2.570702, -1.3896039, 0.51020265
2.4102268, -1.1877131, 0.44960588
2.441024, -1.2143664, 0.47798505
2.569185, -1.3927209, 0.49539232
2.4224308, -1.1991667, 0.42009792
2.4834437, -1.276775, 0.48226413
2.5079808, -1.3136511, 0.42976385
2.4853415, -1.2711073, 0.47129047
2.5755887, -1.4025741, 0.48864636
2.6255038, -1.466344, 0.4367598
2.4956613, -1.2983081, 0.52446663
2.5288906, -1.3293519, 0.405725
2.4672985, -1.2355906, 0.3626727
2.4499269, -1.2302598, 0.38802955
2.604302, -1.433133, 0.44345385
2.4660163, -1.252193, 0.5370769
2.4544456, -1.2487328, 0.51301426
2.4917173, -1.292726, 0.4713422
2.4989479, -1.3099045, 0.449731
2.5251863, -1.3160934, 0.3898772
2.5817456, -1.4134618, 0.48324156
2.5757809, -1.4068818, 0.52698135
2.5555282, -1.3472255, 0.39058074
2.5937805, -1.4249549, 0.4654086
2.4900272, -1.2861316, 0.4908808
2.4151764, -1.1940056, 0.5130885
2.4535458, -1.2480516, 0.34589043
2.4147425, -1.1930166, 0.432329
2.6174374, -1.4474013, 0.42743316
2.5618393, -1.3883051, 0.4319116
2.5336611, -1.3464305, 0.38575858
2.47419, -1.2455918, 0.34736872
2.613355, -1.431146, 0.4045104
2.4725325, -1.2682221, 0.5264648
2.4172776, -1.2066453, 0.4366991
2.614308, -1.4499938, 0.4760473
2.6216311, -1.4514008, 0.46769217
2.5659497, -1.3946929, 0.47373047
2.5868933, -1.4143625, 0.5274434
2.6054752, -1.4354049, 0.5293657
2.5902295, -1.4213616, 0.5363584
2.6275177, -1.4491768, 0.5671211
2.5660694, -1.3789874, 0.42465368
2.6370306, -1.4457486, 0.37883767
2.4223971, -1.1757474, 0.36489084
2.4070659, -1.1718773, 0.40916932
2.3967776, -1.170641, 0.47739583
2.6192446, -1.4295653, 0.378606
2.516156, -1.3143848, 0.4107882
2.4261458, -1.1903841, 0.3473095
2.4331758, -1.2255878, 0.46603167
2.5992851, -1.4254128, 0.43770003
2.4736497, -1.2650414, 0.4923591
2.576954, -1.4041431, 0.4473732
2.4710717, -1.2568622, 0.5051804
2.5070148, -1.3210676, 0.5157757
2.5029013, -1.325941, 0.39252996
2.47825, -1.2813315, 0.46668205
2.5498261, -1.3643577, 0.4483832
2.454858, -1.2454213, 0.5256263
2.5662923, -1.3890631, 0.4534074
2.603584, -1.429798, 0.4246861
2.4537272, -1.2308269, 0.33188516
2.42518, -1.1728992, 0.35456148
2.528941, -1.3489497, 0.47414678
2.4398773, -1.2218763, 0.48256165
2.4637117, -1.2538486, 0.4289165
2.431423, -1.225535, 0.55510426
2.524003, -1.3326246, 0.5007094
2.4465463, -1.2310256, 0.4678599
2.5466256, -1.3309704, 0.3838942
2.5901134, -1.4375354, 0.38625494
2.5812984, -1.4071269, 0.5077119
2.5120292, -1.3262881, 0.4919909
2.472444, -1.2659135, 0.40991536
2.4262922, -1.2046899, 0.5021083
2.604111, -1.4196876, 0.40618175
2.5807493, -1.3916577, 0.40547186
2.5712223, -1.3758852, 0.40382543
2.5449696, -1.3662369, 0.39338255
2.5604815, -1.356632, 0.3888455
2.4746308, -1.2731991, 0.44688302
2.5071926, -1.3178782, 0.45084733
2.5239315, -1.3321137, 0.4269928
2.4650745, -1.25492, 0.4691055
2.6154351, -1.4339354, 0.38635847
2.4241111, -1.2171773, 0.5274026
2.6416206, -1.4529642, 0.6337673
2.661662, -1.4894676, 0.64817977
2.4358044, -1.2324141, 0.51113063
2.5090773, -1.3123449, 0.52972305
2.5432925, -1.3560679, 0.45948696
2.5148897, -1.330843, 0.46877876
2.5426946, -1.359002, 0.42586842
2.4725392, -1.2741189, 0.55161065
2.3832307, -1.1537474, 0.41047555
2.422994, -1.1821159, 0.40180564
2.5928695, -1.425266, 0.5069285
2.6154332, -1.4469501, 0.50418836
2.6484833, -1.4630744, 0.689865
2.5711317, -1.3875241, 0.5249945
2.4378927, -1.2278272, 0.5300582
2.630991, -1.4524988, 0.50754976
2.4269607, -1.2061119, 0.48951477
2.4374466, -1.208444, 0.392502
2.5109649, -1.3103892, 0.39297128
2.5431743, -1.3437047, 0.40953034
2.6757753, -1.4971038, 0.608697
2.4832842, -1.2740227, 0.52135134
2.4080598, -1.1645863, 0.32625932
2.4968054, -1.3056693, 0.5160384
2.4514132, -1.246099, 0.5543743
2.429865, -1.2020979, 0.332117
2.4781072, -1.2780327, 0.4338254
2.5847843, -1.4239491, 0.45205855
2.4601147, -1.2285105, 0.38537225
2.5853286, -1.419449, 0.46142933
2.4509842, -1.2415261, 0.43540892
2.390757, -1.1691848, 0.45185024
2.493332, -1.2959416, 0.4112251
2.5769653, -1.4109759, 0.47324306
2.4538827, -1.2251847, 0.37991163
2.5796244, -1.3949406, 0.40102628
2.464875, -1.2417051, 0.31060478
2.4446244, -1.2219087, 0.3062694
2.379811, -1.1487885, 0.40383193
2.3668582, -1.1479754, 0.43672705
2.4381657, -1.2277178, 0.3204217
2.4674637, -1.2825283, 0.54238963
2.5564713, -1.3809074, 0.4500168
2.5182781, -1.3327031, 0.44392735
2.4622858, -1.24934, 0.3203693
2.5578375, -1.3839991, 0.4838273
2.5056157, -1.3110498, 0.5516658
2.63519, -1.4666678, 0.5667642
2.4291868, -1.1872183, 0.33458462
2.3982766, -1.1690899, 0.512112
2.495077, -1.3013606, 0.43500614
2.6227934, -1.4448862, 0.39211673
2.5732512, -1.4027208, 0.5455125
2.4587274, -1.2419212, 0.41576812
2.3997324, -1.1604961, 0.32803327
