0.93249243, -2.1271803, 0.15555236
0.8704606, -2.089896, 0.156296
0.8866484, -2.094216, 0.16098315
0.85105324, -2.1100688, 0.15451796
0.88782704, -2.0704486, 0.15432854
0.8869384, -2.0889251, 0.15009518
0.86715955, -2.1093173, 0.16259956
0.8903712, -2.1083968, 0.15432194
0.92468774, -2.0868106, 0.15512487
0.9092724, -2.1118274, 0.15310986
0.9134132, -2.088928, 0.14993401
0.9088082, -2.1506295, 0.15570852
0.88801813, -2.1482244, 0.15453345
0.9585975, -2.1118135, 0.16101885
0.9144359, -2.1684654, 0.16337319
0.9734866, -2.1104667, 0.15261367
0.9494577, -2.149731, 0.15740919
0.9468113, -2.1316283, 0.15582223
0.9704085, -2.1286144, 0.15585361
0.9520642, -2.16951, 0.15513265
0.8272699, -2.0696645, 0.15598871
0.8295566, -2.0871105, 0.15657653
0.82855487, -2.095434, 0.16298336
0.8487344, -2.0458176, 0.15427926
0.84928554, -2.0708416, 0.15446137
0.86917067, -2.0480053, 0.15318325
0.9054759, -2.0481064, 0.15617403
0.85056335, -2.1539242, 0.16415489
0.85176194, -2.1494167, 0.15538877
0.82958394, -2.1273098, 0.16263448
0.8674793, -2.0294652, 0.1547056
0.9291456, -2.0487142, 0.15453953
0.90987694, -2.0284078, 0.15707281
0.9517309, -2.0701716, 0.15366156
0.8906249, -2.1704886, 0.15435912
0.92849094, -2.1950169, 0.16105378
0.92830664, -2.192003, 0.1550833
0.8678681, -2.1931703, 0.15544641
0.8508612, -2.1707008, 0.15698387
0.9685737, -2.1887603, 0.1521221
0.99155223, -2.1716309, 0.15490721
0.9895684, -2.146364, 0.15532795
0.9071158, -2.2100053, 0.1572791
0.93028843, -2.210348, 0.16220815
0.9735366, -2.2069867, 0.15401086
0.9507395, -2.207809, 0.15400398
0.80959445, -2.04738, 0.15491013
0.8311118, -2.0249949, 0.15159006
0.79275423, -2.0893922, 0.16387607
0.85022604, -2.031186, 0.1528759
0.7895007, -2.06992, 0.15487896
0.87020725, -2.0111735, 0.15369985
0.8299435, -2.009971, 0.1517065
0.8872802, -2.0089087, 0.15383263
0.90985626, -2.010397, 0.15623952
0.90356237, -2.004351, 0.16157411
0.81027514, -2.1491525, 0.15476047
0.7721633, -2.108602, 0.16292164
0.7728799, -2.0868635, 0.15494214
0.7715916, -2.1290743, 0.1626536
0.7872832, -2.1522207, 0.16286965
0.8317919, -2.1898925, 0.1617481
0.82829654, -2.1879869, 0.15628079
0.8279137, -2.1720603, 0.15377785
0.78839636, -2.1663985, 0.16200337
0.7706219, -2.0692296, 0.1557942
0.84960836, -1.9924462, 0.15419921
0.8710546, -1.9866825, 0.155266
0.8904998, -1.9864069, 0.1521779
0.8893633, -1.9873557, 0.16174313
0.97124964, -2.030256, 0.15320809
0.91062987, -1.9903022, 0.16190991
0.8687493, -2.2100136, 0.16316274
0.8745971, -2.21239, 0.15442005
0.8706565, -2.2308109, 0.16202115
0.91056824, -2.2269568, 0.1580283
0.8701867, -2.2314448, 0.15370919
0.94592905, -2.2293248, 0.15492712
0.9501445, -2.2370024, 0.16472585
0.8340777, -2.20697, 0.15516004
1.0089455, -2.2083688, 0.1557076
1.0096505, -2.1890635, 0.15461436
0.9855328, -2.2121854, 0.15401454
0.8858682, -2.2514274, 0.15574588
0.9478252, -2.2468116, 0.15438825
1.049563, -2.0718353, 0.15297104
1.028017, -2.0501714, 0.15319145
1.028395, -2.107396, 0.15495393
1.0347822, -2.0698972, 0.15362579
0.989342, -2.243284, 0.15665372
0.78562295, -2.0246253, 0.16430996
0.78894377, -2.0301733, 0.15616581
0.8097493, -1.9909407, 0.15464108
0.75089145, -2.071293, 0.15417929
0.7483021, -2.1127295, 0.1510643
0.7497898, -2.092527, 0.15270156
0.75161994, -2.0494273, 0.15443368
0.887235, -1.9674668, 0.15393741
0.81199473, -1.9732885, 0.15443407
0.92987114, -1.9675192, 0.1553266
0.7888671, -2.1870139, 0.15781681
0.75110376, -2.1300108, 0.15451919
0.750153, -2.1495464, 0.1550724
0.72806704, -2.1311407, 0.1554352
0.7309759, -2.0685534, 0.15640393
0.72854155, -2.1509748, 0.15466228
0.83227193, -2.2281106, 0.15565236
0.79145294, -2.205278, 0.15797958
0.8266468, -2.228516, 0.16394272
0.7666491, -2.2110603, 0.15440956
0.7280813, -2.0501108, 0.15443954
0.87109745, -1.9503167, 0.15697345
0.9877564, -1.9889871, 0.15411595
0.9942174, -2.0094528, 0.15435936
1.0090468, -2.0298939, 0.15420187
0.96974236, -1.9898969, 0.15511432
0.9682731, -2.0107775, 0.15615587
1.0106882, -2.0118303, 0.1542888
0.94969785, -1.9699055, 0.15510187
1.0255452, -2.0327992, 0.15322028
0.84687114, -2.2483668, 0.15725894
0.8504999, -2.2706308, 0.15322332
0.92505556, -2.26143, 0.1541289
0.80825746, -2.2488205, 0.15690222
0.8904274, -2.2890184, 0.15572543
1.0903876, -2.0887005, 0.15293008
1.049099, -2.0289664, 0.15489198
1.0887177, -2.0705605, 0.151997
1.048888, -2.1290104, 0.15320559
1.048794, -2.0104392, 0.15443656
1.0304619, -2.0112576, 0.15408912
1.0520803, -2.150213, 0.15478124
0.77008206, -2.011601, 0.15607738
0.77139753, -2.0079572, 0.16320902
0.7120502, -2.0529537, 0.15157664
0.71151257, -2.0899467, 0.15601733
0.7060164, -2.049899, 0.16326825
0.70860314, -2.0677779, 0.16206345
0.71391296, -2.1285536, 0.16356072
0.7130693, -2.1091697, 0.15421543
0.97011346, -1.9692045, 0.15369071
0.9303544, -1.9293815, 0.15446414
0.9493152, -1.9493761, 0.15426953
0.9489189, -1.9295712, 0.15555082
0.96853226, -1.952741, 0.15445721
1.010032, -1.9704024, 0.15439749
1.0277847, -1.9904178, 0.15431787
1.0333381, -1.9695239, 0.15100904
1.0108739, -1.9895658, 0.1510677
0.9897596, -1.9500091, 0.15358755
1.0499599, -1.988525, 0.15345633
1.0714554, -2.011025, 0.15371637
0.8507836, -2.3072627, 0.15560181
1.0916401, -2.0298629, 0.15217282
1.1076106, -2.0492964, 0.1528066
1.1111577, -2.1104918, 0.15259355
1.1278582, -2.0694873, 0.15246828
1.1079336, -2.0939357, 0.15401298
1.08785, -2.1307435, 0.15168852
1.0688176, -1.992579, 0.15325633
1.1322956, -2.0477214, 0.15271507
1.0924525, -2.1517959, 0.15219975
1.0709059, -2.1701815, 0.15543738
1.0506707, -1.9685509, 0.1551335
1.0699587, -1.9694592, 0.15285115
0.8097541, -2.0098276, 0.15267538
0.7310246, -2.0101097, 0.15463944
0.95368457, -1.9086109, 0.15513258
0.97248775, -1.8918215, 0.15562165
0.989491, -1.9112196, 0.15323728
1.0088582, -1.9312092, 0.15357581
1.029173, -1.9500263, 0.15312196
1.0506411, -1.9478878, 0.15290262
1.0311097, -1.9296998, 0.1526745
1.0510671, -1.9290578, 0.15038934
1.0878013, -1.9722595, 0.15439782
1.110648, -2.0092068, 0.15261617
1.127804, -2.030643, 0.15286285
1.1286241, -2.0104873, 0.15477802
1.1507504, -2.068186, 0.15291597
1.1480223, -2.090619, 0.15099058
1.1692088, -2.0733852, 0.15226594
1.1100336, -1.9696761, 0.15176022
1.1695752, -2.030747, 0.15206917
1.0707672, -1.9304612, 0.15377943
0.73005754, -2.0312371, 0.15347107
0.9720825, -1.868052, 0.15410535
0.9920163, -1.888649, 0.15497649
0.971249, -1.8741021, 0.16244411
0.96668535, -1.8474592, 0.15502065
1.0111903, -1.8677493, 0.15424667
1.0082542, -1.8919222, 0.15325981
0.9913814, -1.8490982, 0.15214743
0.98896134, -1.872044, 0.15297118
1.0303051, -1.8889679, 0.15420444
1.0270007, -1.9101754, 0.15367496
1.0497923, -1.9098601, 0.15065326
1.0686911, -1.912473, 0.15319777
1.0921931, -1.9100418, 0.15241477
1.1297909, -1.9884505, 0.1528738
1.1084486, -1.9298749, 0.15081242
1.1497524, -1.9930533, 0.15563
1.172654, -1.9885213, 0.15399759
1.1304713, -1.9311466, 0.15574048
1.2089001, -2.0122385, 0.15393086
1.1675872, -1.9704362, 0.15254954
1.1040454, -1.8871448, 0.16199711
1.1311809, -1.9111618, 0.15252738
1.1117706, -1.888348, 0.15484987
1.0293651, -1.8703394, 0.15207547
0.97096205, -1.8287292, 0.15370044
0.9521524, -1.8083516, 0.15371846
0.9898871, -1.8123977, 0.15321629
1.0477482, -1.871142, 0.15104987
1.0519296, -1.8709457, 0.16185558
1.0479726, -1.8491235, 0.15580155
1.0290973, -1.8304687, 0.15208466
1.0318663, -1.8493121, 0.15072086
1.0105484, -1.8105941, 0.15406813
1.0881526, -1.8700025, 0.15236995
1.0664746, -1.8520473, 0.15366487
1.1508431, -1.9330288, 0.15235153
1.1730038, -1.9458035, 0.1621988
1.1879019, -1.9503169, 0.15552308
1.2075505, -1.9708725, 0.15529056
1.1498773, -1.888785, 0.16220734
1.1487339, -1.8890661, 0.15399103
1.2506132, -2.0077267, 0.14981851
1.2314909, -1.9903384, 0.15293156
1.1300027, -1.8692657, 0.15171286
1.1708399, -1.896346, 0.16160876
0.9865784, -1.7892537, 0.15197653
0.9512499, -1.7729355, 0.15180796
1.0260942, -1.786678, 0.16371161
1.0089958, -1.7905059, 0.15210986
1.0499434, -1.8098648, 0.1504679
1.0716574, -1.8277527, 0.154049
1.0699316, -1.8077664, 0.15047558
1.088386, -1.8302222, 0.15395062
1.0492103, -1.7890391, 0.1525768
1.029265, -1.7686996, 0.1535132
1.1122037, -1.8300618, 0.15276064
1.0907669, -1.8082815, 0.1500541
1.1110086, -1.810126, 0.15151648
1.1895473, -1.9110992, 0.15234093
1.2098724, -1.9287293, 0.1514766
1.1890366, -1.88891, 0.15264982
1.2314298, -1.9476408, 0.15428053
1.2487268, -1.9526392, 0.1516496
1.1705173, -1.8680172, 0.15149823
1.2894824, -1.9869087, 0.15143201
1.2111087, -1.8891609, 0.1491313
1.2122756, -1.866832, 0.15142007
1.1905712, -1.8496581, 0.1505812
1.0148538, -1.7484437, 0.15150563
0.9892336, -1.7504607, 0.1641213
0.9304043, -1.7491617, 0.15400425
0.9316817, -1.7294843, 0.16386962
0.9103285, -1.7515606, 0.16381033
1.0718032, -1.770812, 0.15055695
1.0518258, -1.7669408, 0.15149501
1.071313, -1.7907132, 0.14887443
1.0478306, -1.750949, 0.15164784
1.0921715, -1.7866083, 0.15072021
1.1102132, -1.7909217, 0.15072533
1.128667, -1.8099818, 0.15068369
1.0697513, -1.7501789, 0.14991039
1.1489532, -1.8112004, 0.15184116
1.1316698, -1.7919757, 0.15143073
1.1492815, -1.788907, 0.15046462
1.110556, -1.7682693, 0.15239449
1.1311673, -1.770562, 0.15143648
1.2311726, -1.9124318, 0.14742708
1.2512739, -1.9284588, 0.14822222
1.2082901, -1.8521346, 0.15080157
1.2314451, -1.8698894, 0.14721984
1.289594, -1.949873, 0.15240252
1.276901, -1.9075346, 0.13867335
1.2472187, -1.8711075, 0.1496068
1.2524562, -1.8892747, 0.14819035
1.2088469, -1.8295916, 0.1510363
1.2285714, -1.8305699, 0.15002373
1.2486662, -1.8477932, 0.14826877
1.2115889, -1.8100501, 0.14910963
1.1877694, -1.809917, 0.1531612
0.9089322, -1.7325302, 0.15334189
0.90864146, -1.7083921, 0.1573377
0.90995884, -1.7095498, 0.16446391
0.9288855, -1.6894115, 0.15509237
1.0885113, -1.7475605, 0.16120008
1.1275575, -1.7494373, 0.15165947
1.1087552, -1.7273526, 0.15077004
1.1673466, -1.7887869, 0.14889307
1.1701708, -1.7948692, 0.16110691
1.1695713, -1.769268, 0.15033086
1.1510462, -1.7500515, 0.15205956
1.2888486, -1.911387, 0.14987978
1.2690935, -1.8532473, 0.15349688
1.310312, -1.929515, 0.15321076
1.2099191, -1.7906321, 0.15106489
1.2293875, -1.7901056, 0.15091833
1.212885, -1.7705507, 0.15153764
0.87211156, -1.7093587, 0.15328956
0.8887595, -1.6923296, 0.16440685
0.8892785, -1.6714907, 0.15487133
0.868652, -1.6894534, 0.16248205
0.9071777, -1.652339, 0.15825705
1.1120547, -1.707477, 0.14736812
1.1297454, -1.7098495, 0.15044205
1.1475211, -1.712252, 0.14754398
1.1902314, -1.7106625, 0.14841925
1.305453, -1.8725271, 0.15107031
1.2488616, -1.749606, 0.15266593
1.2703732, -1.7698634, 0.14795396
1.2496868, -1.7691371, 0.14874092
1.2882955, -1.7732147, 0.14812419
1.3074803, -1.7902206, 0.14873259
0.84848565, -1.6686931, 0.15395473
0.8906371, -1.6296487, 0.15530929
0.85022026, -1.6507056, 0.16557688
1.1530458, -1.6901654, 0.14543188
1.1906188, -1.704623, 0.13976136
1.2081109, -1.7114731, 0.15107185
1.229882, -1.7092184, 0.14933209
1.3521814, -1.8509144, 0.14905988
1.3278035, -1.787967, 0.15353993
1.2511634, -1.7293988, 0.14719768
1.2651021, -1.7319866, 0.13926703
1.3088987, -1.7484622, 0.14882906
0.8108405, -1.6490078, 0.15177906
0.79718363, -1.6494691, 0.1663068
1.2510593, -1.6898502, 0.14812058
1.2304648, -1.6739744, 0.14896233
1.389721, -1.8680146, 0.15443778
1.3687744, -1.9126511, 0.14940691
1.2920315, -1.7090409, 0.15194215
1.3063323, -1.7079335, 0.15038085
1.3163512, -1.709449, 0.13811953
1.3289855, -1.7138789, 0.14946076
0.7908482, -1.628856, 0.15451093
0.9900716, -1.8077164, 0.16330574
1.3910646, -1.8284662, 0.13920993
0.949072, -2.0868886, 0.15395837
1.3312899, -1.7542646, 0.1505968
0.9886667, -2.0486465, 0.15450825
1.0675777, -2.0495043, 0.15474848
0.84910554, -1.9736729, 0.15575524
1.0711198, -2.1102262, 0.15511931
1.0119296, -1.8512524, 0.1535812
1.2700381, -1.9327829, 0.15128815
1.1868712, -1.8104931, 0.13856179
1.1511791, -2.0520165, 0.15241776
1.3745102, -1.8079848, 0.13719219
1.3093185, -1.9527847, 0.1492762
0.79230183, -2.0883825, 0.15483981
1.08805, -1.72918, 0.1514676
1.172341, -2.0481393, 0.15174729
0.889607, -2.3114913, 0.15689808
1.0885229, -1.9481523, 0.15299869
0.9286503, -2.011152, 0.15377651
1.1906459, -1.7697523, 0.14926814
1.1709487, -1.710323, 0.15020484
1.3314512, -1.8906362, 0.14986026
0.9503669, -2.0300293, 0.15303044
0.77284074, -2.1513872, 0.1532273
0.87175006, -2.132764, 0.15589744
0.8906621, -2.0292888, 0.15800035
1.0311985, -2.1283536, 0.1524024
1.1457369, -2.0048332, 0.15383342
1.0539417, -2.1692123, 0.15413047
1.2706343, -1.889433, 0.14921938
1.2892762, -1.7075386, 0.13948801
1.0101656, -1.8314278, 0.1518281
0.91139555, -1.9682229, 0.15276329
0.7890388, -2.106685, 0.15622185
0.97247374, -1.9312373, 0.15404321
1.3041906, -1.6693403, 0.152707
0.85006535, -2.2131884, 0.16542326
0.9097017, -2.267007, 0.15624435
1.1509316, -1.8701639, 0.15036274
0.9134255, -1.9874316, 0.15491797
0.77228194, -2.030991, 0.15431623
1.0497324, -2.0529783, 0.15325524
0.9890516, -1.8302647, 0.1539274
1.1264814, -1.9480231, 0.14970122
0.992249, -2.0688703, 0.15569168
1.1116558, -2.0692089, 0.1533828
0.9306929, -2.233007, 0.15602873
1.013347, -2.1656563, 0.15508835
1.2540363, -1.671185, 0.14703923
1.3471497, -1.9095948, 0.14736423
1.2297255, -1.8101206, 0.15121602
1.2688084, -1.9490392, 0.15335825
1.1104002, -1.7520341, 0.14816193
1.3893471, -1.8886509, 0.1509519
1.0107509, -2.0912206, 0.15343131
1.3311367, -1.846128, 0.15091333
1.0045819, -1.7721372, 0.16194499
1.0119629, -2.1506395, 0.15484622
0.98198885, -1.8443655, 0.1390173
0.99160945, -1.751629, 0.14959033
1.1692321, -1.8293324, 0.1520286
1.0732167, -2.0286093, 0.15135923
1.2691203, -1.652453, 0.15116398
0.6692001, -2.0890522, 0.15475757
0.84993756, -2.1293979, 0.15581036
0.9727321, -1.730867, 0.15703347
1.272834, -1.6704545, 0.14938818
1.0299671, -2.1679254, 0.1563091
1.0116317, -1.9474379, 0.15523934
0.8291345, -2.2087507, 0.1625046
1.0929564, -2.1092165, 0.15415743
0.8297685, -2.0515454, 0.1545611
1.0917777, -2.048128, 0.15307538
0.81052876, -2.0308223, 0.15505676
1.2374548, -1.6367382, 0.14699596
1.3521403, -1.8718727, 0.14947887
1.2062932, -1.7288597, 0.13802265
1.2703528, -1.7484208, 0.14856791
1.3281459, -1.769853, 0.1514013
0.7565085, -1.5860561, 0.15631583
0.85077137, -2.0093713, 0.1542721
1.3081537, -1.8304183, 0.15083472
1.2508192, -1.8100998, 0.14943698
0.93303174, -1.8120788, 0.15309507
1.1309665, -1.9678656, 0.15415896
0.9715828, -2.089918, 0.15370388
0.8921883, -2.0528114, 0.15574557
1.0094028, -2.0726318, 0.15599231
0.74874973, -2.031726, 0.1558332
0.88879025, -1.7310009, 0.15297668
0.7880589, -2.0514162, 0.15363494
1.0912474, -2.0079648, 0.15224539
0.9122381, -1.9319344, 0.1562998
1.2782147, -1.7590457, 0.13992491
1.0905697, -1.9914424, 0.15290555
0.8895306, -2.2105927, 0.15631336
0.8099522, -2.0702903, 0.15377687
1.2110306, -1.7511618, 0.1491385
0.832572, -2.1486657, 0.15436986
0.95155156, -1.9869665, 0.15521933
1.3700018, -1.8695623, 0.14945617
1.1912197, -1.7910783, 0.14759366
1.2275007, -1.6876024, 0.14571065
1.1314174, -2.0902157, 0.15256856
0.7900932, -2.210703, 0.1640901
1.2692983, -1.8286507, 0.15059565
1.2887418, -1.6902679, 0.15052503
1.0900958, -1.9293506, 0.1516927
1.2101586, -1.9088402, 0.15234596
0.8504118, -2.0886805, 0.15308101
1.2078894, -1.734929, 0.15150093
0.98974746, -1.9713123, 0.1509626
0.95152247, -2.190528, 0.1527885
1.0703299, -1.8901769, 0.15480974
1.2875764, -1.831164, 0.14673738
0.8700223, -2.0682032, 0.15146384
0.9318337, -2.1486108, 0.15389197
1.1305742, -1.7295562, 0.149992
0.81170243, -2.0898163, 0.15659489
0.788641, -2.0117645, 0.1555923
1.1893784, -2.0088637, 0.14995067
0.99172246, -2.126083, 0.15575805
0.8530939, -2.2079544, 0.1570292
0.91075, -1.7691505, 0.15492153
1.1289821, -1.8487703, 0.15268606
1.0691258, -2.0709498, 0.1530006
0.930379, -1.9498907, 0.153844
0.92792475, -2.1704254, 0.15309432
0.86944544, -2.1503875, 0.15672128
1.0111691, -2.1298954, 0.15220289
1.3309568, -1.8699374, 0.14872646
1.1507475, -2.0245671, 0.15309893
1.2273394, -1.728322, 0.14716229
0.8115714, -2.1894882, 0.16287373
0.8654466, -1.570939, 0.15751381
0.9733921, -1.9094216, 0.15358782
1.0241786, -1.91699, 0.16271056
1.048327, -2.0930529, 0.153657
0.8298743, -1.9919345, 0.15007791
0.8707299, -2.2502632, 0.15551436
0.90520245, -2.2448015, 0.16053657
0.8701318, -1.6914696, 0.15295275
0.9113549, -1.6877959, 0.16561255
1.050147, -1.890424, 0.15362355
1.3547903, -1.7322679, 0.14696047
0.7906379, -1.5307577, 0.16588008
0.8083878, -1.5301982, 0.1567159
0.78791994, -1.5101243, 0.1572776
0.88864744, -2.192274, 0.15424499
1.2100561, -1.9902442, 0.151825
1.2501428, -1.9696448, 0.15295777
1.2667941, -1.9877443, 0.15532556
1.3103733, -1.7715144, 0.14822812
1.3278117, -1.8102094, 0.14973179
0.9730986, -1.7489936, 0.15472643
0.8697178, -1.6315438, 0.15077858
1.0106986, -1.9104967, 0.15187092
1.1514031, -1.7299547, 0.14971164
0.9668379, -1.7732913, 0.1519762
1.0679373, -1.8709961, 0.15491338
1.0913608, -1.8498874, 0.15369025
0.96759796, -1.7887442, 0.1515487
1.0275035, -1.7897912, 0.15119709
1.2131939, -1.9487514, 0.1517635
1.1526655, -1.9304404, 0.16677761
1.0324543, -1.7703362, 0.16201277
1.1284337, -1.8877078, 0.15510595
0.83446044, -1.9712502, 0.15399192
0.99088013, -2.1108553, 0.15096757
0.948689, -1.9106892, 0.16271974
0.9730911, -1.8099654, 0.1391343
0.99280226, -1.9271442, 0.1552156
1.268447, -1.7110763, 0.15233983
1.0748565, -2.0250497, 0.16174701
0.7286056, -2.1688912, 0.1533508
0.9686949, -2.0682847, 0.15574206
1.0507141, -1.8322828, 0.154249
1.2899246, -1.9683594, 0.15375403
1.1912286, -1.9307433, 0.15135773
0.88703036, -1.650928, 0.15472871
0.95341957, -2.0532894, 0.15381828
0.9915174, -1.770855, 0.15337168
0.76948327, -1.5919619, 0.1533531
1.2872354, -1.8664556, 0.15150818
1.0346961, -1.7182808, 0.1546516
0.932128, -1.7877672, 0.15308973
1.1508812, -1.9699962, 0.15172496
0.77421016, -1.6067798, 0.15285607
1.1723555, -1.9120405, 0.15397581
0.9294959, -1.7492738, 0.1641852
1.2483176, -1.7093291, 0.15101749
0.9309148, -2.031189, 0.15356828
0.8698031, -2.2890995, 0.15406458
0.9515474, -1.7481761, 0.1649374
0.7744291, -2.1717236, 0.15663664
0.7485364, -2.0120966, 0.1630943
1.2315483, -1.7688668, 0.14924206
0.7100788, -2.0316453, 0.15188165
0.9729353, -1.8069526, 0.1545772
0.8890268, -1.7143879, 0.15206745
1.3937176, -1.8471438, 0.15055528
0.9920859, -1.6893848, 0.18477751
1.1887668, -1.8325895, 0.15106201
1.1078334, -1.8500098, 0.15267396
1.1882514, -1.9685074, 0.1515425
0.7726791, -2.1685338, 0.16384622
1.3348275, -1.7288332, 0.15009575
1.1960611, -1.6545913, 0.14770879
0.7298866, -2.0495856, 0.16270617
1.1747055, -1.8089305, 0.14551131
1.1296339, -1.8374307, 0.13853346
0.92848575, -1.9902815, 0.15532249
0.8521597, -1.6267534, 0.16597497
0.83308905, -2.2683017, 0.15538426
0.8932848, -2.227442, 0.156765
1.1919678, -1.7497495, 0.14967963
1.2878109, -1.7916213, 0.15046348
1.0158081, -2.1071486, 0.15211286
0.93108094, -2.0085013, 0.16139774
1.1118643, -2.1320083, 0.15345457
1.1455022, -2.1100492, 0.1518308
1.248571, -1.6687353, 0.1378078
1.191689, -1.8693005, 0.15314266
1.309584, -1.8078104, 0.14906855
1.132999, -1.748683, 0.13893126
1.2309015, -1.8924252, 0.15062214
0.9503797, -1.8294113, 0.15224
1.2895927, -1.7288933, 0.15079439
1.1704733, -1.8465877, 0.1503272
1.353061, -1.8109357, 0.14895982
0.6896806, -2.0331256, 0.15673095
0.9109398, -2.1719732, 0.15392336
1.2082645, -1.7462198, 0.13935255
0.91342545, -1.7301348, 0.16423284
0.7894424, -1.5505334, 0.16590773
0.950718, -2.0086305, 0.15535077
0.9893267, -1.7303163, 0.15423453
1.2073263, -1.6911247, 0.15281582
1.2475455, -1.7901009, 0.14940403
1.4140728, -1.8505046, 0.14777754
0.97192484, -2.153776, 0.15132204
1.0691236, -2.1285346, 0.15473008
1.3105412, -1.9113593, 0.1505535
0.85143936, -1.6086543, 0.16756982
0.7312218, -2.0889654, 0.15292603
0.9306108, -1.7688951, 0.15284546
0.67039096, -2.025817, 0.1565602
1.3492942, -1.9048688, 0.13781139
1.3294048, -1.7161909, 0.13954191
0.6708297, -2.050804, 0.15427531
0.83158535, -1.6318116, 0.16436364
0.93045413, -2.069421, 0.15276606
1.213984, -1.7198936, 0.13953145
1.2500011, -1.9108179, 0.15024729
1.1683743, -1.7332968, 0.1378667
0.92994976, -2.2136483, 0.15356337
0.9489669, -1.7904603, 0.1516428
0.8103739, -2.1700265, 0.15431364
0.77112365, -2.0510552, 0.15427442
1.0696894, -2.0917046, 0.15257558
0.92479134, -2.2670047, 0.16089211
0.93059313, -1.6891962, 0.16741408
0.9685624, -2.254585, 0.15488204
1.0290655, -2.1481745, 0.15336712
0.80715996, -2.1052094, 0.15506402
1.2769336, -1.8184631, 0.13930354
1.1904738, -2.0493307, 0.15169956
1.2889733, -1.7484651, 0.1511809
0.8899033, -2.1709826, 0.16203775
1.0518347, -2.1918504, 0.15262358
1.0304856, -2.1877296, 0.15550093
0.85125715, -1.6510894, 0.15213405
0.8475313, -2.3256404, 0.15627034
0.89140445, -2.272175, 0.15575144
0.78974843, -2.1460488, 0.15573356
1.3697453, -1.850494, 0.15045717
0.98886776, -2.0284793, 0.15277481
1.0686537, -1.9535302, 0.15181825
0.8678962, -2.3127174, 0.15646395
0.8914094, -2.187828, 0.16340952
0.97010046, -2.0497856, 0.15459283
0.86923933, -2.106739, 0.15592812
0.91157705, -1.947082, 0.15472412
0.74569917, -2.1465645, 0.16166797
0.8674866, -1.9676415, 0.15590997
1.027989, -2.087567, 0.15319689
1.1045815, -2.1438208, 0.15184532
0.83146334, -2.1130276, 0.16236722
0.8944945, -1.9266587, 0.1563919
1.1940559, -1.6901747, 0.14694196
0.8488958, -2.0871353, 0.1628256
0.7744369, -1.5862122, 0.16438822
0.99624693, -1.6978976, 0.15969667
0.88841075, -1.6676779, 0.16580154
1.212322, -1.6695311, 0.14522359
1.1072278, -1.9478049, 0.15397578
0.7929449, -1.9871194, 0.15299487
0.91026014, -1.786836, 0.15701802
0.9128344, -2.250183, 0.15619695
1.0077654, -2.0529516, 0.15210262
0.8096998, -1.5893601, 0.16560867
0.9641938, -2.1676803, 0.15527782
1.1672434, -2.0123723, 0.15301901
0.9132013, -2.2900145, 0.15390228
0.84663266, -2.0546336, 0.16191089
0.9865133, -2.0955663, 0.16307135
1.0703323, -2.1483052, 0.15640129
0.9736201, -2.2100148, 0.16265063
0.95038474, -2.107085, 0.15613334
1.0539727, -1.9454335, 0.13631985
1.1893221, -1.9890654, 0.15357868
0.83399034, -2.1088634, 0.15244803
1.1689409, -1.931184, 0.15332642
1.1087122, -1.9124725, 0.15406407
1.1477791, -1.9499692, 0.15402491
0.6911891, -2.108091, 0.1565709
0.7302959, -2.1124682, 0.15150836
1.1467749, -1.8493451, 0.15017048
1.4080216, -1.8697407, 0.15000856
0.8091214, -2.1092174, 0.16174847
0.8495479, -1.9684211, 0.16204986
1.1492972, -1.9168038, 0.15375341
0.92576426, -1.809747, 0.16483423
0.85276425, -2.1679957, 0.16164654
0.82419413, -1.6160334, 0.13972941
1.1883869, -2.033261, 0.15406463
1.0097202, -1.7291294, 0.15350781
1.0886847, -1.7693659, 0.15225075
1.2914696, -1.8091358, 0.15074979
1.1703252, -1.8895469, 0.15143624
1.2887946, -1.8887429, 0.15135881
1.2863747, -1.6529936, 0.15343532
1.2292016, -1.8516643, 0.14695777
1.2709694, -1.6899762, 0.15438096
0.80886227, -2.1294808, 0.15627804
0.82860714, -2.2908876, 0.15430276
1.1694112, -1.7511529, 0.15105167
1.1722883, -1.6652216, 0.15086094
0.74971557, -2.012138, 0.15431897
0.68986565, -2.0647285, 0.15548043
1.1323888, -1.8297917, 0.15276594
1.3266513, -1.8930547, 0.1378552
0.7136044, -2.0674732, 0.15547164
0.753225, -2.1712205, 0.16514303
0.79421043, -2.17586, 0.15780206
1.2621021, -2.0060446, 0.15472424
1.3280085, -1.8277637, 0.1499154
1.227545, -1.9320844, 0.15227818
0.81092376, -1.6288936, 0.15368855
0.81043124, -2.209631, 0.15396348
0.79307085, -2.1286283, 0.1560027
1.2040036, -1.9535923, 0.1631971
0.81031495, -2.226114, 0.1574882
0.8490667, -2.2298048, 0.1561089
0.68751264, -2.048402, 0.15617892
1.2686834, -1.9694183, 0.15419129
0.97015107, -1.7487301, 0.16367355
0.94886565, -2.275438, 0.15120128
1.0280907, -1.8088516, 0.1566024
1.0867109, -1.9375505, 0.16342229
0.7660699, -2.1145177, 0.15632285
0.93344796, -1.9319844, 0.16176528
0.87026, -1.6691654, 0.16554885
0.9394352, -1.917588, 0.1557779
0.71752274, -1.5422434, 0.15727584
1.227483, -1.965585, 0.15396264
1.4102066, -1.8307344, 0.14843106
0.75236875, -2.09166, 0.16410892
0.8283235, -2.128414, 0.15329945
0.8717581, -2.1660883, 0.15385766
0.8140841, -2.207262, 0.16468653
1.1098086, -2.0265088, 0.15278508
0.7494402, -2.1848192, 0.16119947
0.9433786, -2.1268878, 0.1365053
1.1112782, -1.8648944, 0.15175506
0.8699268, -2.1710134, 0.1620857
0.7668874, -2.1314874, 0.15664826
0.87240666, -2.06416, 0.13987944
0.7904721, -1.5301938, 0.15595795
0.80913514, -2.1901038, 0.1554629
0.84716195, -2.1856341, 0.15578276
0.94710076, -1.9867569, 0.16211641
0.9128951, -2.190449, 0.1622696
0.8659445, -1.9666461, 0.16200608
1.114202, -1.7166739, 0.13861284
1.1265355, -1.7184037, 0.13980404
1.3901479, -1.8088919, 0.13933223
1.333403, -1.8545723, 0.13679323
1.3899201, -1.8306708, 0.14943257
1.1900467, -1.7317394, 0.14802314
1.2685539, -1.9820539, 0.13983962
0.8888368, -2.128033, 0.15427274
0.71403897, -1.5260347, 0.15524746
1.2899061, -1.9113873, 0.13966757
1.272129, -1.7891809, 0.14815055
1.2895361, -1.6700219, 0.14847282
1.3784418, -1.8317424, 0.13807908
1.314005, -1.6874104, 0.15153633
0.8367111, -1.688283, 0.15242632
0.8712871, -2.2730536, 0.1524763
0.78770643, -2.2301073, 0.15699314
1.1555183, -1.7640507, 0.13681081
1.2906718, -1.928382, 0.15210928
1.1879494, -1.6801603, 0.13885346
1.2297158, -1.7477449, 0.1486967
0.96906865, -1.8482496, 0.16418175
1.2904116, -1.634131, 0.14124781
1.2417845, -1.7359552, 0.13767636
1.2496121, -1.8280263, 0.15249489
1.2717564, -1.7313514, 0.14674965
0.9459756, -1.7532849, 0.15565178
1.3481524, -1.7710761, 0.15034966
1.0914798, -1.8458593, 0.16049668
1.2517351, -1.6523716, 0.1454576
0.8298427, -2.067054, 0.16172718
1.2107904, -1.6519897, 0.1490303
1.452603, -1.8682011, 0.13635054
0.7728336, -2.1920078, 0.15476874
0.98909897, -2.0742865, 0.16217847
1.0522872, -2.107732, 0.15430798
1.3515551, -1.8315551, 0.14685191
0.93186855, -2.1093109, 0.1507056
1.1070075, -1.9884566, 0.15491782
0.7031031, -2.006534, 0.16452007
0.8102166, -1.6080865, 0.16378711
1.3511442, -1.7508676, 0.15058477
0.7074438, -2.1528401, 0.15372196
1.3497928, -1.7154019, 0.14298162
1.3479156, -1.8901451, 0.15402737
1.0251474, -1.9403038, 0.13702367
1.3928947, -1.8083346, 0.15030584
0.9840006, -2.1921275, 0.15576085
1.1555256, -1.7037905, 0.13497332
0.790383, -2.109435, 0.16355158
0.9047937, -2.1332839, 0.15327926
1.1465318, -1.768891, 0.14900418
0.648491, -2.0534356, 0.16147521
1.152756, -1.8325596, 0.14725927
0.9923869, -2.0898283, 0.15409115
0.9660783, -2.2313397, 0.1556372
1.0070453, -2.053123, 0.16074911
0.9323545, -2.2496605, 0.1576675
1.4276696, -1.8322101, 0.14842413
1.3694769, -1.8886169, 0.15200396
0.9087477, -1.9186826, 0.15690982
1.0290788, -1.7473905, 0.16401516
0.9449219, -2.1307878, 0.16264065
0.8726866, -2.2947433, 0.16281442
1.3708357, -1.8067654, 0.14987879
1.2059119, -2.0310378, 0.15140866
1.2674342, -1.7924129, 0.13884288
0.72845715, -1.512488, 0.16490266
0.8319825, -2.0487084, 0.16164756
0.6896655, -2.0883353, 0.16252238
0.82832885, -2.0284884, 0.1619856
1.3613628, -1.7928951, 0.13917628
1.2659457, -1.63142, 0.14473249
0.7533996, -2.0760565, 0.16389714
1.2281613, -1.7254297, 0.16119319
0.77396923, -1.4939803, 0.15694273
1.4149929, -1.8915251, 0.1382249
0.9156817, -1.76615, 0.16648243
0.73387235, -2.1668677, 0.16324912
1.2221973, -1.8191649, 0.1380467
0.78989166, -1.5893825, 0.16609663
0.7324545, -2.1073608, 0.16128786
0.9480201, -1.8285199, 0.16204709
1.3292613, -1.9461422, 0.15065524
0.94579417, -2.249248, 0.1622898
1.1901642, -1.8134965, 0.16130194
0.71644866, -2.112989, 0.16286783
0.9303453, -2.0920358, 0.16154006
0.8101394, -2.010144, 0.1620345
0.87274575, -1.9287746, 0.16376333
0.76991004, -2.0494192, 0.16329339
0.88811976, -2.250307, 0.16401199
1.0478241, -1.8066492, 0.16097072
0.9493409, -1.8126454, 0.16541903
0.80775154, -2.2295969, 0.16364095
0.9717398, -1.7666204, 0.1632304
1.2515793, -2.027083, 0.15267155
1.0339324, -1.9302665, 0.16164857
1.2915053, -1.8123028, 0.13916661
1.1287974, -1.8524288, 0.13867709
1.2699312, -1.9100609, 0.15069544
0.966465, -1.8905903, 0.16231893
0.8949477, -1.7265115, 0.1632165
1.167622, -1.9515638, 0.14837617
1.3930051, -1.880778, 0.13513091
0.84954035, -2.1117897, 0.16307436
0.77013934, -1.5514238, 0.16496646
0.93545955, -2.0350718, 0.16254239
0.96829414, -1.9451543, 0.16336088
1.09038, -1.8924255, 0.14886917
1.0088847, -2.148549, 0.16196643
0.89070356, -2.3305895, 0.15294765
1.0533476, -2.1070035, 0.16339785
1.4064314, -1.865158, 0.13686559
1.2697515, -1.8065693, 0.15186705
1.2087034, -1.8050171, 0.13826805
1.3078192, -1.8919717, 0.14754386
0.7862092, -1.991652, 0.1634826
0.947832, -1.8486056, 0.17051
1.3297833, -1.911299, 0.14888853
0.90945464, -2.187021, 0.15415616
1.1863703, -1.7619699, 0.13951685
1.3845562, -1.7726874, 0.14420153
1.2520331, -1.6889546, 0.13624172
0.8499738, -2.2339687, 0.16144705
0.89603925, -1.9654142, 0.16269514
1.3576394, -1.8870425, 0.13919534
1.2142678, -2.0059772, 0.1618036
0.8315114, -2.1712642, 0.16249213
1.2872782, -1.8488927, 0.13977419
0.891581, -1.7483805, 0.16538034
1.1774372, -1.7483419, 0.13515595
0.78576785, -2.1925664, 0.16351384
1.3709134, -1.7719272, 0.14704618
0.95807475, -1.8663645, 0.15361671
1.0921875, -1.7298745, 0.16353793
0.67075026, -2.0480306, 0.16537702
1.2145334, -1.6966598, 0.13909265
1.349542, -1.8153944, 0.1371225
0.87053335, -2.3114917, 0.16337341
1.064942, -2.0124352, 0.16157858
0.86987716, -2.3296807, 0.15298578
0.8551176, -1.7212461, 0.1609917
0.78949517, -2.0083735, 0.16326953
0.8878261, -2.1269596, 0.16226158
0.72659796, -1.4943559, 0.15512215
0.9836071, -1.7102542, 0.15923564
1.3889809, -1.847004, 0.13930522
1.3715141, -1.9308243, 0.14715272
0.8879765, -2.0295672, 0.16304073
0.791797, -1.6101277, 0.16449673
1.2738863, -1.6805433, 0.13992418
1.0354795, -2.130518, 0.16177432
0.7715923, -2.0305178, 0.16135022
1.2685432, -1.6688948, 0.13861579
0.96951294, -1.9905871, 0.16341054
1.1920569, -1.6678128, 0.14546005
1.3066489, -1.7518424, 0.1377301
1.2762499, -1.8440305, 0.13692398
1.1120418, -2.0873535, 0.16079468
1.2647798, -1.7668462, 0.13935268
1.3501135, -1.7934963, 0.14988539
1.0533572, -1.7126902, 0.15284088
1.4551558, -1.852807, 0.13579866
0.74790615, -2.1298525, 0.16232264
0.6874399, -2.0693972, 0.16209362
0.7741737, -1.5125607, 0.16898175
1.0556393, -1.7581334, 0.13860072
0.80756664, -1.6306102, 0.16476735
0.9907454, -2.2282772, 0.15602164
0.88717234, -2.153529, 0.16191566
1.1866784, -1.7552824, 0.13861403
1.2503966, -1.9868739, 0.15410016
0.9270688, -1.7867417, 0.16767362
0.9304607, -1.7695053, 0.16141637
0.8512443, -1.5893335, 0.1675894
0.7917841, -2.0680363, 0.16151597
0.8445724, -2.2529473, 0.16121747
0.90906394, -2.3088722, 0.15429892
0.91643226, -1.803576, 0.166621
1.1661717, -1.8596812, 0.13920294
0.9247042, -1.9056879, 0.1626961
0.88926774, -2.2324598, 0.16273887
1.1340816, -2.1098738, 0.15427482
1.2335718, -1.6467893, 0.14690141
1.4034916, -1.9016917, 0.13779517
0.9891907, -1.9331062, 0.16071108
1.1723489, -1.7287192, 0.14975438
1.0924014, -1.7123053, 0.14532027
0.9500557, -1.9248736, 0.16168615
1.2403183, -1.8572533, 0.13935149
1.0932456, -2.1097393, 0.1615041
1.2912314, -1.8284626, 0.13783872
0.832731, -1.690782, 0.16654812
1.0672703, -1.903806, 0.16121267
1.3172802, -1.9702405, 0.14659011
0.97170573, -2.1679788, 0.16272834
1.0475596, -1.9893625, 0.1611757
1.2268806, -1.7144179, 0.13874604
0.7520701, -2.049722, 0.16257596
1.4339235, -1.8514383, 0.13993825
0.82026494, -1.6604164, 0.13996932
1.1635779, -1.8118329, 0.13928469
1.1242722, -1.7321893, 0.13991794
0.6868532, -2.0511339, 0.16290453
1.4336857, -1.8934611, 0.1390476
0.9681686, -1.8109704, 0.1623821
0.9102191, -1.92963, 0.16143337
0.847757, -2.1930113, 0.163316
1.0088593, -2.0351899, 0.16121216
1.2293137, -2.0268686, 0.15544744
1.3927255, -1.8747165, 0.13538785
0.97740114, -1.6695209, 0.18321064
1.3475058, -1.8271189, 0.13845801
0.85754055, -2.0520682, 0.1389193
1.1695423, -2.0886126, 0.14861706
1.4190748, -1.8504579, 0.1398932
1.3464402, -1.9498007, 0.14993364
0.9713675, -2.127204, 0.1603606
1.3892932, -1.7925743, 0.15237978
1.3756714, -1.8764292, 0.1372651
1.2532237, -1.7771384, 0.1377853
0.9330552, -1.9913068, 0.16221753
0.72859305, -2.0917006, 0.16336454
1.189785, -1.9665433, 0.16170204
0.7513202, -2.0283968, 0.16119231
0.8160553, -2.0463307, 0.1618372
0.79238755, -2.2269099, 0.1640569
1.0262445, -1.871984, 0.1614479
0.94732314, -1.8686016, 0.17267892
0.90958345, -2.2345185, 0.16083899
0.8783835, -2.0105953, 0.16441208
1.2640064, -1.8979847, 0.13718204
1.2274233, -1.8497046, 0.1390993
1.0293442, -2.2052317, 0.15239526
1.0305393, -1.8261294, 0.16306998
0.7267633, -2.0742407, 0.16289009
1.269945, -1.8710058, 0.137601
1.1118864, -1.7220161, 0.13895012
1.3063258, -1.7719139, 0.13819475
1.2569194, -1.8635414, 0.13716567
0.87990963, -1.7135295, 0.13920335
1.0095242, -1.7677593, 0.1399926
0.8909305, -2.1069598, 0.16295469
1.0978411, -1.8393388, 0.13893946
1.0698298, -1.9480958, 0.162135
0.9906222, -1.9649239, 0.16137776
0.79084253, -2.0532124, 0.16194257
0.9938681, -1.771359, 0.16312106
1.2261199, -1.7515053, 0.13851307
0.9519451, -2.006386, 0.16254297
1.0890341, -1.8968757, 0.16150108
0.8701849, -2.2488396, 0.16334975
0.8108733, -2.1504848, 0.16131501
1.2879245, -1.6692717, 0.16100533
0.9878882, -1.9514647, 0.16061743
0.80821, -2.073151, 0.16157392
1.0287693, -2.0268683, 0.16084534
1.1332835, -1.8861725, 0.1646713
0.94959295, -2.0717897, 0.16322604
1.3277595, -1.6931425, 0.14252988
1.0500377, -2.1656191, 0.1615105
1.1556526, -2.0741894, 0.13645934
0.98428905, -1.8534515, 0.16282085
0.87187916, -2.1940646, 0.1646584
1.3566494, -1.7260255, 0.13689522
0.82994866, -2.1469984, 0.1610859
1.1305697, -2.0121832, 0.16189018
1.1892691, -2.0275548, 0.16091439
1.0842078, -1.89546, 0.13959087
0.91163075, -2.0309756, 0.16127595
0.89053947, -1.9480959, 0.15564418
0.8853972, -1.6100645, 0.18272422
1.0460609, -1.9251293, 0.1398899
1.3500669, -1.9339051, 0.13889691
1.3475502, -1.7035339, 0.13591263
1.3671935, -1.9463825, 0.14535768
1.3155901, -1.8570054, 0.13722579
1.4051381, -1.9043717, 0.15589501
0.8102154, -1.4637903, 0.15995729
1.2910502, -1.6648614, 0.13779336
1.329855, -1.9727085, 0.14695302
0.79097366, -2.1280546, 0.16310562
1.2121961, -2.0473044, 0.15540321
1.3262076, -1.7912972, 0.13729127
0.8743937, -1.7436392, 0.15676011
1.0512426, -2.0704997, 0.16021
1.133609, -1.9521904, 0.16284393
1.065191, -1.7645622, 0.16040337
0.82849145, -1.5302703, 0.18264198
0.9217764, -2.0701046, 0.16061267
0.8518184, -2.2686305, 0.16317984
1.0076157, -1.823822, 0.1616221
0.86940277, -2.135585, 0.16335419
1.013227, -2.086454, 0.163415
0.8868939, -1.9274505, 0.16244005
0.70747393, -2.0268302, 0.1633283
0.85076123, -1.9489042, 0.16279134
1.0513306, -1.9486356, 0.16094151
0.6653928, -2.029818, 0.16390829
1.0486283, -1.7529346, 0.16351801
0.9468479, -2.0470338, 0.16190454
0.84654945, -2.0076032, 0.16148716
1.1354005, -1.8090405, 0.16108726
0.9260738, -1.7329977, 0.13961156
0.88431346, -2.268342, 0.16251928
1.1114162, -1.949749, 0.16215365
0.82999146, -2.0112698, 0.16398486
1.4433411, -1.8468401, 0.14563586
1.0780199, -1.8385341, 0.16181546
0.7759342, -2.2138133, 0.1617494
1.088996, -1.8738823, 0.1610371
0.9716177, -1.6956375, 0.15890169
1.3319159, -1.787406, 0.16084212
0.93098766, -1.9684908, 0.1612659
1.0673621, -1.8839037, 0.16410138
0.8484165, -1.6699561, 0.16405247
1.1058762, -1.846437, 0.16165993
0.92055136, -1.7444421, 0.13946466
0.9726643, -2.223191, 0.1621164
1.3207535, -1.7780663, 0.13738771
0.8937517, -1.7643431, 0.15145983
1.0097877, -1.770771, 0.15006892
1.2475021, -1.8237925, 0.13884911
1.1251907, -2.0496907, 0.16199362
0.9125111, -1.9519376, 0.16143283
1.2768388, -1.808573, 0.16021323
0.9318628, -2.1472886, 0.1645749
0.6876125, -2.0147746, 0.16266938
0.9510863, -1.9666431, 0.16168657
0.9899328, -1.8734818, 0.16055948
1.0291195, -1.629876, 0.20092581
1.015539, -1.6064554, 0.17823638
0.9909532, -1.5891454, 0.17667814
0.99264157, -2.14924, 0.16153654
0.9958352, -2.189751, 0.16073169
0.85717505, -1.95671, 0.15759636
1.2700973, -1.9670296, 0.1609996
0.7716061, -2.068591, 0.16160107
1.1142998, -1.923812, 0.16383344
0.8469428, -2.2844458, 0.16175503
1.4067299, -1.7891158, 0.1359238
0.9313527, -2.2831256, 0.16076797
0.910539, -1.6059189, 0.18240458
1.1108142, -1.9620725, 0.16097438
1.2345021, -1.9592096, 0.16335416
1.079229, -1.7454658, 0.16512194
1.1669145, -2.0172102, 0.16323411
0.7737571, -2.1533434, 0.16095148
0.7670243, -2.0889375, 0.16331881
1.1821557, -1.87779, 0.16517179
1.1929665, -1.909443, 0.1600884
1.3724567, -1.8522446, 0.16166158
0.83120275, -2.2713134, 0.16175702
1.4022496, -1.7890496, 0.14115697
1.1914458, -1.9482728, 0.16151825
0.7108877, -2.162016, 0.16057278
1.1710528, -1.8352025, 0.16064143
0.8926432, -1.5901321, 0.18073928
0.9286553, -2.2880774, 0.15254186
1.0425053, -2.147357, 0.16325648
1.1599745, -1.9014013, 0.16211528
1.0408047, -1.8243278, 0.16029921
1.2520906, -1.8696632, 0.16025396
1.087113, -2.1229038, 0.16132718
0.7713107, -2.1926079, 0.16377074
0.8094777, -2.0896745, 0.16460086
1.0247178, -2.0173013, 0.16135053
1.0534459, -1.8581825, 0.16008818
0.8316337, -2.2861574, 0.16216646
1.0664554, -2.093856, 0.16246924
1.0208913, -1.9680898, 0.16056038
1.4083521, -1.8107276, 0.1476298
0.87872523, -1.9958274, 0.16034721
0.83672225, -1.9998969, 0.16015056
1.2640445, -1.7758442, 0.16144383
1.2193398, -1.9155474, 0.16278134
0.9785691, -2.0827966, 0.16039433
1.0290478, -2.0412664, 0.16128303
0.9574313, -1.9405087, 0.16104093
1.0123005, -1.932364, 0.16242051
0.8433574, -2.0207114, 0.16645081
0.7558167, -2.1089437, 0.16138634
1.2277374, -1.8712815, 0.16145912
1.1303138, -1.924796, 0.16327368
1.0837233, -2.097917, 0.16044958
0.8609572, -2.267627, 0.16125962
1.0382407, -2.1704164, 0.16137457
1.2782414, -1.6422745, 0.16272812
0.8918654, -2.2890418, 0.1640837
0.6944101, -2.1511483, 0.15153767
0.86285996, -2.1465719, 0.16228878
0.9916371, -1.8335054, 0.16247293
1.0672233, -2.1112554, 0.1604331
1.0020163, -2.0168133, 0.16047344
0.9168693, -1.6345106, 0.18001734
1.3673748, -1.8298535, 0.14916627
1.370245, -1.975767, 0.12707445
1.4692364, -1.8677322, 0.13501063
1.145219, -1.8181196, 0.16205965
1.0090736, -2.162565, 0.16306025
0.90497124, -1.9642488, 0.16293442
0.99461967, -2.0243027, 0.16251273
0.748148, -2.2041032, 0.13505037
0.8914201, -1.7055919, 0.16374385
1.2900447, -1.8007984, 0.16013458
1.3691107, -1.7860003, 0.14936407
