2.115903, -3.7824738, 0.6298919
2.1109762, -3.8228512, 0.63453585
2.0651586, -3.8143876, 0.6280871
2.0849009, -3.778469, 0.62774557
2.0739448, -3.760962, 0.6222898
2.1269877, -3.7999911, 0.6426209
2.1428716, -3.8247707, 0.6533763
2.1249058, -3.8440099, 0.6485601
2.0745633, -3.8288362, 0.642094
2.0938325, -3.8528912, 0.648461
2.076458, -3.838962, 0.6360067
2.061746, -3.847843, 0.6321964
2.0487282, -3.8095403, 0.6259372
2.0668867, -3.7495432, 0.6187715
2.0283225, -3.751801, 0.6090246
2.1655927, -3.763141, 0.6406929
2.1538095, -3.749516, 0.62954515
2.0756752, -3.8746262, 0.64518136
2.0168262, -3.7732747, 0.61883575
2.1942658, -3.7759476, 0.65208966
2.1893775, -3.751338, 0.6428439
2.1701274, -3.741835, 0.6339486
2.1847444, -3.791617, 0.6503484
2.1728444, -3.729711, 0.63230604
2.147897, -3.708852, 0.6240897
2.1316602, -3.7114847, 0.62093085
2.0262778, -3.8873553, 0.6306511
2.2086167, -3.7208855, 0.6327496
2.2092967, -3.7287931, 0.6417035
2.1966763, -3.7164469, 0.6280488
2.1513798, -3.6907008, 0.62581027
2.1743045, -3.684307, 0.62029874
2.1720707, -3.6691198, 0.631118
2.030213, -3.9040475, 0.64408517
1.9960835, -3.910657, 0.6383221
1.988678, -3.8917696, 0.62727106
2.223027, -3.7069418, 0.6333172
2.2037694, -3.673521, 0.6256676
2.1552913, -3.6569061, 0.61134136
2.0157576, -3.9472332, 0.64756846
1.9558969, -3.9332943, 0.63466525
1.9914687, -3.9548776, 0.6501439
1.9693216, -3.9132328, 0.63288313
1.9641685, -3.9539907, 0.64934075
2.172602, -3.6478143, 0.61672086
2.0493436, -3.761735, 0.6172948
2.0876527, -3.7816744, 0.6339282
2.0698745, -3.7950902, 0.62495625
2.087738, -3.8243995, 0.63415706
1.9449605, -3.8142357, 0.61457485
1.9173062, -3.8161664, 0.6214127
2.2101696, -3.7889156, 0.6547669
2.1436915, -3.812606, 0.65047175
2.0459404, -3.8639328, 0.63295025
2.1296473, -3.7956073, 0.6389024
1.9884483, -3.7649815, 0.6084414
2.0432017, -3.7734761, 0.6223526
2.1125007, -3.7157986, 0.62622225
2.024284, -3.8852344, 0.644016
2.1756065, -3.8110738, 0.6511713
2.225656, -3.6511025, 0.6238151
2.0260859, -3.82947, 0.62350595
2.0494182, -3.8708544, 0.64743286
2.136556, -3.751808, 0.6320531
2.1079667, -3.7618468, 0.6311413
2.0538168, -3.9446223, 0.6507982
2.2552464, -3.6111448, 0.6235999
2.2953079, -3.669265, 0.6414723
2.2503376, -3.683867, 0.6333207
2.193086, -3.6681852, 0.62245214
2.2045395, -3.6224406, 0.6154049
2.1500387, -3.6379697, 0.6234334
2.1741064, -3.63216, 0.6158447
2.0882094, -3.7363, 0.6241783
2.2538095, -3.5785298, 0.6112335
2.2424634, -3.6307392, 0.62352455
2.0660062, -3.8619366, 0.6347272
2.2664113, -3.67184, 0.6276917
2.29363, -3.6298418, 0.6316956
2.0694857, -3.7070885, 0.61559063
2.0154176, -3.8065245, 0.6164226
2.0406206, -3.8201828, 0.6290963
2.232431, -3.6354027, 0.6267587
1.9486833, -3.930935, 0.64233917
2.0514033, -3.9316196, 0.6489378
2.0325615, -3.7665715, 0.6155349
1.9966586, -3.788637, 0.6155556
2.2089937, -3.716096, 0.6309546
2.2289872, -3.6920838, 0.63261676
2.0157723, -3.8688064, 0.63067186
1.9660244, -3.7600598, 0.6150728
1.9575349, -3.896826, 0.6262084
2.10592, -3.743532, 0.6234966
1.9332137, -3.8966577, 0.6319712
1.9426295, -3.861283, 0.6256925
2.1116385, -3.8206136, 0.6401482
2.1262894, -3.7746835, 0.6318272
1.9322814, -3.905924, 0.6263428
2.014717, -3.7776415, 0.6241236
1.990867, -3.832056, 0.62690824
2.109848, -3.8001664, 0.63797855
2.1471035, -3.7681346, 0.63576764
2.2200017, -3.594145, 0.62226784
2.0082066, -3.8317084, 0.6288204
1.9438145, -3.95112, 0.63437605
2.2156038, -3.6073985, 0.61610293
2.2804637, -3.5902588, 0.62970465
1.9272833, -3.9614065, 0.6352214
2.0885994, -3.8631294, 0.6510483
1.8913314, -3.8731263, 0.62456405
1.9547365, -3.9732127, 0.64637685
2.3145576, -3.6327333, 0.63186514
2.084639, -3.9209602, 0.64839554
2.322461, -3.5783875, 0.6176871
1.9073242, -3.9160519, 0.62510175
1.9216126, -3.8698967, 0.6170012
1.9833516, -3.9349413, 0.6403491
2.1810443, -3.683052, 0.6282158
1.9484801, -3.8467894, 0.62176925
1.898741, -3.867262, 0.6195435
1.9622872, -3.8455474, 0.62298095
2.1834867, -3.7292106, 0.6272027
2.0006928, -3.841177, 0.6208356
2.2259893, -3.73068, 0.64628047
2.2076986, -3.666256, 0.61892027
2.0190039, -3.8142915, 0.6334637
1.9811778, -3.8072011, 0.6132178
2.169646, -3.7675579, 0.63985634
2.2705004, -3.6568224, 0.6337075
2.163541, -3.7000966, 0.61843866
2.254031, -3.597895, 0.6080837
2.1550746, -3.7804635, 0.6447933
1.9678543, -3.8819492, 0.629306
2.2324274, -3.7583187, 0.6542408
2.2107549, -3.7703815, 0.65066564
2.0332773, -3.7723644, 0.62416494
2.131546, -3.6744435, 0.6184367
1.966221, -3.7868636, 0.6074095
2.1959608, -3.6333637, 0.6134982
2.349262, -3.6338346, 0.65570915
2.0042326, -3.754674, 0.60948926
2.217291, -3.6927667, 0.6320153
2.1894011, -3.6407096, 0.60943156
2.295609, -3.6045117, 0.6176336
1.9089592, -3.8320541, 0.6103394
2.2299247, -3.5830276, 0.6160382
2.0823276, -3.707556, 0.61699504
2.152474, -3.7760634, 0.6446786
2.3053038, -3.5794787, 0.61994445
1.9740169, -3.8064132, 0.618983
2.248642, -3.73742, 0.65644324
2.2312787, -3.6773796, 0.63172275
2.1284409, -3.7215266, 0.6254402
2.2157304, -3.6558464, 0.6207564
1.9243305, -3.9456103, 0.632107
2.1739666, -3.7895546, 0.6495617
2.071554, -3.9173732, 0.64974743
2.2506535, -3.6925333, 0.6457872
2.2545056, -3.674204, 0.6333116
