2.7096834, -3.1048942, 1.0904626
2.7151713, -3.0787544, 1.0461093
2.6815076, -3.1334221, 1.0949284
2.693381, -3.131679, 1.144874
2.7306373, -3.110164, 1.1527506
2.7068324, -3.1192698, 1.1585453
2.730231, -3.1014862, 1.1859946
2.7456584, -3.076579, 1.1736685
2.7376456, -3.0967627, 1.2310394
2.726696, -3.1130445, 1.2149806
2.6991808, -3.1390276, 1.2197682
2.7111108, -3.127394, 1.2282184
2.7736712, -3.0758467, 1.2854828
2.7139912, -3.139503, 1.2839607
2.7771525, -3.0734434, 1.3097847
2.774806, -3.071453, 1.3353001
2.7339122, -3.1292567, 1.3096884
2.7445486, -3.1079354, 1.332257
2.715771, -3.1361647, 1.3085009
2.7409675, -3.1299062, 1.3358159
2.7500875, -3.1109946, 1.3507938
2.7423198, -3.099484, 1.3448846
2.733106, -3.1439476, 1.3479416
2.7332687, -3.1313062, 1.3678484
2.7623599, -3.1072712, 1.3923603
2.7723374, -3.0741549, 1.4066548
2.7483327, -3.1169271, 1.4155308
2.732347, -3.1299903, 1.4137679
2.686256, -3.1575742, 1.3142778
2.715127, -3.0949285, 1.1483172
2.7081995, -3.1597824, 1.3942446
2.7428973, -3.1124191, 1.3186849
2.6592233, -3.1418092, 1.027008
2.7714984, -3.08911, 1.404915
2.714615, -3.1583772, 1.4265379
2.7631161, -3.0851264, 1.3891882
2.7335305, -3.0895743, 1.1943034
2.707507, -3.133082, 1.1890248
2.7442646, -3.125085, 1.3686206
2.7323184, -3.0972104, 1.2104676
2.7056801, -3.1706593, 1.3675243
2.6236696, -3.1988363, 1.010181
2.6657898, -3.1456122, 0.9905743
2.6733103, -3.1303742, 1.0128137
2.6273365, -3.1977327, 1.0346755
2.60115, -3.221769, 1.0319688
2.6198957, -3.1998413, 0.9856885
2.6765444, -3.1376395, 0.97197795
2.665734, -3.1487448, 0.9660206
2.6727626, -3.1433604, 0.94963026
2.6743734, -3.1175961, 0.97437984
2.6569796, -3.1499352, 0.976986
2.688456, -3.1046758, 0.94780517
2.6878512, -3.1080177, 0.927228
2.6850514, -3.2453146, 1.3031838
2.614407, -3.1816258, 0.90609324
2.6055143, -3.1888015, 0.8927415
2.6067128, -3.1868782, 0.8738189
2.6296496, -3.1458087, 0.8534626
2.571641, -3.2276306, 0.86940396
2.6327212, -3.149363, 0.8070327
2.6198432, -3.1630008, 0.74745375
2.620073, -3.2129562, 0.98630375
2.7032757, -3.134091, 1.1545954
2.7349603, -3.125849, 1.3314934
2.710509, -3.1319568, 1.2060301
2.723011, -3.1263118, 1.1891732
2.6014917, -3.1940632, 0.78953624
2.750962, -3.1155264, 1.4316962
2.8088875, -3.046051, 1.3931974
2.8006935, -3.05768, 1.3118951
2.6885328, -3.1086895, 1.0514711
2.7953105, -3.062405, 1.2712686
2.8076398, -3.041235, 1.4096272
2.6403682, -3.1735547, 1.0646669
2.6300974, -3.1767478, 1.0108409
2.7655888, -3.0608459, 1.1678413
2.6278162, -3.1759152, 0.9917615
2.7220588, -3.1256547, 1.267829
2.7281396, -3.069597, 0.99128336
2.7886677, -3.0706613, 1.4121895
2.7750452, -3.0740738, 1.3478932
2.748657, -3.1040845, 1.3646487
2.663103, -3.1444495, 0.9241421
2.6070695, -3.1761005, 0.91638947
2.6319463, -3.1530237, 0.78807575
2.7030926, -3.1012611, 0.9693622
2.7485192, -3.0880704, 1.2078133
2.6970568, -3.0927086, 0.98386794
2.7415364, -3.1259768, 1.3505323
2.7148423, -3.0904937, 1.063918
2.7627268, -3.088653, 1.3093343
2.7387226, -3.1126237, 1.290149
2.723503, -3.1315863, 1.247894
2.7135525, -3.1263802, 1.2708634
2.7356462, -3.0873823, 1.1470166
2.759783, -3.0998185, 1.30741
2.7200627, -3.1034212, 1.019927
2.702983, -3.1365771, 1.1346438
2.6674538, -3.1334474, 1.0296495
2.71459, -3.0839322, 1.0842993
2.684761, -3.1148133, 1.0308975
2.7447896, -3.1205688, 1.3940012
2.642934, -3.1799095, 1.0389395
2.6747746, -3.1327026, 0.9955872
2.715476, -3.110954, 1.1302634
2.7493713, -3.0851977, 1.2242324
2.6702867, -3.1209438, 0.9415708
2.6093636, -3.1791232, 0.88618106
2.5880482, -3.1982512, 0.6851254
2.6327379, -3.1702049, 1.0522416
2.7665284, -3.092914, 1.3246392
2.5846093, -3.2034695, 0.6944851
2.694509, -3.0956259, 1.0725564
2.7146606, -3.170729, 1.4106151
2.6284726, -3.1843011, 0.9914082
2.7225785, -3.119794, 1.1657987
2.6120183, -3.1530395, 0.66312546
2.5934439, -3.1906295, 0.77039886
2.6709256, -3.1299746, 1.0706996
2.7111232, -3.1108227, 1.2067292
2.7544098, -3.1098433, 1.3912749
2.703894, -3.1186273, 1.0239804
2.7371807, -3.1106226, 1.4016298
2.5822403, -3.1890461, 0.704689
2.7555707, -3.0838904, 1.1930231
2.7085757, -3.0916467, 0.99056304
2.746057, -3.1252174, 1.4112812
2.7703876, -3.0930455, 1.3712959
2.6901255, -3.0954647, 1.0567853
2.7090054, -3.108664, 1.1147573
2.7102334, -3.1232421, 1.2490069
2.5774102, -3.2163575, 0.8329944
2.6418078, -3.1302154, 0.9299692
2.7461538, -3.0626423, 1.0880749
2.7361333, -3.0836418, 1.1314228
2.7334883, -3.1271248, 1.3466145
2.7069283, -3.1619854, 1.4319621
2.7212994, -3.105652, 1.1376926
2.710364, -3.1050284, 1.1843207
2.6984375, -3.1195009, 1.1267711
2.6733162, -3.1277254, 1.0926433
2.708314, -3.0861146, 1.0522048
2.6594963, -3.1318889, 1.0771086
2.7246258, -3.1258783, 1.2883961
2.7252026, -3.0843616, 1.0933877
2.789133, -3.0668423, 1.3906714
2.667719, -3.1432126, 1.0125949
2.6330805, -3.1364965, 0.8471519
2.6115785, -3.16965, 0.6695285
2.6791365, -3.122552, 1.1089401
2.698233, -3.159208, 1.4205922
2.687803, -3.1304846, 1.1282369
2.649289, -3.1426003, 0.94811624
2.5860195, -3.205214, 0.75048435
2.6758747, -3.1185272, 1.0477953
2.5716097, -3.1964386, 0.69850343
2.738216, -3.1155117, 1.3852344
2.707093, -3.1549733, 1.4106958
