0.19037084, -0.99005497, 0.1696559
0.19337873, -1.008624, 0.16920622
0.17379974, -0.9883211, 0.16743574
0.21037023, -0.9896802, 0.16788498
0.19156228, -0.9500727, 0.16796902
0.20998248, -1.0110341, 0.16834295
0.20707262, -1.0111533, 0.15658718
0.18658231, -1.0305527, 0.17063239
0.23113681, -0.9754497, 0.15678239
0.16971397, -0.97074056, 0.16873488
0.20906149, -0.95084125, 0.1692873
0.16916668, -1.0116885, 0.1690395
0.23002419, -1.0073099, 0.16947526
0.17207234, -1.028013, 0.16793704
0.19198646, -0.94948894, 0.15935929
0.21093124, -1.0327836, 0.1567268
0.17093864, -0.9690069, 0.15713656
0.14823884, -1.0313494, 0.17202911
0.22799307, -1.0306264, 0.16873635
0.20907989, -1.0500565, 0.16726398
0.16920479, -1.0526971, 0.16855256
0.1929402, -1.0499331, 0.17055684
0.15010671, -0.95064306, 0.16974658
0.1298361, -0.97006476, 0.16964509
0.13302955, -0.9888937, 0.16973227
0.22960296, -0.9502937, 0.16717082
0.24812838, -1.0109978, 0.16998497
0.250672, -0.9894284, 0.16814657
0.25046805, -0.96951586, 0.169432
0.27045697, -0.9725169, 0.15779215
0.24978963, -1.0294589, 0.15603162
0.27074543, -1.0086086, 0.15776585
0.2716391, -0.96772087, 0.16662402
0.2699817, -1.0100788, 0.16687995
0.17166996, -0.92896825, 0.16747431
0.21176624, -0.9297647, 0.15646766
0.20992284, -0.9101097, 0.16693422
0.23082633, -1.048753, 0.16763543
0.2118017, -1.0676733, 0.16694042
0.24937311, -0.9304345, 0.15632959
0.13024925, -0.93014336, 0.16909958
0.23142476, -0.9097638, 0.16822255
0.12984022, -1.0281416, 0.15763393
0.13119216, -1.029297, 0.16929056
0.2675735, -1.0310745, 0.16732872
0.2496821, -1.0525048, 0.16880752
0.14851962, -1.0705022, 0.16942629
0.12954088, -1.0492828, 0.17038795
0.228686, -1.0711812, 0.16775319
0.11317392, -1.0489211, 0.16787566
0.27167314, -1.0503706, 0.16774023
0.24912998, -1.0715808, 0.15848856
0.2514123, -1.0689405, 0.16784808
0.1906999, -1.0891714, 0.16613257
0.21083644, -1.0921655, 0.17001463
0.1508804, -1.0880877, 0.17084725
0.09318109, -0.95008117, 0.17062135
0.087504365, -0.971962, 0.17045501
0.09079187, -0.9891517, 0.16688184
0.24929705, -0.9111665, 0.16716754
0.28942052, -1.0299338, 0.16724984
0.2941514, -1.0101393, 0.15818976
0.29082832, -0.95047414, 0.15608242
0.28745234, -0.93028194, 0.15812089
0.3106258, -0.9705691, 0.16772597
0.26651692, -1.0705309, 0.16796097
0.28946283, -1.0502102, 0.16737312
0.30643994, -1.0080558, 0.1550754
0.31022573, -1.012353, 0.16526549
0.3116645, -1.0289153, 0.1675033
0.21112314, -0.8890028, 0.16789313
0.24967638, -1.0896369, 0.16762523
0.20703216, -1.1134678, 0.17201203
0.22843681, -1.109092, 0.16814382
0.190073, -1.1091294, 0.1690132
0.2702383, -0.91099155, 0.16955248
0.09093808, -1.0281184, 0.16739444
0.10778386, -1.0679127, 0.18573098
0.29101598, -1.0709324, 0.16794682
0.30734596, -1.0489914, 0.1572957
0.31009817, -1.0498552, 0.16814211
0.27182382, -1.0881416, 0.16712645
0.14904594, -1.1109344, 0.16988896
0.10882574, -1.0896413, 0.16955595
0.09062308, -1.0692086, 0.17020385
0.31110695, -1.0693575, 0.1674627
0.2879531, -1.0912024, 0.1700707
0.26880625, -1.1108887, 0.17001383
0.1720913, -1.1298035, 0.1820619
0.21158847, -1.1284386, 0.17010464
0.2285207, -1.1302862, 0.16659433
0.13102978, -1.1304057, 0.16879874
0.3300627, -1.0307826, 0.16644329
0.33288583, -1.0492741, 0.1570297
0.33045757, -1.0506886, 0.16643994
0.32791358, -0.9916139, 0.16705942
0.33363548, -0.90993303, 0.15780209
0.34969795, -0.94788295, 0.15715311
0.28977838, -1.1102072, 0.15675814
0.30901954, -1.0901515, 0.16719063
0.3330204, -1.0690801, 0.15590145
0.33163962, -1.0688866, 0.16725676
0.34896657, -1.0310789, 0.1683399
0.35107297, -1.0474763, 0.1683737
0.27231866, -1.1272451, 0.15745474
0.24411537, -1.1290258, 0.15620972
0.24891694, -1.1298081, 0.17017469
0.270921, -1.1288465, 0.1664536
0.20697065, -1.1526158, 0.170039
0.22988382, -1.1466306, 0.16911985
0.090834446, -1.1117157, 0.16907158
0.32999524, -1.0904657, 0.16668005
0.30913222, -1.1101259, 0.16650108
0.32961565, -1.0899868, 0.15618145
0.3490706, -1.0705485, 0.16736123
0.110579595, -1.1291616, 0.17107508
0.11071275, -1.1296458, 0.15855497
0.1498777, -1.1489888, 0.16927227
0.0892016, -1.1316811, 0.17107408
0.049500708, -1.0707278, 0.1674798
0.289797, -1.1096694, 0.16916478
0.26978844, -1.1520613, 0.16721345
0.34896827, -1.0887495, 0.16783017
0.35395753, -1.0927045, 0.15668763
0.32940587, -1.1109214, 0.16628164
0.30972013, -1.1292238, 0.16680491
0.30935603, -1.1266218, 0.15795803
0.2911062, -1.1493206, 0.16668884
0.16973019, -1.1691618, 0.16722986
0.19075277, -1.12956, 0.17032035
0.14871418, -1.1700436, 0.1690646
0.1868325, -1.169906, 0.17007092
0.2278913, -1.172136, 0.1691624
0.21078317, -1.169613, 0.16910778
0.25115752, -1.1712155, 0.16563024
0.08937329, -1.1498173, 0.16881384
0.1146466, -1.1703434, 0.15773275
0.109330334, -1.1511889, 0.17003742
0.11054257, -1.166423, 0.17108046
0.3696688, -1.0504111, 0.16761108
0.36898467, -1.0704385, 0.16782916
0.36943492, -1.0693142, 0.1568158
0.36628687, -0.99191016, 0.16961658
0.37356964, -0.9713977, 0.16778201
0.3486, -0.950226, 0.16862997
0.36849925, -0.96803516, 0.15746365
0.37172768, -0.9301753, 0.16820456
0.37383875, -0.930309, 0.15653819
0.3690512, -0.891152, 0.16870156
0.31238294, -0.8698516, 0.15853266
0.34805977, -0.8709168, 0.16675337
0.36646348, -0.9112589, 0.16752276
0.35318628, -0.92870843, 0.16740035
0.33052522, -0.8661777, 0.17111479
0.3529982, -0.88850754, 0.16939948
0.35019103, -0.9289822, 0.15631345
0.33059174, -0.8900624, 0.17088056
0.3507959, -0.9096314, 0.16737005
0.3874305, -0.951194, 0.16654533
0.39108646, -0.96665746, 0.15624507
0.38834623, -0.9313991, 0.16726135
0.3884151, -0.9523699, 0.15804264
0.37062955, -0.9466641, 0.16670658
0.39017794, -0.9706815, 0.16749239
0.3292075, -1.1299355, 0.16757032
0.31168607, -1.1461723, 0.15673694
0.3104338, -1.1501956, 0.16597724
0.35017923, -1.1095163, 0.16640182
0.39092577, -1.0113078, 0.15710767
0.3904229, -1.0113153, 0.16855314
0.28805965, -1.1714629, 0.16950768
0.19123034, -1.1903826, 0.16911139
0.20710284, -1.1890122, 0.15729265
0.26983374, -1.1887256, 0.16781546
0.07007955, -1.1313684, 0.16818616
0.02892461, -1.1105037, 0.15664078
0.050569445, -1.127967, 0.16768593
0.028897071, -1.0920604, 0.16957618
0.049314354, -1.1109391, 0.16883332
0.3488145, -1.1321278, 0.16734438
0.37126687, -1.1109308, 0.16713788
0.3673338, -1.1071589, 0.15608542
0.33026564, -1.150041, 0.16748668
0.33105153, -1.1512717, 0.15646012
0.38851342, -1.090951, 0.16611658
0.31177807, -1.1687057, 0.16693276
0.089207016, -1.1709021, 0.16845489
0.15200242, -1.1906291, 0.16806346
0.17002644, -1.1900785, 0.16933553
0.15216193, -1.1878179, 0.15762968
0.069666, -1.1706104, 0.16906303
0.05817786, -1.1498432, 0.18319279
0.0094995275, -1.0533663, 0.16813186
0.28879482, -1.189474, 0.171311
0.39083076, -1.109488, 0.16683544
0.37256262, -1.1280714, 0.16705795
0.35064298, -1.1510848, 0.15740468
0.35151628, -1.1521349, 0.16558789
0.33095366, -1.1689407, 0.1661924
0.31076896, -1.1896639, 0.16822559
0.31405982, -1.1920545, 0.15623865
0.17046559, -1.2080002, 0.16660333
0.15009679, -1.2118981, 0.17054856
0.19013962, -1.2095917, 0.16728945
0.109258205, -1.1905199, 0.17146641
0.110918015, -1.1938415, 0.157096
0.2304689, -1.2102463, 0.16869318
0.2723895, -1.2147975, 0.1559403
0.09029344, -1.1865968, 0.16961142
0.052002415, -1.1685705, 0.17031544
0.08883632, -1.2087716, 0.17107153
0.40876126, -1.0724531, 0.16761103
0.40979165, -1.030582, 0.15633038
0.40930745, -1.0504329, 0.15798493
0.41152364, -1.0514494, 0.16636075
0.41058797, -0.9713941, 0.16723987
0.39143035, -0.98743135, 0.16777012
0.40974295, -1.0080936, 0.16636932
0.4142929, -1.013557, 0.15719333
0.40631807, -0.9905426, 0.16760784
0.3860805, -0.98912096, 0.15659584
0.41354594, -0.9487147, 0.16761959
0.30820605, -0.88914204, 0.16746876
0.3323419, -0.8483839, 0.16926096
0.34243432, -0.8452452, 0.15835762
0.2892857, -0.8309017, 0.16804534
0.41143176, -0.93274355, 0.15799418
0.39413923, -0.9062084, 0.17056595
0.39167994, -0.88839185, 0.16724956
0.39149547, -0.90976614, 0.15719922
0.3957488, -0.8912984, 0.15762164
0.4104699, -0.9284297, 0.16708304
0.41129, -0.86988497, 0.17025937
0.39036858, -0.86866355, 0.16888647
0.372668, -0.8507022, 0.16472445
0.37136075, -0.85193497, 0.15592553
0.37088683, -0.8299248, 0.17049955
0.4330146, -0.96904397, 0.15751372
0.43005362, -0.9700477, 0.16721246
0.430408, -0.9289823, 0.16671889
0.432877, -0.9890038, 0.16766891
0.34932518, -1.1705585, 0.16783415
0.3676438, -1.1520152, 0.16699988
0.37079382, -1.1459045, 0.15849759
0.34981203, -1.1683292, 0.15683506
0.3305666, -1.1883587, 0.1669732
0.38797763, -1.1307503, 0.15734544
0.3921986, -1.1309702, 0.16470347
0.42920747, -1.0126022, 0.16807069
0.19048944, -1.2297229, 0.16895461
0.21143985, -1.2275172, 0.16781443
0.17173305, -1.2291557, 0.16793098
0.17172818, -1.2310859, 0.15581611
0.25005174, -1.2296275, 0.16571158
0.030482914, -1.1296915, 0.1711178
-0.0077592894, -1.1342417, 0.15720472
-0.01062045, -1.1107047, 0.17328297
-0.009250927, -1.1288216, 0.17132936
0.048481382, -1.1887354, 0.17027892
0.38886538, -1.1514397, 0.16564807
0.36929536, -1.170239, 0.16623512
0.3942854, -1.1484427, 0.15451458
0.410676, -1.1091392, 0.16430396
0.34869164, -1.1896161, 0.16642918
0.42762247, -1.1106747, 0.16752213
0.43080524, -1.0697389, 0.15456636
0.43258873, -1.0897706, 0.16564743
0.11228802, -1.2269552, 0.16883875
0.1530925, -1.2276242, 0.1587124
0.008621375, -1.1700249, 0.16962102
0.3887562, -1.1691821, 0.16687058
0.3904749, -1.1693132, 0.15442887
0.367485, -1.1902145, 0.15606692
0.37007684, -1.1910475, 0.1655142
0.35004434, -1.2094963, 0.15794247
0.16915882, -1.2516056, 0.16888896
0.15006754, -1.2484751, 0.16905
0.20820177, -1.2499936, 0.16555357
0.23175506, -1.2491722, 0.15505773
0.24804273, -1.2486554, 0.1569695
0.07022923, -1.2480005, 0.17021856
0.089264855, -1.2503331, 0.16723481
0.068966225, -1.2491096, 0.15616362
0.45012444, -1.0899642, 0.15822297
0.4498435, -1.0896252, 0.166044
0.4297764, -1.0521691, 0.16597882
0.44768924, -1.0697843, 0.16742237
0.44550872, -1.0688214, 0.15625528
0.45274806, -1.0292343, 0.16732845
0.45085463, -1.0317925, 0.15662223
0.4495116, -1.0097846, 0.16645905
0.4514164, -0.98962677, 0.16876225
0.44751248, -0.94550407, 0.15633295
0.4516582, -0.99188954, 0.15464622
0.44773415, -0.96942073, 0.16898635
0.4496457, -0.9506811, 0.16807681
0.44984254, -0.9299432, 0.1534821
0.35336095, -0.80858487, 0.16648264
0.32566145, -0.8112496, 0.16963859
0.31183597, -0.80663556, 0.1705019
0.30864978, -0.78971565, 0.16737895
0.3893234, -0.83135873, 0.16860928
0.36945257, -0.8099278, 0.16887285
0.42843875, -0.89166135, 0.15760072
0.42906702, -0.88862336, 0.16678415
0.4314298, -0.8676623, 0.16785116
0.4107361, -0.8511426, 0.15572822
0.4487379, -0.86975616, 0.16738531
0.44998482, -0.890101, 0.16874412
0.44997886, -0.8507767, 0.15583575
0.41310692, -0.83234525, 0.15649259
0.45253026, -0.88984823, 0.15626839
0.43063638, -0.8303057, 0.16597313
0.44796044, -0.8507802, 0.16700706
0.39253837, -0.8105141, 0.16671436
0.39361614, -0.791155, 0.15628006
0.38799465, -0.78986025, 0.16981804
0.35720596, -0.78787, 0.15606742
0.46760494, -0.99060297, 0.16803244
0.46988112, -0.9698507, 0.16719528
0.46908486, -0.9116766, 0.16690816
0.4681453, -0.9293785, 0.16596353
0.46931255, -0.93018585, 0.15779725
0.46881586, -1.0091841, 0.16589722
0.3901026, -1.1902492, 0.16632399
0.43084472, -1.1512983, 0.16558906
0.42796183, -1.1507688, 0.15609519
0.47438407, -1.0310557, 0.1567442
0.18919839, -1.26688, 0.16774468
-0.049242217, -1.1320301, 0.17014684
0.027751625, -1.2321912, 0.1583852
0.030049076, -1.2299893, 0.168483
0.41076604, -1.1895435, 0.15637852
0.41033822, -1.1898582, 0.16593374
0.45346707, -1.1062824, 0.15761445
0.44847313, -1.1445609, 0.16486463
0.47031742, -1.0884032, 0.15469582
0.47190732, -1.0699772, 0.16551222
0.47144115, -1.0492474, 0.16708316
0.12996492, -1.268734, 0.1667299
0.09248887, -1.2679329, 0.16899838
0.109950855, -1.2680151, 0.16991955
0.111753345, -1.2726201, 0.15678239
0.40983215, -1.2100825, 0.16939715
0.1489479, -1.2920799, 0.16703558
0.17063242, -1.2862825, 0.15784477
0.13112919, -1.2874951, 0.16847914
0.051468275, -1.2487925, 0.16799878
0.10974934, -1.2896377, 0.16857526
0.49213648, -1.0695708, 0.15567473
0.4896538, -1.0477903, 0.16589597
0.48838946, -1.0096285, 0.16675411
0.48876372, -1.0298839, 0.1667948
0.4906394, -1.0068201, 0.15566885
0.48757643, -0.9909898, 0.16740029
0.48700994, -0.9714117, 0.15774639
0.49171856, -0.9699624, 0.16768561
0.4893306, -0.9300826, 0.15624729
0.49108636, -0.930207, 0.1654426
0.4920992, -0.910339, 0.1553266
0.47440946, -0.89027953, 0.16787006
0.4286734, -0.810703, 0.16680744
0.39033327, -0.7693864, 0.16885513
0.47236785, -0.87053734, 0.15662569
0.4887927, -0.8909479, 0.16598968
0.46924737, -0.82988477, 0.16625954
0.48805207, -0.8707052, 0.15646833
0.4928332, -0.8495484, 0.16715012
0.45114553, -0.81000656, 0.16644166
0.46792996, -0.80879235, 0.16579874
0.49218407, -0.83071715, 0.15660934
0.42798102, -0.788978, 0.166638
0.45060405, -0.79325753, 0.16786793
0.4111397, -0.77004796, 0.1684725
0.51385444, -1.0095788, 0.15520547
0.50944763, -0.9701735, 0.16866967
0.5071526, -0.8872279, 0.15595381
0.511304, -0.91058004, 0.1554049
0.51018, -0.93306935, 0.16610366
0.5090906, -0.891128, 0.16623402
0.44842416, -1.1904017, 0.15255968
0.50827754, -1.0703526, 0.16551352
0.131438, -1.3099576, 0.15552272
0.111055404, -1.3082715, 0.16876307
0.14935385, -1.3291925, 0.16799806
0.09383047, -1.3342745, 0.15501155
0.529183, -1.03044, 0.16765682
0.5286559, -0.9899389, 0.16580524
0.52835995, -1.0132803, 0.15544838
0.529885, -0.9720605, 0.15411086
0.5296586, -0.96880114, 0.1675862
0.5289737, -0.95341974, 0.16399607
0.50876826, -0.8712175, 0.15556966
0.44935426, -0.77352, 0.15650074
0.529773, -0.873145, 0.16787598
0.48803124, -0.78795695, 0.15403777
0.49050906, -0.79166627, 0.16627677
0.48960197, -0.8117943, 0.16710171
0.53441983, -0.847858, 0.16802765
0.531508, -0.8308074, 0.1659207
0.529924, -0.8105414, 0.15573327
0.44898248, -0.7498857, 0.16555135
0.44674677, -0.7457226, 0.1576006
0.46996436, -0.7501832, 0.16868384
0.54911417, -1.0327284, 0.16537398
0.55234814, -0.9676537, 0.1557001
0.549067, -0.97184366, 0.16449365
0.5526592, -0.95046824, 0.15582573
0.5522473, -0.94876957, 0.16515355
0.54969054, -0.8900093, 0.16705362
0.5485152, -0.8902134, 0.15401155
0.551195, -0.90790784, 0.15594585
0.55182433, -0.9300054, 0.1653227
0.55037963, -0.9317453, 0.15545969
0.14981171, -1.3514237, 0.15553537
0.14843406, -1.3526285, 0.16880779
0.10593875, -1.3513434, 0.15627562
0.5716356, -1.0106393, 0.16438873
0.5732647, -0.9908123, 0.16607353
0.56945914, -0.9277902, 0.15476511
0.44801712, -0.73187864, 0.15660027
0.48649225, -0.7510915, 0.15592575
0.4699446, -0.730891, 0.16620828
0.571264, -0.88977706, 0.15591979
0.5729778, -0.8713829, 0.15235579
0.5684574, -0.88999724, 0.16364391
0.5699738, -0.84995574, 0.16448513
0.5726756, -0.8503267, 0.15471604
0.51283354, -0.7456869, 0.16755685
0.5305272, -0.77386314, 0.15473284
0.572704, -0.830372, 0.15285297
0.5659616, -0.8333211, 0.16227928
0.5682793, -0.8083031, 0.16294797
0.55088806, -0.7893594, 0.16543154
0.5687031, -0.78863406, 0.16457622
0.5683594, -0.7892236, 0.15279953
0.5149264, -0.7291492, 0.15747617
0.5873064, -1.0286082, 0.16542746
0.5875482, -0.97411203, 0.16557017
0.58532387, -0.97130054, 0.15545629
0.5868084, -0.950746, 0.1540565
0.57100505, -0.91052806, 0.15398966
0.42779097, -0.68699974, 0.15658851
0.42884645, -0.69105864, 0.16682099
0.468199, -0.69236666, 0.16690402
0.40825975, -0.7128984, 0.15811443
0.5283488, -0.72785074, 0.15513757
0.54863894, -0.7286063, 0.16477717
0.5542059, -0.71376836, 0.15317099
0.5102715, -0.68730223, 0.1587275
0.50940794, -0.6896037, 0.1676596
0.63187903, -0.9294567, 0.15497595
0.4649911, -0.6733209, 0.16648878
0.4539038, -0.6553403, 0.15373263
0.51098245, -0.67112714, 0.15622723
0.64883363, -0.88885456, 0.15186189
0.63153577, -0.9125084, 0.1558734
0.6686671, -0.90947866, 0.15582612
0.66785157, -0.9310007, 0.16391958
0.63179994, -0.90690506, 0.16563651
0.63140386, -0.88852966, 0.15505813
0.63064945, -0.84925234, 0.15611714
0.63244957, -0.86527073, 0.16504294
0.67003083, -0.8895937, 0.15496312
0.6281569, -0.85170877, 0.16629261
0.63029355, -0.8273797, 0.16439119
0.42835733, -1.1893739, 0.1545689
0.2099919, -1.3075694, 0.15576738
0.26781395, -0.94995886, 0.1681995
0.2103485, -1.1920696, 0.1676293
0.5512448, -0.732367, 0.15660198
0.23100866, -0.96830654, 0.16771494
0.42888975, -0.98722434, 0.15808217
0.5099627, -0.9899394, 0.16670984
0.36548573, -1.1277453, 0.15644561
0.4281541, -0.9316571, 0.15806648
0.30638036, -0.86996776, 0.16846985
0.18785807, -0.93071884, 0.17029488
0.24916583, -0.97576284, 0.15594037
0.1068749, -0.99150586, 0.17167725
0.048878048, -1.1507635, 0.16813377
0.529697, -1.0086824, 0.16462907
0.5241285, -0.9301611, 0.15350345
0.5902759, -1.048514, 0.15248652
0.39151654, -1.1911438, 0.15525953
0.3074675, -0.8933838, 0.15662631
0.37115598, -1.088774, 0.16637129
0.126689, -0.9255146, 0.18334155
0.2698949, -0.8900541, 0.16726011
0.35104585, -0.7886562, 0.16998623
0.5486044, -0.9092732, 0.16474175
0.3093873, -0.9494623, 0.16790594
0.3103152, -0.8497773, 0.16858128
0.43045184, -0.7306047, 0.16739582
0.46986455, -0.79035777, 0.16505338
0.030250601, -1.109714, 0.16729864
0.48820814, -0.7701786, 0.15533191
0.5253424, -0.8944814, 0.15667973
0.38658926, -1.210556, 0.15472797
0.5286688, -0.92878574, 0.1665026
0.3101963, -0.92975545, 0.16908637
0.34955922, -1.01084, 0.16761857
0.54867136, -0.98859185, 0.16261221
0.14370644, -0.9924011, 0.15850946
0.6079393, -0.7909414, 0.16431722
0.110511586, -1.3292104, 0.16998546
0.27240646, -1.0256492, 0.15424502
0.2875171, -1.2495574, 0.1554248
0.19176045, -0.908543, 0.16844013
0.16535793, -1.0077642, 0.15728314
0.32917088, -0.91107225, 0.1686038
0.12673786, -1.0127717, 0.1661395
0.15057868, -0.9697112, 0.16856258
0.26977432, -1.1099385, 0.15481816
0.4086062, -1.1505213, 0.16684693
0.5653331, -0.86961883, 0.16828892
0.1491194, -1.0501505, 0.16764474
0.3300772, -1.1096181, 0.15575819
0.28894687, -1.1659565, 0.15688336
0.33149895, -0.9694954, 0.16734308
0.2735924, -0.988667, 0.166571
0.02980005, -1.0683254, 0.17119546
0.27455783, -0.8548793, 0.15772766
0.2678899, -1.0467062, 0.15682238
0.2966049, -1.1506823, 0.15529682
0.4502461, -1.010963, 0.15597937
0.28959057, -1.0331281, 0.15646285
0.5304916, -0.7898911, 0.15528597
0.35235935, -1.1889155, 0.15632617
0.28666282, -1.2714105, 0.15300745
0.41088864, -0.7297972, 0.16816767
0.50711286, -0.807814, 0.1563102
0.6911222, -0.9106751, 0.16501221
0.5306285, -1.0295053, 0.15663321
0.27320895, -1.0740262, 0.1578111
0.48884755, -0.98791486, 0.15548593
0.38759485, -1.050343, 0.1669926
0.40895033, -1.1693544, 0.16563918
0.35400587, -0.82989734, 0.16752586
0.14876172, -1.3675497, 0.15633021
0.20982803, -1.2111608, 0.1666786
0.14859992, -1.2468323, 0.15671279
0.07047588, -1.1891856, 0.16800606
0.3516654, -1.1114657, 0.15450512
0.6091884, -0.9050138, 0.15343839
0.41057795, -1.1089616, 0.15883203
0.5482903, -0.7714027, 0.16653034
0.45028728, -0.930326, 0.16713163
0.169676, -1.167866, 0.15649492
0.10532912, -1.2121718, 0.15800473
0.48989788, -0.8696163, 0.16800413
0.40870595, -1.0889698, 0.16876648
0.23041598, -1.2336738, 0.15557304
0.31252176, -0.9896698, 0.16622688
0.30946538, -0.8291801, 0.16567262
0.49019337, -0.74878824, 0.16670299
0.6902359, -0.9314538, 0.15286124
0.4871636, -0.7705294, 0.1657871
0.60728186, -0.9328895, 0.15536866
0.5106347, -0.94898444, 0.16774549
0.20660277, -0.9711709, 0.15767454
0.18840846, -1.2102025, 0.15820184
0.5709368, -0.9329437, 0.16490577
0.33116296, -1.129243, 0.15596254
0.6084246, -0.8896567, 0.15289864
0.5100265, -1.0867927, 0.15542988
0.53071004, -0.790003, 0.16392516
0.30743286, -1.0870299, 0.15097032
0.2280828, -1.0852947, 0.1570923
0.41446245, -0.7688979, 0.15553215
0.28854144, -0.88933736, 0.16823936
0.21454561, -1.2495242, 0.15571763
0.30878103, -1.1644884, 0.1562424
0.12904803, -1.2115141, 0.15708429
0.2069863, -1.0907241, 0.15707134
0.56871456, -0.9515082, 0.16673139
0.5480715, -1.0500947, 0.15644027
0.25057122, -1.0301892, 0.16732946
0.27056563, -1.151483, 0.15778133
0.27086943, -1.0919822, 0.15846549
0.16963676, -1.1506531, 0.16875713
0.12837547, -1.1917785, 0.16796936
0.39088255, -1.0715326, 0.15715143
0.24864486, -0.93038166, 0.16930474
0.30863613, -0.78935885, 0.15663756
0.13214761, -1.2093557, 0.16749308
0.426404, -0.7939659, 0.1561699
0.672646, -0.894648, 0.1610666
0.24698831, -1.0105909, 0.15690652
0.28973398, -0.9750426, 0.15714265
0.37121025, -0.9117974, 0.15746537
0.24876174, -1.0925133, 0.15531954
0.3478649, -0.9697091, 0.16602398
0.2891008, -0.87098336, 0.16937073
0.48980632, -0.8311624, 0.16683523
0.3489841, -0.98930514, 0.16632578
0.46962354, -0.9500567, 0.1683707
0.43010667, -1.0921913, 0.15780553
0.37068304, -1.0291446, 0.16805157
0.5316586, -0.9511622, 0.15521772
0.44728854, -0.7081215, 0.16519862
0.38872138, -0.84971917, 0.16644332
0.5108664, -1.0303253, 0.16599649
0.23033048, -0.9949104, 0.15757892
0.2109624, -0.93042284, 0.16875619
0.2109321, -0.9688306, 0.16979298
0.13439263, -1.2332135, 0.1577992
0.41095793, -0.7128517, 0.16556579
0.36856762, -1.0087817, 0.16679235
0.43218789, -1.0699815, 0.16857563
0.46814364, -0.90701455, 0.1554829
0.169802, -1.0894192, 0.16942275
0.54837036, -1.0524626, 0.16510619
0.47117138, -0.8309411, 0.15562472
0.110404216, -1.006867, 0.17121017
0.1918247, -1.0340723, 0.15669887
0.61059916, -0.89077306, 0.1664016
0.47122225, -1.0302091, 0.16625221
0.5900602, -0.770504, 0.16685915
0.6074354, -0.86908597, 0.16662546
0.5701925, -0.9875157, 0.15394796
0.630273, -0.87249386, 0.15532908
0.52819115, -1.0494565, 0.16509657
0.41321343, -0.8491924, 0.16897087
0.63265824, -0.98773664, 0.15336995
0.5076228, -1.0513245, 0.15296103
0.5486895, -1.0102797, 0.15574145
0.60664505, -0.84797496, 0.15291844
0.5119827, -0.73244447, 0.16614586
0.47313038, -1.0498052, 0.15543494
0.27126077, -0.951774, 0.15719284
0.15091126, -1.1536785, 0.15889533
0.29066223, -0.95137787, 0.16966714
0.37557366, -0.8285265, 0.15858582
0.33053368, -0.949939, 0.16963662
0.29038632, -1.0698926, 0.15677124
0.109075844, -0.9513039, 0.16933924
0.15065461, -1.1752129, 0.15940253
0.32607067, -0.9311917, 0.16859704
0.4890394, -0.90818655, 0.16770752
0.19314353, -1.0474474, 0.15460144
0.08942135, -1.2902942, 0.16958205
0.45664266, -0.9724634, 0.15542038
0.15329175, -1.312165, 0.15524203
0.071981356, -0.9674704, 0.17163786
0.030981889, -1.1888553, 0.17058511
0.5294164, -0.9116337, 0.15582937
0.17043814, -0.9255087, 0.15591532
0.030840322, -1.1702545, 0.16943519
0.16938528, -1.3108665, 0.15691899
0.248614, -1.1099367, 0.16845635
0.4711951, -0.84909683, 0.15612344
0.5094074, -0.832746, 0.1675926
0.32960662, -0.8684104, 0.1561245
0.5067007, -0.8101218, 0.16434252
0.4894299, -0.71340024, 0.15668814
0.4713309, -0.6683622, 0.15522741
0.5090679, -0.84814936, 0.16380967
0.35109338, -1.2092215, 0.16544479
0.16872519, -1.250436, 0.15794688
0.49252087, -1.0256293, 0.1560581
0.20963569, -1.2716767, 0.16777253
0.54748505, -0.867537, 0.15575264
0.42888308, -0.77155423, 0.16508256
0.56652814, -0.7665312, 0.15687689
0.6136596, -0.96891457, 0.16684926
0.38992724, -1.2118156, 0.16861683
0.2895053, -1.0092422, 0.16683775
0.26802814, -1.1700608, 0.15326712
0.16522984, -1.0843637, 0.15810363
0.3107762, -0.9105201, 0.1705469
0.19658539, -1.172222, 0.15552081
0.2269907, -0.95062083, 0.15560012
0.12638444, -1.0916526, 0.15697446
0.1264511, -1.0479631, 0.15868782
0.24728532, -1.210386, 0.1561588
0.17153654, -1.1081972, 0.16683985
0.47132793, -0.8692533, 0.16703488
0.14818121, -1.072928, 0.15799774
0.0696406, -1.2679954, 0.16812862
0.12816966, -1.17183, 0.15690091
0.34845528, -0.8495443, 0.16989897
0.6099654, -0.95158094, 0.16597511
0.26875898, -0.8296809, 0.17061608
0.23295633, -1.0468717, 0.15779772
0.10982462, -1.110917, 0.17057073
0.109024204, -1.032044, 0.16803609
0.45211726, -0.8678591, 0.15662394
0.44921502, -1.1283913, 0.168212
0.009642272, -1.1113489, 0.16846792
0.21021926, -0.94778126, 0.15768762
0.33104497, -0.79137653, 0.16744357
0.43160567, -1.1924304, 0.16423708
0.15010913, -0.93062955, 0.16990143
0.43173078, -0.7491844, 0.16997266
0.090280145, -1.0670623, 0.15781131
0.2682248, -1.171737, 0.16807479
0.090602234, -1.2294289, 0.16780564
0.24925348, -1.2094629, 0.16902587
0.5706816, -1.0282805, 0.15448573
0.008085005, -1.1509702, 0.17121941
0.3286544, -0.9496648, 0.15691255
0.23055845, -0.89055526, 0.16859548
0.091365024, -1.2515745, 0.15764357
0.1545349, -0.96712524, 0.15779044
0.32922086, -0.83034253, 0.16593133
0.09035563, -1.0506698, 0.16973452
0.44984585, -1.2300051, 0.16414975
0.7302545, -0.9326649, 0.16503996
0.10993214, -1.0712625, 0.17359906
0.40949908, -1.1734759, 0.15650104
0.18964852, -1.2663713, 0.1543125
0.15127535, -1.2304786, 0.16830614
0.26948956, -1.2086791, 0.16646242
0.49037367, -1.07072, 0.16728449
0.4129198, -1.0266111, 0.16759434
0.13155918, -0.9483697, 0.16845271
0.4096311, -0.9099944, 0.1677439
0.33009928, -0.7682373, 0.16560431
0.46834517, -0.78756124, 0.15517676
0.19009696, -1.1493559, 0.1705658
0.34893632, -0.97536856, 0.15456489
0.45096242, -1.1912912, 0.16400635
0.046667565, -1.1665051, 0.15706542
0.4533573, -1.0484625, 0.16718532
0.34675866, -0.8691565, 0.15514837
0.24958599, -1.1919492, 0.15714698
0.31087434, -0.9048079, 0.15603033
0.6475662, -0.98786455, 0.15285572
0.00890737, -1.2098433, 0.1685871
0.6487845, -0.968644, 0.16450003
0.14778478, -1.2715509, 0.16744006
-0.031385366, -1.112227, 0.17144746
0.21220657, -1.027254, 0.16674492
0.50986314, -1.0493335, 0.16664714
0.08990854, -1.0113995, 0.1688578
0.3220047, -0.80804443, 0.15756983
0.069453195, -1.0497717, 0.1704685
0.60977155, -0.9916638, 0.15508516
0.16987081, -0.94947267, 0.16869676
0.2507775, -1.0515913, 0.15610176
0.46987826, -0.8138081, 0.15655935
0.23411159, -1.0094163, 0.15294677
0.5511582, -0.7486267, 0.15507402
0.6101856, -0.92867386, 0.16386321
0.07037336, -1.0075741, 0.17025588
0.12870239, -1.2321374, 0.16854966
0.4094383, -1.129081, 0.16725913
0.29024097, -0.9904607, 0.16840436
0.23214154, -1.147014, 0.15602241
0.5116299, -0.85331994, 0.15754634
0.19325839, -0.86975884, 0.16742824
0.38620958, -1.0323308, 0.16848081
0.64747095, -0.96858567, 0.15447117
0.5902933, -0.8912158, 0.15116666
-0.027822152, -1.1673447, 0.17165832
0.36873275, -0.79041195, 0.16803275
0.19476716, -1.3104174, 0.15630591
0.37196532, -0.8131636, 0.15718354
0.37408373, -0.9515327, 0.15748574
0.61312956, -0.8283954, 0.15712857
0.3760628, -0.7500706, 0.1576675
0.48855945, -1.111585, 0.1648465
0.3508811, -0.910409, 0.15472755
-0.0044717914, -1.1762345, 0.15783669
0.13111426, -1.3286395, 0.16886714
0.332434, -0.9900671, 0.15741454
0.608629, -0.7915751, 0.15675862
0.39557925, -1.0558168, 0.15922184
0.59081894, -0.81448585, 0.16919735
0.24982332, -0.89001054, 0.1705447
0.5484432, -0.8296275, 0.16491145
0.10810874, -1.2521235, 0.17085308
0.15591078, -1.2863364, 0.15400226
0.47156256, -1.011647, 0.15727626
0.06824785, -1.2873385, 0.17057203
0.14998312, -0.99298704, 0.17031144
0.5318964, -0.7068092, 0.15619852
0.13121742, -1.3072399, 0.16875178
0.4903064, -0.711065, 0.16287436
0.28795087, -0.8501893, 0.16797298
0.665108, -0.90949696, 0.16351563
0.33210957, -1.0096079, 0.15754297
0.37175602, -1.0285381, 0.15654682
0.6474975, -0.9132315, 0.15592557
0.4287606, -0.70786494, 0.15581517
0.31025246, -1.2113308, 0.1664232
0.07018202, -1.1495898, 0.16894796
0.36835238, -1.0155722, 0.15759625
0.47315204, -1.0893257, 0.16659026
0.23028632, -1.2704134, 0.15591246
0.58600104, -0.84681493, 0.15105791
0.39427432, -0.8065138, 0.15741512
0.53259933, -0.8119214, 0.16496283
0.010695874, -1.1292297, 0.16833486
0.5319494, -0.74854183, 0.16787855
0.40788198, -0.891895, 0.16713192
0.007427033, -1.1452054, 0.15790589
0.5697853, -1.0086117, 0.1538275
0.5505229, -0.8506844, 0.15083714
0.27370325, -0.8884272, 0.15755132
0.6088135, -0.9699257, 0.15373963
0.111329906, -1.2897364, 0.15663932
0.3488129, -1.0326792, 0.15451322
0.16903645, -1.2691677, 0.15726686
0.51374006, -0.71313083, 0.15238746
0.4100073, -0.81027025, 0.16646011
0.4323079, -0.71289533, 0.17079633
0.6075663, -0.8321195, 0.16566542
0.3519745, -0.81014, 0.15603304
0.61227226, -0.86485684, 0.15146717
0.4726536, -1.0690418, 0.15545407
0.052715503, -1.2417395, 0.1593452
-0.009894191, -1.0663018, 0.18496734
0.38890958, -1.0700189, 0.16703837
0.36820477, -1.091238, 0.15589239
-0.026467344, -1.1506776, 0.15783152
0.31186807, -0.99178725, 0.15456195
0.5708681, -0.9707648, 0.15347639
0.029634574, -1.0516577, 0.17123808
0.53074723, -0.72837067, 0.16529723
0.009321539, -1.0711592, 0.17077395
0.59172034, -0.9290066, 0.15517859
0.13195166, -1.2732906, 0.15684852
0.40858728, -1.0704378, 0.15748882
0.69175106, -0.92920375, 0.16309834
0.36647668, -1.050444, 0.15635276
0.30671084, -1.0668513, 0.15576044
0.27311692, -1.2321846, 0.15660444
0.12936008, -1.2463831, 0.15800087
0.44694594, -1.1702261, 0.15348493
0.43034807, -0.87193036, 0.15700772
0.4872024, -0.8861783, 0.1551927
0.22899435, -1.3110129, 0.16603605
0.4893196, -1.0909815, 0.15722097
0.5102701, -1.0673815, 0.15565714
0.08967386, -1.3304914, 0.1691102
0.029461024, -1.1491538, 0.16820319
0.21032587, -1.2703788, 0.15593846
0.048057575, -1.1888589, 0.15763083
0.57144284, -0.71402323, 0.15245125
0.31055135, -0.9687792, 0.15717314
0.07452624, -1.214689, 0.15819484
0.5296396, -0.7084966, 0.16299273
0.18773304, -1.1894695, 0.15654531
0.56776255, -0.90983725, 0.166908
0.07205335, -1.109047, 0.1543959
0.28860426, -0.9712929, 0.1689166
0.5303191, -0.76642466, 0.16524814
0.58689326, -0.9091619, 0.15726462
0.32819378, -0.8311496, 0.15735191
0.26950508, -0.9069552, 0.15631077
0.23147707, -1.0903469, 0.16835341
0.66918904, -0.95071346, 0.1553963
0.2705673, -0.9909475, 0.15494275
0.46977437, -0.71056765, 0.16635598
0.32981566, -1.0105718, 0.16672002
0.5258026, -0.7556308, 0.15394674
0.29061913, -0.90747124, 0.17042084
0.41341382, -0.6927595, 0.164947
0.047799487, -1.2062312, 0.15750194
0.5525317, -0.82772076, 0.15547335
0.42713937, -0.8077529, 0.15383112
0.07067736, -1.0680056, 0.17024302
0.2491048, -0.9488535, 0.15808032
0.50982016, -0.98933953, 0.15631343
0.15046939, -1.0096877, 0.1691551
0.4265802, -1.128968, 0.15687813
0.3338916, -1.0277493, 0.1570517
0.16754991, -1.3713375, 0.15634035
0.24994053, -0.83053124, 0.1662734
0.028984848, -1.073502, 0.15940027
0.013529662, -1.1696305, 0.15650591
0.63026065, -0.9509596, 0.16498166
0.6279789, -0.8917611, 0.16580579
0.39018428, -1.0906947, 0.15637979
0.4305415, -1.1688411, 0.16376472
0.5453711, -0.692034, 0.16394092
0.4678349, -0.692228, 0.15446828
0.34978312, -1.2323059, 0.15377448
0.6092549, -0.9474363, 0.15160951
0.19243, -0.92827386, 0.15716892
0.24733053, -0.99436873, 0.1541136
0.42882365, -0.8318188, 0.15628192
0.4707358, -0.9467431, 0.15073764
0.36953345, -0.7716795, 0.16748987
0.23149477, -1.0281887, 0.15769118
0.7058747, -0.8919791, 0.15141355
0.55139655, -0.7906793, 0.15467717
0.41223916, -0.7536338, 0.15780817
0.6104069, -1.0061897, 0.15408735
0.22883092, -0.98857003, 0.16893426
0.51082903, -0.66918606, 0.16502015
0.45114672, -0.82706785, 0.16502069
0.5444519, -0.7106259, 0.16493392
0.53140837, -0.689914, 0.16659106
0.54815704, -1.0115279, 0.16619408
0.4889347, -0.8113913, 0.15507327
0.7504217, -0.9530806, 0.16699138
0.26926386, -0.8701824, 0.16718258
0.47043267, -0.97026724, 0.15648782
0.24999489, -0.8692268, 0.16768229
0.5103414, -0.9483729, 0.15328503
0.17211333, -0.88810706, 0.16665943
0.6281813, -0.990159, 0.16463232
0.61207116, -0.99072385, 0.16371639
0.48893338, -1.2505015, 0.16508211
0.3085266, -1.0268658, 0.1563686
0.4296163, -0.94986033, 0.16632213
0.029865121, -1.0291928, 0.16864821
0.111517586, -1.1510067, 0.15498315
0.5700598, -0.7697604, 0.16950646
0.46732143, -1.211385, 0.16590847
-0.03569277, -1.1687747, 0.15673274
0.5486744, -0.7484925, 0.16728328
0.45013767, -0.8332274, 0.15505762
0.38944137, -1.1089816, 0.15458995
0.4295873, -0.85042834, 0.16811816
0.40317214, -0.992192, 0.15640604
0.17205702, -0.8774425, 0.16343403
0.54643464, -0.6884361, 0.15487671
0.18733509, -1.1273541, 0.18291159
0.11210395, -1.348199, 0.16897438
0.3048199, -0.9273699, 0.15681496
0.06910202, -1.0309244, 0.17268366
0.15381613, -0.9317931, 0.1577872
0.42571416, -1.0323919, 0.16764389
0.43459493, -0.7561825, 0.15583003
0.4089999, -0.78957534, 0.1666743
0.56961215, -0.72779375, 0.15719803
0.55068195, -0.81174487, 0.16658184
0.09830029, -1.1247724, 0.15884852
0.5686261, -0.7465695, 0.1539196
0.4239207, -0.9116771, 0.15701617
0.16782956, -0.9104534, 0.16883111
0.29425257, -0.9117058, 0.1573653
0.57120043, -0.96677583, 0.16502045
0.41055003, -1.1323632, 0.15714654
0.2874926, -0.8542187, 0.15744267
0.227794, -0.8922579, 0.15618578
0.44979715, -0.7674539, 0.16995409
0.09474083, -1.1929, 0.1560248
0.28898793, -1.1921129, 0.15674242
0.55004066, -0.76697487, 0.15368399
0.46699604, -0.71191233, 0.15600744
0.3347035, -1.1903881, 0.15609704
0.45302582, -0.6695516, 0.1565138
0.52827734, -0.8503508, 0.15710917
0.5289347, -0.83141714, 0.15688358
0.591236, -0.8063002, 0.15493414
0.2522103, -0.9503693, 0.16819526
0.41087776, -0.7891281, 0.15732823
0.427282, -1.0310787, 0.15807727
0.59575635, -0.9119538, 0.16418958
0.18493196, -0.8904375, 0.15657188
0.49088332, -1.2336686, 0.16709307
0.07773874, -1.3145278, 0.15819895
0.63225275, -0.94676274, 0.15530673
0.57165056, -0.948629, 0.15127826
0.051542997, -1.0500866, 0.16890457
0.5117378, -0.7528501, 0.15463918
0.085744694, -1.0113426, 0.1590601
0.5892697, -0.8270254, 0.16572674
0.288435, -1.1297762, 0.16802509
0.28557855, -0.98974276, 0.15631524
0.2746398, -0.9285814, 0.15637071
0.52952904, -0.8875674, 0.16512573
0.06797961, -1.2305716, 0.1694418
0.63117856, -0.8332899, 0.15345141
0.3480928, -0.9902797, 0.15710627
0.5923478, -0.854569, 0.16231216
0.23209846, -1.1279955, 0.15704426
0.1885502, -1.0063463, 0.15696342
0.1694605, -1.101812, 0.15707162
0.5302376, -1.0912166, 0.15592031
0.015190109, -1.0965337, 0.15787338
0.29217142, -0.8939141, 0.15730417
0.20909458, -1.2929325, 0.16802624
0.35024855, -1.0503502, 0.15812282
0.21328396, -1.2046658, 0.15707718
0.4517892, -0.8085773, 0.15575922
0.6498514, -0.94714326, 0.15348552
0.59202427, -0.78972733, 0.15473217
0.1539792, -1.0886652, 0.15891771
0.51269245, -0.9280899, 0.15438886
0.5939499, -0.92524505, 0.16520676
0.43168297, -0.67569786, 0.1650711
0.50985247, -0.8697622, 0.16699995
0.24675283, -1.1652923, 0.15660667
0.31266505, -0.945704, 0.15807049
0.189145, -0.89111257, 0.1695748
0.16903512, -1.3507152, 0.16704388
0.5305877, -1.0866877, 0.1644603
0.43308645, -0.8495672, 0.15599003
0.50968385, -0.7738558, 0.1657035
0.12661515, -0.98729205, 0.15614353
0.45115706, -0.7885243, 0.15461262
0.18816829, -1.2481704, 0.15385075
0.09078432, -1.3101832, 0.1687149
0.5918635, -0.87108254, 0.16743955
0.12935194, -0.9260308, 0.15763535
0.5888436, -0.99298346, 0.15061636
0.28836736, -1.0528314, 0.1582736
0.59502304, -0.8383082, 0.15108785
0.045175195, -1.0733609, 0.15838856
0.50867534, -0.8267957, 0.15753055
0.691837, -0.9102294, 0.15347382
0.49351835, -0.69209266, 0.15477273
0.28750145, -1.0875453, 0.15687105
0.21181498, -1.0674062, 0.1589677
0.45206818, -0.90862453, 0.16773807
0.51158464, -0.79447865, 0.15679719
0.48899463, -0.94863266, 0.15556408
0.6697736, -0.93126816, 0.15355834
0.53434366, -0.86761105, 0.15570305
0.4499871, -0.6720692, 0.16667368
0.4893608, -0.6882912, 0.16633184
0.49033612, -0.85398424, 0.15638044
0.23042715, -0.92861867, 0.16988264
0.48608673, -0.65310395, 0.15565896
0.5092551, -0.78887135, 0.1647598
0.32711285, -0.9678505, 0.15723825
0.2703955, -0.929392, 0.16923904
0.3311786, -1.1706161, 0.15815158
0.18877196, -1.0704441, 0.16839181
0.40872893, -0.8292759, 0.16848853
0.13127743, -1.1588668, 0.15922254
0.35047263, -1.0105052, 0.15709692
0.41229022, -1.1519628, 0.1561668
0.35029197, -1.0703288, 0.15759167
0.40395272, -0.86960286, 0.15698762
0.6691166, -0.8680072, 0.15339726
0.6485282, -0.9295851, 0.15511046
0.19089112, -0.9701911, 0.1669036
0.35108373, -0.7511987, 0.16653034
0.37401596, -0.86918426, 0.16984704
0.34848496, -1.1309006, 0.1560806
0.16568154, -1.1839973, 0.15805568
0.40606996, -0.8859602, 0.1572237
0.2307515, -0.87013924, 0.16913413
0.16808057, -0.9828604, 0.15659985
0.2919569, -1.2296095, 0.16840202
0.47196907, -0.7481503, 0.15685669
0.5296359, -1.288823, 0.16413447
0.6919177, -0.94966316, 0.15184209
0.13074166, -1.0664454, 0.15883127
0.47280383, -0.89402425, 0.15615225
0.45216456, -0.6900278, 0.16833025
0.62785196, -0.81017786, 0.15667169
0.55096805, -0.80982, 0.15244742
0.588723, -0.766057, 0.15744792
0.009048145, -1.0778658, 0.1594591
0.43089142, -0.77281797, 0.15384693
0.14946048, -1.3691043, 0.16602224
0.48918727, -0.6727525, 0.15421715
0.4905344, -1.1078893, 0.1567197
0.4902245, -0.7314007, 0.15444227
0.4925721, -1.0494102, 0.1566141
0.23178735, -1.2142632, 0.15575117
0.66806954, -0.86679703, 0.16424517
0.50956434, -1.0085101, 0.16607915
0.53213567, -0.6696865, 0.16689752
0.5693676, -0.75235033, 0.16671845
0.50861704, -0.9105138, 0.16608599
0.61170846, -0.7744808, 0.15358473
0.1922535, -1.2481815, 0.16933635
0.6476296, -0.8717967, 0.16754897
0.11046847, -1.305771, 0.15589494
0.52916473, -0.6906011, 0.1563621
0.3900644, -0.7290544, 0.16672996
0.5085167, -0.7670601, 0.1528818
0.1896835, -1.2923458, 0.15675575
0.23529816, -1.0720484, 0.1565612
0.13004434, -1.3542391, 0.15601836
0.3871521, -0.74847263, 0.15702568
0.58722484, -0.9876994, 0.1636152
0.04982894, -1.2328213, 0.15963736
0.51028085, -1.0312654, 0.15584365
0.39155224, -0.7097283, 0.16620217
0.21147868, -1.2903519, 0.15487434
0.20973156, -0.87303466, 0.15682024
0.49195147, -1.1291474, 0.16614184
0.46769157, -0.77034676, 0.15397942
0.24972612, -1.2919482, 0.166693
0.2510672, -0.91284436, 0.15688144
0.01035044, -1.1885945, 0.1695898
0.28831053, -0.93037796, 0.1703982
0.5490317, -1.0717185, 0.15573262
0.4739474, -0.76972693, 0.16750926
0.3275484, -1.247882, 0.1557019
0.31319705, -0.8299821, 0.15760186
-0.03245459, -1.091352, 0.17084183
0.23067857, -1.1898984, 0.15689066
0.16383158, -1.1308132, 0.15644646
0.021927405, -1.1848882, 0.15823622
0.22931725, -1.1733474, 0.15523152
0.13009557, -1.368387, 0.16783606
0.5488349, -0.8712798, 0.16691817
0.17033084, -1.0266423, 0.15720132
0.18868689, -1.1493945, 0.15293977
0.38632676, -0.8283519, 0.15233259
-0.0490467, -1.1089597, 0.17078051
-0.009159855, -1.0895286, 0.16808687
0.21020035, -0.9900347, 0.15625446
0.5509583, -0.85107005, 0.1680139
0.43244636, -0.9066696, 0.16940963
0.46697804, -0.72843903, 0.1545201
0.19069622, -1.3290316, 0.16624661
0.6515291, -0.8473836, 0.15302108
0.43264297, -1.0507511, 0.15574998
0.40937483, -0.7479916, 0.16857217
0.093914844, -1.208272, 0.15673977
0.013359092, -1.1895583, 0.15885785
0.52979124, -1.3118548, 0.16374554
0.31068012, -1.2514784, 0.15674378
0.5524019, -0.9915862, 0.15370797
0.42731044, -1.0082401, 0.15226099
0.53061604, -0.9892871, 0.15324035
0.130075, -1.1696444, 0.17066506
0.5879907, -0.8678276, 0.15757355
0.22970757, -1.2895576, 0.16760692
0.5690184, -0.8124908, 0.15354612
0.4074145, -0.9524601, 0.15402257
0.09064874, -1.2291626, 0.1582292
0.6112251, -0.91018784, 0.16676347
0.41111916, -0.9090895, 0.15577805
0.13051318, -1.0149281, 0.15606225
0.01031734, -1.091052, 0.1723219
0.3907181, -0.75146395, 0.16897994
0.45243907, -1.1085353, 0.17037581
0.33456308, -1.2081758, 0.15664384
0.095970854, -1.1688046, 0.15786378
0.1514838, -1.1303453, 0.15786654
0.28638393, -0.86411554, 0.15751474
0.44717687, -1.0485011, 0.15597832
-0.009088562, -1.1887331, 0.16959175
0.36903107, -0.8661869, 0.1550815
0.13141912, -1.1934562, 0.15750492
0.14907649, -0.9505301, 0.15779899
0.4305177, -0.9519178, 0.15407519
0.61060685, -0.8093741, 0.16561529
0.33302593, -0.9359094, 0.15503001
0.13138139, -0.9504277, 0.1592256
0.32538548, -0.84868866, 0.15858124
0.6478776, -0.8682404, 0.1547622
0.54953367, -1.3519189, 0.16575375
0.56966823, -1.3527586, 0.16352639
0.62657076, -1.4318758, 0.16427726
0.6502329, -1.4502501, 0.16506356
0.16989988, -0.94394886, 0.15791532
0.58776194, -0.7505225, 0.16477
0.030375663, -1.2476864, 0.16965017
0.21025279, -0.9116549, 0.15829241
0.33298346, -0.786768, 0.15684804
0.14984435, -0.9116586, 0.17105265
0.15324119, -1.2728119, 0.15614475
0.28994218, -0.8097874, 0.16996695
0.4887784, -0.66737527, 0.16516717
0.30908355, -1.2322972, 0.1685158
0.27291387, -0.83222204, 0.18275824
0.5657355, -0.71356803, 0.16453335
0.10980071, -1.2526251, 0.15700266
-0.068202324, -1.1292244, 0.17046547
0.46783614, -1.1292064, 0.16495445
0.25375342, -0.89007163, 0.15717338
0.20596768, -1.172641, 0.15630189
0.12816368, -1.2530531, 0.16856302
0.1694189, -1.3102597, 0.16846338
0.011021965, -1.2288878, 0.16969188
0.15094763, -1.3915695, 0.16624644
0.5906613, -1.0075871, 0.1652305
0.2688707, -1.2300794, 0.1667555
-0.067443445, -1.0721451, 0.16852736
0.22873783, -1.290773, 0.15464403
0.76667863, -0.9489517, 0.16455622
0.34973693, -0.82525504, 0.15663965
0.2645161, -0.8219384, 0.15958057
0.3730404, -0.7944048, 0.15601479
0.2896347, -0.90296495, 0.18192157
0.35130304, -0.8878169, 0.1557846
0.4674493, -0.98722404, 0.18149367
0.63012457, -0.8096952, 0.16787381
0.13136539, -1.1077996, 0.17057775
0.632686, -0.9271075, 0.16562474
0.65035003, -0.83099246, 0.15297833
0.044966478, -1.0537719, 0.15706757
0.09307417, -1.2110655, 0.18220109
0.60980135, -0.8095112, 0.15342863
0.66816366, -0.85334414, 0.1557016
0.39361447, -0.8718533, 0.15600613
-0.030060682, -1.1371021, 0.18118513
0.40954268, -1.0901694, 0.15504058
0.31128, -1.1106108, 0.15514661
0.10712898, -0.99072635, 0.15864275
0.45640764, -0.65756047, 0.16461602
0.4640524, -1.1052729, 0.15846336
0.1129582, -1.3687346, 0.1689387
0.075125515, -0.9559019, 0.17052576
0.5090607, -1.0906371, 0.16618788
0.104796365, -1.3106029, 0.18375729
0.13175328, -1.3873174, 0.16728753
0.7104456, -0.92949975, 0.16548039
0.52906525, -0.9119682, 0.16438997
0.2884197, -1.2326894, 0.15518011
0.64754814, -0.90568966, 0.16946177
0.08457997, -1.2880402, 0.15498899
0.41299453, -0.8075679, 0.15284248
-0.0302494, -1.1143614, 0.15754256
0.509679, -0.65116817, 0.17013213
0.07062207, -1.13198, 0.18134247
0.44943333, -0.9141636, 0.1553688
0.16884555, -1.1312499, 0.17011027
0.040129308, -1.0374238, 0.15757772
0.089217894, -1.0907712, 0.16946948
0.16633162, -1.1514101, 0.15546384
0.069676556, -1.1493163, 0.1843033
0.14698555, -1.05389, 0.15821041
0.12804213, -1.2848929, 0.15678473
0.18288723, -0.91477466, 0.15640673
0.47019738, -1.1334329, 0.15641963
0.16614817, -1.0542715, 0.15614043
0.1313033, -1.1350632, 0.15370409
0.07268081, -1.0100341, 0.15833238
0.51006514, -1.2706789, 0.16509794
0.18635336, -0.9702081, 0.15828532
0.44930634, -1.169434, 0.16819343
0.18631499, -1.09272, 0.15722322
0.39137325, -0.7319582, 0.15715903
0.23009302, -0.92966133, 0.15591735
0.08648049, -1.2663233, 0.15652817
0.2551465, -1.1078827, 0.15915625
0.2568291, -0.81365323, 0.16336158
-0.045758426, -1.0560092, 0.16665497
0.2898751, -1.1372409, 0.15760024
0.32537147, -0.8865497, 0.15208939
0.21266359, -1.1310687, 0.15727252
0.36799973, -0.7508013, 0.16728188
0.16776456, -1.0657427, 0.15639074
0.05142156, -1.1222402, 0.158987
0.092816, -1.148059, 0.15990674
0.12976228, -1.1502466, 0.17010342
0.30875087, -1.2043991, 0.15501112
0.15553276, -0.8951888, 0.16664393
0.20683353, -1.0440607, 0.15729287
0.057793282, -0.97596955, 0.16622107
0.41454995, -1.2427832, 0.15977709
-0.006969145, -1.0486689, 0.17153682
0.58833325, -0.7907512, 0.16321945
0.37514177, -1.1720593, 0.15286416
0.1322199, -0.96838415, 0.15874563
0.43135804, -1.1722851, 0.15358858
-0.028679356, -1.1877327, 0.169828
0.33171377, -1.2312922, 0.15429345
0.19098061, -1.2333086, 0.15795709
0.37662452, -0.77307343, 0.18127847
0.38900486, -1.0292164, 0.15502648
0.33390892, -0.7546892, 0.16762902
0.7658327, -0.96997553, 0.16482027
0.074959174, -1.1463387, 0.15747735
0.5131698, -0.70675236, 0.16438581
0.63846606, -0.800134, 0.1338594
0.65146786, -0.9533456, 0.16427232
0.69215363, -0.8905433, 0.16676447
0.56994444, -1.0510916, 0.16529879
0.14683418, -1.2320591, 0.18212706
0.030017441, -1.1268831, 0.1554445
0.22654064, -0.9108081, 0.15564215
0.16973226, -1.2716887, 0.16902468
0.5310108, -1.0688503, 0.16724215
0.2881896, -1.2045118, 0.15526022
0.36520568, -0.9881728, 0.15654692
0.2554351, -1.1534673, 0.15630636
0.17242101, -1.0700854, 0.16992602
0.017557831, -1.213938, 0.15716612
0.46996135, -0.9879183, 0.15351155
0.06969698, -1.2888315, 0.1526047
0.5879619, -0.889934, 0.16288745
0.4520688, -0.70990795, 0.15479684
0.4900897, -0.6313867, 0.1517319
0.4290897, -1.1291265, 0.1686047
0.09460994, -1.0524328, 0.15774693
0.18960762, -1.1093745, 0.15657246
0.7113327, -0.9075678, 0.16612795
0.53082454, -0.6717154, 0.1521115
0.5929263, -0.9511106, 0.16380313
0.106426656, -1.0536833, 0.18124403
0.036996327, -1.0462971, 0.15855071
0.51000196, -0.9675407, 0.15504579
-0.049502086, -1.1498076, 0.16910915
-0.058443774, -1.0885764, 0.15802929
0.31157753, -1.231619, 0.15681852
0.25036854, -1.3290321, 0.16940501
0.23017618, -1.1896074, 0.16768096
0.5711859, -0.7305055, 0.16795637
0.3840475, -0.92790985, 0.15467015
0.44711557, -1.2111816, 0.16615224
0.010931857, -1.1321659, 0.15887588
0.2492606, -1.2704824, 0.15386967
0.35477814, -0.76771253, 0.15593553
0.17069036, -0.91098905, 0.15540938
0.146894, -1.0123259, 0.15782553
0.68799615, -0.9515828, 0.16559622
0.24918756, -1.269988, 0.16646422
0.026466595, -1.0355142, 0.1812154
0.69011086, -0.8718418, 0.15561171
-0.048361436, -1.0683298, 0.16992384
0.04990858, -1.0322773, 0.169236
0.12963204, -1.0921781, 0.16994272
0.21356237, -0.8514219, 0.16817246
0.1116258, -1.0890429, 0.15764058
0.14707424, -1.2093384, 0.15729627
0.10968803, -1.230206, 0.15387921
0.07190923, -1.2072738, 0.1701722
0.048982497, -1.229355, 0.16992258
-0.028554348, -1.1297475, 0.17131491
0.13150038, -1.0678273, 0.16973913
0.18904558, -0.99183357, 0.15682723
0.028203545, -1.2113286, 0.17167269
0.6272505, -0.79280055, 0.16546178
0.07395225, -1.1693542, 0.15965696
0.2723635, -1.1879256, 0.15489027
0.13159394, -1.3268383, 0.15926293
0.20949328, -0.8925783, 0.15713412
0.19454017, -1.0709172, 0.15629767
0.24925342, -1.1900042, 0.1679105
0.06957616, -1.0876595, 0.15698631
0.4103677, -0.96157503, 0.15793698
0.12890965, -1.1102054, 0.15679342
0.10576267, -1.0420654, 0.158301
-0.030508831, -1.0715337, 0.15957947
0.15135057, -1.109519, 0.15645602
0.052491277, -1.2678051, 0.15890747
0.48967344, -1.2693263, 0.164505
0.24861306, -1.1513845, 0.1692494
0.70936877, -0.8939626, 0.16591468
0.21247683, -1.1512206, 0.15726262
-0.072820716, -1.1083246, 0.18317454
0.5322595, -1.0535122, 0.15239717
0.029129164, -1.0063101, 0.15844934
0.15099631, -1.0059028, 0.18234351
0.18130459, -1.1262884, 0.1568972
0.2689245, -1.2521653, 0.15456867
-0.011708828, -1.1272805, 0.18272202
0.6101509, -0.8511843, 0.1674047
0.6642764, -0.8443773, 0.16553773
0.0751893, -0.9706075, 0.18269439
0.6523995, -0.92899096, 0.1642024
0.076797985, -1.2330713, 0.15543944
0.48805246, -0.73060703, 0.16802937
0.009640135, -1.0313016, 0.16832064
0.20922162, -1.3075925, 0.1674878
0.09444595, -0.98754644, 0.15833509
0.4500774, -1.153114, 0.15504907
0.23345757, -1.0710049, 0.181095
0.71968955, -1.0136385, 0.15916534
0.570245, -0.69022465, 0.1519495
0.013329063, -1.0127999, 0.17011549
0.0333697, -1.2977233, 0.1566859
-0.016065024, -1.1484568, 0.18146384
0.2564963, -1.1042337, 0.18127544
0.05041971, -1.0865563, 0.15659249
0.1144817, -1.2328963, 0.18112901
0.6334538, -0.9708042, 0.15248252
0.05487258, -1.1468556, 0.15708551
0.19415222, -1.0121105, 0.18014173
0.20992322, -1.3478373, 0.170435
0.11620921, -0.95288134, 0.18085274
-0.047116578, -1.1673932, 0.17157283
0.43696654, -0.7704507, 0.18367001
0.3351071, -0.7728846, 0.15550622
0.07163033, -1.1087106, 0.1707881
0.09136685, -1.2521278, 0.18313184
-0.007889032, -1.2089517, 0.17007534
0.014162043, -1.0106894, 0.18164816
0.6492664, -0.83027405, 0.16403285
0.58990407, -0.7370535, 0.16237387
0.60939556, -1.4105624, 0.16379088
0.3642727, -0.898999, 0.18372498
0.17230868, -1.0610712, 0.1803807
0.30458382, -0.8089062, 0.15492678
0.49213704, -0.95031726, 0.16825534
0.03514491, -1.2889972, 0.16712525
0.01686244, -1.2420081, 0.16681765
0.24735315, -1.0617926, 0.18108949
0.20814449, -1.3303097, 0.16585661
0.34855077, -0.9939706, 0.18419574
-0.0018216134, -1.1814039, 0.18218434
0.33152533, -1.1237465, 0.18073983
0.34993646, -0.768158, 0.16988446
0.069508575, -1.1930994, 0.1812871
0.3745162, -1.0348884, 0.18342479
0.18249851, -0.9876377, 0.1828442
0.15835868, -1.1975794, 0.18412851
0.29814786, -0.9400058, 0.18049906
0.2903233, -0.8309759, 0.15627268
0.16297285, -0.91998523, 0.18180068
0.4560105, -0.75973856, 0.18433838
0.20170626, -1.1012012, 0.18185396
0.33381593, -0.9878052, 0.18073264
0.09974624, -0.9329799, 0.15765828
0.44032675, -0.9933084, 0.18056239
0.11499512, -1.11431, 0.15208793
-0.007295803, -1.2255763, 0.16526483
0.23449498, -0.8712961, 0.15599419
0.06911041, -1.1312014, 0.1572814
0.18517783, -1.228003, 0.18383718
0.10681068, -1.0285047, 0.15845096
-0.0020320273, -1.1019974, 0.1806343
0.18893524, -1.31018, 0.16855419
0.2945372, -0.9341607, 0.18031022
0.32363454, -1.2826135, 0.17511483
