-0.8107041, -2.8720508, 0.041411713
-0.80985713, -2.854455, 0.08644271
-0.8318092, -2.8310905, 0.06872068
-0.7857619, -2.8829038, 0.089165166
-0.79355556, -2.8705418, 0.0907694
-0.8025255, -2.8623877, 0.11284729
-0.82613236, -2.835059, 0.08689074
-0.80888623, -2.8504567, 0.10931295
-0.8071417, -2.8727117, 0.1254611
-0.79155034, -2.8665986, 0.11005849
-0.8070257, -2.849318, 0.13122544
-0.84430414, -2.822792, 0.0875469
-0.7858931, -2.8827143, 0.13618083
-0.77207017, -2.9018729, 0.06971732
-0.7683998, -2.891573, 0.11529091
-0.7747964, -2.890234, 0.08928752
-0.8503155, -2.8058717, 0.13248797
-0.8303039, -2.8104208, 0.13026825
-0.86836493, -2.7920012, 0.047534972
-0.8523173, -2.7935426, 0.12431409
-0.8857165, -2.7627897, 0.11033466
-0.94742936, -2.688089, 0.09289669
-0.94439507, -2.680396, 0.104392454
-0.95048094, -2.6778157, 0.10996804
-0.952542, -2.667611, 0.12918654
-0.964235, -2.6699395, 0.12601343
-0.97675586, -2.6534534, 0.09145218
-0.9701849, -2.6468616, 0.12633844
-0.9869491, -2.6317635, 0.13110293
-0.9925989, -2.614847, 0.13240004
-0.8269807, -2.8461907, 0.066749044
-0.91791946, -2.7146378, 0.08212411
-0.932618, -2.6861777, 0.12704457
-0.96468025, -2.6702926, 0.090269655
-0.7543336, -2.9069998, 0.13095433
-0.7730738, -2.8919282, 0.12797093
-0.9706809, -2.6546159, 0.10950206
-0.7661834, -2.9270172, 0.06580898
-0.9116725, -2.7160835, 0.12884489
-0.8336956, -2.8169365, 0.0915344
-0.7782861, -2.8758395, 0.12422841
-0.74264604, -2.9443507, 0.069806
-0.770941, -2.9261377, 0.049985573
-0.93139076, -2.6967947, 0.10712508
-0.8680314, -2.810141, 0.054336272
-0.83217496, -2.8299937, 0.1273247
-0.8444538, -2.8047183, 0.11125105
-0.85508704, -2.8156521, 0.06663295
-1.0325589, -2.5825067, 0.108559996
-0.8643639, -2.7753267, 0.112996876
-0.7526022, -2.9122725, 0.09071498
-0.763931, -2.9077864, 0.10217158
-0.8742369, -2.800746, 0.0645698
-0.87009716, -2.8021917, 0.1338664
-0.8292234, -2.8586726, 0.036313467
-0.8692578, -2.787875, 0.08159395
-0.88596284, -2.7700317, 0.068788484
-0.74789655, -2.9352958, 0.12586957
-0.7382934, -2.9321783, 0.11586655
-0.80770504, -2.8730822, 0.0718908
-0.82871914, -2.824163, 0.10422724
-0.8127408, -2.8601687, 0.088870145
-0.9754337, -2.6357021, 0.13885146
-0.8898517, -2.748882, 0.11100281
-0.8712529, -2.7899237, 0.0636146
-0.9684976, -2.6653852, 0.071430705
-0.80198467, -2.8843396, 0.055927753
-0.9265273, -2.706265, 0.11304652
-0.79681206, -2.8535368, 0.081317276
-0.917493, -2.6960597, 0.12911026
-0.9367571, -2.6853368, 0.09388575
-0.8932967, -2.7486148, 0.12645943
-0.72854763, -2.9698317, 0.055959716
-0.88462186, -2.765565, 0.13834085
-0.8564591, -2.7929218, 0.08974274
-0.7226377, -2.9852352, 0.054921087
-1.0106486, -2.6029587, 0.13300586
-0.79303676, -2.8559828, 0.124193445
-1.005514, -2.6041362, 0.14570743
-0.98798263, -2.6308954, 0.14783543
-0.8354755, -2.8171039, 0.10276256
-0.92406845, -2.7045307, 0.09645445
-0.94405204, -2.688865, 0.13221103
-0.85118973, -2.8319943, 0.047733743
-1.0068623, -2.6117482, 0.11174138
-0.9162263, -2.7154129, 0.10804036
-0.8128928, -2.828103, 0.1336928
-0.90808785, -2.7296343, 0.09331278
