1.413167, -0.5515335, 0.070460655
1.4145329, -0.5514073, 0.05278076
1.3873837, -0.5118179, 0.0509789
1.373791, -0.50574154, 0.0698677
1.3628658, -0.4762686, 0.072299674
1.3501953, -0.4687719, 0.09193192
1.3464012, -0.4480674, 0.032226406
1.3362958, -0.44710624, 0.04638298
1.3347547, -0.46778134, 0.11104671
1.3314061, -0.44980904, 0.109384336
1.3266244, -0.45144266, 0.1318077
1.3273737, -0.4290709, 0.07193847
1.3673277, -0.46851024, 0.010175987
1.3338647, -0.4292051, 0.033352677
1.3227427, -0.415547, 0.055702284
1.3129401, -0.42849895, 0.089459494
1.368189, -0.49557814, 0.088582404
1.3114735, -0.40989232, 0.08955156
1.2886349, -0.39202362, 0.09019063
1.2857549, -0.38842818, 0.10945618
1.3857636, -0.51025885, 0.06610587
1.37074, -0.5124935, 0.13179821
1.246277, -0.34937304, 0.10888871
1.2532984, -0.3544065, 0.08754126
1.2364492, -0.3131184, 0.10910858
1.2421322, -0.32887813, 0.09472731
1.2482865, -0.32798916, 0.07397529
1.2077559, -0.27115312, 0.09045521
1.347548, -0.43323544, 0.013861523
1.3715814, -0.48820698, 0.052528784
1.2887806, -0.37287766, 0.056316867
1.2737138, -0.370527, 0.06779554
1.3832059, -0.5311597, 0.11277747
1.353289, -0.49075478, 0.0904172
1.4054577, -0.5184788, 0.028082741
1.2906358, -0.37354487, 0.029246278
1.2902834, -0.38520372, 0.047812443
1.3333899, -0.44980982, 0.07253238
1.3107706, -0.39501727, 0.012043031
1.3021569, -0.40974155, 0.11665204
1.3939725, -0.5280085, 0.05181592
1.4074417, -0.5359739, 0.047629647
1.3315284, -0.44843253, 0.08871964
1.3541983, -0.46716815, 0.0642177
1.3935087, -0.49425343, 0.032781944
1.2731416, -0.34715876, 0.03242483
1.2461948, -0.3515014, 0.13032691
1.3834974, -0.5174726, 0.100281976
1.3101916, -0.406531, 0.053612422
1.3662452, -0.4709455, 0.04400927
1.3424052, -0.45309013, 0.07311978
1.3323424, -0.41434324, 0.025234912
1.208738, -0.29005215, 0.09180751
1.2335875, -0.30721772, 0.050252575
1.2262228, -0.28860784, 0.053295404
1.3851401, -0.5283829, 0.08637023
1.3727864, -0.48880774, 0.034438517
1.2500665, -0.30979955, 0.009607134
1.2956655, -0.4259788, 0.14761397
1.4067931, -0.5302038, 0.070940524
1.4061118, -0.51564354, -0.010221958
1.2243655, -0.29534307, 0.06783072
1.3551946, -0.48830092, 0.110390685
1.3944706, -0.5279508, 0.06913275
1.3549753, -0.4532766, 0.04444837
1.273421, -0.36992133, 0.088870354
1.3210802, -0.39493427, 0.010748107
1.3329175, -0.42747045, 0.01330771
1.2148451, -0.30468848, 0.09161648
1.3722473, -0.5112603, 0.101991445
1.2844405, -0.3678866, 0.07382642
1.2921503, -0.40620166, 0.12957272
1.2696917, -0.35344705, 0.09516802
1.2692531, -0.3521262, 0.06593108
1.3005699, -0.37027955, 0.0047967564
1.3459282, -0.47164726, 0.10728483
1.2938726, -0.4111367, 0.111636676
1.3310306, -0.43380964, 0.05547633
1.3746489, -0.51184213, 0.09248605
1.3728464, -0.48909625, 0.07075908
1.2347102, -0.32506236, 0.10905506
1.3217273, -0.41624746, 0.0688181
1.3544894, -0.47232428, 0.030133408
1.3285266, -0.40775186, -0.009598661
1.3063966, -0.41501367, 0.07221826
1.4017613, -0.53435427, 0.10692716
1.2356379, -0.3436284, 0.14598897
1.3040224, -0.39126173, 0.037549775
1.2284673, -0.3167219, 0.09404675
1.2669053, -0.3386546, 0.05427519
1.2297615, -0.29961896, 0.09453076
1.3341048, -0.46942726, 0.1314847
1.2620056, -0.32921487, 0.026257271
1.3509597, -0.45942065, 0.08045868
1.3037724, -0.42562205, 0.10794994
1.2869066, -0.39001417, 0.073473215
1.3679457, -0.4714314, 0.029473523
1.3125552, -0.44630495, 0.113609254
1.2645497, -0.33313137, 0.009130876
1.2524247, -0.33137077, 0.033409648
1.3934146, -0.49903587, 0.041887846
1.3521022, -0.46695158, 0.051865514
1.2783493, -0.3891454, 0.10695769
1.3020993, -0.37399244, 0.028654527
1.3923926, -0.5048528, 0.030487355
1.2954249, -0.40228844, 0.08970325
1.2661364, -0.36494464, 0.11037094
1.3833989, -0.51320297, 0.090639964
1.197128, -0.27338284, 0.11760381
1.2549819, -0.36668855, 0.11568153
1.2627649, -0.3340342, 0.06740088
1.3942301, -0.5112582, 0.007089495
1.2473077, -0.33955088, 0.11954088
1.2920382, -0.3675114, 0.008655144
1.3420734, -0.43775457, 0.056752186
1.4091446, -0.55623055, 0.10907674
1.4276898, -0.5515618, 0.02273912
1.3771341, -0.5043278, 0.03209085
1.3133339, -0.44492403, 0.14814897
1.4302902, -0.5656979, 0.07037369
1.3244524, -0.41103733, 0.0065152682
1.423679, -0.55424833, 0.04507271
1.3080897, -0.3974643, 0.08546097
1.2578623, -0.36444387, 0.09828908
1.2352909, -0.33826375, 0.1451078
1.2327021, -0.31354403, 0.07229374
1.2493067, -0.3301497, 0.052518167
1.2311909, -0.32951802, 0.13569751
1.2694342, -0.35268047, 0.04669129
1.2095207, -0.27507824, 0.07373399
1.2976152, -0.42439723, 0.1028405
1.3382493, -0.49125186, 0.11678699
1.3762815, -0.53097975, 0.10934919
