-1.048453, -2.5355725, 1.2688189
-1.0487745, -2.5505943, 1.2507079
-1.0546082, -2.5425785, 1.301819
-1.0501672, -2.5518742, 1.2901528
-1.0577376, -2.537225, 1.2286907
-1.0574684, -2.5344024, 1.2833786
-1.0714617, -2.51164, 1.311601
-1.0692117, -2.5307746, 1.2487462
-1.0507466, -2.5501122, 1.2115202
-1.0785306, -2.5094888, 1.3255199
-1.0914702, -2.4914637, 1.3499519
-1.0861447, -2.4950387, 1.2908177
-1.0749303, -2.5159795, 1.3435717
-1.0927454, -2.4980545, 1.2519507
-1.0197053, -2.5799537, 1.2085673
-1.0972869, -2.4883356, 1.3672765
-1.1067502, -2.4776292, 1.3942661
-1.0548625, -2.5471332, 1.3646436
-1.1129925, -2.4730473, 1.4076319
-1.1320696, -2.433413, 1.3862803
-1.0461004, -2.550367, 1.394358
-1.0514871, -2.551822, 1.4079379
-1.0699637, -2.531755, 1.4084905
-1.0357735, -2.5570376, 1.3755245
-1.0653766, -2.5342832, 1.4277012
-1.07184, -2.5174544, 1.4248872
-1.0652186, -2.5310323, 1.4523517
-1.0582397, -2.512394, 1.435445
-1.0736533, -2.5151865, 1.4504519
-1.052096, -2.5341759, 1.4646679
-1.0471742, -2.557383, 1.4745741
-1.0681942, -2.5083241, 1.4963081
-1.0931722, -2.4907959, 1.4898161
-1.0595682, -2.5373588, 1.5026548
-1.0670261, -2.5295446, 1.5130948
-1.0746014, -2.5023835, 1.5133694
-1.069498, -2.5234406, 1.5295337
-1.0907402, -2.4945264, 1.5106181
-1.0752568, -2.5155797, 1.534713
-1.108676, -2.4766054, 1.4727466
-1.1170802, -2.4641805, 1.5334101
-1.050511, -2.542502, 1.5499979
-1.0491678, -2.5477626, 1.5354646
-1.1251408, -2.4569173, 1.5498505
-1.0556931, -2.5433526, 1.583156
-1.0637925, -2.5333395, 1.6507902
-1.073534, -2.5137944, 1.6258742
-1.1050786, -2.4771924, 1.3748794
-1.0251398, -2.5847857, 1.4301225
-1.0322146, -2.5807285, 1.2452543
-1.0705559, -2.5092702, 1.6910563
-1.0496653, -2.5516002, 1.3327938
-1.1129851, -2.468737, 1.4499626
-1.0656751, -2.5360706, 1.47001
-1.07047, -2.5283566, 1.1901199
-1.0216042, -2.5859494, 1.3948274
-1.0694307, -2.5329998, 1.355042
-1.0699807, -2.5158696, 1.3863584
-1.0928618, -2.484339, 1.2288035
-1.0865933, -2.49922, 1.7028486
-1.0742166, -2.5048397, 1.704907
-1.0950096, -2.4957247, 1.164546
-1.047777, -2.5539505, 1.1502303
-1.0954387, -2.489826, 1.1288872
-1.0670357, -2.5337508, 1.1084799
-1.0716851, -2.516253, 1.0737247
-1.0554656, -2.5504816, 1.0834618
-1.0674989, -2.5338194, 1.0598818
-1.0887618, -2.498312, 1.0508528
-1.0358487, -2.5676484, 1.04988
-1.0463144, -2.556536, 1.0158995
-1.0536934, -2.5516794, 1.0272005
-1.0702294, -2.5299263, 0.96926486
-1.0532348, -2.547266, 0.9906988
-1.0703248, -2.5313063, 0.9859865
-1.0795051, -2.513839, 0.9796282
-1.071307, -2.5277052, 0.92778295
-1.0924159, -2.495277, 0.9921011
-1.0567232, -2.547233, 0.92987716
-1.0938138, -2.4959989, 0.9745735
-1.0930659, -2.4946425, 0.9377319
-1.047727, -2.5524764, 0.88412344
-1.0665857, -2.5317848, 0.9135199
-1.069215, -2.5263982, 0.8883286
-1.0739979, -2.5143216, 0.9031276
-1.0524606, -2.552217, 0.91148
-1.1033725, -2.477091, 0.9453638
-1.0318174, -2.5711174, 0.8860178
-1.0324403, -2.5772, 0.8507677
-1.0530013, -2.5539448, 0.8731402
-1.0499637, -2.5531967, 0.8241625
-1.0710335, -2.522613, 0.78139347
-1.0738847, -2.5134573, 0.79206777
-1.0955335, -2.4896958, 0.80899453
-1.0988624, -2.4887083, 0.83621335
-1.02519, -2.5963092, 0.787407
-1.0514355, -2.5543125, 0.77418536
-1.0939559, -2.4957242, 1.0343498
-1.0508122, -2.5535073, 0.7313204
-1.0964872, -2.48913, 1.4063108
-1.0938758, -2.4909997, 1.3947418
-1.115428, -2.4623904, 1.0890762
-1.0378973, -2.564243, 0.7149665
-1.0260253, -2.5579662, 0.68677664
-1.0533755, -2.5485125, 0.6510102
-1.0360763, -2.564934, 0.65448105
-1.0510459, -2.5498214, 0.6108384
-1.0740782, -2.5234923, 0.5854763
-1.0672463, -2.533797, 0.5701904
-1.0305562, -2.5811663, 0.6933892
-1.032751, -2.5697184, 0.6314304
-1.0669645, -2.513276, 1.542531
-1.0878141, -2.4906545, 1.5252483
-1.0492883, -2.5556273, 0.5294534
-1.0526481, -2.545978, 1.651732
-1.0658044, -2.5348387, 1.6725317
-1.0710607, -2.530532, 1.3119568
-1.0569301, -2.5510535, 1.4903722
-1.0520104, -2.5535889, 1.1326628
-1.0338613, -2.5672953, 0.51146847
-1.0682303, -2.5370023, 0.4503306
-1.0475949, -2.5513117, 0.43366495
-1.0598541, -2.5333557, 0.41035634
-1.0509633, -2.5485265, 0.40918544
-1.0551776, -2.5499206, 0.39039505
-1.0360265, -2.5531535, 0.40739807
-1.0684508, -2.532878, 0.38928166
-1.0750105, -2.5222454, 0.3720482
-1.0497185, -2.5547798, 0.3712352
-1.0647104, -2.5303571, 0.34772336
-1.0498291, -2.5503225, 1.3453457
-1.0912437, -2.4886925, 1.4311707
-1.0940484, -2.4915638, 1.7360333
-1.0713465, -2.5296128, 0.41098666
-1.0540756, -2.5514915, 1.166002
-1.0518494, -2.538704, 1.6494478
-1.068262, -2.5254688, 1.3924993
-1.0652831, -2.5337977, 1.3737386
-1.0955377, -2.4935374, 1.4471207
-1.073135, -2.5255637, 0.66590583
-1.0750383, -2.524292, 0.709782
-1.068388, -2.5305896, 0.7474472
-1.0696805, -2.529387, 1.6821846
-1.1153259, -2.466938, 1.4892424
-1.0680242, -2.530901, 1.1669183
-1.0739799, -2.5163739, 1.3705156
-1.0757282, -2.5140188, 1.2174714
-1.0737256, -2.5265145, 1.207813
-1.0635353, -2.528251, 1.5788137
-1.0783883, -2.5152593, 1.6069504
-1.1040592, -2.4762595, 1.6564435
-1.122401, -2.459312, 1.6947037
-1.0534052, -2.5492623, 0.6281619
-1.0677266, -2.5281734, 1.267315
-1.0531329, -2.5557113, 0.515944
-1.0771948, -2.5219624, 1.7031932
-1.0365868, -2.5704484, 0.86040014
-1.0771278, -2.5105972, 1.2723818
-1.1017342, -2.4734771, 1.7380791
-1.0716243, -2.515294, 1.4677896
-1.1101475, -2.4712849, 1.7498901
-1.0767843, -2.5186193, 1.289168
-1.1248055, -2.45409, 1.4864469
-1.0906135, -2.4916751, 0.3920587
-1.0522885, -2.5438657, 1.4257317
-1.070533, -2.5250196, 0.7292988
-1.0011761, -2.5755014, 1.4079101
-1.0488492, -2.5481203, 1.274367
-1.1520157, -2.4166214, 1.4732497
-0.90483814, -2.7416024, 2.0712264
-1.0671221, -2.538057, 1.1526281
-1.0745015, -2.5157342, 1.7375617
-1.090893, -2.4940443, 1.1487563
-0.8971602, -2.7461824, 2.0344257
-1.0687375, -2.5302176, 1.6308388
-0.8960248, -2.7526429, 2.088971
-1.0478427, -2.5562577, 0.75382805
-1.0541943, -2.5502403, 1.7578943
-1.089477, -2.4960198, 1.6717957
-1.014695, -2.5851886, 1.3872358
-1.0955095, -2.499741, 1.6863779
-1.0751469, -2.516643, 0.47298223
-1.0678957, -2.5266116, 1.7346995
-1.0793939, -2.5110188, 0.81649965
-1.0677292, -2.5268154, 1.3317105
-1.069935, -2.5312665, 0.43227464
-1.0264055, -2.5827332, 0.6648818
-1.0392573, -2.5443392, 1.6349281
-0.8839328, -2.7654505, 2.0306902
-1.0106509, -2.588812, 1.5716333
-0.8922672, -2.7514334, 2.0498428
-0.8860978, -2.7703447, 2.0482337
-0.9054221, -2.7454352, 2.1067114
-0.88430023, -2.777156, 2.0692263
-1.0731757, -2.51095, 1.746869
-1.0544373, -2.5477386, 1.6295962
-0.9070768, -2.7423728, 2.0870187
-0.90623873, -2.7456672, 2.044
-0.8866468, -2.775609, 2.003757
-0.8698393, -2.773451, 2.0288606
-0.8738006, -2.7729545, 2.1101973
-0.9376556, -2.7043679, 2.028102
-1.0682064, -2.5284958, 1.7887781
-1.05199, -2.5455935, 1.7682575
-1.0328227, -2.571999, 1.727918
-0.9318722, -2.7122762, 2.106212
-1.0315906, -2.580573, 1.7108524
-0.89142233, -2.7632337, 1.9653088
-0.8512655, -2.8125267, 2.0530689
-0.9318133, -2.7102525, 2.0112762
-0.94349754, -2.690419, 2.0355892
-0.9466813, -2.67344, 2.0294476
-0.93299437, -2.6945982, 2.024684
-1.0628921, -2.5336647, 1.8176893
-1.0102595, -2.6061125, 1.7096096
-0.95157343, -2.688716, 2.0886383
-0.91009295, -2.7253423, 1.9752573
-0.8438665, -2.8211458, 2.0381258
-0.83044845, -2.834052, 2.012094
-0.8504852, -2.8272734, 2.0751863
-0.8339987, -2.84133, 2.049095
-0.83601236, -2.831833, 2.096572
-0.85423034, -2.8077936, 2.0702126
-0.82638085, -2.847743, 2.0716317
-0.8309394, -2.8507195, 2.0345225
-0.85402775, -2.8220148, 2.0900536
-0.83280253, -2.8285885, 2.1102583
-0.84473884, -2.827065, 2.1125226
-0.93496895, -2.6910655, 1.9714472
-0.9402984, -2.6905715, 1.9785607
-0.97115207, -2.6660604, 2.0894227
-0.9785449, -2.6549957, 2.085015
-0.9748695, -2.6645465, 2.1047988
-1.0745997, -2.5139213, 1.8443614
-1.0927349, -2.4914362, 1.8422401
-0.84753853, -2.8122091, 1.9739053
-0.85526896, -2.8110516, 1.9865465
-0.80534536, -2.853122, 2.0344157
-0.8259233, -2.8479223, 2.0064626
-0.81432927, -2.8551192, 2.085647
-0.80141854, -2.8610256, 2.0626578
-0.93164927, -2.6893137, 1.9309623
-0.9948556, -2.6362686, 2.1175683
-1.0524255, -2.5486283, 1.8688796
-1.0627589, -2.536255, 1.8780047
-0.78775805, -2.8853338, 2.0378883
-0.7932582, -2.8937674, 2.064585
-0.7898375, -2.889508, 2.1055298
-1.0249076, -2.5928004, 1.871552
-1.0349665, -2.5750337, 1.8222508
-1.077338, -2.5159278, 1.9087591
-0.77039623, -2.9078333, 2.0551777
-1.0213231, -2.5984485, 1.9520104
-1.0149812, -2.5883675, 1.8837992
-1.0119838, -2.599051, 1.9611161
-1.0329916, -2.58393, 1.9757248
-0.99102384, -2.626317, 1.895428
-1.0268358, -2.591529, 2.0143619
-1.0069124, -2.571772, 2.0009742
-0.97156596, -2.6479921, 1.9356933
-1.0529727, -2.5487382, 2.0215857
-1.0121751, -2.5930111, 2.026439
-0.99367464, -2.6358151, 2.0374475
-1.0110161, -2.6106975, 2.025059
-0.99508506, -2.625776, 2.006638
-1.0271735, -2.5916748, 2.0485682
-1.0911996, -2.492383, 1.4747167
-1.0589367, -2.5367544, 1.5992832
-1.0323886, -2.583947, 0.9664254
-1.0772089, -2.5204268, 0.52636135
-1.0706985, -2.52416, 0.5176686
-1.046643, -2.547241, 0.5726677
-1.018356, -2.5531514, 0.5123732
-1.0278212, -2.5598493, 0.70994353
-0.8840206, -2.772017, 2.0999436
-1.097655, -2.4906242, 0.7504648
-1.1212766, -2.4582682, 1.5329101
-1.0562477, -2.5454662, 0.48577112
-0.9725468, -2.655672, 2.0474885
-1.0367787, -2.564527, 1.004391
-1.067389, -2.5371392, 0.69377184
-1.1305244, -2.4458342, 1.6502273
-0.996639, -2.633773, 2.0929778
-0.8878677, -2.750786, 2.1140945
-1.1432459, -2.4038565, 1.660747
-1.0295315, -2.574426, 1.843804
-0.95744526, -2.6830773, 1.984682
-0.8472168, -2.818896, 2.024156
-1.1141642, -2.4669507, 1.7113419
-1.0341562, -2.5634615, 1.5519269
-1.0671982, -2.5255911, 1.6075243
-0.765362, -2.9273248, 2.0658693
-0.86488056, -2.8141274, 2.0245485
-1.0707769, -2.5286038, 1.831971
-1.0552506, -2.5540662, 0.47413805
-0.8879173, -2.766421, 2.1082077
-1.0148375, -2.5656486, 1.5163323
-1.0966942, -2.4841826, 1.7513713
-1.1120933, -2.4781942, 1.205801
-1.0664023, -2.5376854, 1.0798808
-0.89227116, -2.7516274, 1.9688559
-1.0517466, -2.5480018, 1.5671096
-0.9325138, -2.7143078, 2.0489612
-1.1156422, -2.4743898, 1.5589746
-1.0181698, -2.5920804, 1.3634894
-0.86887515, -2.7918534, 2.0953536
-0.7730335, -2.910869, 2.0707426
-1.0347726, -2.5821114, 0.9882456
-0.8331167, -2.8298163, 1.997802
-0.8703036, -2.8027081, 2.0520113
-1.0530174, -2.5495052, 0.7134372
-1.0082263, -2.5899706, 1.7753787
-0.7519023, -2.938549, 2.0310261
-1.014834, -2.5720234, 1.5912399
-1.0237141, -2.5536618, 1.0460534
-1.0989621, -2.492056, 1.1814498
-0.82467103, -2.8443935, 1.9220542
-0.9575506, -2.6871567, 2.1006794
-1.0765278, -2.5084274, 1.1455853
-1.0210832, -2.5837958, 1.9034468
-1.0642773, -2.5358803, 1.2929382
-1.0568825, -2.5463595, 0.55083895
-1.0310216, -2.5825732, 1.030691
-1.0397927, -2.5759938, 1.6234211
-0.9720946, -2.652475, 1.8556181
-0.86420953, -2.796865, 2.0296223
-1.0316741, -2.5702853, 0.6854795
-1.1270947, -2.442277, 1.175266
-0.7249373, -2.9683332, 2.048956
-0.79589653, -2.874475, 1.9529374
-0.69865626, -2.9978387, 2.0529232
-0.73113024, -2.9713345, 2.0878224
-0.6901638, -3.0077305, 2.0343537
-0.6927493, -3.008215, 2.049355
-0.6669278, -3.0295565, 2.0485616
-0.6867037, -3.008476, 2.1054597
-0.68466985, -3.0319355, 2.0905077
-0.6565367, -3.0378044, 2.0571551
-0.686602, -3.0234091, 1.9904804
-0.6627952, -3.0303693, 2.012528
-0.67275995, -3.041921, 2.0735514
-0.65334994, -3.0478158, 2.0896695
-0.65054524, -3.0513475, 1.9857268
-0.6682646, -3.0369322, 1.9745221
-0.66231024, -3.0506103, 1.970025
-0.6403788, -3.07243, 1.9988564
-0.6219238, -3.0953271, 2.068814
-0.6231612, -3.092051, 2.0324445
-0.63521874, -3.0742066, 1.988839
-0.6294677, -3.0940163, 1.9699929
-0.6598811, -3.0501263, 1.9336234
-0.65311223, -3.080612, 1.9435726
-0.7074046, -2.99005, 1.9344857
-0.6203904, -3.082128, 1.9591895
-0.60050434, -3.1098204, 1.9726588
-0.62121946, -3.1087773, 1.9525192
-0.6490683, -3.0870206, 1.9341761
-0.6411028, -3.0584085, 1.8869191
-0.63034314, -3.0799549, 1.9027611
-0.65516627, -3.0493815, 1.9093018
-0.68865186, -2.9949493, 1.8849802
-0.646983, -3.075565, 1.8729932
-0.6789168, -3.0083177, 1.884778
-0.6336258, -3.0638795, 1.8726807
-0.6291689, -3.0899758, 1.8507575
-0.6293926, -3.096048, 1.8346026
-0.6557802, -3.049267, 1.8260889
-0.68386686, -3.0530255, 1.8421965
-0.64928126, -3.054384, 1.79325
-0.67474914, -3.026724, 1.8068446
-0.63067573, -3.0700343, 1.7675359
-0.6483451, -3.0615447, 1.7426049
-0.65178275, -3.0518963, 1.7517953
-0.6524084, -3.047991, 1.7722745
-0.6878376, -3.0176172, 1.766109
-0.62463003, -3.0923016, 1.7347653
-0.6710094, -3.0305727, 1.7333628
-0.64971983, -3.035352, 1.727459
-0.64163077, -3.0385711, 1.713256
-0.710943, -2.9926748, 1.8285483
-0.59846795, -3.108069, 1.7113355
-0.68525547, -3.027112, 1.7163703
-0.6520581, -3.0392904, 1.657685
-0.6560464, -3.0438032, 1.6090086
-1.006876, -2.607299, 1.9272914
-0.81214017, -2.8552022, 2.0675685
-0.664101, -3.0432909, 1.8116194
-0.60254467, -3.1214437, 1.9885591
-0.9149954, -2.735353, 2.1136992
-0.7160708, -2.9702678, 2.0934076
-1.0544708, -2.5534267, 1.5117564
-0.93754077, -2.6734827, 2.0158305
-0.71907324, -2.9784842, 2.0638158
-0.6589027, -3.0380378, 2.0037384
-1.028314, -2.5681717, 1.1276981
-1.044112, -2.5532665, 0.59466326
-0.8149843, -2.8647935, 2.1019921
-0.63454396, -3.055375, 1.7880758
-1.0700033, -2.5282962, 1.586611
-0.6685101, -3.0533981, 2.0326385
-0.7435369, -2.9517245, 2.0903141
-1.0545864, -2.5416517, 1.8064388
-0.8120199, -2.8551211, 2.0479264
-0.75587845, -2.9333444, 2.04705
-1.044967, -2.5438092, 1.4496143
-0.7838145, -2.8906143, 2.0897014
-0.64503145, -3.0645852, 1.9726247
-1.0538158, -2.5505972, 0.78669524
-0.72825575, -2.970612, 2.0684986
-0.6653537, -3.0494576, 1.9436407
-0.74678487, -2.9377527, 2.0984843
-0.8589246, -2.781431, 2.00379
-0.64798146, -3.0511818, 1.6489396
-0.64196426, -3.083099, 1.9919186
-0.67570966, -3.0349603, 2.0334837
-1.1140223, -2.4726944, 1.671925
-1.0549206, -2.5319557, 1.810702
-0.84487706, -2.8301876, 1.9830215
-0.6314652, -3.0741494, 1.6662748
-0.63304174, -3.076759, 1.685892
-1.0504984, -2.5349321, 1.5528657
-0.6307455, -3.0896547, 1.9837257
-0.65578, -3.068154, 2.0262673
-0.98274153, -2.622441, 1.9700441
-1.0169591, -2.578643, 1.4722188
-0.6573611, -3.0331259, 2.106508
-0.62401867, -3.0867062, 1.6929102
-1.0055039, -2.5873764, 0.7767172
-0.6047216, -3.083511, 1.6377437
-0.6289617, -3.0649836, 1.5265152
-0.6044046, -3.0903368, 1.5686522
-0.60324687, -3.1034467, 1.6283154
-0.6266668, -3.0734565, 1.4938967
-0.6063266, -3.0909297, 1.4881551
-0.6377613, -3.066363, 1.4780211
-0.62602264, -3.0925999, 1.4732447
-0.5985306, -3.0960329, 1.4986774
-0.6335994, -3.063442, 1.4472806
-0.60860515, -3.0968924, 1.4681337
-0.6117633, -3.1083663, 1.4560697
-0.5960816, -3.1125488, 1.4883884
-0.6535928, -3.037401, 1.4491533
-0.62256205, -3.0848932, 1.4293404
-0.6323333, -3.0694761, 1.4025476
-0.6787212, -3.0154927, 1.475123
-0.6097664, -3.0934215, 1.3931781
-0.60722446, -3.1039555, 1.3906623
-0.64935446, -3.0520453, 1.3938389
-0.61276054, -3.0879207, 1.3476901
-0.6119903, -3.091824, 1.3321964
-0.6515238, -3.072571, 1.3312575
-0.6372953, -3.0531611, 1.3573498
-0.61312455, -3.1035397, 1.3201745
-0.63396657, -3.0845501, 1.2804431
-0.6699015, -3.0207787, 1.3286164
-0.6662995, -3.0444114, 1.2990966
-0.67147017, -3.0325272, 1.3073733
-0.6467429, -3.0648723, 1.258712
-0.6327625, -3.067125, 1.2484305
-0.65574706, -3.0525498, 1.2711283
-0.62465733, -3.080789, 1.2324085
-0.6443532, -3.0428734, 1.2262853
-0.62687296, -3.0743992, 1.2160093
-0.6554427, -3.0366094, 1.223272
-0.6558311, -3.026624, 1.2093089
-0.6465064, -3.0623415, 1.1891321
-0.63533986, -3.0670314, 1.1830897
-0.64782566, -3.0488489, 1.1727247
-0.6302002, -3.0627487, 1.166771
-0.6471437, -3.0627875, 1.1694651
-0.6176342, -3.071876, 1.1501977
-0.6454214, -3.0290163, 1.12969
-0.6718365, -3.02658, 1.1282349
-0.6386357, -3.0554628, 1.1062208
-0.6549294, -3.0296524, 1.1093823
-0.64883906, -3.0469332, 1.0724454
-0.6241824, -3.0801873, 1.076225
-0.63179433, -3.0735664, 1.0455314
-0.6417468, -3.0615308, 1.0257308
-0.6331113, -3.0365853, 1.0244634
-0.6193078, -3.0713773, 1.0407437
-0.6447302, -3.0517325, 1.0148535
-0.6542017, -3.0295377, 1.0123122
-0.66241944, -3.0289898, 0.9963699
-0.65022755, -3.0537019, 0.9946287
-0.6362244, -3.0575268, 0.9993938
-0.6260243, -3.080365, 0.9891649
-0.6347481, -3.070398, 0.9695374
-0.64582163, -3.0479121, 0.97167003
-0.68077105, -3.0437903, 0.9814739
-0.6381532, -3.0540404, 0.96452177
-0.6679323, -3.006073, 0.96333104
-0.6542407, -3.0461707, 0.94364244
-0.6652831, -3.0213814, 0.950023
-0.630271, -3.0697734, 0.9495335
-0.6448189, -3.0651157, 0.94972324
-0.60566795, -3.0855515, 0.9558708
-0.6161121, -3.0771532, 0.9204982
-0.6460304, -3.0539966, 0.9274941
-0.63440245, -3.04521, 0.92219794
-0.6136298, -3.08094, 0.9256239
-0.65779245, -3.0316238, 0.93335056
-0.6495613, -3.052582, 0.9088795
-0.66691494, -3.0302613, 0.904577
-0.62807214, -3.0663104, 0.91181415
-0.61272347, -3.0950477, 0.90732145
-0.63132644, -3.0672858, 0.88910085
-0.61493325, -3.0698693, 0.888279
-0.6394002, -3.053233, 0.8946654
-0.6544411, -3.0300093, 0.8903431
-0.6530827, -3.0476878, 0.8839526
-0.64338577, -3.0478232, 0.874406
-0.6259589, -3.0686693, 0.8666267
-0.67626315, -3.01984, 0.86838335
-0.6458198, -3.0517159, 0.85330355
-0.6118625, -3.0838668, 0.85102654
-0.630596, -3.0642476, 0.8447037
-0.6664146, -3.0250878, 0.8512738
-0.6373774, -3.0253217, 0.83271587
-0.6486824, -3.0587857, 0.8298368
-0.6279791, -3.0695205, 0.829939
-0.65192616, -3.0301135, 0.83071464
-0.61664265, -3.0704837, 0.82339245
-0.63261294, -3.050362, 0.8111369
-0.6533636, -3.0440688, 0.80593586
-0.6710949, -3.0216331, 0.8089836
-0.6563036, -3.0267859, 0.787431
-0.64829093, -3.0476222, 0.7888415
-0.6287231, -3.0717292, 0.7909951
-0.6163636, -3.0728643, 0.787358
-0.6391013, -3.0537722, 0.7727388
-0.64794177, -3.0390315, 0.7666537
-0.62669694, -3.0674746, 0.7730061
-0.6685078, -3.024428, 0.7675582
-0.6498642, -3.0337486, 0.7474985
-0.62790674, -3.0710535, 0.7546542
-0.6272106, -3.0663006, 0.7309216
-0.6522056, -3.024777, 0.73268175
-0.60919815, -3.0948792, 0.70624197
-0.62212926, -3.081038, 0.705374
-0.6293854, -3.0702052, 0.7148736
-0.64943427, -3.048321, 0.6846987
-0.63566303, -3.0539093, 0.69189566
-0.610658, -3.0906239, 0.68621343
-0.6230606, -3.0710654, 0.68512434
-0.62347376, -3.0698571, 0.6700086
-0.61462426, -3.0764995, 0.6654382
-0.64059407, -3.0604947, 0.6606578
-0.6456439, -3.0509884, 0.67368656
-0.6497952, -3.03508, 0.651138
-0.62457335, -3.0770824, 0.6419708
-0.6109583, -3.0717235, 0.6488103
-0.6250272, -3.0721517, 0.6273652
-0.64490783, -3.048293, 0.62736785
-0.65122163, -3.0246367, 0.62564325
-0.6641247, -3.0142813, 0.62762094
-0.6504632, -3.0461488, 0.61204934
-0.6682461, -3.019091, 0.61204505
-0.6266744, -3.0689363, 0.5920273
-0.67449087, -2.988366, 0.6029488
-0.66940624, -3.0102873, 0.5875272
-0.6463387, -3.0486536, 0.57644546
-0.64850426, -3.028251, 0.52892876
-0.62756526, -3.0653434, 0.5319206
-0.6209404, -3.0800498, 0.5357936
-0.61263245, -3.081648, 0.52712196
-0.64818573, -3.0492797, 0.5059655
-0.62502354, -3.0683644, 0.50073075
-0.6325559, -3.048622, 0.4867695
-0.61020887, -3.0882597, 0.51112264
-0.644838, -3.038185, 0.4535132
-0.6301886, -3.0683916, 0.44912332
-0.839471, -2.8247082, 2.0797927
-1.0778546, -2.522222, 1.1261374
-0.6256795, -3.0699873, 2.041777
-0.73351634, -2.9536405, 2.073849
-1.0078776, -2.5887182, 1.4663692
-0.6552636, -3.0429342, 0.77405816
-1.0963861, -2.4958344, 1.2622527
-0.6522408, -3.028698, 0.67037714
-0.66853213, -3.0141857, 0.5680421
-0.63359344, -3.084762, 2.0543551
-1.0663686, -2.528354, 0.49602196
-1.0596724, -2.5339046, 1.8227812
-0.63017476, -3.0555391, 0.613406
-0.6860703, -3.0091963, 0.6123423
-0.6708666, -3.0341747, 1.0832012
-0.60950255, -3.0890224, 1.0482143
-0.6152154, -3.0680907, 0.53121495
-1.0505453, -2.5547676, 1.1108514
-1.0552483, -2.5493326, 1.2285
-1.0718812, -2.5307517, 1.4911971
-1.0701277, -2.5310087, 1.5517857
-0.6669398, -3.029488, 0.79280937
-0.64654636, -3.0382028, 0.5751792
-0.6321914, -3.046717, 0.5713135
-0.9828713, -2.6285577, 1.9104425
-1.0142331, -2.588687, 1.583556
-0.65203595, -3.0261028, 0.6116582
-0.6306816, -3.0689054, 1.3871626
-0.64890456, -3.049208, 0.70791954
-0.63406146, -3.0492592, 0.50789595
-0.6494249, -3.0155997, 0.5485939
-0.63564026, -3.0527973, 1.4555923
-0.68594277, -2.9951906, 0.8455331
-0.6263979, -3.0718994, 1.2920818
-0.96567667, -2.6634328, 1.9546094
-0.63706034, -3.0528946, 0.743756
-0.67163086, -3.0442858, 1.7854187
-1.1168307, -2.4592302, 1.5482408
-0.6237849, -3.0875242, 1.204401
-1.0718741, -2.5290906, 1.0842769
-1.0512472, -2.5535517, 1.7952276
-0.6375119, -3.0691576, 1.270624
-0.62856215, -3.0717607, 0.9969729
-0.61765873, -3.079746, 1.6050982
-0.68706983, -3.037458, 2.0189857
-0.6484756, -3.0490513, 1.4103209
-0.6714462, -3.0168624, 0.82701254
-0.956238, -2.676725, 2.0449886
-0.96781135, -2.6663332, 1.9900409
-0.64585173, -3.0463457, 0.7323537
-0.8956877, -2.7244627, 1.9865396
-0.610535, -3.0758271, 0.7690903
-0.65117747, -3.03054, 0.9516695
-1.1364481, -2.4398303, 1.3381474
-1.0988959, -2.4913692, 1.3189269
-0.6190496, -3.073353, 1.2932423
-0.6310407, -3.0512047, 0.6538998
-0.67411035, -3.0170677, 0.7637188
-0.82911354, -2.854474, 2.1098697
-0.6355989, -3.045725, 0.62820077
-0.6171486, -3.0741262, 0.5629874
-0.66168773, -3.0373745, 0.7588019
-0.66343737, -3.043134, 1.2315754
-0.6503038, -3.0731974, 2.088895
-0.66057754, -3.0649152, 2.0360806
-0.6501206, -3.021719, 0.5478695
-0.6291042, -3.0703616, 1.85822
-0.66495156, -3.0141466, 0.8807355
-0.6660682, -3.0238185, 0.6710951
-0.65330243, -3.0502944, 1.5707202
-1.0314021, -2.583403, 1.4898427
-0.6109751, -3.0917873, 1.0288955
-0.62937945, -3.0541105, 0.44834477
-1.1188283, -2.4595275, 1.4549898
-0.86628973, -2.8058805, 1.9951104
-0.60978776, -3.1079752, 1.931789
-0.6241441, -3.0750742, 1.9338238
-0.8622647, -2.8004925, 2.0976553
-0.6327228, -3.0717683, 0.60257477
-0.7148489, -2.993127, 2.0512927
-1.0325147, -2.5724869, 0.5708835
-0.65040183, -3.0451875, 1.0445557
-0.6368589, -3.0585945, 1.2356238
-0.70553124, -2.972266, 1.9416022
-1.0775409, -2.524728, 0.65279025
-0.65537584, -3.0271735, 0.7092019
-0.6294978, -3.0837827, 0.6857445
-0.6336434, -3.0439181, 0.5839959
-0.63349813, -3.0902123, 1.4496827
-0.64698637, -3.049294, 1.3248296
-1.0938649, -2.4958453, 0.69006866
-1.025403, -2.5899951, 1.3524051
-1.0156491, -2.567286, 1.8493428
-0.91186076, -2.7355187, 2.093663
-0.8682138, -2.7921567, 2.1101894
-0.86671484, -2.813979, 2.1099727
-1.0569651, -2.5363972, 0.97804105
-0.6710322, -3.0126235, 0.50588137
-1.0350422, -2.580468, 1.5837234
-0.66706413, -3.0496302, 2.0484169
-1.0725613, -2.512023, 0.8349161
-0.68843377, -2.999984, 2.1093721
-0.6649574, -3.0344229, 0.86807877
-1.0256857, -2.5865364, 1.2134571
-0.9950578, -2.6254904, 1.9268357
-0.6647572, -3.0270724, 1.769114
-0.63348806, -3.0909057, 1.8726118
-1.1177629, -2.4698048, 1.6372448
-1.0742568, -2.5227396, 1.9856493
-0.65089417, -3.0420616, 1.1302357
-0.7676878, -2.9080637, 2.0291243
-0.6622832, -3.0239348, 0.5747715
-0.61314, -3.0744026, 0.6976902
-0.6655091, -3.0535903, 1.7712709
-1.1133624, -2.473186, 1.8753302
-1.0300356, -2.5890982, 1.8887005
-1.0696256, -2.5319657, 1.9744091
-0.6739372, -3.0270567, 0.6856679
-1.0361929, -2.5549154, 1.4632044
-0.9584268, -2.677815, 1.908423
-0.9194355, -2.7171729, 1.9695355
-1.0383325, -2.5496695, 1.3866953
-0.6286143, -3.0750864, 1.1312282
-0.599225, -3.0998, 1.7218676
-0.6648605, -3.0458224, 1.4318078
-0.6572579, -3.0099251, 2.111932
-0.6555246, -3.05596, 1.4449866
-1.0761592, -2.518223, 1.9347471
-1.1316835, -2.4326916, 1.5056947
-1.0304692, -2.58845, 1.1725023
-0.6704073, -3.0235386, 0.61387587
-1.1582, -2.4023762, 1.1902844
-0.6459737, -3.0586758, 2.0545037
-1.0527642, -2.5520506, 1.8847538
-0.6091649, -3.0948534, 1.6698022
-0.64464986, -3.0466366, 1.590091
-0.6349293, -3.068244, 1.0650198
-1.0369799, -2.5793166, 1.9836525
-0.6515174, -3.0385582, 0.68154776
-1.0243431, -2.5811446, 1.5746822
-0.6115637, -3.0967815, 2.0104208
-0.6090311, -3.0730124, 1.4899466
-0.9234446, -2.697566, 1.9841884
-1.0339583, -2.5761936, 1.386054
-1.0300809, -2.5770652, 0.9392534
-0.61054707, -3.0768626, 0.6069097
-0.6117312, -3.094348, 1.2134825
-1.0387319, -2.5485897, 1.5356078
-0.65108895, -3.0568614, 1.4288448
-1.1547467, -2.4152606, 1.2982546
-1.0355188, -2.5565403, 1.3299972
-1.0778617, -2.5188894, 0.9490808
-0.593665, -3.0887566, 0.73823917
-0.9462995, -2.692971, 2.0704546
-1.0958867, -2.4935403, 0.71460235
-0.65089524, -3.0667214, 1.0888641
-1.0565994, -2.5388007, 0.45898202
-1.0285586, -2.574244, 1.8953277
-0.66629463, -3.050747, 1.2043868
-1.0303419, -2.5771246, 0.5822839
-0.6263162, -3.052279, 0.7073109
-0.6350483, -3.0569038, 1.3340272
-0.6401378, -3.068618, 0.615032
-0.67105234, -3.0327065, 0.887992
-1.0689368, -2.514179, 1.5944719
-0.6056207, -3.087027, 0.6504664
-1.0293779, -2.55877, 0.59844095
-0.66408974, -3.0450907, 1.7472293
-0.6817136, -3.02783, 0.6950387
-1.0367821, -2.5763128, 2.0105152
-0.6647742, -3.0136359, 0.92157006
-0.63622165, -3.0312738, 0.7330685
-1.0675058, -2.536757, 0.8290093
-0.6064496, -3.090802, 0.44611073
-0.96736217, -2.655651, 2.0060337
-0.629434, -3.0908604, 2.1002214
-1.0365022, -2.5566878, 0.60635513
-0.65049624, -3.005408, 1.3805376
-0.6177349, -3.0734165, 1.5375504
-0.6367382, -3.0261607, 0.93648475
-1.0382594, -2.575202, 1.319896
-0.94830036, -2.692464, 1.9003358
-1.0378958, -2.565965, 1.5233284
-1.0768261, -2.515069, 1.4060647
-1.0163916, -2.588119, 1.686768
-0.611621, -3.0867777, 0.6669171
-1.0393263, -2.5740147, 1.4541487
-1.137362, -2.436826, 1.0993855
-1.0131536, -2.5743413, 1.4879415
-1.0110844, -2.614808, 1.990406
-0.6148573, -3.0726485, 0.72849363
-1.0345974, -2.5772169, 1.2154741
-0.64267576, -3.0624375, 1.2868347
-0.67355967, -3.0295446, 1.143009
-1.0343482, -2.5709524, 0.9484466
-0.67490923, -2.9933476, 0.83368695
-0.69360244, -3.0234797, 1.8086447
-0.61663985, -3.0613937, 0.80803406
-1.1534384, -2.3697028, 1.1707997
-0.65200907, -3.037583, 1.5673394
-0.9522506, -2.6933422, 2.0492463
-0.6522023, -3.0358887, 0.8721047
-1.054593, -2.5517619, 0.4460096
