1.5125701, -4.381123, 1.330663
1.5413083, -4.3907413, 1.3126838
1.5231287, -4.409635, 1.3175182
1.5136589, -4.37399, 1.3134842
1.527309, -4.387983, 1.3692193
1.5379413, -4.3941913, 1.3309796
1.5205133, -4.3942537, 1.3008182
1.4819514, -4.4262443, 1.3358103
1.4862516, -4.4054747, 1.2840225
1.4903847, -4.4015145, 1.3234701
1.4884521, -4.412175, 1.3493601
1.5234003, -4.390359, 1.2888391
1.4976438, -4.3990893, 1.2881339
1.5317883, -4.3895993, 1.3513414
1.518309, -4.4064217, 1.335668
1.4838772, -4.4162016, 1.375724
1.5455323, -4.3928976, 1.2931291
1.5283818, -4.39328, 1.2707342
1.5720731, -4.3731365, 1.353657
1.5469685, -4.375399, 1.290499
1.546963, -4.378931, 1.2610977
1.5189178, -4.3780174, 1.3854479
1.525846, -4.38592, 1.4051809
1.5318898, -4.391113, 1.3871672
1.5585469, -4.3743296, 1.3979367
1.502126, -4.40113, 1.4073619
1.5305805, -4.401906, 1.3924731
1.5179245, -4.390088, 1.4113281
1.5268377, -4.401145, 1.4103671
1.5030676, -4.390868, 1.3866446
1.5056762, -4.4332423, 1.2458194
1.4766351, -4.40826, 1.3938956
1.4671504, -4.4203606, 1.3894597
1.5394133, -4.407505, 1.2572141
1.532358, -4.3884864, 1.229675
1.5618908, -4.3781447, 1.2277534
1.5194057, -4.379722, 1.4231745
1.5128139, -4.395817, 1.4537122
1.52039, -4.402178, 1.4459707
1.5001279, -4.404959, 1.4249582
1.5135372, -4.389556, 1.4355878
1.496182, -4.4068856, 1.447882
1.5613999, -4.386862, 1.2085489
1.5174384, -4.416278, 1.4900079
1.4891057, -4.4123406, 1.492026
1.5719886, -4.4098167, 1.1938024
1.5032586, -4.402061, 1.5348322
1.4996679, -4.379046, 1.5112522
1.4975048, -4.4029646, 1.5257006
1.5071781, -4.403349, 1.5170596
1.5447912, -4.3920097, 1.5118141
1.4885701, -4.420882, 1.5057399
1.4986687, -4.415745, 1.5431288
1.4935172, -4.394605, 1.5703532
1.5386181, -4.396715, 1.5521468
1.5002991, -4.3999724, 1.5460296
1.4982147, -4.397907, 1.5526227
1.578779, -4.3745313, 1.5428139
1.5767504, -4.418129, 1.5070213
1.4534426, -4.449421, 1.4945594
1.4917213, -4.3986745, 1.5879993
1.4878592, -4.4120283, 1.5946047
1.5328873, -4.403585, 1.5963681
1.483482, -4.410842, 1.61308
1.4635793, -4.4096546, 1.6197358
1.529725, -4.3919597, 1.5911536
1.5781143, -4.3815794, 1.5604355
1.566171, -4.370595, 1.5958961
1.4550942, -4.442888, 1.477034
1.4212425, -4.441808, 1.5159746
1.4308547, -4.461628, 1.5097015
1.4852674, -4.4053917, 1.6287161
1.5311772, -4.4075265, 1.6141533
1.4788216, -4.4154167, 1.6313821
1.5253785, -4.389801, 1.608855
1.472102, -4.4314494, 1.6068705
1.463287, -4.427709, 1.6293265
1.5236079, -4.3943605, 1.6283036
1.5432699, -4.392069, 1.632279
1.5260845, -4.403043, 1.6319162
1.5685089, -4.3848042, 1.6135734
1.4583777, -4.4051375, 1.6373563
1.5167637, -4.394722, 1.6494055
1.481783, -4.399274, 1.641003
1.4762001, -4.4130516, 1.6505438
1.4199982, -4.479005, 1.4550207
1.4282659, -4.477193, 1.5448822
1.4724618, -4.4292965, 1.6683607
1.5385611, -4.388438, 1.649992
1.5164213, -4.403343, 1.6761066
1.5245188, -4.405705, 1.6473197
1.5695499, -4.40473, 1.6491915
1.5360814, -4.390292, 1.667746
1.5597833, -4.3901443, 1.6667277
1.5909022, -4.425196, 1.6027837
1.3686662, -4.4886274, 1.4376819
1.409729, -4.485154, 1.4122121
1.4846561, -4.4494348, 1.7054839
1.5568732, -4.3865747, 1.6880622
1.4015564, -4.4529514, 1.3890088
1.4843494, -4.458715, 1.7235159
1.5508873, -4.4039526, 1.7379266
1.5905327, -4.4170146, 1.7306925
