2.2741923, -4.017416, 0.36665025
2.283507, -4.008083, 0.394758
2.2703273, -4.0137644, 0.40740746
2.2557971, -4.0256586, 0.3735057
2.2843182, -4.0074215, 0.36862347
2.3090105, -3.9921823, 0.34835094
2.3027136, -3.9910278, 0.38446638
2.2602518, -4.0368085, 0.36073887
2.2770507, -4.0168166, 0.3435237
2.270568, -4.013033, 0.38797703
2.2807145, -4.0214753, 0.32191613
2.2537622, -4.0312395, 0.3507243
2.3166714, -3.9710832, 0.40285057
2.2370143, -4.0359464, 0.4146654
2.2518992, -4.0260057, 0.42381513
2.3313773, -3.970598, 0.4059275
2.3230884, -3.9719408, 0.38589257
2.2140164, -4.0551844, 0.3885859
2.2291563, -4.0528784, 0.39085776
2.2268965, -4.0652595, 0.39670384
2.2249587, -4.049867, 0.3647801
2.2267025, -4.0518355, 0.41963363
2.2288046, -4.0513353, 0.3453337
2.3313313, -3.9661226, 0.31109866
2.3281975, -3.9740863, 0.32764733
2.3297498, -3.9686532, 0.3469761
2.3525646, -3.9627032, 0.37880844
2.3301468, -3.9698353, 0.36629128
2.33169, -3.957806, 0.39170712
2.2114062, -4.0642195, 0.37071988
2.229413, -4.062035, 0.4131331
2.2163239, -4.0620894, 0.35221
2.2242885, -4.0655055, 0.33311734
2.2622974, -4.0297866, 0.31500927
2.2101955, -4.0599594, 0.4125552
2.2097898, -4.06178, 0.43168384
2.348446, -3.9558144, 0.36159366
2.3488698, -3.9555469, 0.3419007
2.194932, -4.0819798, 0.3909474
2.2027924, -4.0906086, 0.4089143
2.213076, -4.052136, 0.3158638
2.3469012, -3.9518871, 0.3234461
2.36528, -3.9457755, 0.3303724
2.365282, -3.9463196, 0.35141087
2.3690212, -3.9320767, 0.37095872
2.378882, -3.9286284, 0.41018194
2.3633075, -3.936572, 0.3897336
2.1698604, -4.0866156, 0.3912194
2.1820433, -4.0972724, 0.32809085
2.1944976, -4.0688972, 0.314993
2.169063, -4.094292, 0.42671812
2.3897946, -3.9117877, 0.40707323
2.385663, -3.9269416, 0.3886165
2.146355, -4.11343, 0.36286741
2.1680644, -4.1048255, 0.40836686
2.1616044, -4.101787, 0.43083978
2.1595771, -4.0941887, 0.39388865
2.1720295, -4.1078844, 0.32928747
2.4104772, -3.9120958, 0.38804415
2.1474593, -4.1218724, 0.39983743
2.37383, -3.9254138, 0.33158824
2.12152, -4.1438317, 0.4036033
2.426576, -3.8845778, 0.36836004
2.1451764, -4.1214824, 0.41984722
2.3626633, -3.9422135, 0.3119765
2.403364, -3.905151, 0.32987228
2.2860975, -4.0082254, 0.3418584
2.171579, -4.0911813, 0.40998116
2.1050272, -4.1538496, 0.41345507
2.1657894, -4.1021147, 0.37128928
2.1440723, -4.103079, 0.326532
2.4086442, -3.9050686, 0.36921722
2.3857098, -3.9208307, 0.3465393
2.3053002, -3.9896624, 0.36697263
2.1244433, -4.1332846, 0.31197694
2.123386, -4.1358495, 0.3889308
2.1072412, -4.149779, 0.3749373
2.1165833, -4.1382756, 0.4252974
2.3904984, -3.9123387, 0.36771214
2.4097686, -3.9015746, 0.31273508
2.1319468, -4.150291, 0.3212775
2.1121054, -4.150111, 0.33469126
2.1169977, -4.1307893, 0.3682587
2.2999852, -3.9898963, 0.40601864
2.3073647, -3.990898, 0.328907
2.173344, -4.0894537, 0.37035102
2.2435486, -4.0437675, 0.3921667
2.2116349, -4.0434875, 0.4429001
2.3083973, -3.9747663, 0.38841084
2.08377, -4.1857624, 0.40458432
2.4232728, -3.8811238, 0.348323
2.0852795, -4.172459, 0.38861614
2.2027187, -4.064102, 0.39944327
2.2114942, -4.071289, 0.31735352
2.2096312, -4.0700274, 0.33780006
2.3318965, -3.9582283, 0.4111049
2.1015668, -4.1601386, 0.35964403
2.3559809, -3.932204, 0.3270485
2.1900432, -4.077375, 0.41164392
2.4483478, -3.8634381, 0.36859152
2.4281905, -3.8886094, 0.32723114
2.1414146, -4.1252537, 0.3138254
2.0919187, -4.157135, 0.40521517
2.410477, -3.9115005, 0.40775612
2.118825, -4.139963, 0.41671845
2.4542162, -3.858637, 0.3894269
2.4564004, -3.8546407, 0.4131391
2.1284637, -4.135497, 0.35484022
2.1404855, -4.1267605, 0.33338708
2.2479184, -4.0482807, 0.37069893
2.1330996, -4.126637, 0.41326118
2.4052875, -3.9084895, 0.34694043
2.420543, -3.9037488, 0.33065176
2.1334004, -4.119393, 0.3660062
2.340206, -3.9730585, 0.3804397
2.1808796, -4.1014695, 0.34456998
2.409385, -3.893481, 0.39212936
2.0667083, -4.1750402, 0.3970326
2.2680428, -4.030629, 0.3480307
2.1915665, -4.0867667, 0.3155133
2.066822, -4.1810617, 0.36985436
2.390934, -3.9172378, 0.34891444
2.1931374, -4.0720496, 0.3548629
2.1053095, -4.149556, 0.35108915
2.2848206, -4.0072565, 0.40549192
2.4934888, -3.8107336, 0.38847724
2.1262124, -4.148493, 0.39392057
2.4391887, -3.857252, 0.35054266
2.1017442, -4.1679573, 0.31042796
2.282064, -4.003795, 0.4263045
2.2248335, -4.0623546, 0.37909728
2.19547, -4.074534, 0.38913286
2.1667218, -4.0901656, 0.3540441
2.3591516, -3.9377043, 0.39350352
2.3592994, -3.9381034, 0.3738038
2.1930583, -4.068955, 0.33496663
2.345676, -3.9530551, 0.40206563
2.4535341, -3.8640723, 0.34535152
2.2549071, -4.0249295, 0.38511968
2.1316457, -4.122847, 0.42811623
2.0955067, -4.168164, 0.33446628
2.094103, -4.169227, 0.317843
2.3079333, -4.0013247, 0.3444033
2.317447, -3.9682484, 0.34513184
2.2915795, -4.014664, 0.32370803
2.230953, -4.0453835, 0.31559864
2.3650298, -3.94587, 0.41011468
2.0822372, -4.170348, 0.34971118
2.1253564, -4.1324863, 0.37884104
2.0901334, -4.156558, 0.35477248
2.3070135, -3.9889226, 0.4047248
2.3167691, -3.968377, 0.36486074
2.200864, -4.085739, 0.3353612
2.249611, -4.0199866, 0.39230117
2.3076441, -3.983272, 0.42760962
2.4032986, -3.8987403, 0.31512
2.0861392, -4.1695843, 0.36708826
2.168824, -4.079722, 0.43753043
2.4354765, -3.8927019, 0.38998604
2.1309533, -4.1166844, 0.39059788
2.193196, -4.0738554, 0.37305352
2.2512524, -4.0234547, 0.4100074
2.34633, -3.9531527, 0.38236508
2.3093383, -3.9884808, 0.31962138
2.4108744, -3.8960974, 0.35098296
2.1093602, -4.1572094, 0.39238566
2.4287615, -3.8752947, 0.35254693
2.3410401, -3.9479108, 0.4234239
2.3259096, -3.9729474, 0.4257466
