1.9145702, -1.0020276, 0.18900853
1.9346162, -0.972958, 0.20955853
1.9100103, -0.9867659, 0.15181969
1.9090805, -0.99098355, 0.22753331
1.8910251, -1.0095328, 0.21257411
1.8753648, -1.0139295, 0.18892904
1.8743818, -1.0029621, 0.20511055
1.9136975, -0.98953027, 0.16797714
1.9176253, -0.9718206, 0.22450924
1.9294858, -0.97395205, 0.2434884
1.912584, -0.9890714, 0.2049135
1.8870175, -1.0064416, 0.19426629
1.8856835, -1.0077614, 0.2711715
1.9245254, -0.9658926, 0.22715123
1.853028, -1.0266796, 0.25136608
1.9174109, -0.97839916, 0.211666
1.8977458, -1.0151558, 0.16027476
1.908165, -1.007012, 0.1526345
1.8703618, -1.0114985, 0.30976638
1.9713249, -0.9319574, 0.16986045
1.990689, -0.9243446, 0.1272456
2.0026593, -0.90724653, 0.14537635
1.9637312, -0.93964523, 0.11774327
1.9812721, -0.92640966, 0.10245769
2.011519, -0.89280695, 0.14774618
2.0317042, -0.8865432, 0.17392872
2.0152102, -0.8908062, 0.23379746
1.9936167, -0.9059565, 0.22914733
2.0207152, -0.88325256, 0.2350478
1.9344323, -0.9888918, 0.105868325
1.9908593, -0.91112715, 0.16894235
2.0471208, -0.8640022, 0.17138533
2.0247464, -0.8860366, 0.27473316
2.0460687, -0.8807968, 0.2526055
2.0490112, -0.86934054, 0.24679294
2.0353794, -0.88174665, 0.2458294
2.0070736, -0.9047417, 0.25938466
2.0758994, -0.84750944, 0.19479111
2.0229545, -0.882731, 0.28722346
2.0141087, -0.89872694, 0.30942994
2.007461, -0.9053382, 0.2951281
2.0098345, -0.89121985, 0.284007
1.9886687, -0.91118765, 0.29128543
2.027591, -0.8865597, 0.3045335
2.0679483, -0.83540595, 0.23872727
2.0944424, -0.8288364, 0.16660388
2.0217834, -0.88661414, 0.33442417
1.9890722, -0.93662226, 0.3238078
1.9709239, -0.93149024, 0.33063513
2.104545, -0.82684064, 0.22203267
2.129549, -0.8054535, 0.19272855
2.1321936, -0.78916734, 0.24685043
2.1333404, -0.7854159, 0.26941803
1.8310988, -1.0386707, 0.13239881
2.0742865, -0.85127103, 0.24810873
1.988994, -0.90985155, 0.070434585
1.942284, -0.964338, 0.15451744
1.8965015, -1.009433, 0.3559177
1.9948945, -0.89806956, 0.27716914
1.9281405, -0.9641904, 0.16860634
2.0362983, -0.8676694, 0.18962319
2.109483, -0.81185645, 0.24548377
1.9842801, -0.9250645, 0.067622
1.8845754, -1.030515, 0.20350215
1.9772094, -0.91103673, 0.27390414
1.9027224, -1.0014577, 0.24627724
1.9848467, -0.9264269, 0.05732304
1.9663562, -0.9448363, 0.03956615
1.8934641, -0.9943119, 0.20721711
1.9904429, -0.94887286, -0.0115975235
1.9953654, -0.895137, 0.2327062
1.8953881, -0.9962208, 0.15335873
1.8706689, -1.0271808, 0.1428658
1.9944592, -0.9118883, 0.26552302
2.0089478, -0.8913194, 0.19418713
1.8718909, -1.0117288, 0.34701812
1.9650936, -0.953573, -0.02276445
2.0122106, -0.9037812, 0.0701079
1.974309, -0.9319241, 0.12208107
1.9222144, -0.98945224, 0.14579847
1.9652195, -0.9354269, 0.27148297
1.8948114, -0.9954216, 0.245614
2.0930417, -0.8282642, 0.21191913
2.0382354, -0.8776858, 0.07290414
2.0542748, -0.8499591, 0.048505075
1.9744289, -0.9150466, 0.06401671
1.971328, -0.93554753, 0.051670488
