1.5289553, -4.0135884, 0.09638629
1.5145162, -3.995682, 0.09168435
1.492897, -4.0106335, 0.086756
1.5102966, -4.0469146, 0.10388041
1.5486279, -4.0116124, 0.103746645
1.5340742, -4.0355935, 0.10611562
1.5243958, -3.9892812, 0.090336345
1.5481031, -3.9603891, 0.09243469
1.5552149, -3.9839265, 0.09393183
1.5574337, -3.9954913, 0.10732496
1.5024737, -4.026173, 0.090074025
1.5357044, -3.9806411, 0.100453176
1.5273305, -3.9736338, 0.08398232
1.5179935, -3.9522486, 0.07283644
1.4738015, -4.002294, 0.084952444
1.4838028, -4.0530567, 0.09520773
1.5663276, -3.973167, 0.10380747
1.5721259, -4.0516944, 0.10239844
1.5673987, -3.935232, 0.09882823
1.5485533, -3.9230762, 0.0840484
1.4517127, -4.065797, 0.10490913
1.4381399, -4.0733128, 0.10004429
1.4333807, -4.107127, 0.10418723
1.4214046, -4.1134033, 0.09888019
1.4613949, -4.100045, 0.10922997
1.4146218, -4.1069784, 0.10782879
1.4666988, -4.128334, 0.11768182
1.4094437, -4.151382, 0.10724783
1.3873277, -4.1313567, 0.10621586
1.3934927, -4.108362, 0.0975319
1.3738701, -4.11689, 0.095973715
1.369293, -4.1347136, 0.105226204
1.3889911, -4.152134, 0.10746918
1.3628533, -4.1401396, 0.09555374
1.3695072, -4.1720223, 0.10624096
1.3668765, -4.1427045, 0.1024505
1.3504589, -4.1312838, 0.093358114
1.3397307, -4.134591, 0.083375424
1.3319076, -4.155701, 0.0874869
1.3739904, -4.1908054, 0.10876678
1.3342506, -4.1771364, 0.09773896
1.5523043, -3.9503891, 0.09038225
1.3850425, -4.167517, 0.10729684
1.5561376, -3.9683008, 0.121318735
1.349487, -4.1593714, 0.104819104
1.5635971, -3.960127, 0.091828756
1.330742, -4.2141404, 0.09510529
1.5961878, -3.9704907, 0.104270354
1.4123993, -4.178394, 0.10959088
1.5766962, -4.0060945, 0.11016808
1.6010898, -3.9407706, 0.104494
1.5592024, -4.0513883, 0.10827027
1.5292065, -3.9485016, 0.094325155
