2.027885, -3.8837132, 1.2293566
2.0502114, -3.921018, 1.2429518
2.0199316, -3.952028, 1.2380625
2.0896726, -3.9039056, 1.2488433
2.066077, -3.936947, 1.2524652
2.0666804, -3.9493554, 1.257363
2.0174377, -3.9708033, 1.2484258
2.080606, -3.8825638, 1.2395146
2.11148, -3.8889844, 1.2388158
2.0925179, -3.8985405, 1.245234
2.1246157, -3.903768, 1.2545643
2.1302075, -3.8792968, 1.2465322
2.0628436, -3.8456275, 1.2335368
2.1318433, -3.8522103, 1.2440686
2.1542583, -3.9587066, 1.266538
2.1383724, -3.976978, 1.2645556
2.1281626, -3.8260465, 1.233726
2.1017454, -3.834435, 1.2342689
2.041695, -3.8111148, 1.2205304
2.0838206, -3.837419, 1.2273338
2.1102402, -3.818017, 1.2307298
2.1893487, -3.9725053, 1.272079
2.191959, -3.9462912, 1.2691963
2.1527224, -3.9911008, 1.2704796
2.1076365, -3.9888978, 1.2646534
2.155105, -3.785759, 1.2313107
2.1613798, -3.804386, 1.2347884
2.2215893, -3.9704514, 1.2709521
2.1902885, -3.7713125, 1.2330194
2.1229286, -3.7466998, 1.2245411
2.208663, -3.7984016, 1.247128
2.2577527, -3.9492264, 1.2719109
2.2565656, -3.9380221, 1.2672046
2.2043219, -3.7508326, 1.2316948
2.166038, -3.7294843, 1.2256398
2.1521235, -3.713476, 1.2203453
2.2893705, -3.9132364, 1.2673466
2.1744347, -3.7077708, 1.219902
2.3043966, -3.9218302, 1.273841
2.2221305, -3.6942797, 1.2251363
2.1352668, -3.9832509, 1.27118
2.0574808, -3.8521366, 1.2308103
2.0915098, -3.7695553, 1.2233026
2.1273909, -3.7430315, 1.2195406
2.20618, -3.7794623, 1.2364703
2.006497, -3.8307118, 1.218603
2.050677, -3.7916174, 1.2158445
2.150112, -3.8813906, 1.2582791
2.0504382, -3.9096363, 1.2380335
2.2395911, -3.739437, 1.2327379
2.1957173, -3.6963825, 1.2270238
2.2514107, -3.7147467, 1.2327169
2.173812, -3.7934487, 1.2329293
2.0738778, -4.009063, 1.2637204
2.047234, -3.8714468, 1.2279562
2.113496, -4.003854, 1.2692673
1.9970642, -3.9343355, 1.234997
2.0685833, -3.916813, 1.2432553
2.044805, -3.9540179, 1.2495589
2.0170047, -3.9134698, 1.2364125
2.029144, -3.9692452, 1.2536676
2.0265145, -3.871799, 1.2268538
2.2787864, -3.9314718, 1.2684021
2.3277428, -3.8856313, 1.2741413
2.077362, -3.911617, 1.237609
2.3317275, -3.8690689, 1.2708815
2.3566337, -3.8689246, 1.2680309
2.3860352, -3.8500395, 1.2735003
2.3855486, -3.8268654, 1.2724863
2.034929, -3.937141, 1.2409784
2.2304778, -3.7523117, 1.2346807
2.1935434, -3.7065809, 1.2194377
2.17396, -3.959267, 1.2662569
2.1449122, -3.822118, 1.2349261
2.0089824, -3.8927603, 1.2286463
2.2725694, -3.9472558, 1.2726122
1.9912013, -3.8689916, 1.2243093
2.2927485, -3.9923172, 1.2798772
2.0308065, -3.9145284, 1.2368246
2.1068535, -3.764171, 1.2246431
2.048951, -3.9619188, 1.2557836
2.191873, -3.7843823, 1.237376
2.2906406, -3.9241009, 1.2743642
2.3567188, -3.8812048, 1.2739524
2.2329354, -3.9406297, 1.2667681
2.0042932, -3.869314, 1.2247653
2.1457362, -3.807573, 1.2287599
2.228203, -3.673197, 1.2222872
2.4011543, -3.782017, 1.2707387
2.1452396, -3.7576787, 1.2235564
2.2402644, -3.9676347, 1.2721497
2.2119355, -3.6846876, 1.2195482
2.0608804, -4.049341, 1.2757654
2.1612954, -3.7241578, 1.2191275
2.0989974, -4.0022855, 1.2706271
2.2995803, -3.9419842, 1.2732476
2.3700197, -3.8509986, 1.2688521
2.1522264, -3.8633802, 1.2468259
2.3778872, -3.8756812, 1.2748947
2.3717594, -3.8221493, 1.2770462
2.0363462, -4.0030336, 1.2627214
2.16697, -3.8865244, 1.2617816
2.3169136, -3.9882956, 1.2899607
2.3953738, -3.8065882, 1.2741749
2.1955383, -3.6573973, 1.2129066
