2.569785, -1.1289608, 0.69652
2.5300403, -1.1274773, 0.69953865
2.54854, -1.1518908, 0.69827765
2.5938706, -1.1548535, 0.69351435
2.611323, -1.1284736, 0.69306296
2.504502, -1.1242526, 0.70592797
2.5338988, -1.1742818, 0.7085739
2.616535, -1.181634, 0.70669055
2.5884454, -1.2159566, 0.7063284
2.6564844, -1.1834389, 0.7034747
2.5547252, -1.2341363, 0.6977398
2.6120858, -1.2527784, 0.6978245
2.574418, -1.2491825, 0.6979586
2.5047808, -1.2509892, 0.70860934
2.5637429, -1.2687289, 0.6976984
2.530416, -1.2631346, 0.6969157
2.625129, -1.294728, 0.70729667
2.6246707, -1.2152026, 0.6983448
2.5887876, -1.2918347, 0.70806307
2.6286023, -1.2680775, 0.6971743
2.636192, -1.2426021, 0.6934443
2.6510336, -1.2555825, 0.696112
2.6973643, -1.2487358, 0.69390136
2.671276, -1.2441583, 0.6931686
2.5104146, -1.2284491, 0.70316154
2.5881288, -1.3149009, 0.6966652
2.6650405, -1.3059862, 0.70544374
2.6214929, -1.3172536, 0.6968597
2.648613, -1.2849396, 0.698614
2.6811724, -1.2863727, 0.69946015
2.7103045, -1.2747511, 0.6931111
2.6852396, -1.3267226, 0.709749
2.6626906, -1.325161, 0.6961507
2.6487207, -1.3415872, 0.6973885
2.7051752, -1.3063933, 0.7025561
2.7534761, -1.3120253, 0.69875866
2.7464871, -1.3752059, 0.7056198
2.5566237, -1.2159437, 0.70831156
2.7210162, -1.23969, 0.699039
2.6494255, -1.2137159, 0.7084745
2.696535, -1.2369782, 0.69839025
2.6894994, -1.3460569, 0.6956056
2.6758518, -1.2731456, 0.6928006
2.621501, -1.2177347, 0.70877385
2.5944865, -1.2371738, 0.69521624
2.617938, -1.283862, 0.6973596
2.5484526, -1.3106122, 0.6989716
2.5385108, -1.1191193, 0.6959009
2.527242, -1.1540947, 0.6947313
2.4693613, -1.1927413, 0.69927406
2.5607023, -1.1167461, 0.6991101
2.6049972, -1.3300009, 0.6951609
2.4833114, -1.2283375, 0.7017371
2.5613225, -1.1652417, 0.6977049
2.6070693, -1.1980122, 0.69513947
2.4865246, -1.1010759, 0.69979674
2.4984767, -1.1647474, 0.6978948
2.5988724, -1.2673604, 0.69579005
2.6048265, -1.1679639, 0.6937295
2.612313, -1.365702, 0.69784474
2.5768623, -1.0641682, 0.7052067
2.5902512, -1.195999, 0.7099665
2.6113453, -1.1285441, 0.7051909
2.6046581, -1.089462, 0.71293956
2.5084784, -1.0804943, 0.7010816
2.673209, -1.2838651, 0.69738466
2.5550761, -1.1946315, 0.7108348
2.5863185, -1.2698437, 0.7056833
2.5663385, -1.195442, 0.69801104
2.4697192, -1.1278226, 0.70815635
2.5532444, -1.3348936, 0.6950984
2.4900064, -1.1301166, 0.7040784
2.7352836, -1.2927397, 0.6884888
2.5555155, -1.0663513, 0.70226693
2.6101723, -1.0790118, 0.6981927
2.5747473, -1.127925, 0.7066183
2.6477206, -1.4174862, 0.6962792
2.6240323, -1.417008, 0.69223046
2.5472639, -1.0811077, 0.6981245
2.54954, -1.2144816, 0.6959944
2.5948315, -1.4010379, 0.7009556
2.656027, -1.2686617, 0.70724195
2.711505, -1.260613, 0.72223383
2.6241071, -1.1637923, 0.7049563
2.5897958, -1.163257, 0.7054113
2.4447846, -1.1739442, 0.7131885
2.5371056, -1.2446195, 0.6968779
2.4547927, -1.2146624, 0.6965822
2.750417, -1.3311999, 0.68935984
2.5500054, -1.1612802, 0.7080212
2.6924784, -1.4197592, 0.69894975
2.4404142, -1.1648045, 0.6972447
2.730617, -1.2976456, 0.7138052
2.483533, -1.1598617, 0.7094833
2.5817206, -1.3634806, 0.6965917
2.5229278, -1.2404706, 0.7081309
2.5445502, -1.0917801, 0.7116512
2.6219902, -1.2448959, 0.7080651
2.6618826, -1.2478147, 0.7062423
2.5607114, -1.3587162, 0.70878327
2.537964, -1.3150742, 0.7018217
2.6222842, -1.3812656, 0.7057172
