2.182543, -3.8224263, 1.8346127
2.166504, -3.827428, 1.8320962
2.2334814, -3.849333, 1.8534242
2.1498306, -3.81831, 1.8264778
2.1838398, -3.7893095, 1.8263247
2.1759493, -3.813802, 1.8289293
2.2282848, -3.7767212, 1.8281909
2.2285268, -3.8911417, 1.8745224
2.2482815, -3.8394754, 1.8485543
2.236796, -3.8679726, 1.8490732
2.2536473, -3.8485448, 1.8566376
2.2043998, -3.8913875, 1.85195
2.2625644, -3.8258276, 1.8489733
2.2223225, -3.7275915, 1.8142208
2.2133315, -3.907715, 1.8685664
2.1850004, -3.9062724, 1.8517088
2.2433772, -3.8626926, 1.8575373
2.1960464, -3.880971, 1.849053
2.2961435, -3.8315134, 1.8735714
2.2830698, -3.8106909, 1.8534982
2.1668844, -3.9086668, 1.8532797
2.3158205, -3.8104963, 1.8742601
2.3049345, -3.8003163, 1.8495865
2.2370658, -3.7023475, 1.7977177
2.2473922, -3.6844645, 1.811857
2.163528, -3.956401, 1.8698587
2.305225, -3.7961464, 1.8556463
2.1375616, -3.9160016, 1.8473824
2.159615, -3.957433, 1.8726649
2.1374483, -3.92199, 1.8524605
2.3490808, -3.8168316, 1.877453
2.335557, -3.7668421, 1.8508532
2.2905102, -3.6679008, 1.8133166
2.2951562, -3.714832, 1.8282335
2.146465, -3.97594, 1.8653717
2.1259484, -3.97821, 1.8640379
2.125212, -3.941056, 1.8452829
2.3444085, -3.7625144, 1.8552017
2.2886953, -3.740924, 1.8327358
2.105038, -3.9476175, 1.8475813
2.1268196, -3.9878182, 1.8713846
2.371845, -3.7548578, 1.8668375
2.3634222, -3.743827, 1.8485476
2.3519387, -3.7491522, 1.8534591
2.3242328, -3.7125728, 1.8334514
2.2252874, -3.7174263, 1.8079008
2.2531202, -3.7565467, 1.8275173
2.0879781, -3.948748, 1.8497323
2.2100852, -3.7144847, 1.7926039
2.3050401, -3.7310567, 1.8288159
2.1431327, -3.9215066, 1.8536243
2.1759121, -3.7601461, 1.7985178
2.0961032, -3.9610338, 1.8521036
2.3205273, -3.8221705, 1.8687707
2.2054687, -3.7438433, 1.8089753
2.251329, -3.87063, 1.8752744
2.3130972, -3.6596978, 1.815257
2.1481657, -3.784844, 1.8138775
2.2817957, -3.853666, 1.8685913
