1.2681338, 0.13594353, 0.2041191
1.2729963, 0.11245214, 0.20314433
1.2839442, 0.13510776, 0.20242986
1.2471604, 0.08650714, 0.18779954
1.2637968, 0.095423795, 0.20794308
1.231142, 0.15272008, 0.20616604
1.2740705, 0.14804913, 0.20868137
1.2831738, 0.15130451, 0.2123644
1.252523, 0.14737062, 0.20609526
1.2320124, 0.13334122, 0.19588417
1.2419058, 0.11096076, 0.20434652
1.2673079, 0.07111771, 0.18981057
1.23179, 0.09041618, 0.19298568
1.189928, 0.10920633, 0.19184859
1.2305592, 0.068503685, 0.18889815
1.2280833, 0.050247762, 0.18915957
1.268825, 0.1936266, 0.21136406
1.3010824, 0.20269266, 0.21630096
1.2666376, 0.20432861, 0.21747106
1.1679394, 0.090342894, 0.18982954
1.2284092, 0.02752476, 0.17609935
1.2090594, 0.025299763, 0.17006576
1.2300946, 0.01294059, 0.17073767
1.2487512, 0.008775451, 0.1768853
1.153006, 0.030219752, 0.1830913
1.2679625, 0.2473541, 0.23143317
1.2949885, 0.22821426, 0.21673614
1.2980307, 0.23369546, 0.22649881
1.1684428, 0.03147796, 0.17402554
1.2123184, -0.0090171425, 0.17235559
1.2471002, -0.0049474384, 0.17375202
1.212044, -0.02797757, 0.16628242
1.2313769, -0.028736053, 0.16876589
1.249225, -0.03203278, 0.16778311
1.1902379, -0.027576925, 0.16750196
1.1462033, -0.009775646, 0.17063043
1.191744, -0.04886166, 0.15466763
1.1501665, -0.028863285, 0.16536021
1.1890929, -0.08847152, 0.1487172
1.2075808, -0.09113629, 0.15189016
1.2282679, -0.092739806, 0.15245932
1.1882498, -0.11278224, 0.14960647
1.2093248, -0.11001952, 0.15357406
1.252533, 0.033588745, 0.18758121
1.2299278, -0.028654799, 0.15956238
1.2520103, 0.047961637, 0.17425421
1.2539022, 0.23652276, 0.22399858
1.2506425, 0.16856368, 0.21038593
1.2292622, -0.047996733, 0.16318463
1.1513623, -0.070611835, 0.1523041
1.2082487, 0.20566599, 0.21329431
1.1303674, 0.012079165, 0.16735588
1.3248808, 0.17171629, 0.2147201
1.1486629, 0.011327467, 0.16928695
1.2685192, 0.09145495, 0.18957528
1.3084767, 0.13160129, 0.2056787
1.1949589, 0.09208933, 0.19288617
1.1432484, 0.050144143, 0.18834077
1.2138733, -0.047719054, 0.14697926
1.2736796, 0.0076401127, 0.17531167
1.246365, 0.19072233, 0.20995061
1.3323418, 0.22642295, 0.22667243
1.2733846, -0.010243517, 0.17013687
1.3067789, 0.11001761, 0.20209506
1.1734852, -0.031340208, 0.15707363
1.2271926, -0.07229641, 0.15246734
1.258481, -0.069604844, 0.15468135
1.2338735, 0.06046958, 0.1799797
1.1266173, -0.02932626, 0.15785773
1.1467097, 0.026500717, 0.17017135
1.2902435, 0.02858781, 0.17277934
1.284358, 0.17126215, 0.20880583
1.1309882, 0.042537473, 0.18369025
1.2072064, -0.051207654, 0.16579728
1.2493172, 0.028172314, 0.17762807
1.171197, 0.049427953, 0.17573589
1.2928905, 0.067510724, 0.18888032
1.1353171, -0.011175056, 0.16822527
1.1901906, 0.051235218, 0.1832377
1.1857322, 0.043622047, 0.17856091
1.2539016, 0.071672715, 0.18716815
1.210624, 0.15357071, 0.20626129
1.209319, 0.0913322, 0.18542336
1.2872263, 0.18842041, 0.21396904
1.3060403, 0.08856627, 0.18999054
1.3057293, 0.1003764, 0.19237718
1.186313, 0.011237943, 0.1710193
1.1916293, 0.0690166, 0.18950835
1.1697206, -0.052705016, 0.15618478
1.2561709, 0.1414199, 0.19416897
1.2359898, -0.11167369, 0.15463378
1.2451245, 0.10874985, 0.19691505
1.2273613, 0.04198287, 0.17879549
1.1305103, -0.08998125, 0.15314865
1.3779945, 0.17615768, 0.22294144
1.354063, 0.10821622, 0.19462624
1.384351, 0.19603509, 0.21832395
1.4044765, 0.15788682, 0.2289657
1.3968139, 0.10340803, 0.20302467
1.4254435, 0.18439637, 0.21882859
1.4328727, 0.16747808, 0.22403632
1.4298854, 0.12879871, 0.21002784
1.4036335, 0.1149715, 0.20170066
1.4099668, 0.13018209, 0.20331216
1.4077406, 0.053161085, 0.18568699
1.4107664, 0.0473618, 0.17475459
1.4279405, 0.09093423, 0.19022192
1.4074154, 0.089601345, 0.17994481
1.413178, 0.06781158, 0.18768977
1.4768174, 0.17251997, 0.22730911
1.4680479, 0.15351196, 0.2269173
1.4757254, 0.086892165, 0.19695112
1.474647, 0.095649004, 0.20857786
1.4502661, 0.06451182, 0.18941037
1.4706256, 0.06896818, 0.19116226
1.4482943, 0.050900772, 0.18290056
1.4908295, 0.12993746, 0.21045376
1.4870193, 0.0907914, 0.20324679
1.4877366, 0.08527004, 0.19519195
1.5101677, 0.09384537, 0.20749359
1.4907947, 0.04797991, 0.19253191
1.4646635, 0.031119898, 0.18118434
1.4530264, 0.014777705, 0.17507127
1.4471829, 0.03669346, 0.17487857
1.5324544, 0.15122172, 0.22589044
1.5263928, 0.13035017, 0.21662568
1.5341593, 0.08934911, 0.20873597
1.5303814, 0.0660025, 0.19312128
1.5315264, 0.11071618, 0.21351701
1.5122199, 0.029359862, 0.18844095
1.3163921, 0.16569555, 0.21266873
1.1895852, 0.12476009, 0.19252935
1.4869928, 0.07122069, 0.18965971
1.4330202, 0.023818849, 0.18610626
1.4310212, 0.009784221, 0.17187473
1.1907686, 0.030985827, 0.17147273
1.418928, 0.10026205, 0.19832708
1.2427899, 0.08034988, 0.17849639
1.4111079, 0.1718299, 0.22523119
1.2338147, -0.008946843, 0.16549754
1.5167378, 0.1335146, 0.22451663
1.2231574, -0.054262992, 0.15429153
1.4917853, 0.14294288, 0.2191039
1.237202, -0.014717949, 0.18104863
1.1173193, -0.0534141, 0.14750125
1.3094716, 0.12464549, 0.19802053
1.2493294, -0.12808746, 0.14691517
1.2743785, -0.034809195, 0.15617512
1.1714989, -0.008369481, 0.17235205
1.1332583, 0.031401955, 0.17537558
1.267347, 0.12884916, 0.19807765
1.2089758, 0.2491862, 0.21125174
1.1967562, 0.16643026, 0.20419866
1.4696672, 0.10834557, 0.19871621
1.1517532, 0.09272181, 0.18847254
1.2650625, -0.054229937, 0.15592937
1.1727101, 0.0073902067, 0.17239365
1.249169, 0.16929133, 0.22535114
1.2066233, 0.08323409, 0.17640838
1.3140796, 0.1490702, 0.20789717
1.3861294, 0.032592036, 0.17118698
1.2534071, -0.08738796, 0.15203197
1.2159536, -0.037684537, 0.15540838
1.2874339, 0.050259374, 0.18707745
1.1649448, -0.0029655811, 0.15707535
1.1863754, -0.009282433, 0.16664562
1.132215, -0.027843464, 0.16623549
1.1680677, -0.08652559, 0.14720081
1.5066404, 0.024415988, 0.16826111
1.5190148, 0.087191, 0.1953898
1.1915321, 0.034131136, 0.18626593
1.1677035, -0.049714126, 0.16333066
1.2690133, 0.16501409, 0.21056785
1.153304, 0.07278357, 0.18389197
1.2301725, 0.029742591, 0.18571986
1.4882846, 0.0320132, 0.18732838
1.4065075, 0.031227961, 0.1713751
1.2490317, 0.05231174, 0.1922787
1.1697575, -0.07050516, 0.15065318
1.192208, 0.14128087, 0.19347213
1.4016757, 0.07526748, 0.17804961
1.1739548, -0.025724534, 0.16685966
1.2124755, -0.010874778, 0.18005206
1.2077837, 0.014108851, 0.15985352
1.2501504, 0.24933973, 0.22474016
1.2715178, -0.11079751, 0.14808069
1.4100052, 0.14942944, 0.21213196
1.2040877, -0.0643263, 0.1565446
1.2311107, 0.24917604, 0.2277016
1.2082567, 0.06641459, 0.1853244
1.2960837, -0.012330437, 0.17009687
1.3495069, 0.08775387, 0.19293122
1.3261652, 0.09170679, 0.20451216
1.16825, 0.13052717, 0.19167928
1.3278886, 0.11367091, 0.20395787
1.2074215, 0.048130758, 0.1793465
1.3283641, 0.088320084, 0.19057707
1.3136946, 0.051018957, 0.18484928
1.32814, 0.07300991, 0.1848369
1.3125993, 0.067931704, 0.1889871
1.3439021, 0.13299567, 0.1969549
1.2194662, 0.073416345, 0.1758508
1.2100134, 0.10616544, 0.19452782
1.2067151, 0.12595312, 0.19592261
1.2313397, 0.10548493, 0.19623928
1.1659055, -0.07336696, 0.1630731
1.2703565, -0.0715597, 0.15685165
1.1299877, -0.04796521, 0.15112078
1.2453666, 0.15934518, 0.22531052
1.3384433, 0.2151705, 0.21686438
1.1881084, 0.15032366, 0.20446312
1.1959188, -0.07416989, 0.1577653
1.2848467, 0.010745686, 0.17313147
1.1495898, 0.08782448, 0.17646827
1.4348354, 0.15017353, 0.21408351
1.3712789, 0.18814111, 0.21522148
1.4699292, 0.051121395, 0.17563207
1.3423094, 0.15133232, 0.21083313
1.5354103, 0.14558105, 0.21709768
1.213192, 0.14705318, 0.1946171
1.1514869, -0.047208436, 0.15221636
1.2021753, -0.060892083, 0.16757362
1.2312195, 0.20910163, 0.20912857
1.4115188, 0.084015146, 0.20307094
1.3254421, 0.13347536, 0.20617798
1.3288636, 0.14619787, 0.1990097
1.5126182, 0.012631127, 0.16981958
1.1827706, -0.013345591, 0.15835063
1.2656169, -0.029982805, 0.16916604
1.4480131, 0.16924727, 0.22365308
1.3477356, 0.20709561, 0.21593837
1.3281482, 0.15455422, 0.21337762
1.4266303, 0.1474756, 0.22392346
1.4468808, 0.16204816, 0.21742989
1.3512623, 0.17360237, 0.2125012
1.4730633, 0.13055012, 0.21430476
1.1266496, -0.06868198, 0.15317342
1.4447814, 0.15053919, 0.21760036
1.4290366, 0.10749614, 0.19695333
1.5454772, 0.11021307, 0.21910864
1.2914, 0.027863964, 0.18323481
1.2903194, -0.03173618, 0.16839938
1.2752819, 0.030157907, 0.18708418
1.4915879, 0.10814505, 0.20623082
1.2551956, -0.046855032, 0.16394313
1.2713194, 0.23267135, 0.22652905
1.3496156, 0.06472413, 0.1781273
1.2752876, -0.070227064, 0.16301553
1.2977421, 0.10901807, 0.20228599
1.3694658, 0.16624373, 0.21682347
1.3626453, 0.11174376, 0.19753571
1.360562, 0.14653963, 0.22389239
1.528783, 0.04754993, 0.19485427
1.5140774, 0.16313359, 0.23084144
1.3679335, 0.08770826, 0.19102551
1.3485955, 0.071183845, 0.18909122
1.2216617, 0.082231164, 0.17756067
1.369132, 0.14694366, 0.21236022
1.3855586, 0.14474522, 0.21109612
1.1916175, -0.03356846, 0.15386306
1.3429574, 0.07559586, 0.20447183
1.2425991, 0.12681034, 0.21182452
1.1889235, -0.011735929, 0.18250054
1.3622944, 0.11310594, 0.20565213
1.3641555, 0.13211973, 0.20852576
1.3821597, 0.1713654, 0.21341242
1.5104795, 0.10877311, 0.21353243
1.4898405, -0.028305348, 0.16501112
1.2067682, 0.12833475, 0.20625451
1.4561844, 0.12396831, 0.21577135
1.2284793, 0.1388609, 0.20551345
1.2046261, 0.033773392, 0.18423349
1.2852612, 0.25239384, 0.2158385
1.155843, -0.097221166, 0.15208654
1.3942063, 0.104816936, 0.19866966
1.3279319, 0.1892515, 0.21407913
1.206952, 0.050240286, 0.18955247
1.4707075, 0.11143853, 0.2108091
1.2839104, 0.18939428, 0.22122952
1.5136235, 0.14437418, 0.21979351
1.355211, 0.12452323, 0.21091147
1.3317921, 0.10839963, 0.19271076
1.3916831, 0.17187506, 0.22306508
1.4026202, 0.13291965, 0.19659762
1.3356143, 0.05091336, 0.1855098
1.2652539, 0.11128273, 0.19402523
1.4529742, 0.030986963, 0.18721542
1.3890657, 0.12591068, 0.1966877
1.142127, 0.05075252, 0.1781781
1.4585518, 0.094013825, 0.19321571
1.2880248, 0.12474435, 0.19888994
1.3023715, 0.18756787, 0.21422675
1.293371, 0.21250227, 0.22629574
1.1763699, 0.04640021, 0.18969359
1.3641227, 0.12590706, 0.19744389
1.296185, 0.08977986, 0.19173934
1.1645863, 0.07001753, 0.17388125
1.4038211, 0.0024222739, 0.15636884
1.3146265, 0.14564137, 0.19993903
1.4761618, 0.16098142, 0.2167965
1.3178298, -0.03367231, 0.170686
1.2282629, -0.06798437, 0.1661546
1.2079724, 0.11395666, 0.20339893
1.2685386, 0.04792546, 0.18990931
1.3922968, 0.08122875, 0.17648695
1.3080273, -0.023802467, 0.158842
1.416468, 0.16650511, 0.21724647
1.2493534, 0.22575295, 0.21727185
1.3888726, 0.070512444, 0.1932153
1.3283746, 0.21259123, 0.22496709
1.2860003, -0.051801525, 0.16807258
1.5535724, 0.1313196, 0.21467048
1.1659328, 0.1145136, 0.18899886
1.4742204, 0.15219359, 0.21322714
1.2944151, -0.09422442, 0.16374591
1.3055482, -0.06525878, 0.16658333
1.5488749, 0.14991088, 0.23020136
1.2489383, -0.07377364, 0.16286506
1.2955562, -0.10722168, 0.15451956
1.3669839, 0.06834467, 0.17583147
1.2906097, 0.006342242, 0.18680567
1.4299707, 0.045720056, 0.18362483
1.2553186, 0.06569078, 0.17371166
1.1548103, 0.10796344, 0.18952596
1.4300108, 0.09566529, 0.20367509
1.22961, 0.22285683, 0.2160879
1.2680084, -0.093408585, 0.14860246
1.456424, 0.09274495, 0.20193982
1.4523531, 0.15679605, 0.22252493
1.4081519, 0.030984497, 0.18444179
1.387831, 0.21078387, 0.22407681
1.3885615, 0.13518514, 0.20672257
1.3032553, 0.2330374, 0.2296465
1.4893785, 0.15028456, 0.2279429
1.3719656, 0.1935628, 0.22596441
1.211728, 0.18518016, 0.21007985
1.2348952, 0.012398025, 0.18578249
1.4373493, 0.06419123, 0.17867629
1.4280933, 0.13790879, 0.22712748
1.2734137, 0.14722589, 0.22300524
1.225463, 0.16714242, 0.20994504
1.3307401, -0.03601482, 0.13962922
1.450018, 0.116724, 0.19817284
1.12659, -0.047196608, 0.16243559
1.5312274, 0.07009706, 0.20725748
1.2431506, 0.20566314, 0.21173005
1.1667414, 0.08263924, 0.17725247
1.3077173, 0.035763, 0.17567824
1.3953912, 0.09169825, 0.19383468
1.5135422, 0.14801326, 0.2292701
1.179297, 0.030728264, 0.18330005
1.2846408, 0.1697062, 0.22049396
1.2473371, 0.12712517, 0.19236597
1.2527297, 0.08811881, 0.20083314
1.351254, 0.09129352, 0.20514223
1.5698576, 0.1501675, 0.22937196
1.3253967, 0.0097844815, 0.18800499
1.2125173, 0.17076683, 0.21246591
1.2095118, 0.006520075, 0.17268431
1.4271775, 0.005838013, 0.18164647
1.5124304, 0.15384157, 0.2423532
1.5472997, 0.09045074, 0.2145181
1.5496519, 0.11248373, 0.22939739
1.5425239, 0.04869909, 0.1912935
1.1946766, -0.04970549, 0.16387182
1.1927248, -0.07349609, 0.16600929
1.5104703, 0.12777935, 0.21003157
1.2470466, -0.10956519, 0.14694463
1.183465, -0.08469111, 0.16113265
1.301765, 0.14971106, 0.2202926
1.4273103, 0.113359205, 0.20307687
1.2192237, 0.09192132, 0.20386736
1.3151743, 0.19234025, 0.22634152
1.4976218, 0.06423332, 0.20000966
1.3433062, 0.22429752, 0.22703092
1.5091949, 0.049100894, 0.18995832
1.5299959, 0.09258377, 0.22087072
1.2867849, 0.07993412, 0.20103042
1.2977028, 0.13975362, 0.22012247
1.1790713, 0.016577851, 0.18470931
1.4246503, 0.07631083, 0.18259218
1.2260572, 0.10713416, 0.20230535
1.508728, 0.07165982, 0.19436552
1.2675846, 0.013279829, 0.18913662
1.216413, 0.2073848, 0.2254107
