2.1835434, -1.6149395, 0.24830922
2.170139, -1.588017, 0.2106217
2.1615283, -1.5709348, 0.24058387
2.170625, -1.5881183, 0.25242025
2.1892538, -1.6109855, 0.21283054
2.161619, -1.5744659, 0.23025708
2.1722507, -1.5911794, 0.23373036
2.1912982, -1.6305953, 0.22746617
2.196909, -1.6283076, 0.3064213
2.1851387, -1.6096803, 0.16825905
2.174901, -1.5932897, 0.19093855
2.1734893, -1.602989, 0.1942431
2.187138, -1.614402, 0.19873837
2.2015498, -1.6544998, 0.18942247
2.191071, -1.6319611, 0.17438042
2.2257774, -1.6942871, 0.24435586
2.1872942, -1.62801, 0.1496049
2.1958923, -1.6431756, 0.14922939
2.2308376, -1.7059009, 0.22696921
2.2220144, -1.6943891, 0.19756563
2.211467, -1.670753, 0.16887593
2.2074199, -1.6495496, 0.10814111
2.140083, -1.5490654, 0.12443435
2.1519294, -1.5704637, 0.12878571
2.1307151, -1.535638, 0.1481308
2.1292484, -1.5297486, 0.17234617
2.139411, -1.5463336, 0.16280515
2.1483078, -1.5554767, 0.1482988
2.2445674, -1.7194837, 0.18226422
2.2282495, -1.7061269, 0.17030856
2.1697206, -1.5926095, 0.09884498
2.1323233, -1.5335383, 0.19054805
2.1278822, -1.5278327, 0.20936428
2.1240935, -1.5164323, 0.21380872
2.2240195, -1.6873865, 0.14439437
2.2488694, -1.726803, 0.15308557
2.1081328, -1.4959178, 0.24714047
2.2463121, -1.730454, 0.19549915
2.2474842, -1.7286266, 0.13512239
2.19765, -1.6481265, 0.1285426
2.1041985, -1.4893126, 0.2298303
2.1225455, -1.5109887, 0.22794576
2.2084458, -1.6314883, 0.33698338
2.2129924, -1.6364557, 0.39762375
2.161452, -1.5567079, 0.29380324
2.216344, -1.686056, 0.21171312
2.2297497, -1.7054403, 0.21163929
2.1475792, -1.5554687, 0.2510103
2.1480103, -1.5515523, 0.26902926
2.1610577, -1.5735049, 0.2095927
2.16387, -1.5728331, 0.26645237
2.2695284, -1.7505195, 0.14689188
2.1867664, -1.6114542, 0.3136695
2.1126204, -1.5152286, 0.14822987
2.111711, -1.5082061, 0.19123085
2.156731, -1.5620775, 0.28379455
2.0976355, -1.4837561, 0.25405884
2.1037874, -1.4915224, 0.2123625
2.1090472, -1.5049868, 0.1713008
2.1875749, -1.6335726, 0.27225086
2.2121189, -1.6733449, 0.21031147
2.1262302, -1.5283217, 0.27776247
2.218929, -1.6836009, 0.23530021
2.1312988, -1.5135612, 0.31053275
2.21621, -1.668785, 0.12937793
2.2031958, -1.6543946, 0.15198234
2.1707675, -1.5709801, 0.1371983
2.1879559, -1.6100657, 0.06612731
2.1934083, -1.6061732, 0.40834656
2.1628323, -1.569734, 0.29141816
2.1927931, -1.6318737, 0.19275586
2.1667938, -1.5879955, 0.27130106
2.143771, -1.5472656, 0.18542305
2.1030095, -1.4712547, 0.278511
2.189413, -1.6105031, 0.22854316
2.1673603, -1.5939845, 0.10675144
2.1787093, -1.6136116, 0.14611487
2.147305, -1.5520263, 0.16631523
2.1902647, -1.6341734, 0.052328087
2.2685792, -1.7536297, 0.1235105
2.271876, -1.7494134, 0.17097192
2.290559, -1.7722619, 0.12888907
2.304284, -1.7865132, 0.15025988
2.3037803, -1.7982855, 0.12848052
2.3009174, -1.7857338, 0.10745375
2.1345248, -1.5287362, 0.24773179
2.192022, -1.5954009, 0.3579014
2.1649578, -1.5901276, 0.15059875
2.207052, -1.6602074, 0.19413288
2.1541157, -1.5661054, 0.09857561
2.1464865, -1.5506451, 0.22871214
2.1847425, -1.6017891, 0.28759533
2.1126134, -1.5105088, 0.12912826
2.1812377, -1.6116968, 0.112428166
2.0906398, -1.4686974, 0.18823276
2.141738, -1.5405555, 0.28469166
2.1545613, -1.5679625, 0.1711328
2.1894841, -1.6221823, 0.25049147
2.149894, -1.5644602, 0.19197322
2.2731254, -1.7666253, 0.13268407
2.1231747, -1.5098568, 0.2645233
2.104375, -1.4791981, 0.2842107
2.1460226, -1.5354155, 0.29527983
2.1469727, -1.5507158, 0.20594889
2.1809547, -1.6242324, 0.08381816
2.131605, -1.5316938, 0.09645191
2.1755226, -1.587433, 0.3067745
2.1107407, -1.4915012, 0.26998708
2.283722, -1.7760208, 0.10945107
2.0892086, -1.4656312, 0.16698587
2.167355, -1.590937, 0.029531997
2.1755188, -1.5942389, 0.12678862
2.1682155, -1.5896263, 0.16719788
2.1450124, -1.5351207, 0.22930609
2.1337657, -1.5427686, 0.28717595
2.102343, -1.4855471, 0.16915289
2.1505759, -1.5666933, 0.14799653
2.1095946, -1.4872173, 0.30505833
2.1560564, -1.569734, 0.22411591
2.1961274, -1.6470274, 0.103638634
2.1340826, -1.5411358, 0.2678502
2.2914143, -1.7668722, 0.03183965
2.1929276, -1.6439421, 0.21065003
2.1851437, -1.6178135, 0.094939835
2.191402, -1.6568764, 0.1682296
2.1277845, -1.5258782, 0.22953518
2.093709, -1.4879098, 0.15308356
2.1166136, -1.5042106, 0.25276333
2.204961, -1.6719267, 0.14560764
2.1898627, -1.6465093, 0.18882786
2.193695, -1.6334656, 0.20748872
2.1854033, -1.6140643, 0.14492835
2.0897608, -1.4498334, 0.37160996
2.2108195, -1.6468798, 0.42947498
2.1866257, -1.6295342, 0.032307092
2.2084239, -1.6497171, 0.08750984
2.1692283, -1.6048236, 0.10579665
2.1674757, -1.5791544, 0.19649036
2.2071528, -1.667868, 0.23157713
2.1744947, -1.6125969, 0.13204886
2.1671014, -1.5845133, 0.29406157
2.1228995, -1.514777, 0.24963987
2.2532237, -1.7345285, 0.16726181
2.135019, -1.5420322, 0.20686093
2.2443922, -1.7250196, 0.20119905
2.2037654, -1.6577392, 0.12195325
2.2287512, -1.6908673, 0.2646164
2.1820288, -1.6238114, 0.06375488
2.1705875, -1.5787237, 0.14015561
2.2278137, -1.6913532, 0.2233277
2.0919955, -1.4689199, 0.25654507
2.2932878, -1.7879959, 0.06493553
2.130914, -1.549286, 0.1288124
2.1040857, -1.4896966, 0.2890253
2.1337023, -1.5263648, 0.31130782
2.0886211, -1.4681189, 0.1280404
2.1548696, -1.5768998, 0.11037397
2.1236484, -1.5180067, 0.09251996
2.1073308, -1.4973857, 0.056962337
2.1047738, -1.4938432, 0.075001284
2.1256423, -1.5269506, 0.027256446
2.1875381, -1.6076951, 0.27153608
2.1491096, -1.567873, 0.21775247
2.1271431, -1.5320889, 0.1273102
2.1687982, -1.5520434, 0.30926675
2.1716359, -1.5881076, 0.39585826
2.1226377, -1.5195373, 0.13713363
2.2744493, -1.753201, 0.24080989
2.1754575, -1.6086209, 0.032071892
2.228993, -1.7081523, 0.18758182
2.2048008, -1.6332256, 0.31709
2.2289984, -1.7115587, 0.27250296
2.0895987, -1.4703981, 0.3117088
2.0904305, -1.4644448, 0.2049464
2.1088154, -1.494281, 0.15229331
2.1339378, -1.5254955, 0.28844225
2.244451, -1.7155492, 0.15054531
2.090222, -1.4870555, 0.071647435
2.093204, -1.4855038, 0.1309925
2.0969338, -1.484941, 0.21004726
2.2129974, -1.6437526, 0.4525951
2.3134098, -1.8091605, 0.011084763
2.1469927, -1.5564907, 0.095666155
2.2025363, -1.6520841, 0.25314018
2.1048176, -1.5070249, 0.052515317
2.2207685, -1.684027, 0.20080325
2.190022, -1.6068245, 0.33017516
2.08878, -1.4575586, 0.25110435
2.2463067, -1.7284956, 0.28735593
2.1866562, -1.6314995, 0.11383108
2.077746, -1.4585819, 0.31219304
2.1751392, -1.61462, 0.088439375
2.1227226, -1.5158478, 0.1631615
2.1758184, -1.6272106, 0.088423505
2.10887, -1.4921706, 0.18851855
2.0934289, -1.4733377, 0.15130888
2.3044648, -1.799992, 0.03526262
2.0930305, -1.469214, 0.2345388
2.122035, -1.5253026, 0.104295895
2.2187917, -1.6805345, 0.14657044
2.1956072, -1.6206869, 0.33218208
2.17701, -1.6066887, 0.07591764
2.271714, -1.7583952, 0.19056132
2.1833932, -1.5830169, 0.3105096
2.1486588, -1.5816855, 0.020869298
2.100159, -1.4759399, 0.14242254
2.1702302, -1.57965, 0.32183084
2.3369856, -1.8353899, 0.17046116
2.2293057, -1.6920166, 0.12939623
2.3268397, -1.8550144, 0.14916241
2.343227, -1.8357179, 0.25381643
2.3880095, -1.9107392, 0.20890883
2.3904448, -1.925364, 0.23386455
2.2243721, -1.7203596, 0.32178465
2.216519, -1.6686778, 0.11019941
2.1535904, -1.5807859, 0.10137505
2.415647, -1.9699571, 0.24652535
2.1772227, -1.6260567, 0.12906575
2.2488298, -1.729426, 0.3053522
2.2232766, -1.6709771, 0.4491408
2.1171148, -1.5311636, 0.13224418
2.1709275, -1.5679834, 0.3068195
2.0896256, -1.4491035, 0.33009556
2.0937185, -1.4739202, 0.26922166
2.3569138, -1.8928831, 0.14932162
2.1035028, -1.4696254, 0.21380606
2.3667457, -1.8863318, 0.25285223
2.1370032, -1.5668155, 0.13571796
2.1917791, -1.6074516, 0.35232243
2.2114844, -1.685176, 0.1901385
2.4145637, -1.9630992, 0.26406193
2.1583061, -1.5902096, 0.12791155
2.079173, -1.48104, 0.07204035
2.1519399, -1.5314708, 0.3063783
2.3050227, -1.7973236, 0.08438543
2.2191966, -1.704689, 0.23076776
2.1955855, -1.6407707, 0.03915857
2.1359668, -1.5417129, 0.25593323
2.2763047, -1.7642739, 0.15678136
2.1044204, -1.5012873, 0.119396165
2.1583633, -1.5817696, 0.14133482
2.1899405, -1.607662, 0.029909994
2.1571102, -1.5766666, 0.026932018
