1.7011026, 0.38257113, 0.3600253
1.6681631, 0.42662457, 0.3851868
1.692771, 0.3926115, 0.32980344
1.689301, 0.39073163, 0.34930444
1.6821588, 0.42290962, 0.35789746
1.6859415, 0.40286443, 0.3915801
1.6960297, 0.39211705, 0.3725782
1.6633409, 0.42283958, 0.40013367
1.6892194, 0.40263364, 0.33372042
1.6728717, 0.41591913, 0.41275677
1.6726137, 0.40659392, 0.35059503
1.7119373, 0.37287778, 0.34969985
1.7010351, 0.3879441, 0.3286808
1.6507084, 0.4263965, 0.43158883
1.6952356, 0.38923964, 0.3181643
1.7048769, 0.38449708, 0.31210887
1.6283447, 0.4645842, 0.26941437
1.6436799, 0.44918504, 0.2504117
1.6462624, 0.46686062, 0.4290172
1.648213, 0.45014283, 0.45037815
1.6512222, 0.43139905, 0.4508472
1.749821, 0.34496346, 0.28542894
1.5691433, 0.54876006, 0.42660818
1.572942, 0.54280084, 0.374524
1.5530905, 0.554725, 0.43110883
1.5746146, 0.52943915, 0.37012142
1.5739452, 0.5307563, 0.41008162
1.638306, 0.4393426, 0.4423055
1.5908813, 0.52748865, 0.3486487
1.5753024, 0.52670795, 0.3904805
1.5665869, 0.55028194, 0.4452977
1.6533192, 0.45213825, 0.47258276
1.5870622, 0.52235925, 0.37237337
1.5709457, 0.5450468, 0.40797353
1.6665236, 0.427055, 0.18808775
1.5710343, 0.5315391, 0.18808767
1.6028633, 0.5031847, 0.34334823
1.6061852, 0.5205382, 0.37541834
1.6284566, 0.48919225, 0.46887606
1.6288602, 0.47376856, 0.5063441
1.6433663, 0.46279082, 0.48227623
1.5740428, 0.5338097, 0.5902692
1.5628828, 0.562948, 0.6260333
1.5932392, 0.51564705, 0.524624
1.5901812, 0.5132306, 0.51256686
1.59164, 0.5257138, 0.5336727
1.5883536, 0.503903, 0.5504458
1.5857716, 0.5301128, 0.5845209
1.5746324, 0.53040725, 0.55291516
1.5697278, 0.55006933, 0.57031155
1.6098794, 0.48894644, 0.49530375
1.6955467, 0.39213178, 0.18876764
1.6891708, 0.40410388, 0.19121023
1.68123, 0.40860257, 0.16829732
1.688875, 0.40661678, 0.20701714
1.694356, 0.387365, 0.17275515
1.6863856, 0.40790302, 0.15488058
1.620146, 0.48389614, 0.08831792
1.6277927, 0.4842583, 0.5123117
1.6107413, 0.4933791, 0.5271492
1.6882073, 0.3911802, 0.15021835
1.6967138, 0.3725712, 0.16884823
1.7083918, 0.36840704, 0.14714019
1.6938891, 0.38644654, 0.13297305
1.6978501, 0.37491998, 0.12885019
1.7203, 0.36303547, 0.13436086
1.7315199, 0.34990293, 0.111455016
1.6275585, 0.46068645, 0.28454298
1.5886227, 0.52802193, 0.60828
1.5741072, 0.5336597, 0.64706683
1.6317991, 0.4666326, 0.52992886
1.6741518, 0.4109763, 0.22997963
1.6141502, 0.48671162, 0.5679876
1.6507715, 0.44613132, 0.48987484
1.6620392, 0.43212077, 0.20675437
1.5985959, 0.51606184, 0.5990245
1.744676, 0.3348218, 0.10667302
1.6061381, 0.49529922, 0.58805305
1.5660117, 0.51538885, 0.2526215
1.6497757, 0.43111622, 0.085463725
1.6903208, 0.39253235, 0.4085647
1.633769, 0.4676362, 0.46904156
1.5844247, 0.52422255, 0.40484583
1.615414, 0.46256343, 0.29514137
1.6049321, 0.5088319, 0.5919468
1.5665072, 0.5385512, 0.6028025
1.6536002, 0.4292888, 0.46750155
1.5544167, 0.55213034, 0.49078822
1.633527, 0.45276603, 0.5090944
1.565197, 0.5511012, 0.6710355
1.6524264, 0.42605808, 0.07438639
1.6251682, 0.4826993, 0.5480826
1.6709859, 0.41317075, 0.21056321
1.5699692, 0.533396, 0.47203287
1.653595, 0.44055375, 0.08725203
1.575407, 0.53005624, 0.44880998
1.7112668, 0.3805106, 0.2948668
1.5745709, 0.53072613, 0.4337049
1.6356962, 0.44767666, 0.31457445
1.5877372, 0.52189106, 0.43158302
1.6264774, 0.47150144, 0.15155384
1.6548243, 0.42888644, 0.39295498
1.5574056, 0.55811274, 0.6774102
1.705543, 0.36729705, 0.1669658
1.6687738, 0.4107753, 0.4472264
1.7152562, 0.35604015, 0.14601469
1.6543123, 0.46316776, 0.6046238
1.6237706, 0.48583135, 0.6533674
1.6629783, 0.43244058, 0.6237859
1.6366831, 0.45774105, 0.6245717
1.6701443, 0.42856887, 0.6094778
1.6492347, 0.449477, 0.60737884
1.6656178, 0.44376177, 0.62637085
1.6457665, 0.46746242, 0.6688653
1.6890137, 0.4076339, 0.5740236
1.6658634, 0.42975077, 0.5697039
1.6261505, 0.48714083, 0.7044981
1.6086954, 0.50280094, 0.7048602
1.6838797, 0.39425582, 0.53403354
1.6857293, 0.40944704, 0.52726376
1.6744678, 0.4225812, 0.5507214
1.6911365, 0.42283523, 0.53497237
1.7111669, 0.37533575, 0.52941775
1.7013762, 0.38424462, 0.5065248
1.7186041, 0.357949, 0.508163
1.7492315, 0.33072478, 0.4517101
1.5703334, 0.52740306, 0.24931319
1.6103833, 0.48948446, 0.34972566
1.673797, 0.4223233, 0.5922027
1.7043086, 0.38137817, 0.27263224
1.6688079, 0.42482892, 0.33473915
1.6953934, 0.3932621, 0.65673155
1.6513892, 0.43253866, 0.36496127
1.6988904, 0.37873086, 0.08728366
1.6081462, 0.50737834, 0.4666886
1.6499246, 0.44893545, 0.21012262
1.721706, 0.36693156, 0.2485151
1.7292479, 0.34793007, 0.06968837
1.6549861, 0.4347783, 0.5888074
1.71871, 0.34981534, 0.26793212
1.6728015, 0.41131613, 0.5535038
1.6085696, 0.4893422, 0.27095997
1.666916, 0.42725095, 0.25161037
1.6683831, 0.413699, 0.3303945
1.7076603, 0.3694138, 0.11108023
1.6330471, 0.4805663, 0.52903
1.638401, 0.45488876, 0.291179
1.5921838, 0.5129193, 0.49091306
1.607661, 0.5092351, 0.36513954
1.6668961, 0.41483963, 0.15154737
1.6632708, 0.4216733, 0.16039065
1.6101403, 0.4893264, 0.55016243
1.6686794, 0.41300642, 0.0623011
1.6541079, 0.4497507, 0.7313182
1.65368, 0.4460992, 0.37171662
1.6319326, 0.48149192, 0.45580965
1.7107655, 0.36696792, 0.06491022
1.6906961, 0.3907006, 0.5496134
1.713096, 0.36925477, 0.28858542
1.6327868, 0.46828574, 0.629958
1.5709574, 0.5355805, 0.56994855
1.6908654, 0.38999233, 0.2891456
1.7215732, 0.36409116, 0.27008554
1.5683038, 0.5655941, 0.36927807
1.5689071, 0.5500733, 0.5480508
1.6510777, 0.45208934, 0.6310729
1.6739268, 0.41531777, 0.56581885
1.6540802, 0.43114442, 0.4075414
1.7011113, 0.37075135, 0.0812037
1.6285065, 0.46658665, 0.6667595
1.5690453, 0.5489355, 0.6077651
1.648655, 0.44704625, 0.18914126
1.7036737, 0.38375092, 0.53622806
1.6893278, 0.40623933, 0.67018855
1.6462073, 0.4479031, 0.39016286
1.6061516, 0.50815505, 0.39069897
1.5930511, 0.51147604, 0.35073388
1.6849651, 0.40973428, 0.31010622
1.613417, 0.49077415, 0.5089955
1.6851918, 0.40733835, 0.124290235
1.5854378, 0.52710783, 0.7504761
1.6100847, 0.4910705, 0.45258963
1.5939447, 0.52203524, 0.4966581
1.6041529, 0.5094668, 0.48592436
1.5722239, 0.5318717, 0.5277847
1.7126054, 0.37167212, 0.2679099
1.6900034, 0.39318514, 0.11330836
1.6431935, 0.48317528, 0.68024206
1.7127411, 0.37351528, 0.5129386
1.6755259, 0.4131412, 0.588313
1.6940683, 0.39648908, 0.69221
1.7136519, 0.36795887, 0.65260977
1.7111799, 0.3871629, 0.63581574
1.692852, 0.3920626, 0.6691791
1.7047609, 0.3922802, 0.6870417
1.7085232, 0.38523856, 0.67438805
1.6741389, 0.4294327, 0.74926156
1.6541977, 0.43445846, 0.76866585
1.6421323, 0.46381646, 0.7695845
1.6724772, 0.43191674, 0.70809346
1.6871017, 0.4240476, 0.72925854
1.6665163, 0.4310182, 0.7283809
1.6638658, 0.4403172, 0.7290164
1.6754487, 0.41182986, 0.73126554
1.6519125, 0.45426607, 0.74642485
1.695117, 0.39557818, 0.7047584
1.6893804, 0.4069469, 0.7084361
1.7215414, 0.38258162, 0.69871217
1.6939356, 0.39640424, 0.72850066
1.6883745, 0.4080136, 0.75179493
1.6834081, 0.4222149, 0.69497395
1.6060874, 0.48561278, 0.1739429
1.5524226, 0.555727, 0.45174596
1.6811249, 0.42830694, 0.7021628
1.6080076, 0.48552725, 0.19047919
1.6503242, 0.4490098, 0.4115084
1.6685557, 0.42967716, 0.34739435
1.633367, 0.46813443, 0.77435917
1.6276984, 0.46862248, 0.49109927
1.6270239, 0.4678326, 0.22980851
1.6974158, 0.37799075, 0.37435403
1.7297136, 0.3514348, 0.62926054
1.5803993, 0.5436951, 0.44863886
1.5719837, 0.5303882, 0.26779118
1.654574, 0.43487316, 0.27134767
1.7183976, 0.35970557, 0.09223853
1.5756505, 0.52971435, 0.17035702
1.5760119, 0.55092925, 0.5357595
1.7249181, 0.3526784, 0.22990757
1.730619, 0.364246, 0.07271553
1.6362275, 0.46354938, 0.24989347
1.590921, 0.52392656, 0.38820007
1.6715552, 0.41310507, 0.4265303
1.5629824, 0.5461829, 0.47338614
1.7217256, 0.36344832, 0.051221743
1.6875556, 0.41002357, 0.68746865
1.6019759, 0.508798, 0.29252866
1.6511419, 0.4641387, 0.7934714
1.6508275, 0.44931966, 0.2333749
1.6709396, 0.45777005, 0.5829414
1.621824, 0.4830843, 0.15742934
1.6279055, 0.4694048, 0.13485506
1.7005535, 0.38869596, 0.093449965
1.6102784, 0.49143505, 0.7061962
1.7096684, 0.37130022, 0.37013754
1.6561011, 0.46484837, 0.82686055
1.7537184, 0.34325176, 0.59378433
1.7458, 0.33242103, 0.21857117
1.7480162, 0.33592385, 0.1258715
1.5691587, 0.5472796, 0.493739
1.7293531, 0.34520432, 0.3069199
1.6278944, 0.46815863, 0.17255333
1.6206487, 0.4839003, 0.7403206
1.6301894, 0.47923884, 0.42987773
1.6869338, 0.39136863, 0.2350164
1.5890847, 0.5097151, 0.5642071
1.6942452, 0.3922014, 0.7719561
1.6330826, 0.48613733, 0.6890855
1.668956, 0.42686787, 0.6492164
1.6155511, 0.47115606, 0.2510897
1.5698271, 0.5303266, 0.29112935
1.5917838, 0.5119364, 0.62705564
1.7320538, 0.35500425, 0.66568136
1.6268423, 0.4807024, 0.7309587
1.5838674, 0.52932996, 0.46976817
1.5671818, 0.55477595, 0.20419398
1.5448601, 0.5223403, 0.061021257
1.6546718, 0.4295129, 0.17004614
1.5741612, 0.5238489, 0.6334516
1.5525762, 0.5550957, 0.68877196
1.6525363, 0.44972605, 0.68896294
1.7067164, 0.3837912, 0.20921412
1.6287673, 0.47001463, 0.6459021
1.7348074, 0.35128695, 0.65074074
1.5848764, 0.52230406, 0.6338573
1.5638626, 0.54697895, 0.31144586
1.6584766, 0.4319361, 0.4882927
1.6857123, 0.4221932, 0.7980408
1.6136829, 0.5080992, 0.76811546
1.5919642, 0.5118012, 0.24631585
1.7145967, 0.3607895, 0.71582526
1.7081823, 0.36452025, 0.19040087
1.7167166, 0.38368085, 0.73254436
1.6556625, 0.4518317, 0.6692921
1.5666704, 0.5493239, 0.5108846
1.626784, 0.49105656, 0.43462563
1.6327872, 0.4447159, 0.111884326
1.7218136, 0.3681828, 0.33188242
1.6513263, 0.4496781, 0.12708393
1.5547205, 0.55122364, 0.33202592
1.7142106, 0.3663175, 0.5524508
1.7140635, 0.37119415, 0.69133085
1.6873674, 0.4136829, 0.604418
1.6426747, 0.46724877, 0.45418817
1.6499118, 0.43164656, 0.5105999
1.7157465, 0.3676035, 0.72804564
1.6711589, 0.42640194, 0.7720261
1.609852, 0.5093375, 0.42483133
1.6532017, 0.46383455, 0.86787826
1.6314219, 0.47122818, 0.55040014
1.6690437, 0.40862632, 0.0894444
1.6119126, 0.5016322, 0.6719385
1.5973928, 0.50576186, 0.61110055
1.7079986, 0.37167412, 0.6313537
1.6956087, 0.38590258, 0.5728915
1.665451, 0.44671842, 0.6608427
1.5498356, 0.55393404, 0.7091139
1.5343294, 0.55278516, 0.03214965
1.6045408, 0.50176144, 0.111754745
1.6321745, 0.4709077, 0.4119725
1.7033532, 0.404705, 0.29378194
1.69961, 0.38766572, 0.75483537
1.6529386, 0.4454173, 0.26897132
1.6936958, 0.38783157, 0.03297977
1.6089953, 0.49444607, 0.41164374
1.7410516, 0.3275668, 0.28688052
1.6501123, 0.43399227, 0.025041007
1.6890277, 0.4031656, 0.77773815
1.5919462, 0.5269634, 0.4524712
1.6762161, 0.40991503, 0.13579078
1.7279339, 0.34994197, 0.34727204
1.6486669, 0.4478301, 0.28622815
1.631947, 0.4713959, 0.7104278
1.650605, 0.4488829, 0.5081642
1.585777, 0.5250105, 0.6493193
1.6858623, 0.4041973, 0.42483035
1.7216516, 0.36862916, 0.08645657
1.5722423, 0.51805115, 0.083643645
1.5981727, 0.49778453, 0.53291196
1.6936332, 0.40604946, 0.5915073
1.5936495, 0.5268258, 0.8054316
1.6821415, 0.44467202, 0.898011
1.6276801, 0.48088446, 0.9087573
1.6641788, 0.44333416, 0.908877
1.6731863, 0.43259287, 0.8889842
1.6865706, 0.42649084, 0.8711034
1.6910222, 0.4113586, 0.8688236
1.7047819, 0.40555176, 0.8696185
1.6708494, 0.4324723, 0.9278545
1.662557, 0.44086304, 0.93477184
1.6754551, 0.42599353, 0.9127036
1.616448, 0.49068642, 0.92879915
1.6118317, 0.5103963, 0.95103955
1.652146, 0.44582292, 0.9529069
1.6658483, 0.44629315, 0.94681054
1.6926196, 0.39217275, 0.91308695
1.7136194, 0.3858842, 0.8923934
1.6929296, 0.41516888, 0.947293
1.726985, 0.38836518, 0.83033174
1.6876559, 0.41201037, 0.9691416
1.6682321, 0.44442287, 0.97262627
1.6688347, 0.42853636, 0.968673
1.6754528, 0.41751173, 0.9745391
1.6521361, 0.45331675, 0.9668776
1.6508347, 0.4651597, 0.9719828
1.5949086, 0.5126318, 0.9700584
1.5936491, 0.5219645, 0.97966206
1.5920674, 0.53222704, 0.9904198
1.6353954, 0.46954277, 0.9920352
1.6715049, 0.44562265, 0.9918755
1.668898, 0.4336894, 0.9873076
1.665597, 0.44362277, 1.0083561
1.6528777, 0.44975695, 1.0123692
1.5698255, 0.5528662, 1.0312308
1.6473556, 0.46619302, 1.0329862
1.644764, 0.47258672, 1.0467988
1.5667776, 0.568812, 1.0485402
1.6440899, 0.47033298, 1.0723759
1.6285932, 0.49104825, 1.0875436
1.6100452, 0.5088494, 1.1080998
1.5980635, 0.51459706, 1.1151693
1.5994749, 0.5199071, 1.1254946
1.5954182, 0.53174794, 1.133743
1.579011, 0.5518597, 1.1747401
1.5891769, 0.55330503, 1.1930465
1.571452, 0.5362253, 0.34833354
1.665572, 0.43160433, 0.370468
1.6422017, 0.48333043, 0.71658885
1.7082613, 0.38201186, 0.5714003
1.689192, 0.3947445, 0.58702946
1.6380026, 0.4768177, 1.0517355
1.7051764, 0.37020516, 0.3904366
1.6303766, 0.4698704, 0.44983372
1.7103691, 0.38587093, 0.7501579
1.5890335, 0.5057326, 0.21350211
1.6023309, 0.52596176, 1.145098
1.6514593, 0.45000768, 0.33048603
1.5563962, 0.52982, 0.11286191
1.5474601, 0.55122834, 0.13373017
1.6564004, 0.4350037, 0.6548288
1.6865618, 0.40890306, 0.25108653
1.7294185, 0.37500307, 0.8243466
1.721023, 0.36687893, 0.35869217
1.6263633, 0.47140127, 0.18632148
1.6109173, 0.50902385, 1.13091
1.6348284, 0.45622134, 0.5285307
1.7143216, 0.3864985, 0.81052524
1.5868012, 0.5444706, 1.0066448
1.607413, 0.49359137, 0.38897112
1.5886999, 0.5129811, 0.7276678
1.6711388, 0.42785174, 0.46906543
1.7134781, 0.3542446, 0.1714728
1.6855049, 0.40401262, 0.053712197
1.6464278, 0.4631491, 0.9864484
1.6677574, 0.4422105, 0.16811164
1.6887267, 0.4227516, 0.8112463
1.6078645, 0.47835162, 0.21409068
1.722212, 0.36088103, 0.6800523
1.6232004, 0.5092521, 1.1122742
1.74439, 0.36491275, 0.84541136
1.6538273, 0.433832, 0.31106937
1.5939221, 0.5254666, 0.5700868
1.7508633, 0.34566846, 0.7472563
1.6704857, 0.40836567, 0.37280142
1.5615344, 0.5434367, 0.049962465
1.6307361, 0.44852024, 0.03567139
1.7246404, 0.3492617, 0.32878396
1.6493356, 0.44549036, 0.7761277
1.5720537, 0.5349092, 0.48775253
1.5557637, 0.54883647, 0.20506124
1.548039, 0.5553057, 0.31001204
1.6256503, 0.4926077, 1.1106044
1.5718884, 0.51624894, 0.06950106
1.6350366, 0.4536867, 0.3524567
1.6656859, 0.43165419, 0.22976756
1.6515279, 0.44960287, 0.78988093
1.5756088, 0.53440255, 0.3358181
1.591506, 0.5134137, 0.42785266
1.6681488, 0.42886955, 0.7885928
1.6714075, 0.41166788, 0.29053175
1.6509812, 0.45116916, 1.0291127
1.7098169, 0.37130973, 0.61082405
1.7230157, 0.3619262, 0.60688484
1.7324322, 0.3469515, 0.25361827
1.6136649, 0.48653412, 0.75006306
1.6550161, 0.4316244, 0.110697
1.6401283, 0.46859673, 0.5316265
1.5954692, 0.49137762, 0.3306543
1.6876186, 0.42694598, 0.90769756
1.6917913, 0.39167148, 0.51104414
1.6248063, 0.46038967, 0.0578526
1.563549, 0.56671304, 0.5118219
1.675949, 0.4263985, 1.0117115
1.6889989, 0.3939669, 0.62838805
1.6930132, 0.3929134, 0.26816726
1.7092794, 0.36884516, 0.23388869
1.6704735, 0.42853767, 0.6706753
1.7053715, 0.39237183, 0.9641566
1.5475453, 0.55019116, 0.22923353
1.691688, 0.40780112, 0.6325259
1.6118582, 0.49101573, 0.6126622
1.7063588, 0.4083564, 0.80811185
1.6844287, 0.4112539, 0.35025445
1.6203396, 0.4867145, 0.2863735
1.6557312, 0.4293754, 0.21127656
1.6899205, 0.38838932, 0.44857776
1.7167999, 0.37061918, 0.7517596
1.5562935, 0.55356616, 0.28735375
1.6667147, 0.44817072, 0.5149382
1.6887407, 0.4106442, 0.26869988
1.6843681, 0.40872347, 0.47067612
1.6673636, 0.43368122, 1.0299987
1.7352173, 0.3459043, 0.4740306
1.7093778, 0.3873809, 0.7732962
1.6711266, 0.42875057, 0.6865181
1.7099171, 0.37390575, 0.93471265
1.6896532, 0.41196203, 0.64962494
1.6314427, 0.46521768, 0.37505025
1.6726227, 0.42298198, 0.49770638
1.6902615, 0.42972, 0.8290779
1.645192, 0.4662769, 0.72906876
1.5932921, 0.51490235, 0.64878887
1.6334658, 0.45287696, 0.22755179
1.7467083, 0.33283502, 0.70746136
1.684024, 0.40987334, 0.4569948
1.6927173, 0.41186333, 0.7920427
1.7174855, 0.35706922, 0.28567702
1.7284353, 0.36531448, 0.73562646
1.611494, 0.49153906, 0.6894105
1.5950599, 0.5134503, 0.45042777
1.7268646, 0.3645961, 0.7441225
1.7062259, 0.3890714, 0.22720179
1.6276872, 0.47184843, 0.56899875
1.7401977, 0.34054986, 0.16480099
1.721002, 0.3737974, 0.38665074
1.6610897, 0.4447527, 0.69268894
1.682192, 0.41300485, 0.4030871
1.7032243, 0.3906889, 0.24230082
1.5902451, 0.5240297, 0.31094143
1.7108961, 0.37073523, 0.41128936
1.7046381, 0.39238936, 0.6073705
1.6159753, 0.47298703, 0.07786679
1.6286542, 0.45035595, 0.16805722
1.6336541, 0.47212523, 0.7491638
1.6935123, 0.39759508, 0.9856712
1.7470709, 0.3471729, 0.7078325
1.6970596, 0.39437377, 0.25192955
1.6531662, 0.45178792, 0.5297671
1.6648997, 0.44688523, 0.7045543
1.5885167, 0.48725152, 0.2317577
1.7098751, 0.38982195, 0.95115364
1.6439571, 0.45375693, 0.35626096
1.7139273, 0.36650625, 0.21581686
1.7120178, 0.35180706, -0.009360986
1.5618919, 0.56395125, 0.21104084
1.6575434, 0.432953, 0.68980354
1.7127213, 0.35472792, 0.38945463
1.7295135, 0.35184944, 0.54838234
1.6886864, 0.43188626, 0.8485078
1.7369261, 0.34726012, 0.99207026
1.6849312, 0.34943587, -0.013511632
1.6639514, 0.46855214, 1.4911162
1.6432968, 0.46803507, 0.40673614
1.6244847, 0.49239987, 0.96551317
1.6771691, 0.43210223, 1.5138742
1.6287127, 0.46824038, 0.5883174
1.5733373, 0.53555477, 0.7083715
1.5843195, 0.54960316, 1.0518275
1.6639943, 0.46282494, 1.5259409
1.6045023, 0.51446134, 0.32871902
1.7221828, 0.3565547, 0.9266713
1.7505177, 0.34886593, 1.0304096
1.7468628, 0.34402674, 0.53001016
1.671169, 0.42723614, 0.2942512
1.6459941, 0.49007478, 1.4876211
1.5501703, 0.5533597, 0.56891185
1.6541487, 0.45368844, 1.5079366
1.5723023, 0.53109294, 0.693081
1.7062374, 0.38643083, 0.90521574
1.5904248, 0.52360004, 0.6665243
1.5852684, 0.5249575, 0.68199116
1.6742134, 0.4488383, 1.4492902
1.6067653, 0.5024039, 0.45671713
1.5530944, 0.55710614, 0.7336407
1.6697991, 0.44544685, 1.529236
1.5681581, 0.5484216, 0.35417444
1.6135486, 0.4633829, 0.03377952
1.6477699, 0.48256603, 1.4453354
1.6691681, 0.4506514, 1.4935699
1.6481557, 0.4722959, 1.4696922
1.7261012, 0.3870208, 0.86835265
1.6561627, 0.45412308, 1.4521172
1.6285928, 0.465854, 0.33262715
1.6299312, 0.48856246, 1.47282
1.5569156, 0.55285376, 0.552596
1.6285211, 0.45406926, 0.27205926
1.6520187, 0.47643325, 1.5055685
1.6866475, 0.42922124, 1.4898158
1.7115896, 0.36852705, 0.58917886
1.7327539, 0.34830955, 0.17046356
1.6266301, 0.5044873, 0.9671383
1.7213442, 0.3671785, 0.92714036
1.6440134, 0.4659296, 0.9085525
1.6745048, 0.42877313, 0.94875264
1.7509848, 0.3472762, 1.012546
1.6896846, 0.42224723, 0.99882966
1.6258881, 0.48540357, 0.6049503
1.5685158, 0.5462838, 0.39216974
1.634355, 0.4875849, 1.5132506
1.5585196, 0.5483857, 0.620025
1.572771, 0.54992235, 0.7075456
1.5710943, 0.5695555, 1.0743413
1.7344084, 0.354565, 1.0095699
1.5949031, 0.51005477, 0.47501078
1.726001, 0.34625396, 0.15599944
1.7039604, 0.38363707, 0.43465212
1.7351878, 0.35414463, 1.0324576
1.6725242, 0.4148057, 0.48610055
1.6721976, 0.44706774, 1.5101414
1.6047964, 0.5272403, 1.0093207
1.6057192, 0.5110342, 0.989706
1.6431923, 0.4637157, 0.56766534
1.5635391, 0.53084326, 0.08965834
1.6719766, 0.41274908, 0.31228337
1.5625458, 0.5353072, 0.15389667
1.6869272, 0.3948036, 0.4684614
1.6902002, 0.4252459, 1.5115836
1.7335854, 0.35130334, 0.71200633
1.6267104, 0.49145794, 0.57641894
1.7492766, 0.3339994, 0.5537247
1.5713199, 0.53983814, 1.1707016
1.6675768, 0.45047686, 1.4676161
1.7291063, 0.36829758, 1.0323957
1.6729476, 0.4614601, 1.4473419
1.6790396, 0.43615395, 0.8295615
1.6710362, 0.44930184, 1.0466454
1.6145496, 0.5064485, 0.97428876
1.6452738, 0.46780667, 0.5498061
1.6512622, 0.45067415, 0.8901255
1.6466203, 0.45209488, 0.5480109
1.6106794, 0.49168968, 0.630312
1.641377, 0.49068582, 1.5322349
1.7227035, 0.35114852, 0.20997815
1.6716415, 0.46276897, 1.4692339
1.576211, 0.5264194, 0.5097668
1.6945423, 0.41323632, 0.81245893
1.6895064, 0.39434573, 0.97385895
1.5656399, 0.5512838, 0.72966474
1.6600945, 0.48911163, 1.5078075
1.5905128, 0.5339711, 0.5464541
1.6947181, 0.4307201, 1.4724767
1.7059168, 0.36861515, 0.30928528
1.6815434, 0.44586897, 1.4792539
1.5929958, 0.5082443, 0.32898122
1.6543133, 0.45064712, 1.5334126
1.7541252, 0.34542665, 0.9833668
1.6540642, 0.4689875, 1.4935724
1.6491412, 0.45242947, 1.4843624
1.6971534, 0.39461008, 1.5360746
1.6726608, 0.44815725, 1.5491484
1.675216, 0.43304676, 1.5455213
1.6895387, 0.41325107, 1.4706888
1.7065351, 0.40879494, 1.4864866
1.6938057, 0.4122621, 1.5073701
1.6659799, 0.46959692, 1.5679818
1.6323385, 0.48828882, 1.5283446
1.6445692, 0.48583004, 1.5508963
1.6713674, 0.44849157, 1.5687754
1.6256678, 0.49437082, 1.5425066
1.6687508, 0.46522757, 1.5542626
1.6524086, 0.46795154, 1.5731177
1.6361295, 0.4673375, 1.5428636
1.7318437, 0.3671166, 1.0711124
1.6093571, 0.5084233, 1.5085772
1.6125199, 0.5123305, 1.4682492
1.6200005, 0.5334109, 1.4835409
1.6275427, 0.49153367, 1.4497952
1.626233, 0.51022756, 1.5295345
1.6124604, 0.51395535, 1.4918971
1.6235662, 0.5107603, 1.48777
1.6893708, 0.42702767, 1.415137
1.6718602, 0.44912207, 1.4291195
1.68674, 0.4260373, 1.4515536
1.6669512, 0.4493817, 1.4110528
1.6731095, 0.4304639, 1.4076428
1.6694866, 0.43333814, 1.4456736
1.6637697, 0.46849468, 1.4092494
1.6512123, 0.47089094, 1.4287338
1.689311, 0.4293923, 1.4301902
1.6503818, 0.4699721, 1.4102882
1.6603658, 0.48395768, 1.4376756
1.6924399, 0.4298647, 1.5734313
1.7122943, 0.42185256, 1.5555962
1.6304177, 0.4882901, 1.4329083
1.6287515, 0.5052552, 1.4290189
1.6125659, 0.5088118, 1.4509599
1.6361802, 0.49238718, 1.410456
1.638449, 0.504314, 1.4145865
1.6491243, 0.48753977, 1.4097769
1.7112668, 0.38648894, 1.5146819
1.7027552, 0.4062941, 1.454104
1.6104108, 0.51560473, 1.5457134
1.6053317, 0.52940154, 1.5109457
1.6315298, 0.5079275, 1.5520805
1.6109327, 0.5310276, 1.5307317
1.7149212, 0.37658322, 1.0721469
1.7118484, 0.40784764, 1.5536846
1.7151281, 0.3884155, 1.0717134
1.6400169, 0.50662655, 1.5759041
1.6326108, 0.49010295, 1.5684723
1.708228, 0.40100348, 1.4317443
1.721726, 0.38017756, 1.5503707
1.7313572, 0.37339133, 1.5505393
1.7105343, 0.40727907, 1.5728384
1.7266699, 0.3866536, 1.5310562
1.7295271, 0.36829582, 1.5093006
1.7308996, 0.38418543, 1.511338
1.7149733, 0.3906246, 1.5512676
1.7358836, 0.37477612, 1.5299224
1.6772667, 0.43053812, 1.5886645
1.6942259, 0.4252094, 1.590992
1.651049, 0.47015688, 1.5887377
1.7302971, 0.36776534, 1.492728
1.6841993, 0.4468605, 1.6101648
1.6480502, 0.4868149, 1.5935618
1.6140627, 0.5128715, 1.56972
1.6092393, 0.52732444, 1.5526639
1.6284535, 0.506039, 1.5888939
1.6881338, 0.4316023, 1.6063427
1.6085291, 0.5307108, 1.5668862
1.6148634, 0.4958039, 1.5931838
1.6127826, 0.51026344, 1.5921941
1.6359018, 0.49354783, 1.6091709
1.7102679, 0.3911896, 1.0905058
1.7125343, 0.3765079, 1.1089945
1.7254072, 0.37008965, 1.1067026
1.7092664, 0.3882571, 1.1111465
1.6956141, 0.39767924, 1.0859278
1.5888644, 0.5494261, 1.5103929
1.595249, 0.5260635, 1.4951603
1.5893449, 0.5482654, 1.530794
1.6015115, 0.551925, 1.488988
1.5938548, 0.5303327, 1.4733963
1.5935279, 0.5444782, 1.4910344
1.6004046, 0.54538685, 1.5115795
1.5943546, 0.53194326, 1.4316567
1.6157012, 0.51934135, 1.4044088
1.6727693, 0.43523443, 1.3668242
1.6677102, 0.4462723, 1.3681855
1.7017908, 0.41603094, 1.3763654
1.7042922, 0.40542814, 1.3940023
1.6911668, 0.41502365, 1.4061688
1.661111, 0.46566808, 1.3801615
1.7206551, 0.4038302, 1.4266548
1.7106048, 0.3947108, 1.3890414
1.7139082, 0.3935626, 1.4071566
1.6667101, 0.45449126, 1.3905414
1.6968373, 0.4119676, 1.3896061
1.6868522, 0.4277063, 1.3926553
1.651449, 0.46915224, 1.375649
1.6478016, 0.48330387, 1.3909692
1.6557568, 0.45547238, 1.3687853
1.639721, 0.48564714, 1.3952366
1.6286489, 0.49462017, 1.3663636
1.709309, 0.40672404, 1.6129122
1.6993564, 0.41565824, 1.6056713
1.7142215, 0.38961893, 1.5907027
1.7212543, 0.3948146, 1.5728989
1.6070944, 0.5286242, 1.4108566
1.6134473, 0.50909215, 1.3857477
1.6121479, 0.51004803, 1.3726377
1.6232845, 0.51032084, 1.3643714
1.7431669, 0.36626926, 1.5258222
1.725422, 0.39338917, 1.4156988
1.610166, 0.52947426, 1.5913552
1.5872883, 0.55077255, 1.5479221
1.5905886, 0.5517614, 1.5671792
1.6051291, 0.54094774, 1.575685
1.5740297, 0.5559371, 1.5133764
1.5850474, 0.5653628, 1.5474414
1.696763, 0.39778945, 1.1089364
1.730891, 0.37152812, 1.5700877
1.7227846, 0.3902683, 1.5881395
1.6905546, 0.40772867, 1.111979
1.6241472, 0.52913356, 1.6168858
1.6104527, 0.512021, 1.6035525
1.7229685, 0.38718107, 1.3849485
1.7307571, 0.3708151, 1.4087794
1.7352788, 0.3588366, 1.542356
1.7456062, 0.34776396, 1.5243834
1.7421856, 0.36849466, 1.5655547
1.7492214, 0.34844786, 1.5094335
1.7288129, 0.38635436, 1.6159031
1.7544676, 0.35230687, 1.463116
1.6964316, 0.43135828, 1.635164
1.6992439, 0.41975504, 1.6302292
1.7102516, 0.41327643, 1.6271775
1.6495974, 0.4910722, 1.6300045
1.6729043, 0.47239575, 1.63179
1.7545805, 0.34808773, 1.4497948
1.6880182, 0.44547534, 1.6471776
1.687513, 0.4366687, 1.6566365
1.6721945, 0.47030047, 1.64942
1.6716495, 0.45431486, 1.6445378
1.600491, 0.5443427, 1.582389
1.5893068, 0.5493642, 1.5900463
1.7135063, 0.41186932, 1.6525495
1.7255574, 0.40375328, 1.63556
1.5896058, 0.5482392, 1.6122831
1.7062716, 0.39246115, 1.1279317
1.7226502, 0.4158535, 1.1395265
1.7075993, 0.40378976, 1.1354618
1.6940114, 0.40890127, 1.1307019
1.7302527, 0.3680542, 1.1308849
1.7055336, 0.39215586, 1.1455135
1.7260964, 0.38437188, 1.1530054
1.6927636, 0.4111792, 1.1542488
1.7066085, 0.4073183, 1.1519809
1.6896272, 0.425426, 1.1302083
1.5727504, 0.5678601, 1.5549136
1.5669792, 0.57074094, 1.533211
1.5680143, 0.57290536, 1.4230682
1.5709409, 0.55406106, 1.3893288
1.5713981, 0.5678413, 1.4108524
1.586866, 0.55005074, 1.3892698
1.576228, 0.55616665, 1.404113
1.5875319, 0.5328791, 1.3663014
1.6873951, 0.42827484, 1.3486106
1.6560549, 0.4487658, 1.3501674
1.6677448, 0.46740413, 1.3564076
1.6899126, 0.43039674, 1.3310267
1.6647642, 0.4411616, 1.3362106
1.70556, 0.40810275, 1.3470459
1.6460183, 0.49113363, 1.3471847
1.6480038, 0.4704769, 1.3264058
1.7057372, 0.41228434, 1.3266991
1.7269868, 0.3744796, 1.3454527
1.7106671, 0.39352542, 1.3280442
1.7122717, 0.39112625, 1.3520261
1.7249736, 0.40207216, 1.3504745
1.7069616, 0.39151186, 1.3738099
1.727533, 0.390593, 1.3506782
1.7272826, 0.39246997, 1.3640342
1.7249727, 0.3876075, 1.3333343
1.7437911, 0.3666777, 1.37446
1.6442486, 0.48967722, 1.3280995
1.6267347, 0.50485384, 1.3529527
1.6340646, 0.48784053, 1.3297309
1.6116307, 0.5287319, 1.3468022
1.6092569, 0.513948, 1.3288224
1.6365935, 0.50221807, 1.3359392
1.7301648, 0.39349142, 1.6286774
1.5896002, 0.5445502, 1.3762596
1.5876596, 0.5363928, 1.3533347
1.5851308, 0.5475321, 1.3535426
1.5955577, 0.53660446, 1.3336861
1.6132504, 0.5310898, 1.3334349
1.5944457, 0.548077, 1.3265487
1.5785985, 0.55304563, 1.3452567
1.5743183, 0.5537889, 1.369132
1.578309, 0.55199134, 1.6057322
1.5945019, 0.55231893, 1.6278403
1.6720641, 0.4329231, 1.1315002
1.6902976, 0.42704695, 1.1518832
1.6667697, 0.4332125, 1.1497581
1.624617, 0.5299718, 1.6499145
1.7457709, 0.3685036, 1.3514043
1.744768, 0.35754466, 1.3654635
1.673948, 0.4701089, 1.6690053
1.6324643, 0.51652074, 1.6666049
1.6838193, 0.46446353, 1.6880825
1.7065369, 0.42868057, 1.6853456
1.6888739, 0.4483484, 1.6912501
1.6512116, 0.48781446, 1.68865
1.7297957, 0.37675324, 1.1654713
1.6930385, 0.4131847, 1.1699502
1.7218933, 0.38293007, 1.1738653
1.7126597, 0.3906914, 1.1704776
1.7065363, 0.41057315, 1.1655889
1.690115, 0.42501244, 1.1722653
1.6746873, 0.4309404, 1.1690441
1.6660227, 0.4486559, 1.1520549
1.7077613, 0.39274824, 1.1886263
1.7118998, 0.40889752, 1.1926999
1.688869, 0.42960116, 1.1893791
1.6704781, 0.44953385, 1.1704345
1.568484, 0.56677246, 1.3870773
1.5675989, 0.5669575, 1.3686032
1.5761222, 0.54802203, 1.333086
1.6839229, 0.44152722, 1.3188571
1.7100979, 0.40552992, 1.3091568
1.66154, 0.46382177, 1.3097295
1.6494817, 0.47309038, 1.306374
1.6934932, 0.42580736, 1.2983477
1.6956114, 0.4173283, 1.2903565
1.7075498, 0.41024756, 1.288821
1.6667132, 0.45124888, 1.2909787
1.7251573, 0.3859561, 1.3093859
1.6709076, 0.4693792, 1.2855937
1.6506646, 0.46869045, 1.2918314
1.7312441, 0.37234244, 1.3298886
1.6249033, 0.49616766, 1.3081601
1.6327226, 0.49230897, 1.2879279
1.7311906, 0.3679472, 1.3114356
1.7295104, 0.38925245, 1.2929614
1.7456704, 0.36362115, 1.3315003
1.7532114, 0.35338324, 1.3297484
1.7480273, 0.35237747, 1.3534839
1.7531115, 0.3491194, 1.309654
1.7493104, 0.36828688, 1.3126494
1.7267238, 0.3680548, 1.2896798
1.7655284, 0.33399868, 1.3684008
1.6289487, 0.5067949, 1.2883286
1.6098286, 0.50746936, 1.3127098
1.6024718, 0.5233258, 1.3184037
1.6163168, 0.51226777, 1.2915217
1.596889, 0.5280319, 1.3045862
1.5985317, 0.52585715, 1.2916002
1.5995154, 0.5167652, 1.2873229
1.6113256, 0.5453642, 1.6757689
1.5955465, 0.56648344, 1.6716571
1.6580876, 0.45505312, 1.1791148
1.669107, 0.44946644, 1.1921114
1.6872046, 0.44420227, 1.1916466
1.6582409, 0.4508904, 1.1942577
1.6475351, 0.5105221, 1.6909944
1.6083729, 0.54943204, 1.6891197
1.7640028, 0.35131666, 1.3116189
1.6637312, 0.4676572, 1.7093407
1.6088434, 0.5347471, 1.7058107
1.6277535, 0.50948757, 1.7057866
1.6349434, 0.4897132, 1.728048
1.6538045, 0.4716681, 1.7286085
1.6288705, 0.5080555, 1.7298051
1.5767887, 0.57402515, 1.6957738
1.5964026, 0.55169404, 1.6966774
1.7464457, 0.35580453, 1.2068608
1.7115474, 0.4062857, 1.2082152
1.6962147, 0.41255018, 1.2100863
1.682975, 0.4492432, 1.2107974
1.6689738, 0.45040736, 1.2088106
1.6505375, 0.4655462, 1.1901698
1.7273935, 0.37142545, 1.2305268
1.6904671, 0.41248086, 1.2320344
1.7039819, 0.41062027, 1.2202497
1.6855373, 0.42846128, 1.229137
1.6667558, 0.45294917, 1.2300247
1.6486055, 0.46802777, 1.208
1.6683174, 0.46480602, 1.2724583
1.6805364, 0.44084355, 1.2705321
1.6714243, 0.43044525, 1.2668467
1.7128012, 0.39343375, 1.2664549
1.6586171, 0.44337082, 1.2670909
1.6456047, 0.47361153, 1.2675097
1.6306202, 0.49161887, 1.2675627
1.6706147, 0.4486724, 1.2549616
1.6862655, 0.42719045, 1.2500521
1.683962, 0.4458832, 1.2516463
1.7151071, 0.3901246, 1.2517041
1.7241861, 0.38403624, 1.2461268
1.6610864, 0.46868634, 1.2448158
1.6512451, 0.47089794, 1.2490709
1.6330462, 0.49382842, 1.2470464
1.6121614, 0.51890504, 1.2783979
1.612611, 0.4935898, 1.2530098
1.6226498, 0.5099721, 1.2548218
1.7461944, 0.36298096, 1.254599
1.7661057, 0.33861366, 1.3055723
1.7654629, 0.33390617, 1.2644737
1.5932267, 0.58243495, 1.6975167
1.6060085, 0.54353154, 1.7139299
1.6666547, 0.46469358, 1.2295697
1.6467069, 0.4870097, 1.2111461
1.6500016, 0.46753445, 1.231441
1.6129696, 0.5312595, 1.7334827
1.5871043, 0.55436724, 1.7279909
1.6682646, 0.45640635, 1.7431778
1.6478213, 0.49141297, 1.7479678
1.665013, 0.46631834, 1.7502067
1.6251477, 0.5258407, 1.7516657
1.6077763, 0.5305562, 1.7525548
1.5936012, 0.5459508, 1.7542069
1.6329551, 0.51025915, 1.7527431
1.6156156, 0.49804476, 1.7253666
1.6188084, 0.5121959, 1.7410145
1.6290653, 0.4933761, 1.7506834
1.6365701, 0.4881242, 1.7729009
1.631205, 0.50890917, 1.7720298
1.6121728, 0.517599, 1.7749782
1.6074332, 0.53197813, 1.7681379
1.6469676, 0.48903638, 1.2294878
1.630871, 0.49241626, 1.2345397
1.5846076, 0.56909186, 1.7520359
1.5974575, 0.53283983, 1.7736721
1.5913327, 0.5520233, 1.7698705
1.5738925, 0.57284087, 1.753635
1.5689363, 0.5697019, 1.7717544
1.5849719, 0.5896829, 1.7401989
1.6453444, 0.4908661, 1.7883852
1.6230278, 0.51233375, 1.7865856
1.6125551, 0.51217973, 1.7892276
1.610452, 0.52535313, 1.7942088
1.6007746, 0.5429978, 1.7867583
1.5951631, 0.53665304, 1.7826872
1.592308, 0.54629326, 1.7916768
1.5747138, 0.57014036, 1.7924892
1.6137807, 0.51196325, 1.8099569
1.6522343, 0.47070274, 1.8119851
1.6107216, 0.53000474, 1.8105927
1.6028744, 0.5429438, 1.8099895
1.590913, 0.55050784, 1.8091327
1.661259, 0.46392134, 1.8082844
1.6633822, 0.48935038, 1.8342289
1.6082506, 0.53424394, 1.8286396
1.6048005, 0.55004805, 1.8294923
1.5823442, 0.54775584, 1.8291763
1.5728155, 0.56857663, 1.8313291
1.6301053, 0.4929242, 1.852457
1.6082771, 0.5268799, 1.8527765
1.6516267, 0.47261664, 1.8461077
1.6738988, 0.44040084, 1.8545867
1.5841018, 0.5497385, 1.8480983
1.57249, 0.5544903, 1.8528688
1.692206, 0.4269689, 1.8318143
1.6063303, 0.53260577, 1.8677541
1.5841851, 0.5829748, 1.8456889
1.572447, 0.5705286, 1.8685794
1.6140863, 0.5163491, 1.8916291
1.6277853, 0.49478298, 1.8858567
1.6725508, 0.44944614, 1.8693179
1.663727, 0.46803054, 1.8963127
1.6743428, 0.44973758, 1.8936843
1.6751347, 0.43348482, 1.8488812
1.7001358, 0.42870578, 1.8641498
1.700074, 0.42536467, 1.821311
1.686949, 0.43353444, 1.8706683
1.6710372, 0.4339218, 1.8841435
1.6921717, 0.42624068, 1.8535756
1.6977875, 0.4301464, 1.8952712
1.6940048, 0.4093253, 1.8724824
1.585894, 0.5676691, 1.8910342
1.7071729, 0.41108042, 1.8326725
1.7066114, 0.40893027, 1.8497561
1.7069247, 0.4067546, 1.7997458
1.7125008, 0.395804, 1.8488084
1.7085173, 0.4073882, 1.8647488
1.7016213, 0.42016977, 1.8141793
1.6235907, 0.5111994, 1.9073918
1.6080915, 0.526558, 1.9074004
1.6484231, 0.48043686, 1.9174359
1.6379188, 0.4925905, 1.9381267
1.6520429, 0.47007814, 1.9114093
1.6507742, 0.48458934, 1.9308059
1.6914986, 0.4414707, 1.9060795
1.6723182, 0.44817734, 1.9322364
1.6690723, 0.45725572, 1.9088017
1.6924577, 0.4161074, 1.8851706
1.6954982, 0.41255677, 1.9083114
1.6916654, 0.42796665, 1.9318261
1.7020403, 0.42314366, 1.9167123
1.7166426, 0.390253, 1.8712416
1.711222, 0.4045367, 1.8907244
1.7238836, 0.38585186, 1.8649855
1.7053792, 0.41169408, 1.9114093
1.7298924, 0.38871852, 1.8909695
1.7150466, 0.3933543, 1.8842032
1.7287408, 0.38575745, 1.8304082
1.6972661, 0.4123699, 1.9264876
1.7014642, 0.4355742, 1.9315315
1.7152816, 0.3957686, 1.9103249
1.7078028, 0.40499243, 1.928774
1.6069603, 0.5449759, 1.9256812
1.5926467, 0.54699486, 1.9330313
1.7347566, 0.3723718, 1.8091893
1.7141808, 0.3903909, 1.7897621
1.726331, 0.37256348, 1.8484491
1.7273444, 0.37188807, 1.8721209
1.7317307, 0.37055686, 1.7863142
1.7280623, 0.38916528, 1.7507724
1.7320901, 0.3721852, 1.8888054
1.7479299, 0.3706962, 1.8488429
1.7290921, 0.39158854, 1.9076813
1.6429726, 0.50379616, 1.9501536
1.6707727, 0.46640182, 1.9498738
1.6541388, 0.47127086, 1.9506078
1.6515491, 0.47196048, 1.9714395
1.6428431, 0.51146877, 1.967164
1.6078624, 0.5108978, 1.977578
1.6349145, 0.49169677, 1.9684069
1.6462928, 0.48833808, 1.9674941
1.6312269, 0.50818336, 1.9733554
1.668888, 0.44624907, 1.9499668
1.6675416, 0.46594414, 1.9694643
1.6753559, 0.43889543, 1.9534256
1.6863525, 0.432609, 1.9480746
1.703785, 0.42351976, 1.9516805
1.6684452, 0.45000777, 1.9704304
1.6894913, 0.43270618, 1.9715056
1.6884766, 0.46672934, 1.9742692
1.7125309, 0.39395562, 1.9316307
1.7253208, 0.38267818, 1.9312218
1.7089715, 0.4119254, 1.9494935
1.7160914, 0.39095855, 1.9518385
1.7061077, 0.4300175, 1.9681528
1.7491945, 0.36492628, 1.8978317
1.7366831, 0.36872128, 1.90842
1.7423785, 0.3721801, 1.9145341
1.7477522, 0.35446236, 1.885664
1.7255671, 0.39459684, 1.9509745
1.7240529, 0.4096775, 1.9666159
1.7265875, 0.38511652, 1.971615
1.7352409, 0.37323034, 1.750591
1.7476434, 0.36873448, 1.7535744
1.7459655, 0.36490333, 1.7330071
1.7462881, 0.3647045, 1.711696
1.7546989, 0.3550051, 1.9276092
1.7447395, 0.36781812, 1.9456505
1.6494013, 0.4889047, 1.9926201
1.6645653, 0.4640297, 1.9892186
1.684555, 0.45366994, 1.9955616
1.6719395, 0.45011133, 1.9851568
1.6571372, 0.47319132, 2.0118415
1.6689483, 0.4550661, 2.006016
1.6677732, 0.4702891, 2.005601
1.6554651, 0.45594215, 2.007539
1.6751502, 0.43345034, 1.9877212
1.6518068, 0.49050164, 2.0109909
1.6294522, 0.50995874, 2.0101333
1.615555, 0.52688473, 1.9926782
1.612982, 0.5282934, 2.009237
1.684881, 0.44844812, 2.006711
1.6844889, 0.46106154, 2.0170815
1.711736, 0.4086349, 1.9856682
1.690464, 0.43290147, 2.0125782
1.7185504, 0.39681834, 1.9937925
1.7069453, 0.40651742, 2.0112388
1.7045767, 0.4281501, 2.0074804
1.7715737, 0.34204644, 1.9345094
1.711925, 0.39098412, 2.0069354
1.7285573, 0.38147247, 2.0056674
1.747659, 0.3712732, 2.0083616
1.7525003, 0.35464314, 1.9913777
1.61135, 0.5423752, 2.013291
1.5898504, 0.57038295, 1.9889873
1.657816, 0.46981376, 2.0227256
1.6641779, 0.46764964, 2.0318162
1.6312636, 0.5078345, 2.0317533
1.651021, 0.49047887, 2.0308027
1.6631242, 0.48023412, 2.0325694
1.6861324, 0.44564584, 2.0303907
1.6708331, 0.45559457, 2.0274467
1.6915557, 0.43018815, 2.0291376
1.6536956, 0.47204396, 2.04632
1.6385314, 0.49397826, 2.0463352
1.6498555, 0.48833632, 2.0521555
1.6647506, 0.4874913, 2.050263
1.6744496, 0.4496504, 2.0506492
1.6728469, 0.46489722, 2.0526586
1.6896414, 0.43109894, 2.0499697
1.6286912, 0.5101233, 2.0492978
1.5958465, 0.5462572, 2.0267842
1.6049218, 0.5444949, 2.0497494
1.708226, 0.42830503, 2.0490336
1.7187488, 0.39585012, 2.0222406
1.7324077, 0.38469744, 2.0354488
1.7217612, 0.40710014, 2.0346103
1.7128332, 0.4121251, 2.0495265
1.7455444, 0.3746197, 2.026066
1.750491, 0.3557232, 2.0248861
1.7479657, 0.37301618, 2.051684
1.7620461, 0.35039803, 2.0159743
1.5943682, 0.56352484, 2.048532
1.647216, 0.49174085, 2.0700982
1.6545627, 0.4715566, 2.0748537
1.6680361, 0.46856737, 2.0669992
1.6916895, 0.45003977, 2.0741615
1.631156, 0.5131607, 2.0685387
1.6467208, 0.5066867, 2.0660634
1.6915108, 0.42919108, 2.0699723
1.7108259, 0.40814272, 2.0742354
1.6607149, 0.4891842, 2.094132
1.6743026, 0.46486127, 2.0943196
1.6354164, 0.494136, 2.0837536
1.6546597, 0.47482273, 2.089242
1.6465604, 0.5081373, 2.0942364
1.6299617, 0.5087411, 2.0861468
1.6912181, 0.45250332, 2.0859854
1.7101574, 0.41228834, 2.0865686
1.7244749, 0.40581086, 2.0679922
1.7104208, 0.42384183, 2.0942287
1.6252496, 0.5230459, 2.0933323
1.5958153, 0.53205585, 2.0660427
1.6134864, 0.53615046, 2.0878608
1.5910305, 0.5690917, 2.0723188
1.5921386, 0.5526499, 2.0681617
1.5750899, 0.57401186, 2.0712576
1.5883632, 0.57126594, 2.092559
1.7248718, 0.4032188, 2.092593
1.7292371, 0.39160678, 2.0665696
1.7530402, 0.36317638, 2.0750496
1.7265891, 0.39507353, 2.0851984
1.7469193, 0.36837482, 2.0913365
1.6457206, 0.51261413, 2.1078544
1.6528771, 0.49254996, 2.108777
1.6887422, 0.4532147, 2.1046066
1.6907257, 0.43185598, 2.1111736
1.7094015, 0.42993394, 2.1089826
1.6253793, 0.5310119, 2.103045
1.6154177, 0.53148556, 2.1106663
1.6102827, 0.5456851, 2.1111705
1.7098182, 0.41282663, 2.1106706
1.7359666, 0.3900815, 2.1159928
1.7282917, 0.41164863, 2.1026945
1.7364511, 0.37677068, 2.1024895
1.6328989, 0.5264842, 2.0338957
1.6364942, 0.49388257, 1.7074366
1.7471166, 0.37072358, 1.8659031
1.7275116, 0.39286283, 1.9869776
1.7432942, 0.340104, 0.20278262
1.6238296, 0.5434692, 1.6713006
1.732102, 0.37221476, 1.0858105
1.6698276, 0.44588095, 1.3524581
1.6035627, 0.520651, 0.65805846
1.7191968, 0.3508486, 0.31692415
1.6899295, 0.42665258, 1.9919126
1.6942648, 0.4120012, 1.4946955
1.7306886, 0.39226988, 2.0515544
1.7359568, 0.3384387, 0.5750265
1.7271122, 0.34898493, 0.19392435
1.6478074, 0.452536, 1.9226322
1.7358673, 0.37228534, 1.9553213
1.5997933, 0.48950624, 0.5746033
1.6531171, 0.44623, 0.31272608
1.5911078, 0.53024787, 1.007739
1.7110684, 0.37470636, 1.0548437
1.652661, 0.47390443, 1.7676055
1.737805, 0.36980528, 1.9312308
1.7736429, 0.34986216, 1.695066
1.5731996, 0.5696718, 1.8912683
1.7460059, 0.3659454, 1.588627
1.607846, 0.5495652, 1.653813
1.665034, 0.46576622, 2.104477
1.6890159, 0.41250736, 0.9886209
1.7297304, 0.3491661, 0.3691608
1.6294314, 0.478173, 1.0620617
1.7520883, 0.36353692, 1.9318519
1.6957971, 0.40500158, 1.5446023
1.7251991, 0.38618758, 1.1155511
1.6447845, 0.48628566, 1.2756662
1.6594421, 0.47936317, 1.6502537
1.7711557, 0.34767175, 1.7259643
1.630794, 0.5132849, 2.1132019
1.596624, 0.5282975, 1.8098896
1.7114979, 0.39733276, 1.4681368
1.7181933, 0.38842744, 2.0453103
1.7732009, 0.3539123, 2.05553
1.7403064, 0.36331683, 1.9736049
1.7157481, 0.3712886, 1.8494179
1.731442, 0.37636402, 1.6087648
1.7263061, 0.36663052, 1.0526668
1.5889201, 0.5556698, 1.8651298
1.6042511, 0.50252914, 0.68871534
1.6249588, 0.5126187, 1.8268433
1.6042395, 0.51740533, 0.56524223
1.5874912, 0.5489281, 1.712267
1.7125783, 0.39136457, 0.70968914
1.6879433, 0.43475008, 1.7030067
1.6543142, 0.4508072, 0.71166676
1.6114527, 0.4976424, 1.447994
1.6875973, 0.4274767, 1.529355
1.7005816, 0.42462644, 1.5659372
1.6672822, 0.4486944, 1.7266396
1.7069376, 0.4236473, 1.9861535
1.7146398, 0.36528358, 0.5734509
1.6742091, 0.43153924, 1.5301201
1.5479245, 0.55162966, 0.18420753
1.5866327, 0.5648936, 1.7873737
1.7250748, 0.35051584, 0.3925255
1.589583, 0.5698237, 2.1098576
1.6631045, 0.48338357, 1.2589862
1.6286216, 0.5090513, 1.8739089
1.6509491, 0.48576638, 1.9489597
1.5881349, 0.5628319, 1.8740478
1.5934137, 0.51488996, 1.3139201
1.7032638, 0.42412898, 1.4339129
1.5913516, 0.5301222, 1.0323998
1.7483546, 0.3276991, 0.5094871
1.7448703, 0.35276365, 1.7486804
1.5913557, 0.49369615, 0.066999584
1.7119954, 0.41592667, 1.6664182
1.6369162, 0.47205245, 1.727595
1.6385529, 0.47045258, 1.7683885
1.6624877, 0.45474038, 0.7766228
1.6283214, 0.4963776, 1.8070985
1.7044283, 0.41325182, 1.4061056
1.6281339, 0.48780417, 0.952594
1.7449721, 0.37237656, 1.9876606
1.6017348, 0.56089884, 1.6256788
1.690786, 0.38514832, 0.38998374
1.7464746, 0.34925854, 1.0517704
1.5657368, 0.5539544, 0.9750227
1.737963, 0.3562204, 1.3077582
1.6148317, 0.5063767, 1.0339195
1.5728507, 0.54564214, 0.7503341
1.6929522, 0.4052091, 1.1906283
1.7051872, 0.38071886, 0.10129208
1.6105655, 0.5238315, 1.8978952
1.6343288, 0.49484408, 2.0130248
1.7217883, 0.40138808, 1.7799094
1.5530844, 0.5526125, 0.1669992
1.7116497, 0.40836078, 1.6910455
1.7566398, 0.35404894, 1.6299766
1.7449691, 0.37544358, 1.6686745
1.6380196, 0.49078926, 1.8367335
1.625825, 0.4857894, 0.9941276
1.7021974, 0.42523918, 1.3487066
1.6064317, 0.5067697, 0.6336256
1.5872952, 0.5312375, 0.93292105
1.6631784, 0.47433597, 1.366639
1.6893866, 0.43277523, 1.9090428
1.7576356, 0.33542854, 0.56363046
1.7118347, 0.37703824, 1.4048191
1.593627, 0.5369369, 1.8739159
1.7140986, 0.35216215, 0.567091
1.5864422, 0.5307684, 1.073622
1.6872084, 0.4265916, 1.7332733
1.6326207, 0.5122426, 1.649469
1.6091793, 0.48968494, 0.6715114
1.5570755, 0.5534314, 0.7843003
1.5970365, 0.5441611, 1.3109639
1.6273453, 0.4849669, 0.4171012
1.6405079, 0.464453, 0.3659087
1.5646648, 0.5536243, 1.48155
1.686278, 0.44361112, 1.334639
1.6849521, 0.44544053, 1.3937377
1.652933, 0.45547345, 1.2877867
1.591623, 0.5328207, 1.568357
1.655342, 0.44974765, 1.4330934
1.6327207, 0.5090093, 1.9903315
1.6883023, 0.40334025, 0.51641524
1.6111218, 0.51601434, 1.9141669
1.6516001, 0.46605435, 1.4531265
1.6469638, 0.48712572, 1.3104913
1.586648, 0.5635717, 1.4529613
1.5911326, 0.5296883, 1.1688532
1.6283308, 0.50110954, 1.5096765
1.5702269, 0.5661783, 1.4690105
1.6919174, 0.44601113, 1.7531966
1.562396, 0.5608293, 0.5227989
1.6948273, 0.39445966, 0.79131675
1.6947365, 0.37613773, 0.48775953
1.7529719, 0.3537012, 1.6099854
1.5708838, 0.5521594, 0.7882032
1.6974417, 0.37202862, 0.31377974
1.6685451, 0.44192752, 0.7482414
1.6043388, 0.49758157, 0.12424229
1.7563994, 0.34594765, 0.5740011
1.7542542, 0.34636503, 1.5914658
1.7068086, 0.3723236, 0.42839637
1.6095247, 0.4718283, 0.04961475
1.7504748, 0.35012, 1.2701175
1.5779419, 0.56128716, 1.1200976
1.5955609, 0.55480605, 2.1064699
1.5640631, 0.5483081, 0.15206027
1.751372, 0.3638853, 1.6133997
1.5826479, 0.5279025, 0.73506427
1.6840684, 0.4485591, 0.850173
1.6786526, 0.41576084, 0.5367006
1.7510084, 0.37234554, 1.6514535
1.7202843, 0.36355013, 0.6267157
1.6113017, 0.48775914, 0.76766515
1.6089091, 0.49335876, 0.30719692
1.6451012, 0.4674178, 0.29142022
1.7233706, 0.39265192, 1.7050347
1.7194582, 0.35074875, 0.49819288
1.7465557, 0.35857, 1.9702364
1.5736285, 0.55020213, 1.4671606
1.7231818, 0.36557794, 0.6450553
1.6842124, 0.38947386, 0.01351333
1.7709615, 0.33734766, 1.6053313
1.5949476, 0.52183247, 1.3932018
1.5878067, 0.51267594, 0.22776847
1.6322591, 0.4896965, 1.492607
1.6278076, 0.45588124, 0.1314775
1.6924123, 0.4083184, 1.310027
1.6916567, 0.37511975, 0.19199522
1.6138669, 0.50601417, 0.8737161
1.7434084, 0.3630011, 1.1112694
1.710598, 0.4103047, 1.4708364
1.7174025, 0.38492787, 1.5702257
1.623119, 0.5307624, 1.8949786
1.693145, 0.42837808, 1.2137105
1.66818, 0.45105198, 1.8057721
1.6312761, 0.4936623, 1.3468249
1.6708921, 0.4313006, 1.9703428
1.7731891, 0.3495604, 1.6113744
1.5715775, 0.5462849, 0.58675766
1.7152927, 0.36632013, 0.45624593
1.7303308, 0.3879424, 1.6897768
1.6115478, 0.5121632, 1.5337603
1.5965817, 0.53438985, 1.4152087
1.5569758, 0.555209, 0.60503864
1.6256175, 0.4908038, 1.0269816
1.7473893, 0.36756253, 1.8277869
1.5888351, 0.5338192, 1.5880902
1.6078709, 0.5109413, 0.6496091
1.7722754, 0.33701622, 1.8146812
1.6229788, 0.48653153, 0.19020317
1.5712326, 0.5709421, 0.49855196
1.7270074, 0.36664695, 0.9078083
1.7651347, 0.34890145, 1.910686
1.596031, 0.53777975, 1.5127437
1.7046039, 0.38711944, 0.5939313
1.7152438, 0.38509095, 0.93180513
1.607762, 0.51069087, 0.4120478
1.5823698, 0.5552653, 1.4653094
1.6344029, 0.46421444, 0.3480125
1.6847181, 0.4422474, 1.7044456
1.7320946, 0.33120668, 0.23151937
1.577498, 0.5709406, 2.109404
1.5751672, 0.57243025, 2.0906076
1.7233889, 0.4017303, 1.6437935
1.693928, 0.38782892, 0.6110774
1.6471683, 0.5015427, 1.7955608
1.6496857, 0.43238598, 0.52653867
1.7343167, 0.34645307, 0.5330354
1.6728573, 0.43288875, 1.1888909
1.6030279, 0.513776, 0.6116998
1.6068444, 0.526086, 1.4868902
1.571273, 0.56063074, 0.70485747
1.6078784, 0.5250057, 1.4702913
1.611082, 0.5470183, 2.0379052
1.6846995, 0.40732786, 0.72326165
1.6715868, 0.41389343, 0.6684711
1.5696553, 0.5445976, 0.6940025
1.6288356, 0.5282457, 2.0446138
1.6489624, 0.47341728, 1.387058
1.7228353, 0.3857463, 0.74951583
1.6445875, 0.49014506, 1.2881008
1.6104877, 0.4763309, 0.088145904
1.6838623, 0.4210623, 0.9533918
1.7475799, 0.34378183, 0.233837
1.6474656, 0.48398247, 1.5132657
1.6482227, 0.48712012, 1.6091312
1.7299964, 0.34890097, 0.4155613
1.6213422, 0.50234544, 0.58327764
1.718163, 0.37471893, 1.5733502
1.7423066, 0.3683231, 1.1212136
1.614885, 0.5148944, 1.8318307
1.7032706, 0.40922436, 0.96839
1.6658466, 0.42509356, 0.11146435
1.6176542, 0.4768582, 0.76560736
1.584311, 0.5069641, 0.052973814
1.5856086, 0.56663674, 1.7328391
1.678375, 0.4327783, 1.3550938
1.6566365, 0.4496514, 0.58766735
1.6131705, 0.5023994, 0.7920311
1.6885331, 0.42924368, 1.3118393
1.5915986, 0.549611, 2.051618
1.6165354, 0.5289187, 1.6680186
1.713923, 0.3859986, 1.4526536
1.5699534, 0.5140896, 0.11082139
1.6027328, 0.5265244, 0.8898829
1.76972, 0.35072523, 1.9509202
1.7521979, 0.35014123, 1.7325886
1.6288697, 0.50351983, 1.8104099
1.7048408, 0.38535362, 0.40977505
1.6289442, 0.4939394, 1.5839334
1.6480742, 0.46203047, 0.7106837
1.7047607, 0.4248511, 1.328066
1.612368, 0.53183275, 2.028915
1.7435747, 0.3627494, 1.2359221
1.5897192, 0.52986246, 0.2518815
1.6158681, 0.51573503, 2.0029812
1.6193306, 0.5125984, 1.9963716
1.5646403, 0.54374874, 0.09003556
1.7041526, 0.4264727, 1.8494068
1.620246, 0.52976745, 1.8423371
1.5879418, 0.51134884, 0.06478754
1.6291046, 0.5295466, 2.0610921
1.7506582, 0.3497609, 1.0685229
1.6563774, 0.45412374, 1.3910133
1.7475594, 0.3317516, 0.1482653
1.6832894, 0.42038396, 0.6379047
1.7536795, 0.35081992, 1.2893609
1.6565753, 0.4566424, 1.5662603
1.7295089, 0.38661286, 1.269535
1.6689415, 0.4474121, 1.0304142
1.666357, 0.42044446, 0.087842725
1.7472575, 0.3540976, 1.5692613
1.5687345, 0.57573986, 1.5009389
1.6288704, 0.48668572, 0.58763814
1.716892, 0.39503974, 1.7117754
1.7459984, 0.36911383, 1.6319344
1.675308, 0.43213502, 1.232151
1.6736164, 0.42919657, 1.8687389
1.6483727, 0.44583753, 0.14754495
1.7437862, 0.3709072, 1.4282928
1.5748278, 0.570534, 1.4905844
1.7127657, 0.42680135, 2.0337439
1.7691236, 0.34500724, 1.7131836
1.6869026, 0.42690533, 0.26510212
1.7248749, 0.3861741, 1.8137606
1.708993, 0.41116324, 1.9700018
1.7185882, 0.38429767, 0.3899807
1.6569548, 0.45482466, 1.8133109
1.6696491, 0.4168373, 0.105012305
1.6473168, 0.4835944, 1.430642
1.6931909, 0.41028523, 1.4263868
1.6565641, 0.44599587, 1.7751353
1.7490189, 0.37030503, 2.1081686
1.599717, 0.51052135, 0.87915796
1.6302859, 0.48532882, 1.0723644
1.6086414, 0.5086563, 0.5332521
1.6247956, 0.52976024, 1.8398587
1.6458151, 0.44863272, 0.65417045
1.670914, 0.44943392, 0.8678338
1.6031439, 0.52232957, 0.9933484
1.7120619, 0.39441013, 0.8673776
1.7081788, 0.3802275, 0.19234367
1.5724095, 0.54915893, 1.1866989
1.6087666, 0.5121241, 1.0668478
1.631216, 0.49444354, 1.7941325
1.6890134, 0.39201835, 0.056073274
1.5733606, 0.55897677, 0.8542878
1.6270503, 0.5081022, 1.5683981
1.6207961, 0.51226866, 1.1446745
1.6800297, 0.42454356, 0.19384289
1.6929467, 0.4101082, 0.3679968
1.5663195, 0.5535896, 1.5317488
1.6961381, 0.4137255, 1.9670554
1.6886731, 0.42507485, 0.9325074
1.6831201, 0.42415476, 0.7501711
1.6639191, 0.4274788, 0.3113749
1.6436597, 0.493185, 1.1002904
1.748132, 0.36265185, 1.3929185
1.6879065, 0.40849417, 0.9298917
1.7123274, 0.37303552, 0.13131216
1.5839145, 0.5686216, 1.1858518
1.7182997, 0.39145696, 1.6730464
1.6248434, 0.5071907, 1.0896852
1.7058406, 0.38565367, 0.13714445
1.7121727, 0.3751012, 1.0278362
1.5992237, 0.53216046, 0.8321418
1.6978629, 0.39449048, 1.0340357
1.7066914, 0.38875255, 1.5313375
1.7050185, 0.37530878, 0.3294639
1.6477834, 0.46908498, 0.8081717
1.5723863, 0.5108193, 0.18571264
1.613792, 0.49339372, 1.128088
1.6765648, 0.4138762, 0.6501269
1.6906805, 0.40765178, 1.0907778
1.6084361, 0.5195333, 1.9419754
1.6459807, 0.4865079, 1.8729097
1.7081519, 0.42926633, 1.67273
1.6023833, 0.52371335, 0.5414436
1.6538626, 0.47718263, 1.5492126
1.6940037, 0.40862834, 1.8090599
1.7067662, 0.40565908, 1.0457829
1.6064165, 0.54976565, 1.9675993
1.7456961, 0.36984277, 1.7684246
1.5926856, 0.5372083, 0.17548113
1.6251792, 0.5160583, 1.9262357
1.6662788, 0.41565308, -0.020709073
1.5874397, 0.54205287, 1.0267155
1.7144446, 0.37592912, 1.003556
1.5665233, 0.57815874, 2.0309653
1.6545604, 0.43330503, 0.13124752
1.5786024, 0.5284022, 1.0892317
1.58856, 0.54929656, 1.2096685
1.6854247, 0.47081023, 1.6648103
1.6901933, 0.40984374, 1.056807
1.6891234, 0.41282845, 0.82864696
1.7158024, 0.39463267, 1.8050498
1.6889138, 0.435432, 1.0881941
1.7082496, 0.37220126, 0.668566
1.6137313, 0.47056288, 0.106339544
1.5732944, 0.5669695, 1.2354561
1.6879854, 0.39685237, 1.0459248
1.6661934, 0.4330094, 1.1063315
1.5853555, 0.5406623, 0.5602383
1.574789, 0.57162905, 2.0061383
1.6473699, 0.48582065, 1.882798
1.651437, 0.4579443, 1.9142696
1.7292912, 0.40718997, 1.4554788
1.5787311, 0.5589666, 1.6829529
1.6040887, 0.5067703, 0.51225215
1.6268898, 0.4890694, 0.6692256
1.7515302, 0.33435425, 0.24779955
1.6815246, 0.42000854, 0.06856009
1.7263265, 0.36799014, 1.0088896
1.669005, 0.4641513, 1.797084
1.6559085, 0.4574256, 1.2285476
1.6076009, 0.52363306, 0.81597
1.6946418, 0.41422015, 1.0671422
1.6116669, 0.5138027, 1.1545618
1.6947582, 0.41545677, 1.770189
1.5860559, 0.5267416, 0.2691737
1.6503961, 0.47073007, 1.9889277
1.7534162, 0.3480776, 1.0942962
1.5878757, 0.5430492, 1.1664432
1.6489509, 0.47046462, 1.7492174
1.5745132, 0.54815304, 1.051465
1.6555642, 0.45241553, 1.8405824
1.6638156, 0.4511107, 1.1258608
1.6363921, 0.47209585, 1.0869675
1.7146015, 0.38372192, 1.0108234
1.5675073, 0.5748123, 1.1655129
1.6942086, 0.4263478, 1.6651187
1.6815646, 0.4447792, 1.8770201
1.6368778, 0.49868008, 1.9030145
1.5604483, 0.5707355, 0.4338799
1.6525615, 0.44960564, 1.0557466
1.6459596, 0.45170814, 0.052273788
1.6869935, 0.43257868, 1.7878984
1.7250127, 0.35168684, 0.08465348
1.6981039, 0.41162336, 1.826832
1.6073017, 0.53017676, 1.9527872
1.5757539, 0.5676378, 1.19555
1.6732305, 0.44950953, 1.7880864
1.6267974, 0.51264864, 1.8910651
1.6803244, 0.42922792, 1.8009766
1.5892243, 0.5741653, 2.014041
1.6385897, 0.4894036, 1.9587325
1.6904323, 0.3717885, -0.010728565
1.7333539, 0.3562857, 0.888833
1.7242789, 0.39101747, 1.7898755
1.6058667, 0.5402643, 1.3507993
1.7073628, 0.38978127, 1.0263658
1.6899492, 0.3931288, 0.9296534
1.7679269, 0.3437066, 1.5343306
1.5942258, 0.5357642, 1.186442
1.6547205, 0.4721904, 1.828346
1.6081619, 0.5293241, 1.9279197
1.6686275, 0.40836844, 0.19083098
1.654629, 0.46812674, 1.9297535
1.68343, 0.3929423, 0.07033696
1.7148607, 0.39218476, 0.8262873
1.6508089, 0.4845786, 2.0866525
1.6259367, 0.46460438, 0.08658305
1.7239525, 0.36876947, 0.30351427
1.5680801, 0.57082045, 1.2490642
1.6550634, 0.46507424, 0.95704186
1.6454473, 0.49010044, 1.6459715
1.6408881, 0.5045535, 1.4928896
1.6455891, 0.4868207, 1.2532681
1.6872844, 0.42509803, 0.76287913
1.6158614, 0.49530947, 1.0502516
1.600395, 0.523617, 1.1691937
1.6494185, 0.44935155, 0.42857635
1.6414547, 0.48351306, 1.0248944
1.67142, 0.44872513, 1.1103647
1.6008523, 0.54727566, 1.2692173
1.6773474, 0.437788, 1.8058488
1.7352098, 0.35769364, 1.4895835
1.7345016, 0.39069486, 1.65287
1.7226292, 0.36718202, 0.56728715
1.7735, 0.3465775, 1.8562189
1.6973305, 0.373344, 0.44846976
1.5951296, 0.517414, 1.2452562
1.5960768, 0.52693033, 1.2536762
1.6253209, 0.5293611, 1.6900278
1.5918242, 0.53061575, 1.5540645
1.7480861, 0.33139837, 0.5259993
1.7252538, 0.3636905, 0.28874367
1.63413, 0.4835215, 0.93420476
1.7494609, 0.32232445, 0.66966426
1.6618414, 0.46608737, 1.4391688
1.595883, 0.4783687, 0.23628959
1.6874233, 0.42096695, 1.0315939
1.6278207, 0.5152167, 1.6849754
1.5885419, 0.5250557, 0.33285487
1.6320446, 0.4746509, 1.19513
1.7127359, 0.35720235, 0.12668046
1.7207704, 0.40315637, 1.7322905
1.7727377, 0.33675644, 1.3504684
1.6643069, 0.4213106, 0.5131353
1.7734818, 0.35204017, 1.6259505
1.7043419, 0.3687229, 0.25533867
1.7013178, 0.40520805, 1.0054064
1.6448375, 0.47539717, 1.1649172
1.5884389, 0.54700327, 1.286813
1.5941268, 0.5274329, 0.9128139
1.7193519, 0.39631793, 1.7250549
1.5707283, 0.5498333, 1.3095074
1.603254, 0.55490345, 1.982514
1.6261275, 0.49545085, 0.86649615
1.5802804, 0.52625215, 0.9482751
1.585438, 0.5484921, 1.1129475
1.6536444, 0.45185328, 0.570794
1.6930314, 0.39494357, 1.4733388
1.6697516, 0.43240932, 1.0456486
1.7294698, 0.34935844, 0.030135792
1.7114385, 0.39326748, 0.6437232
1.7079642, 0.40621015, 1.5200223
1.6103773, 0.50663376, 1.0503291
1.7673292, 0.34415966, 1.4163643
1.6349493, 0.45296094, 0.5751907
1.6549413, 0.45560458, 1.1317517
1.6920972, 0.4155414, 1.0101385
1.6491613, 0.47171447, 1.0065746
1.5870236, 0.5279317, 1.0924662
1.5739771, 0.5295466, 0.9341391
1.5896372, 0.50871336, 0.09039471
1.6113535, 0.4922796, 0.96453285
1.7207484, 0.4060301, 1.910504
1.5981569, 0.53566456, 1.2652189
1.7072194, 0.4101432, 1.7648593
1.608629, 0.5124055, 1.2332275
1.5971128, 0.53244543, 1.9457431
1.5767117, 0.54803526, 0.6552947
1.6988255, 0.42762956, 2.0842972
1.6315807, 0.50006926, 1.2204729
1.7013463, 0.38495958, 0.986969
1.6338626, 0.46340197, 0.39483482
1.5960536, 0.53764063, 2.046335
1.5812631, 0.5626931, 1.1559556
1.6891688, 0.38663745, -0.0053556315
1.5897808, 0.5115552, 0.19617632
1.6895132, 0.4330957, 1.7665029
1.67176, 0.40831387, 0.39048815
1.6022575, 0.5241349, 0.92387676
1.5909934, 0.5501698, 1.8904083
1.589725, 0.5105059, 0.3708934
1.6056627, 0.5131898, 1.0866157
1.6483505, 0.45888266, 1.145726
1.6462761, 0.4849609, 1.1680459
1.6474473, 0.48637483, 1.8496841
1.5913285, 0.5438739, 1.2744046
1.6877629, 0.42542744, 1.5473895
1.6465242, 0.511413, 1.668452
1.7619128, 0.33586922, 0.7763091
1.6265407, 0.5100905, 1.6091676
1.6276935, 0.47079927, 0.06549152
1.6320277, 0.45325914, 0.6176272
1.6093618, 0.5405087, 2.079707
1.6950411, 0.43161142, 1.689926
1.6469882, 0.50121355, 2.0154173
1.629368, 0.49351466, 1.8677969
1.6473526, 0.4742409, 1.8652682
1.587567, 0.50735956, 0.14383031
1.6859193, 0.44448268, 1.5963601
1.6458945, 0.46853346, 1.152401
1.7169256, 0.37653816, 0.96600956
1.5745107, 0.549044, 1.2944443
1.730569, 0.35142672, 0.752167
1.7102116, 0.40022933, 1.0328312
1.5844448, 0.55028737, 0.8632889
1.5848427, 0.5213056, 0.20916088
1.5846232, 0.54993117, 0.96460825
1.6866894, 0.45290843, 1.4194709
1.6491956, 0.4719422, 1.7915853
1.5885191, 0.56104755, 1.5871271
1.6148324, 0.47631085, 1.0435557
1.6710358, 0.41074958, -0.0062909117
1.6092052, 0.49585605, 0.28838974
1.6344216, 0.49124557, 1.0129803
1.7040521, 0.40385193, 0.88793546
1.7515048, 0.35566208, 2.0852003
1.7270877, 0.38416448, 1.8489745
1.6765534, 0.43414444, 1.4274004
1.6043401, 0.50433236, 0.3155988
1.6110986, 0.4951348, 0.3295713
1.6503214, 0.48413008, 1.8179644
1.6733501, 0.4142269, 0.68407226
1.6746787, 0.41510364, 0.74629337
1.7320383, 0.3630009, 0.40047517
1.6038847, 0.5455811, 1.9125689
1.613659, 0.49161056, 1.0333139
1.6813879, 0.40695068, 0.07865031
1.7119793, 0.36213785, -0.0056553865
1.6092126, 0.52647215, 1.0697421
1.6892873, 0.41290614, 1.5259889
1.7181432, 0.37079853, 0.9929243
1.6899222, 0.40393326, 0.29371655
1.7258514, 0.36358646, 0.22424151
1.6029863, 0.5446284, 1.1184323
1.5714973, 0.5523198, 1.065522
1.609056, 0.5510377, 2.0876875
1.5723927, 0.55847716, 0.9846574
1.6161532, 0.5092139, 1.2430536
1.6276158, 0.4880371, 0.48757663
1.6782432, 0.41858447, 1.3771665
1.711596, 0.3688366, 1.5128939
1.754158, 0.3448353, 0.9355874
1.5827671, 0.5438183, 1.1369478
1.7671646, 0.35723895, 2.069247
1.7050254, 0.41197196, 1.7324322
1.6633772, 0.46869197, 1.1616501
1.6605984, 0.44238302, 0.53696495
1.5681988, 0.5692113, 1.2094932
1.6001903, 0.55060256, 1.7417806
1.7069781, 0.39039218, 1.0467137
1.6722308, 0.41288257, 0.24280229
1.6187892, 0.4985968, 1.5623087
1.6080811, 0.54734635, 1.6114228
1.5657597, 0.57139575, 1.330789
1.5728297, 0.49510318, 0.19140549
1.6726753, 0.45361936, 1.8269868
1.7542477, 0.35851112, 1.6460724
1.7647641, 0.33037028, 1.4122212
1.6679137, 0.41127217, 0.5102827
1.7295516, 0.37431186, 1.9668523
1.7522751, 0.35143763, 1.8085065
1.623791, 0.5271191, 1.7018391
1.7422005, 0.34285834, 0.5534284
1.6490839, 0.46276823, 0.7540431
1.7242545, 0.37029037, 0.95406944
1.6147208, 0.5211565, 1.2560343
1.620384, 0.48982957, 1.0508468
1.632293, 0.48245135, 1.1780751
1.5715873, 0.5689386, 1.6071241
1.6894126, 0.42445454, 1.0713239
1.5977888, 0.53731126, 2.0149448
1.6554635, 0.45109856, 1.5924761
1.5837283, 0.5424013, 0.9589154
1.6348541, 0.46765694, 0.6100073
1.7460932, 0.33434972, 0.027560884
1.5928686, 0.5323367, 1.0483282
1.624367, 0.5317218, 1.9283394
1.7070053, 0.4045259, 1.273047
1.6245382, 0.49311125, 1.2021285
1.5724875, 0.57050097, 1.4478377
1.6647801, 0.42559677, 0.15791196
1.7521276, 0.35511342, 1.1903114
1.663332, 0.4406845, 0.47215387
1.583826, 0.5527159, 1.9049062
1.6565878, 0.4289886, 0.2935446
1.687049, 0.4377903, 1.1104716
1.7054904, 0.40376472, 1.8112626
1.5870548, 0.5631396, 1.8106705
1.6131127, 0.527028, 2.070624
1.5701439, 0.57189584, 1.9240867
1.683297, 0.44007856, 1.1539699
1.6450633, 0.4938192, 1.7641472
1.5842891, 0.56276834, 1.5278051
1.5648236, 0.5722323, 0.8113586
1.665195, 0.46341282, 1.1914008
1.631582, 0.47087315, 0.69663584
1.5725144, 0.5679159, 1.3145984
1.7452605, 0.35442314, 1.4317763
1.7538853, 0.35716236, 2.1128879
1.645152, 0.5092925, 1.424979
1.55136, 0.5544909, 0.58129334
1.7128818, 0.37601972, 1.44576
1.64484, 0.45462874, 1.0676452
1.6882012, 0.3890217, 0.08974094
1.5883301, 0.533676, 0.87254584
1.5821854, 0.52884, 0.8828483
1.6114912, 0.48909163, 0.46964574
1.646083, 0.44412315, 0.029554453
1.6002352, 0.52056646, 1.0303963
1.6944063, 0.40792784, 1.4486603
1.6433384, 0.47061896, 0.46706367
1.5750349, 0.5505591, 1.5943632
1.6013805, 0.5038117, 0.07161108
1.5903869, 0.5234881, 0.044236943
1.6809065, 0.45367908, 1.888114
1.6093596, 0.49177432, 0.056783292
1.7304928, 0.3701376, 1.8314254
1.5742047, 0.5522646, 1.2257391
1.7413514, 0.3646028, 0.9946789
1.623166, 0.48502353, 0.13430981
1.5900724, 0.5511305, 1.9709647
1.6921078, 0.3724631, 0.26612198
1.7095764, 0.4082784, 1.5079432
1.7266561, 0.36916417, 0.98785186
1.6864262, 0.44059664, 1.9254289
1.6421305, 0.46358442, 0.5861323
1.6406852, 0.4720381, 0.8847318
1.7278959, 0.37034345, 1.4692936
1.624776, 0.50325775, 0.9905878
1.6130049, 0.51523054, 0.8306988
1.6317186, 0.45208427, 0.048807092
1.6275066, 0.52148175, 1.8047888
1.7427115, 0.3549782, 1.1249712
1.6211488, 0.5089383, 1.8486004
1.7001683, 0.38726035, 0.4594818
1.5882294, 0.5533793, 1.9904823
1.682722, 0.4435725, 1.0124314
1.7278662, 0.3545619, 0.6945946
1.6527512, 0.4343571, 0.24634966
1.587059, 0.53161716, 0.70287424
1.6845373, 0.45144662, 1.9734075
1.6095479, 0.5443814, 1.9465415
1.6679388, 0.4325481, 0.5268374
1.7705084, 0.33287758, 1.5721612
1.606025, 0.52494854, 1.2674265
1.5713544, 0.5244497, 0.07217269
1.6482117, 0.43416375, 0.04805362
1.6002741, 0.5460619, 1.8478038
1.6043559, 0.5123211, 1.010581
1.57952, 0.5654652, 2.0567186
1.703388, 0.40043053, 1.0972337
1.6037558, 0.46855286, 0.35769722
1.5719345, 0.55881995, 1.0847217
1.5867747, 0.5657937, 1.9067843
1.5855386, 0.58356196, 2.074315
1.6257637, 0.5088128, 0.93713385
1.5985335, 0.51269174, 1.0249026
1.6129445, 0.50203854, 0.93944114
1.642517, 0.46641746, 0.6818822
1.6511829, 0.4693629, 0.93387747
1.5623308, 0.5692635, 0.76103425
1.591271, 0.5340368, 1.8374345
1.6067232, 0.49805015, 1.0035546
1.6279132, 0.4876809, 1.1870699
1.5859524, 0.56434137, 1.76711
1.5739033, 0.5485327, 0.95212114
1.7279459, 0.36755088, 1.451739
1.602781, 0.5112108, 0.9042766
1.7306129, 0.35153008, 0.48679492
1.7731127, 0.3309807, 1.9731067
1.7657909, 0.3370418, 1.3857743
1.6677158, 0.4703877, 1.9018632
1.5951071, 0.5064149, 0.7151706
1.7650664, 0.33481938, 0.98813915
1.7251444, 0.38753414, 1.4892654
1.6272411, 0.51152146, 1.2108731
1.5806236, 0.53284895, 0.23389317
1.6163486, 0.5094946, 1.8712741
1.5866859, 0.51660836, 0.69122
1.7087052, 0.38700473, 0.55156326
1.6283617, 0.44598362, 0.017603664
1.7016214, 0.41477928, 0.9277513
1.616541, 0.4839226, 0.9196512
1.572682, 0.5505534, 1.1271615
1.5755389, 0.5510643, 0.8734587
1.6542434, 0.44653994, 0.92701745
1.7248213, 0.36648026, 0.14567241
1.6558955, 0.4151736, 0.04489622
1.7467335, 0.35541183, 2.006364
1.5858548, 0.54671526, 1.4284078
1.5935537, 0.5037371, 0.13070208
1.5990812, 0.5356495, 1.6376225
1.6828576, 0.4223645, 0.605867
1.6467716, 0.5037954, 1.4183455
1.5708121, 0.5386569, 0.7268443
1.7256378, 0.38280568, 0.93902653
1.6087579, 0.5207779, 1.2986617
1.7309455, 0.35213828, 0.13218881
1.6267161, 0.47749636, 0.96526015
1.5706036, 0.552776, 0.90761495
1.6970303, 0.41970783, 1.0222496
1.6569219, 0.40614453, -0.02028926
1.6127346, 0.47072142, 0.32671022
1.6717514, 0.44909427, 2.063787
1.5816693, 0.5514442, 1.0766962
1.7163451, 0.35511392, 0.11040987
1.7392222, 0.35741273, 2.0337086
1.6075356, 0.49240288, 0.07540259
1.5764815, 0.55000496, 1.8356483
1.6809093, 0.45164987, 1.4860054
1.733952, 0.34367934, 0.012858065
1.5890527, 0.52452195, 1.1561522
1.5626901, 0.5613927, 1.1043657
1.6128483, 0.52539617, 1.1298544
1.6613046, 0.44711134, 0.7912631
1.7412082, 0.3618409, 1.4517832
1.7499678, 0.37255126, 1.6891229
1.5778731, 0.54617846, 1.0141771
1.6844172, 0.44712424, 2.0459461
1.6668868, 0.4471237, 1.5848541
1.5621169, 0.54770285, 0.061837923
1.7068658, 0.41338333, 1.7527583
1.6670719, 0.4663033, 1.8295906
1.6513338, 0.4706027, 0.84967625
1.606912, 0.48936537, 0.10596359
1.6236985, 0.5244883, 1.9867561
1.593438, 0.49601552, 0.72052306
1.677241, 0.4190541, 1.1007503
1.6497225, 0.4569782, 1.5415449
1.731909, 0.35298976, 1.0669392
1.6247133, 0.5102941, 1.4458487
1.6479963, 0.42871445, 0.00620782
1.7146865, 0.39754927, 1.2006878
1.7473977, 0.35420722, 1.9116385
1.5924414, 0.49603543, 0.09832671
1.7524217, 0.3489304, 1.5544533
1.7479537, 0.3507462, 1.7738667
1.6709458, 0.4508508, 0.8475025
1.6151726, 0.530512, 2.0523028
1.6106145, 0.55273515, 1.8879088
1.7656446, 0.33002257, 1.5271747
1.7241534, 0.362032, 0.9767238
1.6011678, 0.5625734, 1.6858467
1.5755771, 0.56919825, 1.5908247
1.7302235, 0.37147376, 1.1482494
1.6601144, 0.42235866, 0.020054825
1.7206141, 0.40167522, 2.0595891
1.585937, 0.51990336, 0.74842393
1.7637762, 0.33685893, 0.81116205
1.6333956, 0.5010062, 1.954808
1.6671882, 0.46546957, 1.7690054
1.6854218, 0.45353872, 1.7928089
1.6461036, 0.5054504, 1.7657422
1.6731007, 0.43199465, 1.772398
1.6042986, 0.545165, 1.4281976
1.6202798, 0.5267209, 1.5716228
1.6442589, 0.46079782, 0.14755535
1.7486032, 0.35841644, 1.6626136
1.7092628, 0.3933642, 1.6075284
1.6898605, 0.44180986, 1.9492605
1.6855056, 0.40703356, 0.90948546
1.5870054, 0.5079067, 0.41456726
1.5621641, 0.5574422, 0.62167656
1.6057123, 0.5371373, 1.6452372
1.6897284, 0.3736646, 0.46031836
1.5767037, 0.5459921, 1.4500839
1.639331, 0.48495418, 0.89761966
1.7220454, 0.36730736, 0.45313877
1.7635729, 0.3364115, 1.2219746
1.7309294, 0.39205638, 1.7315915
1.7726114, 0.3445478, 2.0355556
1.6794584, 0.41590518, 0.8908699
1.7259018, 0.37292743, 1.4313924
1.6280265, 0.46347964, 0.30328035
1.5713189, 0.5668307, 1.0925667
1.6171379, 0.490558, 0.7842467
1.6461793, 0.5081767, 1.354424
1.7487627, 0.34893924, 1.3880501
1.6899768, 0.37543786, 0.052495986
1.6360328, 0.47874898, 1.7451944
1.696536, 0.4067925, 1.3570251
1.5675908, 0.5702338, 0.9843854
1.663024, 0.48110634, 1.4948108
1.6506333, 0.4732412, 1.6053604
1.7243204, 0.37162605, 0.5944345
1.6015582, 0.56291616, 1.9649054
1.6443825, 0.4550943, 0.80469173
1.6945713, 0.4117586, 1.7475793
1.773807, 0.33271936, 2.066375
1.7513249, 0.36544043, 1.208147
1.607885, 0.52086097, 1.3989704
1.6149873, 0.48697728, 0.6576988
1.5748198, 0.5215293, 0.22859192
1.6667086, 0.46255302, 0.9611616
1.6715659, 0.450015, 1.2739717
1.6953962, 0.4128401, 1.7131956
1.7294303, 0.35639668, 1.0901287
1.6717879, 0.48619363, 1.6732296
1.7261182, 0.40259632, 1.7938136
1.5724831, 0.57181954, 1.9905541
1.6892748, 0.40370864, 0.553301
1.7218807, 0.40170997, 1.8150738
1.6918745, 0.41044292, 1.5716577
1.5855175, 0.5314612, 1.1070493
1.6545172, 0.42335153, -0.0060483576
1.7538934, 0.32914355, 1.0488367
1.6026492, 0.51309943, 0.7243783
1.5744259, 0.53624684, 0.8894329
1.7145847, 0.34898213, 0.5539698
1.6630116, 0.43104938, 0.27122355
1.6095248, 0.5162467, 1.8469803
1.6679267, 0.44250235, 1.770711
1.6603631, 0.46611077, 1.5842787
1.5801277, 0.540867, 0.2915068
1.6486261, 0.48013553, 1.098709
1.701981, 0.4236184, 1.7356552
1.5849438, 0.53453135, 1.883187
1.7111182, 0.35477525, 0.023703778
1.5615643, 0.5654311, 0.5543769
1.6475682, 0.45072085, 0.9885614
1.5454925, 0.55943674, 0.7541812
1.6479145, 0.50122756, 2.0449548
1.7211232, 0.38409334, 0.7709761
1.6368047, 0.4783296, 1.7923589
1.7636611, 0.33463675, 0.85817814
1.5723044, 0.5544834, 1.7412091
1.587482, 0.56737953, 1.2004852
1.6431831, 0.5160534, 1.8235162
1.7138023, 0.3576007, 0.71144986
1.5828968, 0.5340166, 0.2837581
1.6891711, 0.43310145, 1.75044
1.5653104, 0.5261468, 0.13192514
1.6276435, 0.4776606, 1.4462887
1.7543905, 0.34061542, 0.15400723
1.6340842, 0.47093043, 0.93245906
1.6445818, 0.4520294, 0.10349091
1.627497, 0.4927258, 1.1301355
1.6189154, 0.47013587, 0.41407737
1.6210725, 0.5236166, 1.9137216
1.6789234, 0.41188905, 1.1297952
1.5966814, 0.51631165, 1.5112417
1.5973264, 0.51499534, 1.1638347
1.6851602, 0.4416747, 1.5361495
1.6251174, 0.49089655, 0.8051101
1.6561773, 0.45763838, 1.303698
1.6746006, 0.43869966, 1.2024002
1.7317877, 0.3661907, 0.7945419
1.7034521, 0.3723871, 0.030681299
1.6045443, 0.529745, 1.1865839
1.6809638, 0.44798666, 1.733416
1.7388016, 0.35651585, 1.4213133
1.689782, 0.4140785, 0.84580064
1.6928556, 0.41398165, 1.323672
1.7565949, 0.33501032, 0.8676693
1.6701506, 0.40604037, 0.03167297
1.7445928, 0.34218115, 0.11558071
1.561516, 0.57139283, 1.265908
1.5971619, 0.5453352, 1.644387
1.625205, 0.4637467, 0.20929927
1.6955516, 0.3845673, 0.49437973
1.6520306, 0.45593134, 1.404325
1.7031158, 0.423499, 1.7821835
1.6706958, 0.43668467, 1.3280569
1.5868237, 0.51195157, 0.30470234
1.6372352, 0.45219883, 0.21155372
1.7107128, 0.39406133, 1.4916488
1.6636647, 0.4278977, 0.12558791
1.7122873, 0.35484296, 0.048279233
1.6669055, 0.40942466, 0.04901444
1.5935607, 0.5385304, 1.2050666
1.5804753, 0.55554736, 1.2333483
1.6901602, 0.43271956, 1.0063701
1.6866013, 0.43034118, 0.654571
1.7425346, 0.3620275, 1.1973394
1.5561655, 0.53170586, 0.2541719
1.6353997, 0.45129344, 1.0273304
1.6146202, 0.5418068, 1.8734279
1.6071136, 0.4949631, 0.25408292
1.7055522, 0.425166, 1.1645112
1.6805966, 0.45078117, 1.0645216
1.6041083, 0.5223785, 1.2395666
1.588928, 0.5346039, 1.5320089
1.7345955, 0.32918537, 0.050334375
1.5858009, 0.5061852, 0.28933018
1.6573598, 0.44324365, 1.1166098
1.569549, 0.5736103, 1.9444644
1.6826122, 0.42673576, 1.3642912
1.7065679, 0.37300742, 0.48734576
1.7487196, 0.3637138, 1.1418307
1.7012053, 0.40086913, 0.6163527
1.6975294, 0.37409574, 0.2493393
1.72518, 0.3935495, 1.1887834
1.702868, 0.38255513, 0.039126083
1.5372182, 0.55664307, 0.29580727
1.6459494, 0.48903584, 1.7323776
1.7362248, 0.35304043, 1.4456396
1.71113, 0.41097537, 0.849599
1.6847948, 0.44562954, 1.5501444
1.6512297, 0.47193646, 1.0884869
1.7015656, 0.42093223, 1.4065849
1.6406873, 0.5095148, 1.9846417
1.6191012, 0.48737466, 0.20938991
1.6423829, 0.45863122, 0.064584844
1.6332582, 0.47686958, 1.109698
1.7062836, 0.42894784, 1.7487097
1.6311817, 0.5094676, 1.627728
1.6490077, 0.45947164, 1.2447014
1.6231128, 0.48649046, 0.7954272
1.713285, 0.37430432, 1.1349424
1.7078775, 0.37573472, 0.042224742
1.7068608, 0.36672658, 0.009652072
1.5600442, 0.5703405, 0.9258436
1.629116, 0.5118509, 1.3061308
1.6369371, 0.45821238, 0.9211324
1.7722838, 0.34801143, 1.9721143
1.7358088, 0.3349697, 0.1855442
1.7488394, 0.31588677, 0.08317562
1.6694953, 0.4349127, 1.7255859
1.6031048, 0.5439974, 1.3677998
1.7626917, 0.33469182, 1.0275668
1.7459521, 0.347804, 0.94929487
1.6090922, 0.51365745, 0.54597855
1.7094358, 0.3859227, 0.4874819
1.6704158, 0.44088104, 0.24579218
1.6476482, 0.4665097, 0.6468008
1.6798806, 0.41957146, 1.1483392
1.6319002, 0.48248273, 0.63635856
1.7079171, 0.4044014, 1.7121824
1.601106, 0.5022875, 0.24116075
1.6411953, 0.46083638, 0.18664005
1.6826115, 0.41193146, 0.09111054
1.6958547, 0.4045803, 1.2788798
1.6616495, 0.4922375, 1.2646023
1.6977307, 0.39674383, 0.80320704
1.5686579, 0.550487, 0.8867915
1.7458096, 0.3154721, 0.063220076
1.7742782, 0.3280262, 2.1077802
1.6321809, 0.4552358, 0.7038653
1.5671253, 0.54741263, 0.26536462
1.5692754, 0.5460974, 0.25156802
1.5904877, 0.51422167, 0.3908324
1.6334448, 0.4513229, 0.6449248
1.76132, 0.3250139, 0.49511135
1.5679014, 0.5655116, 0.91338986
1.7633904, 0.33068943, 1.4662809
1.7120088, 0.40500155, 0.8288126
1.7446504, 0.354606, 0.9055817
1.6462519, 0.4366082, 0.22714789
1.6337168, 0.47139052, 1.575316
1.6585487, 0.43887478, 0.61403275
1.6931486, 0.40891224, 0.887064
1.7637175, 0.3417287, 0.7943609
1.651657, 0.4603415, 0.25156435
1.5784503, 0.52383673, 1.5064247
1.7169807, 0.35381064, 0.5275258
1.6724068, 0.4608627, 0.85183734
1.6002666, 0.49293047, 0.23632352
1.5710106, 0.5395693, 1.0196398
1.6912339, 0.46042246, 2.0787187
1.6715991, 0.41735756, 0.6296297
1.5788743, 0.5722908, 1.7255386
1.6797093, 0.38160157, 0.59095854
1.7326978, 0.3772105, 1.6715729
1.6564605, 0.45744932, 1.8851875
1.6538574, 0.42488983, 0.14565364
1.6650267, 0.44116893, 0.5698248
1.5563842, 0.5512584, 0.37094736
1.6930475, 0.3901725, 1.4370027
1.6489531, 0.44819683, 0.16795503
1.7311096, 0.38681796, 1.6727245
1.7100263, 0.39231616, 1.2897618
1.5817229, 0.58782095, 2.0811837
1.611226, 0.48368654, 0.15737322
1.7354072, 0.36129865, 0.89031285
1.708851, 0.38944617, 0.7883142
1.725673, 0.3908948, 1.770391
1.5906093, 0.46979186, 0.056165475
1.5619482, 0.5564025, 0.92780584
1.6444048, 0.50993, 1.6545775
1.6969042, 0.41375434, 1.9897857
1.6960429, 0.37584847, 0.5260628
1.6369681, 0.4708487, 0.89045525
1.5960672, 0.49616402, 0.6466118
1.593487, 0.51331645, 0.26543933
1.6476668, 0.49160022, 1.5685613
1.6201427, 0.52023524, 1.2231724
1.6194754, 0.48688108, 1.1946412
1.7177565, 0.37248746, 1.0937519
1.6327841, 0.49350786, 1.694896
1.5674734, 0.50685567, 0.16705497
1.6127446, 0.51832396, 2.022118
1.6015116, 0.51135266, 1.1717932
1.5436244, 0.5555462, 0.065645576
1.5982629, 0.5126486, 1.0026089
1.6438112, 0.5048603, 1.7148535
1.7273698, 0.3681628, 1.3875312
1.6325375, 0.49413145, 1.636833
1.6371648, 0.4959752, 1.9812423
1.7526202, 0.35750934, 1.2247638
1.7507153, 0.33695567, 0.78459793
1.7178825, 0.37613785, 1.7907861
1.7326012, 0.35122225, 0.61369896
1.6597091, 0.43810397, 1.2406532
1.7149717, 0.37826568, 1.1817603
1.6067477, 0.49276048, 0.9822207
1.5997568, 0.55872524, 2.0878432
1.6588143, 0.41999078, 0.5150665
1.7241127, 0.37513623, 0.1913173
1.6715537, 0.43504468, 1.4686764
1.7400064, 0.3613959, 0.7974385
1.5916427, 0.4908712, 0.18009828
1.6343567, 0.4558466, 0.38643217
1.7017711, 0.42104593, 1.4579365
1.5861387, 0.55755234, 1.6765021
1.6383449, 0.4565165, 1.0483837
1.671697, 0.4391732, 1.913754
1.6948478, 0.41037166, 1.8449476
1.7133759, 0.35799283, 0.40382287
1.6564286, 0.47637773, 1.6737194
1.6723745, 0.4196192, 0.267338
1.6637802, 0.421915, 0.060735665
1.5930694, 0.51955855, 1.3536505
1.6129378, 0.4862873, 0.43662333
1.7191215, 0.3770347, 0.82925117
1.7003025, 0.4010339, 0.3160022
1.6107457, 0.48389992, 0.09398529
1.573295, 0.5555999, 1.819639
1.6379172, 0.47946864, 1.2753077
1.7266656, 0.35064855, 0.56986624
1.5790664, 0.5398497, 1.0462044
1.702004, 0.409598, 0.2509231
1.6435493, 0.48963997, 0.9430414
1.7029188, 0.3963239, 0.35657814
1.7118423, 0.3902861, 1.3117186
1.761274, 0.3449027, 0.5359507
1.7402354, 0.32756323, 0.019782566
1.671555, 0.4082198, 0.007825326
1.5848956, 0.58115983, 1.7361324
1.649385, 0.417424, 0.021665495
1.6651695, 0.43622416, 0.42754453
1.5845534, 0.57065684, 1.9249972
1.6843464, 0.46168515, 2.0891895
1.733518, 0.3528249, 0.97083455
1.728327, 0.38212246, 1.4550612
1.6253154, 0.51067245, 1.2704718
1.5786352, 0.50637895, 0.050981633
1.6095533, 0.50267714, 0.13314743
1.6709788, 0.39866084, 0.89839166
1.6295364, 0.4528928, 0.37132928
1.6804647, 0.4342945, 0.6639252
1.6428298, 0.463624, 0.2643487
1.6832854, 0.46048975, 1.9012004
1.6478914, 0.4876237, 1.8271466
1.6105332, 0.52455443, 1.6090999
1.5841726, 0.54042774, 0.59308034
1.7551107, 0.324951, 1.1548486
1.6202571, 0.54303485, 2.0477731
1.7360296, 0.33190754, 0.093935736
1.7003459, 0.42851472, 1.2416903
1.7518156, 0.35209608, 1.2543458
1.7233866, 0.34804812, 0.5124513
1.6804273, 0.43246293, 0.9790784
1.648288, 0.43547443, 0.5451055
1.6534947, 0.43043163, 0.35146365
1.5676093, 0.5646116, 0.44176596
1.7245218, 0.3678135, 0.49007687
1.5602965, 0.5665872, 0.31152463
1.7075181, 0.41607565, 2.0267916
1.5785487, 0.57345164, 1.6306196
1.5767653, 0.55302477, 1.2189898
1.6980058, 0.36786488, 0.10144292
1.6778034, 0.431208, 2.0579672
1.7161832, 0.3561513, 0.18256092
1.5973027, 0.54485804, 1.1509483
1.7293662, 0.35358256, 0.051698957
1.6594104, 0.4515758, 1.7334254
1.6703262, 0.45236012, 1.6962957
1.5817248, 0.54597604, 0.7744927
1.6330602, 0.4764635, 0.81500787
1.7445736, 0.34884506, 0.42988414
1.6564906, 0.41660488, 0.5624598
1.771831, 0.33658746, 1.4945327
1.74889, 0.35054958, 0.7894015
1.5567566, 0.5517346, 0.275633
1.7172809, 0.3958605, 0.85120004
1.6338089, 0.475773, 1.4841881
1.5755873, 0.53974926, 1.7039566
1.7258554, 0.4107217, 1.6664072
1.698409, 0.3592292, 0.094911374
1.5700884, 0.568515, 1.9081376
1.7442605, 0.35054848, 1.1115578
1.7103881, 0.36834687, 0.91032404
1.6920812, 0.3736213, 0.59880626
1.7353096, 0.32187423, 0.48106566
1.5937504, 0.49787706, 0.6294773
1.6172316, 0.48757964, 0.9480902
1.6337931, 0.4754542, 1.430052
1.7320546, 0.36736628, 1.2128592
1.5836762, 0.58688825, 1.5865115
1.5956249, 0.5280194, 1.9088452
1.6779311, 0.41183278, 0.7124552
1.5993087, 0.49838486, 0.5569914
1.5759614, 0.5337053, 1.4277966
1.657354, 0.4525634, 1.2190502
1.5512494, 0.5478792, 0.11178981
1.6596664, 0.41588214, 0.18358801
1.6117661, 0.5136241, 1.6568462
1.7354084, 0.35477555, 1.5123365
1.6707628, 0.43564335, 0.84815973
1.5554525, 0.5532081, 0.4118697
1.5718607, 0.5527094, 1.5598418
1.6087043, 0.49656734, 1.5255284
1.6990653, 0.39145932, 0.9515367
1.7120425, 0.36837083, 0.4720356
1.6345892, 0.4734237, 0.7293462
1.673938, 0.39178324, 0.4539987
1.6342583, 0.4986105, 2.0225878
1.6248502, 0.45236543, 0.18292263
1.7143557, 0.3967391, 1.6287564
1.6195102, 0.4973123, 1.4642304
1.5776013, 0.5315913, 0.6746222
1.576066, 0.53991973, 1.1022732
1.6591365, 0.42569306, 0.5668917
