1.388407, -0.43471307, 0.39490482
1.3880924, -0.37189695, 0.39164454
1.4073168, -0.35029218, 0.39128435
1.4324406, -0.31087112, 0.3906233
1.4298809, -0.3289191, 0.38747093
1.4660944, -0.28888258, 0.38626632
1.4548516, -0.3737681, 0.39269525
1.4302769, -0.29072192, 0.38598597
1.4486222, -0.29112262, 0.39141473
1.4488722, -0.3901519, 0.3909925
1.4758245, -0.36810675, 0.38413563
1.490438, -0.3545803, 0.38711116
1.4680355, -0.4073754, 0.4019457
1.4742761, -0.38877454, 0.38849878
1.4883525, -0.2280495, 0.3847423
1.5114665, -0.23626487, 0.38412997
1.5089093, -0.34878674, 0.39116472
1.5078895, -0.37163904, 0.38452855
1.5253866, -0.3232605, 0.37751746
1.5271931, -0.36698675, 0.38494983
1.4913961, -0.21187705, 0.3822046
1.5285199, -0.21568614, 0.38245356
1.5704947, -0.3133506, 0.37589732
1.5488005, -0.4122043, 0.386274
1.5542939, -0.19544566, 0.37883914
1.5455441, -0.17131105, 0.37265342
1.5600051, -0.18355994, 0.383256
1.5869907, -0.30722764, 0.37472838
1.6064539, -0.2911359, 0.3691965
1.52864, -0.4304111, 0.3875766
1.5845594, -0.1673177, 0.37418538
1.595813, -0.15158105, 0.3716419
1.645147, -0.26795477, 0.3696588
1.5099003, -0.45464766, 0.37969485
1.6054819, -0.14722791, 0.37091947
1.6405491, -0.22367837, 0.3550015
1.4713964, -0.4752911, 0.39368302
1.6515088, -0.19347224, 0.3686577
1.6686958, -0.23198941, 0.3657657
1.6482121, -0.24900638, 0.37085322
1.6485049, -0.2070491, 0.37132463
1.3830196, -0.34378374, 0.39347225
1.467342, -0.40891162, 0.39017853
1.5093265, -0.3902356, 0.38796398
1.5311683, -0.3520643, 0.37654516
1.6082814, -0.2692973, 0.37415737
1.4461914, -0.4106262, 0.38780612
1.493594, -0.4887515, 0.39321446
1.3914016, -0.33021703, 0.38939545
1.6759531, -0.22979634, 0.35920185
1.4120107, -0.3104287, 0.38761896
1.4122783, -0.4118052, 0.39256987
1.4164195, -0.3346619, 0.39208862
1.5152867, -0.36625606, 0.37900957
1.5470015, -0.2102041, 0.37430668
1.4995484, -0.37930647, 0.37969017
1.6130928, -0.36390567, 0.37501317
1.6115043, -0.39338195, 0.38429022
1.5939567, -0.3697459, 0.38352287
1.5966733, -0.37804842, 0.37597567
1.6340773, -0.37453583, 0.38461387
1.6876132, -0.34763137, 0.37035123
1.7111014, -0.31186423, 0.37422633
1.6945882, -0.32843348, 0.37057236
1.7096223, -0.2883031, 0.3643183
1.452773, -0.2618064, 0.37860093
1.5525854, -0.12836352, 0.37536383
1.4696752, -0.20953399, 0.38374832
1.5671061, -0.1480686, 0.3735597
1.4509019, -0.4306156, 0.39285055
1.6844507, -0.3055856, 0.3678021
1.572231, -0.10749139, 0.37040716
1.6317518, -0.24970312, 0.37139106
1.5522943, -0.15462252, 0.3745436
1.4901348, -0.19321707, 0.3851648
1.5694538, -0.13229236, 0.38434142
1.5307906, -0.15059955, 0.3767071
1.5550786, -0.31223693, 0.38315383
1.4890336, -0.39038858, 0.38793147
1.4826111, -0.22997259, 0.37790665
1.4083469, -0.3095512, 0.37900007
1.6685401, -0.3286949, 0.37496635
1.432084, -0.271427, 0.38639933
1.5724741, -0.40472165, 0.37634173
1.469852, -0.22973691, 0.38473853
1.4070765, -0.29114088, 0.39030877
1.5120971, -0.20352471, 0.3709956
1.4293566, -0.25386032, 0.38920745
1.5257983, -0.18736175, 0.37045434
1.4694369, -0.2485323, 0.37538567
1.3548863, -0.27195057, 0.3909951
1.3209232, -0.30382353, 0.4032457
1.3264459, -0.31023479, 0.39310813
1.3683168, -0.2681289, 0.39043963
1.5574807, -0.114969544, 0.38145927
1.4670715, -0.14773038, 0.38513333
1.5106286, -0.086494885, 0.3767623
1.3882488, -0.23044285, 0.39099857
1.3480113, -0.23312773, 0.39047292
1.3704933, -0.252605, 0.39292344
1.3464861, -0.24582902, 0.3901541
1.3121387, -0.3174564, 0.39949945
1.5284297, -0.07082935, 0.37240022
1.4743023, -0.13026002, 0.3775773
1.4518285, -0.15054871, 0.38506082
1.4292165, -0.17290185, 0.3906333
1.5150988, -0.06891771, 0.38271704
1.4114864, -0.27080595, 0.3896265
1.6336721, -0.21405073, 0.3674323
1.5122014, -0.33529776, 0.37565762
1.5686723, -0.27443108, 0.3881477
1.4131248, -0.19214071, 0.39230782
1.59179, -0.25114423, 0.3719763
1.3692154, -0.32772934, 0.39264166
1.5255989, -0.43984532, 0.37999973
1.5827537, -0.2659331, 0.37500307
1.5404125, -0.3397019, 0.3781235
1.4679248, -0.12621307, 0.38692623
1.6086937, -0.24963191, 0.3715229
1.4911972, -0.330406, 0.38733292
1.4475343, -0.2504027, 0.38527203
1.6535435, -0.33299285, 0.36948124
1.565032, -0.32877415, 0.38535067
1.4498043, -0.17334342, 0.3756096
1.4278747, -0.4079621, 0.39222127
1.4679588, -0.15130128, 0.3755861
1.5090265, -0.3289309, 0.39018002
1.6925122, -0.22690439, 0.35567987
1.7081833, -0.3291492, 0.37067968
1.4863966, -0.28610778, 0.37967324
1.4909278, -0.116959184, 0.37824455
1.3784089, -0.2650351, 0.37625188
1.5849475, -0.39145297, 0.3734804
1.4577917, -0.31193295, 0.37593028
1.5485094, -0.051916, 0.37120435
1.5691842, -0.33166277, 0.3706118
1.6311864, -0.351004, 0.37248066
1.6275754, -0.28956905, 0.36832696
1.515542, -0.24728094, 0.37398896
1.507205, -0.26849693, 0.37273514
1.5323858, -0.089898385, 0.3670814
1.632253, -0.27358326, 0.36612767
1.5117896, -0.11257072, 0.3749143
1.4173634, -0.21233635, 0.3781096
1.449509, -0.30596668, 0.38784027
1.5310107, -0.25074148, 0.370592
1.48874, -0.1344293, 0.37653643
1.6307964, -0.23153533, 0.3698788
1.5478806, -0.34516478, 0.37784323
1.5483062, -0.3295775, 0.3860469
1.2909503, -0.2121443, 0.39042082
1.529127, -0.18851681, 0.38223565
1.4871359, -0.36806878, 0.38585275
1.5320418, -0.22767031, 0.37479252
1.530295, -0.33048058, 0.38593167
1.3289587, -0.2684117, 0.38830462
1.4322401, -0.4257066, 0.39411047
1.6455314, -0.3641476, 0.3859663
1.531959, -0.30767447, 0.37778273
1.344749, -0.2912046, 0.39220867
1.5733527, -0.13219057, 0.36438504
1.3324634, -0.25313818, 0.39164728
1.389872, -0.250485, 0.39030695
1.5944837, -0.4132264, 0.3774437
1.3129689, -0.27267784, 0.4029376
1.5634763, -0.28884563, 0.37217858
1.4343897, -0.3950972, 0.3922827
1.3677075, -0.23263638, 0.3884324
1.4689575, -0.19371173, 0.38453037
1.6630722, -0.292309, 0.37518287
1.711201, -0.27241924, 0.3674991
1.4735172, -0.32758316, 0.38721582
1.3545513, -0.3143207, 0.39401028
1.5738147, -0.3723724, 0.38564837
1.5886331, -0.115845375, 0.37070876
1.4263631, -0.36853495, 0.39161646
1.5700601, -0.2729537, 0.37206843
1.4122243, -0.22959402, 0.37891048
1.5872731, -0.22798035, 0.37464598
1.5321422, -0.26594394, 0.38478735
1.7083855, -0.254075, 0.37041056
1.3709258, -0.3087386, 0.39000374
1.6057216, -0.20679092, 0.3740985
1.3073992, -0.20508517, 0.38565636
1.5305218, -0.2717742, 0.3745115
1.5046984, -0.21079637, 0.38672477
1.4123435, -0.38739806, 0.38976565
1.5893759, -0.3906198, 0.38627848
1.5507087, -0.08869835, 0.37498915
1.4457428, -0.34715912, 0.39226532
1.5514889, -0.3486209, 0.38576874
1.4737273, -0.17480202, 0.38637868
1.350798, -0.1880092, 0.38523516
1.447554, -0.2112763, 0.387616
1.6644821, -0.16889727, 0.358542
1.3916692, -0.26857635, 0.39262548
1.5329231, -0.39440036, 0.39641538
1.5258479, -0.4112547, 0.39100385
1.5334101, -0.13223547, 0.3833021
1.5314893, -0.10867995, 0.3841047
1.5045649, -0.42980123, 0.3934224
1.6486286, -0.30755246, 0.3745961
1.590476, -0.21283706, 0.37086144
1.6274879, -0.19134228, 0.3713368
1.4279867, -0.2283114, 0.39278322
1.686362, -0.2762772, 0.37543577
1.5071654, -0.1480217, 0.38270554
1.4679629, -0.34781364, 0.3894511
1.4110388, -0.2075884, 0.38604262
1.5723907, -0.07115867, 0.36902615
1.4756138, -0.30798584, 0.38437745
1.6366041, -0.32207054, 0.37695727
1.5542612, -0.23212217, 0.37295103
1.6120322, -0.17110445, 0.37236845
1.566497, -0.08715882, 0.37103385
1.5482332, -0.24992962, 0.37293237
1.4250515, -0.1487724, 0.37609452
1.4865054, -0.46668723, 0.39169946
1.5731637, -0.21260133, 0.36984152
1.5710491, -0.22747582, 0.37095487
1.6050823, -0.18600702, 0.36894858
1.4707577, -0.32723376, 0.3745737
1.487788, -0.30491236, 0.37612385
1.4297135, -0.35275424, 0.38832602
1.4717028, -0.44894737, 0.39523187
1.5306511, -0.16637927, 0.37493196
1.5938004, -0.34984344, 0.3839105
1.3671974, -0.16669032, 0.3855988
1.6078589, -0.19369039, 0.35737428
1.4306058, -0.20655693, 0.37849963
1.6027973, -0.35083914, 0.38728407
1.4121186, -0.24986163, 0.38793892
1.3527725, -0.1707621, 0.38769248
1.4904555, -0.107530944, 0.38209757
1.4925474, -0.29226878, 0.3863847
1.3280678, -0.29143295, 0.40335178
1.3305793, -0.37062055, 0.40310967
1.7093551, -0.20537753, 0.3526634
1.3724173, -0.14677289, 0.38682625
1.5919095, -0.40790954, 0.3859752
1.385339, -0.13060796, 0.3824089
1.404313, -0.11100489, 0.38457698
1.4489452, -0.3300522, 0.3859497
1.471645, -0.27364448, 0.387768
1.592613, -0.29224247, 0.369809
1.4901783, -0.4460126, 0.39420182
1.4914334, -0.25032267, 0.38808307
1.7308067, -0.3094051, 0.36740896
1.3988458, -0.12091808, 0.37872028
1.4481392, -0.2719293, 0.38809705
1.4879742, -0.26749855, 0.38217476
1.7475249, -0.2903468, 0.36639696
1.4053199, -0.43144628, 0.40335935
1.673418, -0.21465583, 0.36471382
1.6528931, -0.36963475, 0.37201405
1.4571222, -0.24614614, 0.37451595
1.4910305, -0.1956835, 0.37500188
1.4958844, -0.33625096, 0.37810656
1.4503733, -0.46967518, 0.40332147
1.3685071, -0.21023215, 0.37551087
1.6294495, -0.16942982, 0.3745571
1.5326884, -0.14436336, 0.38116512
1.511858, -0.16854377, 0.38233835
1.3721883, -0.19208856, 0.3897829
1.2816391, -0.2696641, 0.40329856
1.4885269, -0.208227, 0.37450966
1.5125964, -0.47452304, 0.3891265
1.5319649, -0.35137698, 0.38568088
1.4563862, -0.23168054, 0.38410532
1.3535917, -0.21541743, 0.38548094
1.5754339, -0.2505352, 0.3716435
1.3316828, -0.20913865, 0.38867128
1.386203, -0.19089243, 0.3863828
1.5739119, -0.19016454, 0.3660114
1.4155746, -0.106399566, 0.3753413
1.3917513, -0.30996254, 0.38457093
1.6125317, -0.22860096, 0.3703047
1.5539002, -0.27059665, 0.3751914
1.58421, -0.25134745, 0.381655
1.5132501, -0.31159, 0.38463804
1.4663105, -0.070381425, 0.38326123
1.5120919, -0.18838102, 0.37197393
1.4895701, -0.30962554, 0.38481593
1.4405769, -0.16055954, 0.3889213
1.2867475, -0.2948923, 0.40186676
1.3152298, -0.2707233, 0.3901014
1.6914519, -0.2478904, 0.36653566
1.3117962, -0.22735687, 0.38914356
1.5107625, -0.44750163, 0.38616663
1.5118666, -0.17083606, 0.3745597
1.3043009, -0.24693905, 0.39135233
1.5507623, -0.3720608, 0.38874838
1.5103087, -0.41516864, 0.38934183
1.5884682, -0.35105714, 0.37458053
1.4884391, -0.42595974, 0.38949922
1.4721156, -0.16892129, 0.37511978
1.3562838, -0.3489251, 0.39413497
1.3681866, -0.29281932, 0.39012915
1.4880831, -0.095447, 0.38725734
1.5926442, -0.19701707, 0.36941555
1.3690017, -0.2228153, 0.37836072
1.6313721, -0.3060165, 0.37330195
1.4651237, -0.18600003, 0.3735069
1.5054247, -0.34520066, 0.3715051
1.3254678, -0.3278574, 0.39002025
1.5537512, -0.29481202, 0.37129197
1.4156643, -0.24132887, 0.37499788
1.5278898, -0.11060212, 0.37103742
1.3270271, -0.343161, 0.4027039
1.5271438, -0.31318703, 0.38686827
1.5080332, -0.045467556, 0.3697839
1.4867814, -0.15170994, 0.3745648
1.40824, -0.3674586, 0.38981593
1.4286796, -0.4482152, 0.40445587
1.5882915, -0.12637603, 0.36476982
1.4568403, -0.19060637, 0.37375838
1.4597613, -0.32448626, 0.37784842
1.4708815, -0.31405017, 0.3758613
1.6760873, -0.25947523, 0.35807177
1.3546541, -0.16653442, 0.3779657
1.6948419, -0.21880095, 0.35904518
1.2916318, -0.23167539, 0.38926065
1.6498439, -0.23307125, 0.374345
1.2707477, -0.22755224, 0.393181
1.7022729, -0.23506713, 0.36093435
1.4553239, -0.18940295, 0.38755652
1.3731973, -0.36989057, 0.3921314
1.4506903, -0.44772455, 0.3919339
1.5099525, -0.13194871, 0.3764936
1.4702563, -0.431794, 0.38888046
1.3867602, -0.4087597, 0.40273222
1.673775, -0.25394928, 0.36908934
1.5555094, -0.07177761, 0.3685993
1.534587, -0.37904885, 0.3758468
1.4097013, -0.13549665, 0.38823184
1.4901066, -0.41223133, 0.38904038
1.3126538, -0.18893406, 0.38774183
1.5704579, -0.34002733, 0.37951586
1.4673619, -0.25164276, 0.38967386
1.2676849, -0.2701436, 0.3934188
1.4289372, -0.11369165, 0.37860888
1.3853599, -0.43178985, 0.4048408
1.4698449, -0.5110777, 0.3918581
1.5473323, -0.31350887, 0.3759609
1.4858221, -0.06497808, 0.38339737
1.416013, -0.14637467, 0.37422097
1.450763, -0.41147122, 0.37744567
1.4325125, -0.13701007, 0.3780716
1.5901252, -0.3319947, 0.37257615
1.4874929, -0.16773787, 0.38735688
1.5531235, -0.28610754, 0.3850866
1.7301409, -0.28946644, 0.37073833
1.5913856, -0.29214594, 0.38608515
1.6325815, -0.23607926, 0.35880017
1.4087894, -0.1710641, 0.3765458
1.4636374, -0.26412308, 0.37692916
1.6096418, -0.38374424, 0.3765794
1.450569, -0.47100922, 0.39843357
1.5689985, -0.42995247, 0.386611
1.5211285, -0.20337784, 0.37097386
1.6939349, -0.2946617, 0.37059122
1.4071536, -0.16479066, 0.38607627
1.66504, -0.34998026, 0.38280138
1.6263046, -0.37135014, 0.37397045
1.6113514, -0.31136283, 0.37250462
1.3914438, -0.17394459, 0.38945064
1.3487271, -0.33399516, 0.3917899
1.3830212, -0.29343256, 0.39092225
1.6297193, -0.24628527, 0.3597031
1.4153459, -0.32044172, 0.37736556
1.4668839, -0.10480291, 0.37173045
1.532451, -0.2805373, 0.37111914
1.6022424, -0.32320347, 0.36971754
1.6323264, -0.3851366, 0.37470508
1.5570469, -0.4303533, 0.37756348
1.6173699, -0.40793592, 0.37334418
1.6539574, -0.25454125, 0.35973588
1.4959428, -0.26347765, 0.3768049
1.5300496, -0.12548697, 0.3729753
1.6846274, -0.20718884, 0.36564234
1.6380368, -0.18103656, 0.35760427
1.468567, -0.34589827, 0.37470073
1.3566394, -0.21614648, 0.40013164
1.454342, -0.099667154, 0.38473564
1.4654623, -0.4860187, 0.3917253
1.5504332, -0.107534274, 0.3657246
1.6250714, -0.3926229, 0.386184
1.3681295, -0.20813343, 0.38853875
1.3261104, -0.18848222, 0.37606683
1.4408884, -0.110799834, 0.39045674
1.4722035, -0.49631205, 0.40349144
1.6459846, -0.16615063, 0.35624975
1.6074077, -0.10972358, 0.3682535
1.4275715, -0.14547451, 0.38496202
1.3658353, -0.32728222, 0.37918985
1.5712719, -0.41588336, 0.39116234
1.4305681, -0.1284655, 0.3836272
1.47243, -0.07180104, 0.37549752
1.3659991, -0.18386345, 0.37808126
1.3510436, -0.1531784, 0.383673
1.4451973, -0.22546169, 0.37651443
1.5106865, -0.15039644, 0.37120837
1.3817695, -0.1534302, 0.37818927
1.4313033, -0.18530771, 0.38735923
1.5187821, -0.23817056, 0.3762453
1.3704832, -0.17021796, 0.37757862
1.3322797, -0.29312998, 0.39654154
1.4294131, -0.24787588, 0.3798952
1.4851477, -0.07086813, 0.37462476
1.4625322, -0.090414286, 0.38449472
1.6469536, -0.34521094, 0.366585
1.6704109, -0.31280625, 0.3719677
1.5088551, -0.18856743, 0.385706
1.5726655, -0.3952404, 0.37955245
1.4742533, -0.23790696, 0.3777856
1.5227218, -0.44100648, 0.37995306
1.3933086, -0.19075646, 0.37942386
1.4468776, -0.3960386, 0.40234622
1.4055829, -0.2746681, 0.37652218
1.4339025, -0.29025835, 0.37402582
1.5555359, -0.41074052, 0.37987596
1.5509417, -0.36730233, 0.37530795
1.5277094, -0.4712572, 0.39113012
1.464798, -0.29665676, 0.37875465
1.324393, -0.24137585, 0.37896878
1.3840606, -0.20637417, 0.38865358
1.4015185, -0.1817783, 0.3776922
1.4555876, -0.3546008, 0.37955144
1.3874695, -0.14503473, 0.3870347
1.5116615, -0.29112524, 0.37566635
1.7387506, -0.26796702, 0.35582152
1.5494301, -0.250676, 0.38570946
1.560291, -0.2336261, 0.38333565
1.4929373, -0.17247903, 0.37117013
1.3273681, -0.16558345, 0.37654448
1.5151899, -0.029801682, 0.37001494
1.4129301, -0.15334827, 0.38801143
1.5475825, -0.3825483, 0.37087336
1.4257684, -0.36836037, 0.40109703
1.6881188, -0.19179086, 0.35885656
1.6535244, -0.29082572, 0.37001437
1.4355786, -0.40563357, 0.40423337
1.514178, -0.02363226, 0.3810069
1.3957175, -0.27830285, 0.37825447
1.6638305, -0.2895288, 0.3823136
1.458077, -0.20678431, 0.3728338
1.5051816, -0.29349777, 0.3906147
1.4512532, -0.4922466, 0.39322805
1.5692451, -0.2881227, 0.38544333
1.5530002, -0.38686964, 0.38993764
1.5912305, -0.3322761, 0.38705644
1.5256569, -0.28121644, 0.3818901
1.3718435, -0.28640392, 0.40396005
1.6739852, -0.2728866, 0.35898066
1.529433, -0.39157674, 0.3789397
1.3287439, -0.3512878, 0.3919819
1.6468012, -0.3545764, 0.38867643
1.3477689, -0.38878837, 0.403565
1.5096246, -0.3814301, 0.3761034
1.5473592, -0.032532625, 0.37130073
1.3185109, -0.17105116, 0.38701108
1.3534639, -0.24675572, 0.4005754
1.3030937, -0.28460807, 0.40422362
1.4894575, -0.0938019, 0.37743697
1.6866372, -0.2634761, 0.35631448
1.3699812, -0.41798162, 0.410959
1.4707621, -0.11642465, 0.3889026
1.4681333, -0.45411116, 0.4023376
1.3442281, -0.19873498, 0.3783246
1.4475448, -0.12758851, 0.37113807
1.6156988, -0.35558042, 0.37944463
1.5163577, -0.13332959, 0.38327497
1.6636745, -0.19017091, 0.3635624
1.5213012, -0.048120685, 0.3796732
1.6313831, -0.15457861, 0.36404657
1.6231755, -0.33104336, 0.38164574
1.7285322, -0.23075908, 0.35793695
1.6470202, -0.30638385, 0.38341463
1.362257, -0.3601811, 0.40036634
1.5079869, -0.059641752, 0.38464043
1.4070005, -0.42902648, 0.39486828
1.3302673, -0.17222854, 0.3844967
1.5687236, -0.17440471, 0.38248214
1.7464695, -0.23907264, 0.35713255
1.5883904, -0.09450962, 0.3698396
1.611274, -0.13514376, 0.37416628
1.3412039, -0.35597372, 0.40447173
1.4296979, -0.22453424, 0.37415904
1.4283063, -0.46853957, 0.39296687
1.5063043, -0.24437149, 0.38430732
1.6025898, -0.091386385, 0.3654887
1.3298681, -0.15299919, 0.3875616
1.3832208, -0.3094166, 0.4005595
1.3752443, -0.317468, 0.40194634
1.4298347, -0.21104845, 0.3853349
1.6476382, -0.15078792, 0.3664734
1.4942349, -0.14738318, 0.38000458
1.3869207, -0.36005428, 0.40285915
1.5216941, -0.026481332, 0.37188944
1.6082507, -0.33393058, 0.38579533
1.512779, -0.2754999, 0.38800263
1.5355575, -0.093229376, 0.38099802
1.3396027, -0.27920398, 0.40094784
1.5754579, -0.2140441, 0.3809831
1.5477526, -0.4454145, 0.38902056
1.447685, -0.37972447, 0.40033084
1.5144564, -0.11362967, 0.38626748
1.4756032, -0.4358682, 0.40204543
1.5747932, -0.05960479, 0.36776617
1.5511942, -0.23673819, 0.384637
1.6191307, -0.31948635, 0.3819073
1.3753042, -0.38886717, 0.39327085
