1.5919105, -2.006958, 0.013756305
1.5495645, -2.0298445, 0.019315312
1.5361416, -2.0583773, 0.012600657
1.5291878, -2.077611, 0.0061306246
1.5555289, -2.0412948, 0.013732243
1.5154198, -2.0784729, 0.012905422
1.4873226, -2.0930474, 0.018355377
1.5966403, -2.0667322, 0.011021386
1.4718854, -2.1115696, 0.01164975
1.5110152, -2.1302886, 0.009387395
1.5922196, -2.0944386, 0.012387678
1.4378406, -2.1308527, 0.019063177
1.4322406, -2.1405003, 0.021243803
1.4303756, -2.1484706, 0.018237427
1.4558294, -2.1703537, 0.013636043
1.3984324, -2.178328, 0.016634189
1.4269748, -2.185406, 0.013849607
1.4469091, -2.1939056, 0.012512034
1.3976604, -2.185603, 0.015003892
1.4697008, -2.188058, 0.0121733155
1.3915017, -2.2108164, 0.012223465
1.4028627, -2.215769, -4.0040613E-4
1.4181533, -2.229728, -0.0011350567
1.3449299, -2.2148356, 0.02604738
1.3717834, -2.2324553, 0.013308177
1.4223765, -2.2409275, 0.01347178
1.3697809, -2.2489421, 0.011375024
1.3475509, -2.2341533, 0.0134643195
1.3433819, -2.2243006, 0.02594619
1.3361613, -2.2370937, 0.019411437
1.3528445, -2.2749157, 0.0076587964
1.3284022, -2.2692888, 0.011293254
1.3094417, -2.2510846, 0.013750985
1.3302609, -2.290587, 0.010695795
1.3070989, -2.2940311, 0.0109733585
1.2892287, -2.279337, 0.016117798
1.2910379, -2.2880611, 0.012364384
1.2728637, -2.3171535, 0.011544798
1.2537626, -2.3339446, 0.012592733
1.2342658, -2.3376563, 0.016997436
1.2303519, -2.3488517, 0.014548183
1.2172179, -2.3587134, 0.016882725
1.1957513, -2.3589404, 0.019354772
1.2098423, -2.3701665, 0.013691384
1.1925541, -2.3488362, 0.02638513
1.1938127, -2.3734314, 0.01571187
1.1921144, -2.387681, 0.01180152
1.1764233, -2.3568954, 0.026729919
1.174104, -2.3891928, 0.01618228
1.1505227, -2.3904195, 0.022697043
1.1582673, -2.3986018, 0.019102968
1.1535535, -2.4046607, 0.01683645
1.1302943, -2.4330294, 0.013184656
1.1088169, -2.428891, 0.0153336935
1.114072, -2.4477856, 0.013477634
1.0987177, -2.4273434, 0.0176548
1.0871912, -2.4524987, 0.015032472
1.0669895, -2.4490886, 0.022715213
1.0464332, -2.4774175, 0.014014361
1.0550292, -2.491435, 0.012606127
1.0288142, -2.492604, 0.02595286
1.0289154, -2.4976459, 0.015989315
1.0098982, -2.4835477, 0.02757219
1.3378979, -2.254723, 0.015520952
1.3463606, -2.2463624, 0.010758645
1.5779215, -2.0290356, 0.009688945
0.99754256, -2.5112853, 0.031057972
1.3879925, -2.2050393, 0.021160165
1.4127415, -2.2093048, 0.008297138
1.3073235, -2.2697337, 0.02111477
1.0205224, -2.5223205, 0.02201896
1.5404247, -2.0727727, 0.0062693907
1.0086572, -2.529089, 0.021368492
1.2688035, -2.3267856, 0.010892891
1.4907899, -2.1066911, 0.0124517735
1.0308852, -2.5187702, 0.013921577
