1.3074459, -0.32788408, 0.21167898
1.3092612, -0.33081082, 0.23176843
1.2811918, -0.2834691, 0.22473375
1.2897522, -0.28935197, 0.21043399
1.334522, -0.3741848, 0.24804586
1.3276917, -0.32889232, 0.18554837
1.3767511, -0.41244292, 0.22649333
1.3815424, -0.43604928, 0.24260384
1.3760585, -0.38918614, 0.19184566
1.4212422, -0.49155334, 0.24467157
1.4490838, -0.5332708, 0.2469552
1.3823341, -0.39829674, 0.20312889
1.3072501, -0.3066756, 0.21163243
1.4442201, -0.51999664, 0.24437007
1.4217784, -0.45421168, 0.20887835
1.3310263, -0.3654737, 0.22594589
1.3623854, -0.3916131, 0.22387215
1.3289702, -0.35004854, 0.2284942
1.4079287, -0.41809297, 0.18389218
1.4639441, -0.53948796, 0.24596666
1.2708693, -0.2714304, 0.20948344
1.4109741, -0.45872486, 0.22628409
1.403588, -0.45102566, 0.21407837
1.2865613, -0.2756155, 0.19203043
1.4421006, -0.48483634, 0.21873446
1.3875364, -0.43120944, 0.2316784
1.369793, -0.36592516, 0.18502071
1.4264693, -0.4716669, 0.22486062
1.3615748, -0.35386446, 0.1829457
1.3521274, -0.3789816, 0.22517502
1.3528996, -0.38767046, 0.2144926
1.3502754, -0.3462075, 0.18999135
1.4435105, -0.50655764, 0.22779964
1.415834, -0.4359738, 0.19849035
1.4346509, -0.46441218, 0.19272271
1.4434757, -0.4683389, 0.188811
1.4645722, -0.5074494, 0.1871881
1.3850437, -0.41298574, 0.21380581
1.4800673, -0.5071414, 0.1892931
1.4304178, -0.48250562, 0.21147743
1.312196, -0.29082507, 0.18344247
1.3093603, -0.3084719, 0.19703537
1.4128126, -0.47918764, 0.2522358
1.4237952, -0.43304673, 0.18122716
1.3984698, -0.4279626, 0.2117431
1.3257467, -0.3188684, 0.19048996
1.3701519, -0.4234724, 0.24492827
1.3925732, -0.46879527, 0.25097486
1.3013947, -0.3269966, 0.24366543
1.3287027, -0.38188088, 0.23873532
1.2945116, -0.3061223, 0.20532513
