2.1102302, -3.7881258, 0.92721236
2.0892136, -3.8010232, 0.9287578
2.1388385, -3.8367324, 0.94977593
2.157585, -3.791607, 0.94239336
2.1096747, -3.832014, 0.9380252
2.130321, -3.8175573, 0.9401932
2.0696285, -3.7909725, 0.9248371
2.1429527, -3.769419, 0.9295888
2.0974028, -3.8351822, 0.9330366
2.134653, -3.8289294, 0.9337375
2.0800264, -3.8505273, 0.93539196
2.1110814, -3.8512797, 0.9471002
2.0678205, -3.8546057, 0.9351071
2.1221673, -3.8520324, 0.9534716
2.1467524, -3.836475, 0.9539615
2.1952002, -3.7731192, 0.9435801
2.1848876, -3.8109164, 0.9515919
2.1477175, -3.7548575, 0.928252
2.095854, -3.879532, 0.9501594
2.0558481, -3.7681782, 0.91242
2.0854447, -3.7480485, 0.9200915
2.1717825, -3.7362206, 0.93364114
2.1010742, -3.8806071, 0.94242156
2.0634906, -3.8887682, 0.9465147
2.0430496, -3.8668332, 0.9335194
2.1323745, -3.8922515, 0.95691943
2.0253403, -3.8243651, 0.9246525
2.1493676, -3.894808, 0.9627894
2.1621351, -3.8732297, 0.9602348
2.1886556, -3.7339644, 0.9249598
2.2228603, -3.7654202, 0.9346496
2.2299097, -3.776062, 0.95002973
2.2323856, -3.751814, 0.95058155
2.210854, -3.849527, 0.9594544
2.1112733, -3.911655, 0.9617557
2.1103897, -3.9131474, 0.9548431
2.0750096, -3.912076, 0.95724165
2.182772, -3.681635, 0.92359793
2.1665733, -3.6845732, 0.9173872
2.0730236, -3.936774, 0.956757
2.0021565, -3.8939307, 0.9278062
2.222504, -3.703379, 0.9311223
2.2534194, -3.7512348, 0.95326084
2.2409532, -3.7262046, 0.94540864
2.245171, -3.7344291, 0.9381448
2.2638059, -3.7957304, 0.969126
2.1514869, -3.6626115, 0.90517914
2.0204952, -3.92658, 0.93886197
2.195919, -3.670116, 0.9185108
2.0347424, -3.9492059, 0.9546524
1.9621915, -3.896675, 0.92730826
2.018902, -3.918395, 0.94540167
1.9821451, -3.932934, 0.9375683
2.255583, -3.6648407, 0.9322686
2.2728155, -3.7066634, 0.94387877
2.2827635, -3.7228253, 0.95639193
2.2954357, -3.7115269, 0.9532861
1.979662, -3.8545666, 0.9184725
1.9458871, -3.9077394, 0.9309119
2.2854388, -3.6925857, 0.93947256
2.26145, -3.612878, 0.9179517
2.053437, -3.903381, 0.94553936
2.1208847, -3.7363086, 0.9189301
1.9972885, -3.880839, 0.93534666
2.151814, -3.6977687, 0.91668177
2.233571, -3.8432505, 0.9626715
1.9899132, -3.794343, 0.9101415
2.2456512, -3.6937654, 0.9258113
2.028474, -3.87468, 0.9314635
2.060236, -3.942763, 0.95133454
2.0473502, -3.9195123, 0.9381218
2.2674825, -3.7323797, 0.949898
2.0384598, -3.8107026, 0.92395633
2.168553, -3.7505395, 0.92828625
1.9929152, -3.9497576, 0.94106853
2.0010471, -3.967503, 0.9485039
1.966265, -3.9025815, 0.932872
2.2128086, -3.6486323, 0.9185482
2.1981213, -3.7946792, 0.9540857
1.9634328, -3.942915, 0.9432963
2.0842378, -3.8840013, 0.9463354
2.3097398, -3.684366, 0.95238805
2.037236, -3.9120224, 0.9470803
1.931595, -3.910745, 0.9253391
2.0121007, -3.8323526, 0.9258343
1.9907421, -3.8236535, 0.9227377
2.2047367, -3.7126813, 0.93270427
2.018458, -3.8796592, 0.9359541
2.2750356, -3.8130395, 0.9589611
2.1237853, -3.7806766, 0.9304769
2.1489723, -3.7057178, 0.92322904
2.0983322, -3.8089774, 0.9199647
2.1491606, -3.8910203, 0.95619756
2.3416421, -3.721619, 0.9644252
1.9772115, -3.8466198, 0.9237657
2.079896, -3.871066, 0.93608123
2.0011995, -3.849803, 0.9246172
2.112635, -3.7356606, 0.9138667
2.1436942, -3.811189, 0.94159484
2.1776767, -3.6744618, 0.9182642
2.193907, -3.8601947, 0.9580802
2.245824, -3.7033985, 0.9322526
2.108111, -3.8249705, 0.9417358
2.2047257, -3.7749653, 0.93480325
1.9080439, -3.8674629, 0.91689867
2.1950393, -3.7908921, 0.9352808
2.2338665, -3.6473794, 0.92266804
2.1353395, -3.7702715, 0.9237117
2.3077018, -3.6953397, 0.9607893
2.2042868, -3.861814, 0.9638175
2.089162, -3.7950132, 0.9304953
1.9941944, -3.8791337, 0.93086773
2.0512078, -3.8119018, 0.9278546
2.0177193, -3.9201534, 0.94017947
2.2265534, -3.6985705, 0.9262427
2.3341923, -3.6820488, 0.95129097
2.0850098, -3.7212431, 0.9087941
2.182895, -3.7416296, 0.9244527
2.260748, -3.7518454, 0.9556487
2.0528154, -3.8982997, 0.9500661
2.171247, -3.7895951, 0.9362652
2.3497992, -3.6657934, 0.9523503
2.2104197, -3.6066809, 0.910283
2.0793598, -3.8700914, 0.9524106
2.3648133, -3.6426277, 0.95257246
2.2817488, -3.6620057, 0.93319595
2.3424017, -3.656641, 0.9368796
2.2333958, -3.7533493, 0.96144426
2.289104, -3.7076662, 0.96067315
2.281968, -3.7913127, 0.96277195
1.9750471, -3.9517295, 0.93413705
2.2446272, -3.834423, 0.9657094
2.197831, -3.658558, 0.91783327
1.9843712, -3.9702744, 0.9540238
2.2680964, -3.7333415, 0.9607882
2.2972755, -3.8045037, 0.9646368
2.0838113, -3.9184034, 0.96200407
2.1236978, -3.7203429, 0.9226159
2.3343096, -3.7331886, 0.9676266
2.324323, -3.7481165, 0.9695345
2.174595, -3.8862011, 0.9618475
2.244108, -3.5901265, 0.906116
2.196632, -3.6647031, 0.92410296
