-0.40799147, -2.8277373, 0.11483531
-0.4509206, -2.8421285, 0.11484333
-0.4201997, -2.867545, 0.11385794
-0.42789996, -2.8074238, 0.09430888
-0.454925, -2.8510253, 0.12757024
-0.41770813, -2.8366282, 0.12147146
-0.38852575, -2.8131008, 0.088574044
-0.4299897, -2.8308637, 0.128321
-0.43066835, -2.8278162, 0.09361336
-0.46767423, -2.8179288, 0.13128747
-0.47144783, -2.8287854, 0.07024816
-0.47015622, -2.8549218, 0.06462148
-0.48867697, -2.835732, 0.13721362
-0.44598535, -2.8715453, 0.136731
-0.44330302, -2.798924, 0.06887911
-0.4551155, -2.8139684, 0.067224674
-0.4837845, -2.8675885, 0.14529008
-0.34792617, -2.826501, 0.07327991
-0.5019709, -2.8573802, 0.13195573
-0.49494597, -2.8837368, 0.14596373
-0.46582526, -2.772632, 0.025509417
-0.48523816, -2.8973155, 0.17861906
-0.35946837, -2.7972836, 0.047583707
-0.5094194, -2.8896778, 0.2098066
-0.526097, -2.9244804, 0.23937394
-0.5366367, -2.914454, 0.20229068
-0.5260694, -2.8892992, 0.20964469
-0.5478983, -2.889954, 0.23085971
-0.54770315, -2.9496078, 0.27367708
-0.51049584, -2.9321616, 0.26379704
-0.57237494, -2.907292, 0.2630057
-0.5182241, -2.9615495, 0.2836239
-0.5953088, -2.9321415, 0.2666694
-0.4883958, -2.9618168, 0.2516155
-0.47391337, -2.953165, 0.2428051
-0.59514266, -2.9296603, 0.30263197
-0.62534463, -2.9587777, 0.33882707
-0.6371352, -2.9671085, 0.32481322
-0.6379735, -2.966203, 0.2836615
-0.65498155, -2.97672, 0.35661352
-0.60068285, -3.009235, 0.35470194
-0.61728686, -2.9879994, 0.3688713
-0.6350694, -2.991736, 0.38493493
-0.6403412, -3.0357585, 0.37860036
-0.6130608, -3.0261335, 0.35534105
-0.6503927, -3.0309823, 0.41961244
-0.63810164, -3.0535936, 0.416836
-0.6897998, -3.0124516, 0.36555463
-0.66266143, -3.0337374, 0.38210478
-0.6971387, -3.0351264, 0.41771662
-0.6592774, -3.0336943, 0.42762715
