1.0359725, -2.2455726, 0.13050057
1.0680146, -2.2295556, 0.13473067
1.0107182, -2.2897604, 0.13168932
1.2487588, -2.0852365, 0.1308446
1.3320105, -2.0338871, 0.11544574
1.1136917, -2.2303643, 0.117467895
1.2597032, -2.1139882, 0.10820473
1.294657, -2.0696414, 0.11599668
1.130652, -2.2589355, 0.098119155
1.1099745, -2.314087, 0.07658125
1.168852, -2.2476099, 0.08548012
1.0857202, -2.3263402, 0.073729105
1.0747248, -2.3354094, 0.07654385
1.1333082, -2.3276842, 0.059945274
1.415213, -2.0359137, 0.0760942
1.1924255, -2.2424538, 0.07806714
1.2129743, -2.24878, 0.066684015
1.1277972, -2.369432, 0.038335033
1.0666903, -2.348621, 0.07147358
1.073603, -2.359649, 0.058166128
1.3922812, -2.0506701, 0.07749774
1.2382227, -2.2239075, 0.05767996
1.2272667, -2.2545936, 0.05448378
1.2301443, -2.2154334, 0.07520969
1.2579345, -2.2671766, 0.0383741
1.2270705, -2.1990352, 0.07729274
1.256105, -2.1945474, 0.05817628
1.2765146, -2.2151327, 0.05581
1.2772582, -2.1565652, 0.07789476
1.294039, -2.1933281, 0.051428154
1.2963474, -2.2295492, 0.03262868
1.0185213, -2.333932, 0.10168603
1.3019454, -2.2103271, 0.037793268
1.2606455, -2.1298022, 0.09987574
1.21137, -2.1272984, 0.117496654
1.0908885, -2.226157, 0.12856525
1.1145953, -2.2706099, 0.09584337
1.2888203, -2.2455215, 0.030691566
1.1521819, -2.3392231, 0.046675086
1.3278732, -2.1793358, 0.056013383
1.2885705, -2.0973256, 0.11543721
1.1910343, -2.117748, 0.13885736
1.3488252, -2.1752884, 0.036892407
1.0700921, -2.318043, 0.090031385
0.98890775, -2.3646476, 0.09022032
1.138498, -2.342416, 0.04849754
1.2401267, -2.2465415, 0.053623747
1.1141262, -2.263624, 0.100955896
1.1500027, -2.2747762, 0.08022242
1.2773954, -2.0602067, 0.13690138
1.0560901, -2.2423189, 0.13300368
1.1278062, -2.3953853, 0.028377343
1.1690757, -2.2818134, 0.069213085
1.0417879, -2.3656461, 0.07282604
1.1946201, -2.1519053, 0.11961116
1.3943999, -2.0879192, 0.070223235
1.2257164, -2.1509206, 0.09726972
1.284581, -2.2684207, 0.024309611
1.0923355, -2.3000007, 0.0907055
1.0876702, -2.249043, 0.118569545
1.0544937, -2.3174417, 0.093236454
1.2244385, -2.2941709, 0.038841613
1.1416335, -2.3787556, 0.02785091
1.2371423, -2.2446253, 0.060706213
1.3702875, -2.1637814, 0.0475062
1.1997395, -2.282056, 0.056361455
1.271987, -2.2782414, 0.0259476
1.0864129, -2.4160101, 0.038269233
1.3561326, -2.1936011, 0.025699269
1.4176321, -2.143816, 0.03629549
1.2452173, -2.3180196, 0.024432644
1.0505548, -2.4352133, 0.034254912
1.0374882, -2.4228625, 0.04410296
1.0064219, -2.4282954, 0.057108715
