2.2892795, -4.011361, 1.7145568
2.3240657, -3.9816923, 1.6908547
2.323655, -3.9816875, 1.7089142
2.2550554, -4.0392776, 1.7360119
2.2526186, -4.033875, 1.6906375
2.3286567, -3.988856, 1.6432126
2.3271363, -3.9721496, 1.6521794
2.32607, -3.972602, 1.672604
2.3406403, -3.9636836, 1.6773255
2.3380702, -3.9709253, 1.7392328
2.3210995, -3.98341, 1.7492383
2.2544265, -4.035637, 1.6635402
2.2526581, -4.032258, 1.6454211
2.3466458, -3.9699328, 1.623258
2.3723245, -3.9347136, 1.6874871
2.2904603, -4.010521, 1.6486013
2.259471, -4.045373, 1.7180994
2.3319376, -3.9718618, 1.594758
2.3904872, -3.9251902, 1.705409
2.3965192, -3.9261022, 1.6710968
2.3899937, -3.9193747, 1.6486254
2.2515633, -4.0352583, 1.7720426
2.252784, -4.0364637, 1.7540021
2.2907004, -4.0094156, 1.625663
2.2054563, -4.0759935, 1.6184511
2.2074327, -4.072588, 1.6367104
2.3884757, -3.91503, 1.6281706
2.3910718, -3.9187686, 1.610192
2.2101152, -4.081336, 1.6003525
2.2056663, -4.0717373, 1.6547732
2.2030823, -4.078096, 1.6727275
2.429435, -3.8938923, 1.6949625
2.1903272, -4.0836515, 1.6931753
2.2041774, -4.081754, 1.6908972
2.207916, -4.0895605, 1.7092232
2.18821, -4.0890064, 1.7337285
2.3763218, -3.9446285, 1.6108377
2.182674, -4.0947814, 1.7116516
2.32753, -3.985828, 1.6068723
2.3485692, -3.973831, 1.6504018
2.1863098, -4.095602, 1.6683127
2.3195746, -3.9720738, 1.7363229
2.327893, -3.9812245, 1.6670374
2.252488, -4.0313244, 1.6273504
2.2871644, -4.010506, 1.7516783
2.1859088, -4.0942, 1.6472476
2.3697784, -3.9357011, 1.629528
2.335286, -3.96903, 1.7072911
2.3272662, -3.984062, 1.6272181
2.1783395, -4.0946565, 1.7254589
2.1909873, -4.103946, 1.6350902
2.1796877, -4.092481, 1.6892409
2.189802, -4.0783978, 1.7154942
2.2932267, -4.012467, 1.607101
2.1880476, -4.073338, 1.679227
2.189337, -4.100488, 1.6970866
2.434173, -3.9006817, 1.6425413
2.1523187, -4.1285315, 1.6951314
2.233261, -4.0529933, 1.7326126
2.2424688, -4.0588264, 1.6584527
2.373371, -3.9363048, 1.5894587
2.2231956, -4.02276, 1.5861775
2.1485767, -4.1165886, 1.6284353
2.2857866, -4.0056334, 1.6898074
2.378057, -3.9465933, 1.6940848
2.2499006, -4.0685253, 1.640429
2.2862754, -4.0054893, 1.6717565
2.33005, -3.966022, 1.6901258
2.3272722, -3.968704, 1.7571241
2.3318837, -3.971202, 1.6282195
2.293802, -4.010268, 1.5923939
2.4461834, -3.8806262, 1.7236459
2.2905183, -4.014582, 1.7337505
2.391565, -3.9271781, 1.7501502
2.4437575, -3.8792126, 1.6695597
2.38721, -3.9103906, 1.6959801
2.1619933, -4.096285, 1.5871733
2.4473667, -3.8828208, 1.7056894
2.172294, -4.1127696, 1.6111542
2.443517, -3.8802493, 1.63054
2.3920746, -3.9174504, 1.7141755
2.2938216, -3.9931862, 1.6277049
2.3065002, -4.0040016, 1.6841863
2.3003447, -3.995665, 1.7381849
2.444891, -3.8796554, 1.6845465
2.402607, -3.9308653, 1.6603692
2.3405933, -3.9702592, 1.7263948
2.3007967, -3.9941998, 1.5937316
2.166576, -4.111759, 1.6927495
2.3936021, -3.9277086, 1.644916
2.427596, -3.8921866, 1.626574
2.307598, -4.003152, 1.7268246
2.3044915, -4.0012884, 1.702214
2.164703, -4.106842, 1.6745273
2.3043268, -3.995155, 1.645299
2.1677115, -4.1073093, 1.6292475
2.1652608, -4.1115017, 1.7108665
2.3034866, -3.9943757, 1.6680646
2.443596, -3.8814464, 1.593064
2.4563742, -3.8682, 1.5877402
2.4401891, -3.87657, 1.6125364
2.3046207, -3.9969037, 1.751116
2.3028412, -3.9921849, 1.7148392
2.31624, -4.0064797, 1.6247139
2.3122272, -3.9995759, 1.6065937
2.3047054, -3.9938533, 1.6968452
2.2688422, -4.024248, 1.6885715
2.3561814, -3.9498434, 1.6238229
2.268661, -4.021489, 1.6473411
2.3702254, -3.9363217, 1.6475477
2.4103675, -3.9087074, 1.7498434
2.3773565, -3.9464517, 1.7073085
2.412888, -3.913247, 1.6282063
2.2305057, -4.0522985, 1.6853287
2.3595731, -3.9565432, 1.6780223
2.2712631, -4.0289335, 1.7113011
2.2148843, -4.064401, 1.691462
2.2304528, -4.053829, 1.7143031
2.359664, -3.9534883, 1.5877553
2.3760176, -3.9445612, 1.7314688
2.2289443, -4.0487823, 1.6671896
2.3585193, -3.9563394, 1.7141275
2.2213042, -4.072551, 1.6735522
2.272209, -4.025335, 1.5931197
2.2725263, -4.0263104, 1.6253304
2.2244582, -4.0711393, 1.6101398
2.23251, -4.051588, 1.6256651
2.353877, -3.9475455, 1.6508234
2.3722394, -3.941214, 1.5951753
2.2350912, -4.054491, 1.6075848
2.2749043, -4.0289783, 1.6072462
2.2175806, -4.0740037, 1.7460309
2.3590782, -3.9577734, 1.7322378
2.2335062, -4.064116, 1.6994787
2.2725024, -4.03186, 1.7340333
2.413229, -3.9134254, 1.6687953
2.2661083, -4.018128, 1.6653523
2.1166036, -4.1062603, 1.5847397
2.3719668, -3.9351993, 1.6698622
2.2672575, -4.021988, 1.6755011
2.4252946, -3.888469, 1.609118
2.2663567, -4.0192943, 1.6574125
2.2676337, -4.0198607, 1.6393802
2.1953237, -4.095415, 1.7524893
2.266193, -4.01369, 1.5852765
2.1920936, -4.100695, 1.6441286
2.4061384, -3.9052958, 1.6960961
2.330682, -3.9729114, 1.6114969
2.406391, -3.9414282, 1.6851518
2.3262222, -3.9826627, 1.5952746
2.3625362, -3.9613683, 1.6962044
2.3265362, -3.985894, 1.727891
2.4140797, -3.914693, 1.646261
2.3177671, -3.9737065, 1.7130443
2.4033198, -3.9004507, 1.5921826
2.4592438, -3.8536105, 1.6946703
2.4574087, -3.8523335, 1.5869586
2.471551, -3.8702517, 1.6499834
2.367119, -3.9333158, 1.6142863
2.2542086, -4.032606, 1.5912184
2.355343, -3.9480267, 1.6058016
2.4660845, -3.8633528, 1.6228955
2.4617832, -3.8571332, 1.6767851
2.3395572, -3.959063, 1.6051955
2.1883457, -4.094104, 1.6102105
2.1544316, -4.1220484, 1.605365
2.3813508, -3.9320202, 1.7313915
2.1472285, -4.1163826, 1.67784
2.1471395, -4.113929, 1.650634
2.3810098, -3.928401, 1.6051879
2.436204, -3.9067311, 1.6058995
2.259935, -4.042043, 1.609293
2.3883815, -3.9390752, 1.623248
2.3724205, -3.916042, 1.587251
2.4280066, -3.892729, 1.6467152
2.2966073, -4.020558, 1.714234
2.145466, -4.116557, 1.7140685
2.1497538, -4.1222296, 1.6581472
2.4230826, -3.873531, 1.7558913
2.1863334, -4.090419, 1.6249057
2.4186096, -3.8832612, 1.659768
2.4177365, -3.8825138, 1.7495396
2.4311905, -3.8966827, 1.6686727
2.3906915, -3.9176078, 1.7304798
2.2836869, -3.9986067, 1.7001017
2.454081, -3.864938, 1.623715
2.4149516, -3.8722575, 1.7546829
2.2978861, -3.9901574, 1.6117742
2.4455829, -3.8824196, 1.6967448
2.4389038, -3.8735895, 1.6246139
2.444846, -3.8814898, 1.6426681
2.2993248, -3.994413, 1.7561995
2.4652114, -3.879195, 1.6960262
2.266499, -4.023739, 1.7518077
2.449717, -3.8880243, 1.6066402
