-0.33328432, -3.3035617, 0.047516167
-0.30118906, -3.3358474, 0.034599278
-0.36196497, -3.2980857, 0.037299346
-0.34969577, -3.3104866, 0.054311674
-0.28852075, -3.3098679, 0.033447452
-0.34570453, -3.2209294, 0.026947614
-0.34796053, -3.2684848, 0.037109338
-0.38421124, -3.277237, 0.05786506
-0.34049943, -3.2287498, 0.0429681
-0.34965748, -3.207097, 0.044023417
-0.39021358, -3.2546751, 0.0460169
-0.29154694, -3.3502228, 0.04121299
-0.28284165, -3.3528385, 0.034701034
-0.382145, -3.3105683, 0.052490924
-0.34612206, -3.399169, 0.053434245
-0.32345816, -3.3859584, 0.055467755
-0.41012228, -3.3529189, 0.055173747
-0.37075436, -3.1919186, 0.04315263
-0.42766556, -3.273134, 0.069353856
-0.43248922, -3.2904873, 0.06719044
-0.38545203, -3.1986384, 0.04703415
-0.38958734, -3.3840642, 0.05866331
-0.3525883, -3.41405, 0.05545827
-0.40585592, -3.366661, 0.08538082
-0.40860137, -3.2101839, 0.043265294
-0.39650032, -3.1507196, 0.052712433
-0.45117792, -3.2848244, 0.08612801
-0.4692953, -3.2886872, 0.07338688
-0.4097137, -3.153736, 0.054969538
-0.35811058, -3.4490223, 0.06341523
-0.45149335, -3.203425, 0.07281792
-0.4458289, -3.1694624, 0.056683905
-0.41240507, -3.111942, 0.048865117
-0.46893498, -3.2695055, 0.069424585
-0.3892839, -3.461844, 0.08337422
-0.38014707, -3.4762661, 0.072468586
-0.31391567, -3.449625, 0.06632403
-0.3090763, -3.468511, 0.038936075
-0.28763866, -3.4226255, 0.051738173
-0.30756745, -3.507536, 0.046231918
-0.27141002, -3.4094515, 0.03407398
-0.32495356, -3.4471974, 0.047749273
-0.31595162, -3.4055204, 0.040147435
-0.30961037, -3.43433, 0.036987603
-0.36994085, -3.382174, 0.055772003
-0.3300013, -3.4823241, 0.05812026
-0.32902795, -3.5115182, 0.0678319
-0.3132054, -3.5323248, 0.05309514
-0.3845941, -3.3420665, 0.057109665
-0.3390962, -3.3491533, 0.040839102
-0.40872705, -3.2245657, 0.04658498
-0.3394801, -3.4520946, 0.07035586
-0.36667985, -3.427829, 0.063517034
-0.33929497, -3.4890125, 0.06394391
-0.26771265, -3.4993677, 0.052457843
-0.40345782, -3.1244, 0.036238443
-0.38667613, -3.42035, 0.07845849
-0.33347234, -3.546966, 0.06992957
-0.39188287, -3.2099092, 0.052707598
-0.34126014, -3.489456, 0.07177722
-0.4884467, -3.2500656, 0.06363012
-0.3225944, -3.2915452, 0.018474668
-0.3330942, -3.4055264, 0.04561409
-0.47005892, -3.2027996, 0.05895164
-0.29653355, -3.5612724, 0.05778896
-0.3827182, -3.4006267, 0.05804556
-0.52700335, -3.2590866, 0.07887529
-0.24864998, -3.5956466, 0.046399783
-0.22349226, -3.6033883, 0.055713948
-0.1953642, -3.6268885, 0.04737419
-0.20421392, -3.6319966, 0.046642736
-0.25934747, -3.6126292, 0.05032716
-0.23753172, -3.622765, 0.044919226
-0.31683916, -3.4627337, 0.053219378
-0.42945728, -3.0622709, 0.040332474
-0.3283768, -3.4366696, 0.074406475
-0.347117, -3.3431897, 0.03591025
-0.5061104, -3.291376, 0.086034626
-0.37316516, -3.2517183, 0.04743729
-0.2879261, -3.4663217, 0.040360592
-0.36606643, -3.3685958, 0.05381797
-0.4486102, -3.0672302, 0.057184286
-0.47245485, -3.3436632, 0.06732411
-0.32882965, -3.4787173, 0.057442755
-0.41717464, -3.183782, 0.059914302
-0.21692729, -3.6638687, 0.053419136
-0.15203121, -3.6420152, 0.031573515
-0.45628273, -3.3378704, 0.06813605
-0.30489826, -3.5352156, 0.06954416
-0.1864649, -3.6764219, 0.054621603
-0.4210903, -3.2979782, 0.05860196
-0.36794606, -3.4935853, 0.08517203
-0.45086664, -3.2288895, 0.06476014
-0.505932, -3.269088, 0.06864606
-0.43941224, -3.3455994, 0.076666
-0.42467698, -3.2321618, 0.05154881
-0.36646116, -3.3494036, 0.0551835
-0.16715541, -3.7090402, 0.049070444
-0.171963, -3.7076871, 0.025619876
-0.19292022, -3.7311268, 0.04881399
-0.33022076, -3.3426476, 0.06442526
-0.19349165, -3.7082841, 0.045978323
-0.4152545, -3.1728406, 0.04932322
-0.21241651, -3.6914818, 0.04665974
-0.4739761, -3.3486195, 0.08127011
-0.35146344, -3.474997, 0.06992539
-0.39736515, -3.4293237, 0.085021496
-0.49470925, -3.3221273, 0.083951466
-0.22655395, -3.686513, 0.047428876
-0.29072884, -3.5262809, 0.049622897
-0.27099192, -3.5143373, 0.031385623
-0.38364762, -3.3967943, 0.063044816
-0.43093526, -3.2485042, 0.054043848
-0.4443902, -3.3681555, 0.0812535
-0.16814502, -3.5940585, 0.033566274
-0.29291654, -3.4136047, 0.04635776
-0.4206344, -3.3359432, 0.076983735
-0.351678, -3.2437086, 0.044944104
-0.24776714, -3.6345055, 0.051735975
-0.27185202, -3.5439668, 0.045454558
-0.30824327, -3.4250686, 0.057499517
-0.3221277, -3.228261, 0.04079533
-0.5049066, -3.2165918, 0.0825059
