0.84772587, -1.2300465, 0.18810306
0.8096995, -1.2306957, 0.17566474
0.8294992, -1.1913017, 0.18658228
0.83120346, -1.2290925, 0.188764
0.8911131, -1.2300318, 0.16991696
0.84974426, -1.1876998, 0.16948396
0.8131928, -1.2286732, 0.19001998
0.8703436, -1.2300024, 0.1698408
0.82958883, -1.2113978, 0.18742454
0.87046885, -1.1908525, 0.17105386
0.8335188, -1.2331616, 0.1748516
0.8097319, -1.2076468, 0.18786305
0.82895, -1.2701184, 0.19080536
0.8923012, -1.2096852, 0.16883041
0.8105505, -1.2495583, 0.19248931
0.8708366, -1.2104031, 0.17202778
0.8535864, -1.2726068, 0.17508066
0.8465924, -1.2690132, 0.19081758
0.8700158, -1.2315546, 0.18433718
0.8313639, -1.2067735, 0.17423165
0.7914184, -1.2681748, 0.19496182
0.7730851, -1.2491962, 0.19415279
0.789769, -1.2300936, 0.19087923
0.8094422, -1.190469, 0.18806115
0.78974104, -1.2292006, 0.2046051
0.76994926, -1.2107396, 0.19138013
0.79129034, -1.2094601, 0.19074765
0.7895557, -1.1895357, 0.19098277
0.7919957, -1.1721432, 0.19066162
0.8296739, -1.1685624, 0.17357154
0.8103579, -1.1708732, 0.18736222
0.89465994, -1.1899844, 0.15738061
0.90945446, -1.2106318, 0.16827841
0.8884513, -1.1901152, 0.16983962
0.8294278, -1.1692855, 0.18462268
0.8702044, -1.1486772, 0.15586844
0.86876565, -1.1716925, 0.17095202
0.7693352, -1.2514752, 0.20676363
0.7697538, -1.2321367, 0.20653151
0.91083497, -1.1695474, 0.1527765
0.7698039, -1.1892105, 0.19150782
0.82882077, -1.3075607, 0.19167577
0.8063387, -1.2883523, 0.20661288
0.83107096, -1.2907001, 0.19200768
0.7910828, -1.2879546, 0.20702884
0.92928725, -1.1904459, 0.16598858
0.7505328, -1.2503133, 0.20877288
0.7510588, -1.248137, 0.19682778
0.76982224, -1.3089913, 0.20963743
0.7503155, -1.2890607, 0.21334577
0.7894826, -1.309362, 0.20981032
0.76918733, -1.2912899, 0.20918842
0.75137776, -1.2320576, 0.19592896
0.7316457, -1.2706386, 0.20971346
0.75096744, -1.2299201, 0.20898809
0.73068637, -1.2511628, 0.21053441
0.7682733, -1.1709558, 0.19040683
0.74623996, -1.1697769, 0.20613882
0.73122144, -1.1907895, 0.20729083
0.73032343, -1.1896172, 0.19455895
0.74964124, -1.1700474, 0.18929581
0.7686418, -1.1500254, 0.18921307
0.8111824, -1.109988, 0.16994195
0.7504266, -1.149785, 0.19147849
0.85033023, -1.1286085, 0.15736349
0.9098465, -1.1493104, 0.16417651
0.94822633, -1.1888007, 0.15023252
0.8687975, -1.1279526, 0.15402676
0.72811997, -1.269234, 0.22423513
0.73709726, -1.167455, 0.17859998
0.72881883, -1.1689793, 0.1944424
0.87000644, -1.3297899, 0.19211076
0.80905044, -1.3498526, 0.21167062
0.85256696, -1.32967, 0.1924289
0.7897687, -1.3282349, 0.20895885
0.81031036, -1.3321406, 0.20926552
0.74984413, -1.3096155, 0.21250331
0.77282315, -1.3296359, 0.20952997
0.7491321, -1.311502, 0.22557123
0.7089177, -1.248925, 0.22616877
0.7108527, -1.2704324, 0.2131498
0.73172116, -1.290413, 0.21195956
0.71015006, -1.2698162, 0.22767736
0.790009, -1.3484887, 0.2107621
0.74964654, -1.352486, 0.22672293
0.7300594, -1.3315009, 0.22756249
0.73072547, -1.3095208, 0.21205607
0.75238746, -1.3479824, 0.21574768
0.7332934, -1.3307972, 0.21417485
0.69190985, -1.2912282, 0.23075983
0.6881255, -1.2699326, 0.22707021
0.7311966, -1.1285478, 0.1920559
0.70837915, -1.1508635, 0.20606369
0.7091098, -1.1692021, 0.20822555
0.7121275, -1.1696097, 0.19662224
0.68922126, -1.2104105, 0.21431398
0.69008017, -1.170982, 0.20952666
0.6893021, -1.1887062, 0.21212777
0.7707128, -1.1100374, 0.17560329
0.76709145, -1.0910014, 0.17217723
0.8078596, -1.08673, 0.15690726
0.7897602, -1.0922151, 0.17150065
0.81166524, -1.0675731, 0.16859943
0.7916265, -1.0880433, 0.18359752
0.7115427, -1.1301179, 0.19443634
0.86889035, -1.0930265, 0.15147169
0.69136584, -1.1500368, 0.19489785
0.7109531, -1.3326656, 0.21672128
0.7501465, -1.2707613, 0.21009916
0.66979384, -1.2509508, 0.22859627
0.66923493, -1.2897004, 0.2293466
0.6888774, -1.3104477, 0.23073235
0.7491992, -1.3904365, 0.23041654
0.73108804, -1.3887023, 0.23136054
0.7295585, -1.3706152, 0.23122452
0.70877403, -1.3488398, 0.24318212
0.68947995, -1.3498235, 0.23313503
0.67009664, -1.3099672, 0.23012076
0.6678474, -1.2306097, 0.22894192
0.6498672, -1.2519262, 0.23016898
0.64526236, -1.2472777, 0.2428147
0.6934822, -1.1092932, 0.19309777
0.6890516, -1.1306889, 0.21034914
0.72856075, -1.091804, 0.19016309
0.67182666, -1.1296858, 0.1955806
0.6707961, -1.1495105, 0.21266405
0.66997856, -1.1889952, 0.21052225
0.65033007, -1.2115486, 0.22883244
0.7123788, -1.2284206, 0.19601515
0.6709824, -1.2120622, 0.22698374
0.649978, -1.2305676, 0.23064761
0.6498689, -1.1900711, 0.21300372
0.6502949, -1.1497163, 0.21026607
0.7508991, -1.070618, 0.17513534
0.7508595, -1.0489854, 0.17151035
0.83063424, -1.0297242, 0.14962022
0.67228115, -1.1091765, 0.20574874
0.6923335, -1.0929068, 0.20417552
0.86910135, -1.0691237, 0.15132324
0.6504803, -1.1292233, 0.20896514
0.69152004, -1.3693659, 0.23344131
0.7701171, -1.2719511, 0.21245278
0.63712215, -1.2293892, 0.21810651
0.63059604, -1.2285513, 0.23070596
0.71180296, -1.3893436, 0.23420596
0.63138455, -1.3297195, 0.24978952
0.6316994, -1.2116287, 0.22949415
0.6907691, -1.0714766, 0.19074382
0.65074474, -1.1105709, 0.20803498
0.6265383, -1.1271582, 0.21077721
0.6328858, -1.1511629, 0.21209905
0.6268862, -1.1126136, 0.2126449
0.63199383, -1.1703593, 0.21657012
0.6315327, -1.189114, 0.22861588
0.67187065, -1.2306207, 0.212833
0.6100411, -1.2094706, 0.22951303
0.6085969, -1.1918736, 0.23040868
0.60886264, -1.1319904, 0.2260763
0.6102618, -1.1500034, 0.2257072
0.7504788, -1.0295603, 0.17156768
0.7305078, -1.0319729, 0.18668133
0.77140427, -1.030426, 0.16984795
0.7716755, -1.0113367, 0.16888781
0.58754444, -1.2493241, 0.24684033
0.5892835, -1.2326808, 0.24611528
0.59037733, -1.2091914, 0.23503472
0.6103189, -1.0906448, 0.21423385
0.61220217, -1.0704461, 0.20799126
0.67168975, -1.2703106, 0.22927237
0.5717551, -1.1893299, 0.23186316
0.57037723, -1.1695762, 0.2328594
0.56860983, -1.1307653, 0.22859763
0.5689883, -1.1092498, 0.22568637
0.54980236, -1.188611, 0.23481417
0.7500057, -1.3310993, 0.22815634
0.7564307, -1.1228058, 0.17327325
0.75048953, -1.0317677, 0.18618259
0.7273544, -1.2099625, 0.20870672
0.66878337, -1.1901579, 0.2260053
0.8316985, -1.3485466, 0.19583726
0.62981284, -1.1511778, 0.2282328
0.81074893, -1.2701019, 0.19275425
0.8764848, -1.310515, 0.17709197
0.70916426, -1.3297049, 0.23162147
0.68903327, -1.2311826, 0.22494023
0.6703268, -1.1707115, 0.21051176
0.9327937, -1.1310503, 0.14914136
0.788518, -1.2900717, 0.19498697
0.76905, -1.3491778, 0.21258467
0.8318044, -1.130542, 0.16883348
0.63156414, -1.1681699, 0.22547299
0.8500774, -1.1086302, 0.1564946
0.7698083, -1.2290599, 0.19308197
0.61147666, -1.1508021, 0.21474066
0.72944826, -1.1682692, 0.20814295
0.58925515, -1.1885645, 0.23266123
0.86637586, -1.1090984, 0.15135236
0.84943104, -1.1513121, 0.17112452
0.7497896, -1.1317203, 0.18898906
0.5918985, -1.1704417, 0.22740379
0.74900854, -1.3694375, 0.22863278
0.5710463, -1.2701443, 0.24850047
0.67191595, -1.1532661, 0.22217153
0.8504545, -1.2897948, 0.18900664
0.6109674, -1.0508608, 0.20510992
0.5709471, -1.1500258, 0.23040032
0.9088893, -1.2682604, 0.16982257
0.6516266, -1.2312485, 0.21543589
0.73399246, -1.1005931, 0.17949045
0.7697181, -0.9895397, 0.15421851
0.69010645, -1.2325044, 0.212574
0.7509557, -1.189434, 0.19101062
0.8883777, -1.269703, 0.18653716
0.6089608, -1.1711134, 0.2285515
0.709881, -1.0699016, 0.19004175
0.5669011, -1.1696842, 0.24412875
0.8293911, -1.3302709, 0.20703736
0.9319699, -1.1872663, 0.14961459
0.7529567, -1.1075234, 0.17391144
0.909511, -1.1710151, 0.1666571
0.84944826, -1.2499906, 0.18794017
0.7303679, -1.1115795, 0.191876
0.8889928, -1.1271132, 0.15174599
0.8282869, -1.3493624, 0.208503
0.5301693, -1.1504691, 0.24630073
0.7335561, -1.3695717, 0.21556698
0.71110374, -1.0872278, 0.19185202
0.8298065, -1.2512811, 0.18943596
0.70968425, -1.2088023, 0.21038722
0.59253556, -1.1504116, 0.22802414
0.790283, -1.2492555, 0.19523068
0.5464468, -1.1921636, 0.24729724
0.78977513, -1.112091, 0.18504593
0.81007, -1.0527382, 0.16659157
0.850957, -1.1703287, 0.16883042
0.6104718, -1.2694347, 0.24636884
0.8461278, -1.1877589, 0.1850903
0.69077826, -1.4084, 0.2348104
0.7307567, -1.2064617, 0.194737
0.64941627, -1.3503217, 0.24874169
0.78854495, -1.151676, 0.19079135
0.6130493, -1.3297462, 0.24854855
0.5679525, -1.0914267, 0.22532035
0.6310708, -1.2891418, 0.23319529
0.6531951, -1.2095692, 0.21631537
0.6523311, -1.0908116, 0.20883554
0.56950015, -1.2291476, 0.24708556
0.5912675, -1.1296822, 0.22906761
0.6286465, -1.232382, 0.24206895
0.81096977, -1.1525, 0.17283529
0.88942975, -1.1502582, 0.16801597
0.88954365, -1.1683085, 0.153339
0.8299734, -1.1901308, 0.17223915
0.70999575, -1.3502579, 0.23020847
0.69171286, -1.2494292, 0.2137661
0.84941006, -1.2083337, 0.1706214
0.529338, -1.1686422, 0.24897476
0.9691695, -1.2308092, 0.15187117
0.6693948, -1.330321, 0.24670975
0.84910417, -1.2080537, 0.18756677
0.72820693, -1.290462, 0.22515272
0.7939384, -1.0291433, 0.15630348
0.7894958, -1.2690876, 0.20727886
0.85166234, -1.2509817, 0.17602724
0.7060513, -1.3709835, 0.24369363
0.54864275, -1.1502069, 0.2448638
0.8101016, -1.1486645, 0.18599868
0.89033055, -1.2503121, 0.1735478
0.7074837, -1.2288414, 0.21017584
0.5289076, -1.1303632, 0.24385767
0.8718753, -1.2519661, 0.18587054
0.62791526, -1.0683812, 0.20787589
0.6899535, -1.3498322, 0.24551387
0.65091634, -1.3102442, 0.23327395
0.8102006, -1.2117205, 0.17668183
0.7877064, -1.0506423, 0.16683502
0.68934137, -1.088544, 0.19011937
0.8695665, -1.1508455, 0.16776575
0.93213785, -1.2086821, 0.15033756
0.88820356, -1.0926776, 0.1501893
0.7885554, -1.1082196, 0.17211705
0.6299119, -1.271742, 0.24556716
0.54560107, -1.167876, 0.24601227
0.7881719, -1.0315787, 0.16939364
0.7110322, -1.4096979, 0.23477311
0.6893925, -1.371626, 0.2468071
0.7296494, -1.0100008, 0.17223565
0.7493445, -1.112018, 0.18860924
0.7892466, -1.1301247, 0.1855914
0.7487151, -1.090422, 0.1875539
0.78912866, -1.0707688, 0.17027664
0.7931364, -0.9896052, 0.15503035
0.8898309, -1.1705925, 0.17137063
0.6489888, -1.1683418, 0.21190512
0.8493341, -1.1319778, 0.16805445
0.71059644, -1.1478708, 0.19525994
0.81255376, -1.0907633, 0.16920929
0.65609384, -1.123804, 0.19612929
0.71201766, -1.1921519, 0.2077686
0.7716097, -1.0893122, 0.18551785
0.6713892, -1.0885569, 0.19339529
0.72870433, -1.3922633, 0.24428704
0.8518165, -1.3102828, 0.19308776
0.76938725, -1.1304762, 0.18929519
0.63032556, -1.249974, 0.23119633
0.76533455, -0.92717755, 0.15169716
0.8079814, -1.2689263, 0.20642702
0.7903815, -1.2485392, 0.2051245
0.77324134, -1.070226, 0.16934058
0.6917221, -1.1114732, 0.20692445
0.9130436, -1.2064775, 0.15603611
0.91302645, -1.1922034, 0.1683762
0.7091714, -1.3112833, 0.22944926
0.64809066, -1.3115742, 0.24704663
0.67218053, -1.13165, 0.20738956
0.7709527, -1.3511524, 0.22509676
0.7093161, -1.2919831, 0.22706881
0.74891454, -1.2926909, 0.22398666
0.74868494, -1.2106628, 0.20737216
0.86774325, -1.2893808, 0.18946941
0.64903444, -1.2687911, 0.23136255
0.80846924, -1.3111676, 0.20793988
0.72934705, -1.3098117, 0.2285725
0.9307832, -1.2510381, 0.16816905
0.72913384, -1.4090567, 0.23162001
0.9110769, -1.1293602, 0.15015025
0.9753327, -1.2494051, 0.1534218
0.86953, -1.246066, 0.17155398
0.6708218, -1.3292712, 0.2327937
0.6287095, -1.310072, 0.24856362
0.81262493, -1.288046, 0.19194679
0.771183, -1.010773, 0.15621442
0.8257236, -1.0480809, 0.15274043
0.8308335, -1.1488364, 0.16926228
0.7117281, -1.207427, 0.19749151
0.6724864, -1.1464307, 0.19731027
0.5911353, -1.0880699, 0.21547443
0.67310464, -1.2507483, 0.21716022
0.8692908, -1.3111058, 0.1891055
0.83288926, -1.0895939, 0.15543388
0.6945314, -1.3077002, 0.21708885
0.7463108, -1.1536101, 0.20696336
0.90925455, -1.2280437, 0.16907983
0.8108219, -1.1296403, 0.17124175
0.71329737, -1.252089, 0.21087596
0.7503748, -1.008456, 0.17209491
0.52964264, -1.1111836, 0.2301427
0.8323015, -1.3294432, 0.19457403
0.63122636, -1.269854, 0.23217417
0.73237634, -1.1507132, 0.19084126
0.7305579, -1.3507217, 0.22952227
0.82930833, -1.0917705, 0.16878076
0.61014295, -1.3107222, 0.24944144
0.62835294, -1.1908153, 0.21588762
0.7332452, -1.247426, 0.19727561
0.7500118, -1.2673234, 0.19837862
0.6092505, -1.2297181, 0.23180816
0.9504527, -1.2077607, 0.15021762
0.7982598, -1.2225661, 0.17693037
0.67123324, -1.1077222, 0.19440696
0.81040823, -1.3079281, 0.19540735
0.7299803, -1.3501905, 0.21687888
0.7308027, -1.0314989, 0.173619
0.60732275, -1.2487427, 0.23441485
0.55244863, -1.1088638, 0.22889121
0.74918103, -1.208271, 0.1947073
0.5117306, -1.1900471, 0.24861053
0.8082271, -1.0296955, 0.16708943
0.7702942, -1.0516431, 0.17045368
0.7687799, -0.9899227, 0.16722493
0.7841087, -1.0870758, 0.15934655
0.65340006, -1.1572002, 0.19721179
0.81004757, -1.0706394, 0.15518315
0.8722493, -1.2887905, 0.17580467
0.5504583, -1.2307044, 0.24823992
0.9277402, -1.2079266, 0.16679229
0.92998856, -1.1497698, 0.1497914
0.5892424, -1.2931145, 0.24890707
0.6902106, -1.1308893, 0.19578715
0.57136464, -1.2304909, 0.23651783
0.7495608, -1.3300369, 0.21277846
0.7123334, -1.3080754, 0.21351326
0.61357594, -1.1859269, 0.21787472
0.7674997, -1.1278505, 0.17276143
0.6695336, -1.2097291, 0.21340966
0.5491131, -1.1475321, 0.23320943
0.7886476, -1.1676369, 0.17524949
0.59593046, -1.1426905, 0.21613516
0.6700213, -1.3480793, 0.23543
0.7314985, -1.2301708, 0.19592209
0.61328936, -1.1097724, 0.21127848
0.65055794, -1.2894925, 0.23320474
0.88985485, -1.1119252, 0.15206859
0.84813607, -1.090292, 0.164923
0.8467516, -1.0291023, 0.15232636
0.76846343, -1.3887944, 0.23027238
0.7703834, -1.111433, 0.18555014
0.68847334, -1.2481644, 0.22899273
0.6902814, -1.3298157, 0.23009963
0.591057, -1.1833532, 0.21753168
0.84827316, -1.0704397, 0.15157351
0.96958953, -1.1909416, 0.14832336
0.5727858, -1.2098137, 0.23376828
0.589545, -1.0886418, 0.2245496
0.5678841, -1.2513773, 0.24836153
0.9087103, -1.1482875, 0.1543299
0.62860477, -1.0892986, 0.21007073
0.7505758, -0.94716984, 0.15410827
0.7104186, -1.3704388, 0.23253128
0.5667963, -1.1898779, 0.24559282
0.9686153, -1.2119819, 0.1486467
0.66985, -1.0675358, 0.19270864
0.58898294, -1.2278693, 0.23403955
0.85697734, -1.2818375, 0.17629404
0.8487269, -1.0881765, 0.15181336
0.8083294, -1.3681769, 0.21207872
0.5903921, -1.2513256, 0.2354459
0.9290104, -1.232323, 0.15475766
0.5701718, -1.2095883, 0.24431786
0.7305183, -1.2303345, 0.21078527
0.7690563, -1.2684804, 0.1935648
0.7879557, -1.1480454, 0.17488743
0.60934436, -1.2678705, 0.23400542
0.8154752, -1.3336861, 0.19672808
0.73296034, -1.0486147, 0.17251955
0.79091734, -1.0520582, 0.15635614
0.8299439, -1.0124205, 0.15079832
0.6672695, -1.3107045, 0.24573079
0.9116301, -1.1894851, 0.15285869
0.6511035, -1.0715646, 0.20719816
0.69428235, -1.16997, 0.19715662
0.8317382, -1.0700736, 0.1513397
0.69148564, -1.288627, 0.21448104
0.6123529, -1.1670861, 0.21567604
0.5477775, -1.2100631, 0.24934244
0.67132795, -1.0322236, 0.19054076
0.7881017, -1.3049036, 0.19501227
0.7314953, -1.073633, 0.1756
0.8100619, -0.9908085, 0.15244006
0.68506056, -1.1935948, 0.22418334
0.8092198, -1.0501046, 0.15483761
0.6894182, -1.3912073, 0.2474938
0.77833986, -1.1514251, 0.17617881
0.8360331, -1.0744758, 0.13849247
0.7927896, -1.1304973, 0.16915452
0.6089589, -1.2133094, 0.21743712
0.7679025, -0.97121644, 0.15406257
0.8487829, -1.0491049, 0.14948857
0.64992607, -1.3312113, 0.24964339
0.79216784, -1.0115037, 0.15319088
0.6922307, -1.069469, 0.17901295
0.7922671, -1.3276157, 0.1959948
0.74882704, -1.0913813, 0.17281403
0.86948156, -1.1672148, 0.15646264
0.6532117, -1.0932674, 0.19490771
0.8309446, -1.2522943, 0.17720573
0.50787497, -1.1499301, 0.25041598
0.7703841, -0.9511914, 0.15330675
0.90903103, -1.111659, 0.1494103
0.65012866, -1.1903877, 0.22616005
0.8098821, -1.0292934, 0.15303783
0.64953196, -1.1067417, 0.19762424
0.6105872, -1.2897844, 0.2486374
0.6127008, -1.1276793, 0.21361904
0.8508477, -1.1491891, 0.15276805
0.7491952, -1.0106081, 0.18179606
0.72787243, -1.086243, 0.17505366
0.87015766, -1.2706294, 0.17406018
0.5097001, -1.1690394, 0.2505008
0.6922771, -1.1881125, 0.1965415
0.83353335, -1.1120226, 0.1561749
0.5733688, -1.1670785, 0.21875179
0.60531646, -1.0865649, 0.22286315
0.7510804, -1.0629808, 0.15990749
0.82939553, -1.0073683, 0.13548513
0.7339908, -1.1419598, 0.17625229
0.8690774, -1.0500264, 0.15106004
0.81086415, -1.1716238, 0.17386954
0.50835764, -1.1337363, 0.24674983
0.54878753, -1.1307102, 0.23014784
0.52732325, -1.1679001, 0.2347194
0.57397425, -1.1423137, 0.21869764
0.78795093, -1.3514838, 0.22502373
0.6278315, -1.0506688, 0.20616087
0.6266723, -1.2500596, 0.24456404
0.6904835, -1.3890443, 0.23425901
0.7919431, -0.95399445, 0.15049514
0.48955294, -1.1504643, 0.25038826
0.9526553, -1.172861, 0.1502133
0.80848813, -1.0101104, 0.14987609
0.9504628, -1.2281305, 0.15460812
0.8735072, -1.0847607, 0.13955575
0.58887565, -1.0550729, 0.20964567
0.8278691, -1.2898101, 0.20517877
0.5302032, -1.1479319, 0.23566335
0.5700424, -1.2500209, 0.23500043
0.6100454, -1.1881161, 0.24264663
0.550764, -1.2077855, 0.2366457
0.85102737, -1.348774, 0.19342548
0.8304621, -1.150927, 0.18308422
0.6313934, -1.3110254, 0.236472
0.71062934, -1.0079662, 0.18724357
0.78493536, -0.9910179, 0.16682652
0.6597432, -1.2839606, 0.2174945
0.8492241, -1.1126792, 0.16884205
0.6691704, -1.3702847, 0.2484052
0.68919086, -1.211236, 0.22459602
0.5910756, -1.2135192, 0.24437313
0.6692058, -1.0915147, 0.20853786
0.7884735, -1.0107673, 0.16911891
0.63024, -1.2402917, 0.21868375
0.81172657, -1.1284516, 0.15896341
0.65372187, -1.2471584, 0.21757181
0.64814425, -1.1732924, 0.22478245
0.6693517, -1.3522596, 0.24735805
0.6524692, -1.230444, 0.24187967
0.71014357, -0.95263433, 0.1642142
0.931784, -1.2312229, 0.16693054
0.7117887, -1.1097074, 0.19101666
0.9150788, -1.2437977, 0.1573452
0.7867893, -0.9730779, 0.15318775
0.6108397, -1.3121388, 0.26487613
0.5076951, -1.1296214, 0.22934276
0.69311523, -1.3249645, 0.21689542
0.70858985, -1.4289412, 0.24838133
0.53036565, -1.1915805, 0.24801557
0.8678582, -1.1300737, 0.16729447
0.67385626, -0.99264586, 0.17424566
0.6302414, -1.2094717, 0.21685304
0.8522229, -1.230617, 0.17308836
0.58868474, -1.1095108, 0.22693689
0.52896976, -1.2100163, 0.25098854
0.9658059, -1.1712474, 0.14741047
0.58881444, -1.2703906, 0.24714652
0.75126976, -1.0483402, 0.15554316
0.7676319, -1.0457072, 0.18286568
0.97079545, -1.233063, 0.16747051
0.7117796, -1.0493826, 0.17529804
0.65489274, -1.0483911, 0.19369319
0.83039296, -1.1450641, 0.15785958
0.6094706, -1.250308, 0.24342816
0.6712861, -1.1683967, 0.22331166
0.65156174, -1.0693936, 0.19337471
0.7652304, -1.3299866, 0.2248267
0.7077264, -1.0950519, 0.17841639
0.76534736, -1.3089935, 0.22534561
0.7065431, -1.1115775, 0.20695677
0.78966683, -1.2140688, 0.2026838
0.72743165, -1.1332744, 0.20387937
0.75305045, -1.2764475, 0.22272642
0.712944, -0.9124033, 0.15196763
0.6791299, -1.1899431, 0.19830501
0.88766944, -1.1317968, 0.16380821
0.83431035, -1.2693614, 0.17510174
0.6514614, -1.3524795, 0.23660395
0.88781893, -1.2302902, 0.1834712
0.65217674, -1.3291111, 0.23376752
0.57171273, -1.0738716, 0.22203821
0.9548628, -1.1686583, 0.13632613
0.74684876, -1.0694042, 0.18484527
0.82953846, -1.110601, 0.16985823
0.5487192, -1.171446, 0.23312323
0.9517162, -1.2320914, 0.16459057
0.85186803, -1.0705196, 0.16348955
0.59101653, -1.1731808, 0.24656397
0.62681687, -1.034611, 0.20751075
0.88692266, -1.2490892, 0.18550052
0.70908386, -1.09183, 0.20243472
0.7906276, -1.370478, 0.228173
0.8269998, -1.0730504, 0.16415116
0.8659442, -1.2093436, 0.15755384
0.7782277, -1.3089674, 0.19701202
0.88962317, -1.2146144, 0.15914202
0.81243926, -1.1928226, 0.17537147
0.9099061, -1.2506014, 0.16853353
0.49142143, -1.137713, 0.24615726
0.8255352, -1.2720789, 0.20359671
0.92727935, -1.2629396, 0.15815921
0.748654, -0.96532995, 0.15406333
0.6891711, -1.0498323, 0.18885827
0.88940555, -1.2685075, 0.1728069
0.74829733, -0.9898629, 0.17107266
0.49228033, -1.1689136, 0.2497525
0.7285585, -1.4115156, 0.24503952
0.8722329, -1.2128893, 0.18596141
0.69808203, -1.2312094, 0.19629106
0.98658586, -1.2489202, 0.15379256
0.77105725, -1.3693962, 0.21466842
0.88730645, -1.2124078, 0.1838515
0.66826403, -1.3927729, 0.2631806
0.6735642, -0.81774306, 0.1436564
0.6272053, -0.79283106, 0.15094282
0.6129525, -0.7705817, 0.13927275
0.58913755, -0.75207317, 0.15172692
0.66856205, -1.0509584, 0.2034617
0.91177225, -1.3094919, 0.17654447
0.5857304, -1.0750437, 0.22703618
0.6683245, -1.3685213, 0.23518755
0.60449404, -1.2341187, 0.24665123
0.5918709, -1.1274121, 0.213032
0.7099293, -1.2113886, 0.22345424
0.7682652, -1.1812303, 0.17785087
0.6885963, -1.0277971, 0.18822539
0.6953602, -1.0445209, 0.17869404
0.9115336, -1.2929652, 0.17647551
0.82815325, -1.2519723, 0.2017843
0.9276655, -1.2933402, 0.17130482
0.8289519, -1.3718878, 0.2106013
0.75369483, -1.0059202, 0.15614772
0.58737576, -1.1886499, 0.24540833
0.69120085, -1.0824968, 0.17799388
0.7527713, -0.93169606, 0.15135299
0.59151894, -1.0711329, 0.20897433
0.7390725, -1.0043439, 0.15730628
0.6885704, -0.9897654, 0.18614654
0.7499267, -1.025767, 0.15818788
0.87218714, -1.2275116, 0.15926982
0.9524839, -1.1872417, 0.13937736
0.8666166, -1.1917502, 0.18245877
0.9461034, -1.1900034, 0.16277462
0.90810716, -1.0910983, 0.14455673
0.6698173, -1.0483994, 0.1906097
0.79130894, -1.3299962, 0.22497866
0.7912651, -1.190555, 0.201617
0.725633, -0.9928754, 0.15856618
0.61157984, -1.2126027, 0.2444244
0.9923133, -1.2316276, 0.15099601
0.6466873, -1.1328281, 0.2224736
0.82254696, -1.280067, 0.17953041
0.7714297, -1.1928176, 0.2052541
0.71184236, -1.1051067, 0.17853181
0.9309958, -1.1693155, 0.1508972
0.7084132, -1.4105399, 0.24573152
0.7102214, -1.0075359, 0.17006998
0.6791021, -1.1014736, 0.17926098
0.69128263, -1.0124147, 0.18645813
0.87951523, -1.1941227, 0.15676247
0.7250803, -0.99499345, 0.18350275
0.71141, -1.2894824, 0.2136135
0.7471934, -1.4311355, 0.2318177
0.7100612, -1.051181, 0.19008109
0.78624254, -1.0722435, 0.18168874
0.71934736, -1.3633152, 0.21747853
0.6842264, -1.2138344, 0.1977396
0.71125937, -1.3501183, 0.21723408
0.76753783, -1.3271171, 0.19983321
0.6500281, -1.0324473, 0.20267937
0.6930934, -0.89071256, 0.15365067
0.7317837, -0.98865587, 0.1725193
0.7471899, -1.4098558, 0.24214073
0.94803345, -1.2481261, 0.16635166
0.9340817, -1.1698357, 0.16347916
0.89055, -1.2909616, 0.18894161
0.71057236, -1.1306943, 0.20409061
0.750456, -1.1918441, 0.20526981
0.69346225, -1.3459507, 0.21932298
0.708206, -1.0304213, 0.17162576
0.72697544, -0.9118537, 0.1532226
0.93732077, -1.3114127, 0.1298792
0.7827582, -1.2869247, 0.22328024
0.849603, -1.1678705, 0.18611886
0.6233326, -1.1074224, 0.22190487
0.77003616, -1.2122747, 0.20685115
0.78232205, -1.3458378, 0.19811228
0.81000584, -0.9816248, 0.13770649
0.56887096, -1.1121056, 0.24410234
0.7670583, -1.0744098, 0.18379086
0.8093427, -1.2483107, 0.2037177
0.7827162, -1.3148172, 0.22321288
0.94486177, -1.1738133, 0.16174561
0.782996, -0.9370719, 0.14838448
0.58951956, -1.2692232, 0.23592652
0.5493406, -1.2300532, 0.2607978
0.7588699, -1.1618799, 0.17607015
0.76089203, -1.3986552, 0.24316704
0.5484579, -1.133983, 0.24512084
