3.2230935, -2.4849505, 0.6906768
3.2446156, -2.4947667, 0.6780349
3.2965336, -2.5090497, 0.6767839
3.2646863, -2.4403963, 0.674773
3.2974381, -2.4505632, 0.69018066
3.3311589, -2.4706314, 0.67332214
3.3356788, -2.4893105, 0.6774885
3.2854018, -2.4087315, 0.6772661
3.3256814, -2.5349672, 0.67256325
3.3325057, -2.4076433, 0.67599773
3.361594, -2.4433382, 0.6732385
3.365175, -2.4631982, 0.6757655
3.3075433, -2.3712885, 0.6761047
3.302179, -2.5653274, 0.66961104
3.3328784, -2.361304, 0.6882125
3.349238, -2.3629339, 0.6752876
3.3944743, -2.4103675, 0.669172
3.3953414, -2.4984415, 0.6808169
3.3017862, -2.3480582, 0.6725972
3.36741, -2.3753552, 0.6713602
3.4201796, -2.3927178, 0.67307836
3.4140148, -2.3968058, 0.6833827
3.2964077, -2.3012626, 0.68693286
3.3154666, -2.306243, 0.6756798
3.3840265, -2.3340037, 0.67366517
3.4541662, -2.434604, 0.67042744
3.3012865, -2.2785912, 0.6727967
3.4249249, -2.326177, 0.6725366
3.2644796, -2.243773, 0.67736936
3.3039672, -2.2228162, 0.6734484
3.4402988, -2.2942817, 0.67487556
3.4382813, -2.2903113, 0.67424476
3.4763637, -2.3271568, 0.66971046
3.423921, -2.2663155, 0.6738975
3.4979618, -2.3118312, 0.6755332
3.4808755, -2.346649, 0.6748072
3.4462826, -2.2286906, 0.66975135
3.5066636, -2.262398, 0.6852771
3.5360057, -2.3489335, 0.67133886
3.5136247, -2.3901622, 0.6798322
3.4882734, -2.219392, 0.67243826
3.5520358, -2.2410045, 0.67277604
3.543334, -2.3999956, 0.66562736
3.5735185, -2.340867, 0.67320675
3.558431, -2.3158927, 0.6726523
3.5377808, -2.186219, 0.685486
3.5737872, -2.2862399, 0.6852183
3.551726, -2.147213, 0.6746913
3.3758795, -2.4219985, 0.68779147
3.3052392, -2.4372265, 0.6750798
3.3260229, -2.2895472, 0.6910636
3.477484, -2.3512418, 0.68452954
3.4930623, -2.1914473, 0.6850666
3.2965002, -2.5209038, 0.687392
3.4033844, -2.3213973, 0.6870165
3.4755657, -2.166217, 0.68482256
3.239732, -2.491908, 0.67704767
3.4354417, -2.1730483, 0.68350947
3.4356728, -2.156226, 0.6715
3.433168, -2.1112652, 0.6726281
3.4759092, -2.1028469, 0.67373055
3.4206395, -2.086799, 0.6720542
3.444008, -2.0877666, 0.6891788
3.3889165, -2.1029384, 0.6725699
3.3744292, -2.1528108, 0.6833635
3.363111, -2.1310143, 0.6747711
3.362056, -2.176005, 0.6730793
3.4903238, -2.1421561, 0.68812877
3.463965, -2.0501912, 0.687106
3.3697317, -2.2001383, 0.6738513
3.2622895, -2.5221305, 0.6755094
3.4715328, -2.214119, 0.68220276
3.522341, -2.1460433, 0.66996914
3.4825244, -2.122812, 0.68886715
3.4641316, -2.0332303, 0.67332804
3.4952123, -2.023099, 0.6737044
