2.4947822, -1.0896657, 0.56615245
2.529163, -1.0698696, 0.52596104
2.5072682, -1.0876788, 0.5312005
2.5385263, -1.065305, 0.603567
2.4909348, -1.0908576, 0.54943645
2.4947138, -1.0935305, 0.5251861
2.5551214, -1.050285, 0.54737693
2.4730449, -1.1074235, 0.60442775
2.4551644, -1.1143521, 0.567536
2.5073407, -1.0747074, 0.55071867
2.5048175, -1.0828108, 0.5470132
2.4888303, -1.0911384, 0.6110909
2.50441, -1.0860195, 0.5689996
2.5313315, -1.0564651, 0.5769337
2.531045, -1.0651348, 0.50842464
2.5509012, -1.0489478, 0.5340313
2.5236428, -1.0743937, 0.49536017
2.5303998, -1.0542516, 0.6533006
2.4937773, -1.0899159, 0.6270694
2.5039494, -1.0837115, 0.610286
2.5086718, -1.0733808, 0.63049316
2.5293844, -1.0661598, 0.59182185
2.4710937, -1.1140814, 0.5883609
2.4239438, -1.1252785, 0.62261814
2.4706144, -1.0963593, 0.6544309
2.486497, -1.0884088, 0.65384156
2.445356, -1.1152426, 0.6129795
2.4509833, -1.1267548, 0.5722798
2.468761, -1.1052132, 0.6473296
2.447821, -1.1247735, 0.5521481
2.4224265, -1.1464336, 0.5291175
2.6192515, -1.0076333, 0.6037319
2.5129356, -1.0657339, 0.5706965
2.5214064, -1.0816026, 0.55672735
2.508819, -1.0705786, 0.5914232
2.511798, -1.0760717, 0.68998533
2.42742, -1.1359612, 0.59659874
2.5530267, -1.0539669, 0.50944996
2.4636211, -1.1095623, 0.6344427
2.564766, -1.0442162, 0.55873436
2.584737, -1.039079, 0.5629164
2.5307097, -1.0720575, 0.5694746
2.5032332, -1.0751923, 0.67033565
2.606838, -1.0087562, 0.55034405
2.4448166, -1.1462736, 0.47193962
2.6320124, -1.0031675, 0.5591954
2.5186584, -1.0686207, 0.52624905
2.4221578, -1.1442305, 0.59231836
2.6476703, -0.9883606, 0.629567
2.48713, -1.088525, 0.6676717
2.426919, -1.1178638, 0.62990695
2.4479094, -1.1077566, 0.5865618
2.4698172, -1.1095505, 0.67275
2.517144, -1.0686903, 0.48418835
2.6486247, -0.99378, 0.5651362
2.5475478, -1.0491881, 0.6905846
2.5555818, -1.055948, 0.56699693
2.440828, -1.1271572, 0.59381264
2.6501055, -1.0008806, 0.58016235
2.4769557, -1.1103021, 0.54438394
2.5228667, -1.0793355, 0.636375
2.4416733, -1.122922, 0.62120855
2.434824, -1.1358819, 0.649347
2.6386244, -0.99696916, 0.5663507
2.549681, -1.0498018, 0.6134604
2.484733, -1.1088114, 0.5359088
2.4688275, -1.0931361, 0.60730356
2.496083, -1.0741466, 0.5761795
2.472515, -1.1059017, 0.5304713
2.44304, -1.1235094, 0.66765386
2.5159786, -1.0771607, 0.6126076
2.535323, -1.0488987, 0.61019766
2.4255948, -1.1565685, 0.49043614
2.526758, -1.0694742, 0.5511422
2.623302, -1.0026766, 0.5176014
2.4257774, -1.1367371, 0.5357549
2.5469902, -1.0619612, 0.55942
2.5768805, -1.0334147, 0.48232728
2.5222976, -1.0933459, 0.5649177
2.4742155, -1.093971, 0.5907218
2.4638913, -1.1247128, 0.6189059
2.4906886, -1.0838706, 0.68283546
2.6531363, -0.97639656, 0.55288565
2.6889756, -0.96042985, 0.5309289
2.5170636, -1.0585912, 0.651204
2.4993277, -1.0793895, 0.5868598
2.464022, -1.1026336, 0.5783709
2.4258387, -1.1544577, 0.5115327
2.5528011, -1.048754, 0.62595856
2.5501826, -1.0334295, 0.55102694
2.561249, -1.0382202, 0.67869717
2.4988804, -1.078974, 0.6864923
2.6485276, -0.9717922, 0.5292407
2.4421813, -1.1119614, 0.631859
2.395858, -1.1561129, 0.5536001
2.5515924, -1.0517573, 0.590343
2.6872978, -0.9694555, 0.5512392
2.4721255, -1.0987989, 0.63754576
