1.6729393, -1.3421274, 0.0013006679
1.7143704, -1.3702832, -0.003937986
1.6836628, -1.3546661, -0.0035180075
1.6777053, -1.3458443, -0.006648287
1.6934636, -1.354066, 0.00409911
1.667878, -1.3114169, -0.006009291
1.6907247, -1.3268449, -0.009876427
1.6493851, -1.3318385, -0.006770699
1.6862466, -1.3388963, 8.2208705E-4
1.729033, -1.348311, -0.011622864
1.7056867, -1.3521129, -0.021087473
1.7437906, -1.3457266, -0.008598855
1.6734651, -1.3129023, -0.022187866
1.6929636, -1.3431296, -0.02319419
1.6466587, -1.3072249, -0.009815638
1.6533142, -1.2871876, -0.022368776
1.6094948, -1.3088627, -0.00876708
1.788275, -1.3677671, -0.010818013
1.7745143, -1.3891907, -0.008689083
1.6093091, -1.2707219, -0.008020574
1.5869392, -1.2630364, -0.023111155
1.5911453, -1.3244885, -0.0019433866
1.5863938, -1.3062924, -0.005435432
1.8034017, -1.4118266, 0.004341858
1.7896672, -1.3862064, -0.009003493
1.5731477, -1.2664772, -0.020558551
1.5702626, -1.2700301, -0.00779606
1.6051433, -1.2495896, -0.023127764
1.590462, -1.2488487, -0.024435338
1.5463318, -1.2720692, -0.0057759196
1.558644, -1.2900636, -0.010336145
1.8191005, -1.4409889, 0.008366896
1.5253398, -1.2513497, -0.021711161
1.5271093, -1.2885, -0.0033928214
1.5178301, -1.2885895, -0.008262693
1.5123696, -1.2711031, -0.0067360555
1.8581651, -1.468109, -0.0043144207
1.8519872, -1.4510511, 0.0016077489
1.4893645, -1.2687643, -0.008060861
1.4953673, -1.2872925, -7.9175923E-4
1.4832889, -1.2861034, 0.024884446
1.4695474, -1.2622087, -0.0059617087
1.4703718, -1.2495522, -0.012453614
1.8842151, -1.4488919, -0.0067631006
1.868449, -1.4844159, -0.0045704013
1.8678665, -1.4741184, -0.0059103966
1.4491677, -1.2650939, -0.007416195
1.4982843, -1.2026452, -0.025556477
1.9051911, -1.4483545, -0.009238278
1.9102604, -1.4716449, 0.00460728
1.9053425, -1.4747738, -0.0051191584
1.9075762, -1.5145838, 0.005000005
1.8952246, -1.5006026, -0.0017918289
1.8878413, -1.5169038, 0.008542864
1.950141, -1.4609766, -0.022330942
