2.3168957, -3.9858744, 0.6307683
2.3100138, -3.9782631, 0.67109823
2.327502, -3.971844, 0.6509141
2.3104546, -3.9833565, 0.6500466
2.2715726, -4.0135527, 0.6345316
2.3287182, -3.9742024, 0.6749787
2.3100924, -3.9795618, 0.6897593
2.3275278, -3.9656916, 0.6964732
2.3315425, -3.9718595, 0.71375144
2.327805, -3.9537024, 0.66228026
2.3378246, -3.9563591, 0.70920086
2.3553555, -3.944739, 0.6904853
2.3045807, -3.9727428, 0.7105385
2.3336859, -3.9550006, 0.6864264
2.3539183, -3.942003, 0.67227143
2.349331, -3.952599, 0.65178406
2.3424587, -3.961217, 0.66992533
2.3422637, -3.9591994, 0.63236076
2.2714386, -4.0154467, 0.6721866
2.3657942, -3.94108, 0.6945612
2.3556147, -3.945816, 0.70913327
2.32494, -3.9702897, 0.73282844
2.3084419, -3.9795337, 0.7276816
2.3411064, -3.9733171, 0.7326425
2.3512986, -3.9404423, 0.7294398
2.3679214, -3.9440496, 0.71454144
2.3144803, -3.9894922, 0.7440597
2.3662934, -3.943523, 0.73520136
2.370076, -3.9305592, 0.66104084
2.360055, -3.9349864, 0.68055695
2.38311, -3.9278488, 0.714297
2.266088, -4.0123854, 0.691742
2.2511086, -4.0470147, 0.69730264
2.2448325, -4.035267, 0.6877286
2.2701461, -4.0220265, 0.7102118
2.2212334, -4.06155, 0.6878178
2.2294228, -4.051848, 0.6623739
2.270414, -4.0240045, 0.7476028
2.199243, -4.07942, 0.69812745
2.1943762, -4.076627, 0.73697394
2.2115142, -4.065387, 0.73085546
2.2104137, -4.0652413, 0.7450761
2.302805, -4.002677, 0.7104566
2.2955103, -3.9910975, 0.67437506
2.2693827, -4.016435, 0.72564054
2.2272735, -4.059074, 0.7558609
2.2932682, -3.9870634, 0.65647626
2.3862822, -3.924143, 0.6538014
2.296959, -3.9918518, 0.6360886
2.2472868, -4.030119, 0.63551104
2.2717774, -4.0183935, 0.7061293
2.36048, -3.949827, 0.6319681
2.2959287, -3.9924412, 0.692999
2.409163, -3.9007146, 0.6979575
2.3805323, -3.9205358, 0.6370942
2.2203794, -4.065274, 0.76290333
2.2697506, -4.011817, 0.65411097
2.3302474, -3.9650671, 0.75117505
2.2663534, -4.017219, 0.7662187
2.298188, -3.9978404, 0.74836206
2.23397, -4.0567174, 0.641841
2.186673, -4.092456, 0.66828686
2.3860834, -3.930564, 0.7290986
2.1511202, -4.109364, 0.6877099
2.128561, -4.137199, 0.66906697
2.1515348, -4.1135755, 0.7153008
2.39426, -3.9116347, 0.71060604
2.4258206, -3.8904603, 0.65015227
2.4087293, -3.9087105, 0.6742261
2.1741495, -4.093735, 0.6927324
2.214378, -4.05209, 0.7093124
2.313783, -3.9933753, 0.7104731
2.4291718, -3.890797, 0.66671306
2.3934336, -3.9082613, 0.63587916
2.4257903, -3.8892748, 0.7139184
2.2005537, -4.084888, 0.6844585
2.1935341, -4.0874352, 0.7228024
2.413046, -3.890774, 0.6869105
2.1857095, -4.0889854, 0.6494231
2.3129354, -3.9915326, 0.6919787
2.189957, -4.0909343, 0.7048906
2.223906, -4.047581, 0.701717
2.4294093, -3.894606, 0.6930801
2.3743017, -3.9237561, 0.735314
2.4244924, -3.8916855, 0.73404783
2.4758055, -3.863141, 0.6957331
2.2133844, -4.0665708, 0.7115304
2.3788931, -3.9225185, 0.7554796
2.3316422, -3.9737937, 0.63290566
2.3018565, -4.001786, 0.7301219
2.2185638, -4.0700045, 0.6695972
2.2154117, -4.0623927, 0.64609116
2.1743777, -4.0955563, 0.6531145
2.2704613, -4.012191, 0.74722713
2.3887224, -3.9127216, 0.75293446
2.1762447, -4.090039, 0.7295392
2.1668284, -4.104128, 0.7108964
2.4865386, -3.8490968, 0.67064315
2.261397, -4.033242, 0.6257747
2.2480578, -4.018403, 0.68724006
2.2854738, -4.017906, 0.69203776
2.2895854, -4.0059595, 0.72771966
2.4213643, -3.8879817, 0.756261
2.3684385, -3.9352102, 0.6532645
2.2825055, -4.014066, 0.7120422
2.399231, -3.8855975, 0.71496475
2.368668, -3.9421968, 0.66575587
2.4090745, -3.8975759, 0.73498756
2.2955678, -3.9932337, 0.7105446
2.3892868, -3.9381597, 0.69492656
2.188454, -4.097192, 0.6826928
2.3946795, -3.9169652, 0.6429115
2.4149942, -3.8912985, 0.6362064
2.2376356, -4.0363216, 0.7599401
2.1894102, -4.0914025, 0.6381669
2.396788, -3.9193838, 0.66114974
2.4334831, -3.872792, 0.69317263
2.2039695, -4.0844016, 0.67766565
2.2171094, -4.0706363, 0.6914
2.3907325, -3.9067335, 0.69073445
2.0667377, -4.1597066, 0.7494956
2.4097075, -3.9101448, 0.65487385
2.2445612, -4.0374866, 0.74468803
2.1212175, -4.1349325, 0.72714806
2.1650183, -4.10399, 0.7395054
2.23304, -4.030874, 0.62879413
2.0987797, -4.157834, 0.68486243
2.1919332, -4.0754895, 0.7513376
2.2112536, -4.067958, 0.7633594
2.335992, -3.9546158, 0.7285603
2.103342, -4.1558247, 0.7480824
2.3129518, -3.990969, 0.673119
2.3912654, -3.9075549, 0.73285276
2.4337044, -3.9013977, 0.7074401
2.3411937, -3.9616687, 0.74566317
2.1283898, -4.1336317, 0.65075934
2.307596, -3.9849176, 0.73159635
2.2740755, -4.0287657, 0.72745913
2.1079316, -4.152277, 0.672379
2.246329, -4.032094, 0.6693758
2.418577, -3.9060938, 0.71575415
2.2441227, -4.0272923, 0.65160215
2.183456, -4.1057296, 0.6730853
2.4334693, -3.8715549, 0.7356773
2.2152393, -4.065788, 0.6315675
2.1474953, -4.110591, 0.7364861
2.3111982, -3.9757605, 0.63418525
2.1805236, -4.0910435, 0.7478009
2.4362812, -3.8767858, 0.7565807
2.378523, -3.919151, 0.6943677
2.4088852, -3.89973, 0.7170057
2.110531, -4.1622877, 0.7082317
2.1544642, -4.1097393, 0.64926374
2.4509985, -3.869044, 0.67302763
2.1717508, -4.0924687, 0.71483094
2.1572754, -4.123025, 0.7292543
2.1971726, -4.0739765, 0.66406095
2.1710296, -4.0915484, 0.7498924
2.4341264, -3.8748422, 0.6502301
