-0.14874116, -1.5129619, 0.4286834
-0.16771495, -1.5311518, 0.42849916
-0.15219021, -1.5302182, 0.42961812
-0.1694472, -1.5468916, 0.42649543
-0.17056069, -1.5080332, 0.42430884
-0.14758997, -1.4887394, 0.4172508
-0.14889516, -1.4905833, 0.426627
-0.13259438, -1.4476235, 0.42790818
-0.15084285, -1.4477991, 0.42677906
-0.13151284, -1.4486907, 0.41469577
-0.11094639, -1.4739566, 0.4274531
-0.10742172, -1.4478847, 0.4262805
-0.16931784, -1.4875913, 0.41721702
-0.14970928, -1.4488455, 0.4164759
-0.12765534, -1.4669678, 0.4278129
-0.1294306, -1.4704387, 0.41793194
-0.19228981, -1.5088651, 0.42889163
-0.18928584, -1.4907833, 0.42927775
-0.19209096, -1.4637777, 0.41828418
-0.20839447, -1.4914951, 0.4262246
-0.18274982, -1.4927037, 0.41701716
-0.21128495, -1.5112083, 0.41745603
-0.15204129, -1.4315633, 0.42404914
-0.13009891, -1.4306166, 0.42922348
-0.19217333, -1.4517386, 0.42514652
-0.2119429, -1.4701512, 0.42509806
-0.20791288, -1.4653025, 0.41737622
-0.22968444, -1.5092086, 0.42789236
-0.21074326, -1.4339365, 0.42715102
-0.21037917, -1.4493486, 0.4279915
-0.23519963, -1.4714751, 0.41576478
-0.16902547, -1.4902138, 0.42913428
-0.20996925, -1.5110464, 0.4294398
-0.21430112, -1.5348364, 0.41849086
-0.16908604, -1.4304919, 0.42502344
-0.10719256, -1.4072524, 0.4152394
-0.12766962, -1.5116571, 0.42688748
-0.17011543, -1.4480331, 0.4280731
-0.17294993, -1.4117831, 0.42343023
-0.20914447, -1.5487351, 0.42802614
-0.18869352, -1.4456142, 0.41574135
-0.13177498, -1.5280911, 0.42641005
-0.11755333, -1.4449296, 0.41547745
-0.07846916, -1.4379864, 0.42378858
-0.06979338, -1.4714888, 0.41736338
-0.1312224, -1.5154692, 0.41552463
-0.21121173, -1.4888635, 0.41752902
-0.1888633, -1.4305159, 0.42485493
-0.110548444, -1.5094343, 0.41719446
-0.07091709, -1.4702436, 0.4249479
-0.10998631, -1.4703658, 0.41471717
-0.10678895, -1.430172, 0.4141322
-0.2522775, -1.5025945, 0.41834986
-0.17078815, -1.4098786, 0.41543186
-0.23272578, -1.5237011, 0.42917645
-0.18800858, -1.5525676, 0.41525576
-0.2256452, -1.4936298, 0.41721547
-0.12965491, -1.490253, 0.42748573
-0.13236561, -1.487602, 0.41410354
-0.20878774, -1.5503389, 0.41739208
-0.08847506, -1.4704593, 0.41493693
-0.1661214, -1.3942838, 0.42236084
-0.09051149, -1.5079147, 0.41487008
-0.1104215, -1.4881626, 0.4294382
-0.2099052, -1.5310129, 0.42754537
-0.14833538, -1.429788, 0.4168978
-0.089372426, -1.4883349, 0.4156547
-0.15026386, -1.5080068, 0.4145055
-0.24794674, -1.4903045, 0.42617446
-0.2308699, -1.4892917, 0.42817783
-0.23121285, -1.4532967, 0.42525864
-0.1707261, -1.5501678, 0.415168
-0.15435547, -1.4723346, 0.41698995
-0.089855805, -1.431802, 0.42583132
-0.16967888, -1.473903, 0.43084055
-0.10959989, -1.5266247, 0.42791697
-0.05910021, -1.4517224, 0.42305696
-0.21247545, -1.4504578, 0.41491762
-0.25615656, -1.4951092, 0.4147725
-0.09344764, -1.4476464, 0.4270172
-0.09237007, -1.4543766, 0.44468096
-0.22998318, -1.505527, 0.41428077
-0.15160005, -1.4690895, 0.4269793
-0.097032644, -1.5190139, 0.44114032
-0.06968848, -1.4533619, 0.42456457
-0.11336507, -1.5468193, 0.4212892
-0.14869496, -1.4078767, 0.4127658
-0.13741764, -1.4500413, 0.4414793
