-1.1125858, -1.4401939, 0.4608257
-1.1104193, -1.468943, 0.45095482
-1.1096504, -1.4309659, 0.47032067
-1.1267574, -1.4066751, 0.4661277
-1.1224109, -1.4384876, 0.45665476
-1.1508379, -1.4346632, 0.46991122
-1.146287, -1.4331515, 0.45759004
-1.1373638, -1.4039356, 0.45948285
-1.1114537, -1.4095169, 0.46615204
-1.1283406, -1.4296653, 0.48010668
-1.0890387, -1.4310248, 0.46777642
-1.1103938, -1.4667683, 0.47080296
-1.1656482, -1.4715787, 0.4694506
-1.1677988, -1.486155, 0.46755308
-1.0703275, -1.4294851, 0.47059405
-1.1090537, -1.3925499, 0.46922642
-1.0921944, -1.393597, 0.46667367
-1.1471195, -1.4061376, 0.47113666
-1.1306722, -1.394716, 0.46944344
-1.1961454, -1.4891026, 0.46876356
-1.1868209, -1.4737275, 0.47218245
-1.1895593, -1.4850423, 0.45853174
-1.1888056, -1.4425988, 0.46408677
-1.090387, -1.3688011, 0.4681434
-1.0725048, -1.388247, 0.47061285
-1.0492711, -1.4089098, 0.4672029
-1.0423577, -1.4080527, 0.45966312
-1.0507654, -1.4241394, 0.47408414
-1.134491, -1.4719464, 0.46985155
-1.2106832, -1.4727402, 0.47034258
-1.1895852, -1.5087985, 0.46829978
-1.2003329, -1.4406145, 0.46363842
-1.2068084, -1.5064477, 0.46892226
-1.0495067, -1.3901654, 0.46643797
-1.0712377, -1.3548915, 0.46282893
-1.2310598, -1.4857167, 0.47003633
-1.0283656, -1.3903495, 0.46669397
-1.1698352, -1.433465, 0.4733693
-1.030071, -1.350418, 0.46492094
-1.0106131, -1.35376, 0.4625163
-1.1929876, -1.4732492, 0.4575593
-1.1411049, -1.4667894, 0.4586883
-1.0688424, -1.4326708, 0.45802534
-1.1919751, -1.435775, 0.47423795
-1.1110842, -1.3712907, 0.47137168
-1.1290005, -1.4313045, 0.4692851
-1.1316098, -1.4721522, 0.45877635
-1.0323008, -1.3943884, 0.45736858
-1.1702858, -1.4416152, 0.46736413
-1.1505, -1.4705957, 0.46856606
-1.0486431, -1.430194, 0.4564084
-1.0501597, -1.3473595, 0.46957487
-1.2390794, -1.5194863, 0.45731056
-1.0901846, -1.401705, 0.45817608
-1.2107314, -1.4770867, 0.45402858
-1.2264918, -1.4742973, 0.47049084
-1.1033267, -1.4400448, 0.45980695
-1.115072, -1.4926338, 0.46927667
