-0.61612797, -3.0737545, 1.0654948
-0.643425, -3.070554, 1.2740428
-0.6515793, -3.0518637, 1.353062
-0.627334, -3.0695877, 1.3713741
-0.6475728, -3.053853, 1.2939013
-0.61763036, -3.0745566, 1.4183283
-0.6721672, -3.0365727, 1.4478012
-0.6828963, -3.047436, 1.1346625
-0.6507749, -3.046614, 1.0915922
-0.65101814, -3.0529587, 1.1090604
-0.62756664, -3.0762546, 1.351687
-0.63525176, -3.0553257, 1.255378
-0.61352545, -3.0696821, 1.2292534
-0.67731357, -3.0268354, 1.2297626
-0.6239858, -3.065393, 1.4325444
-0.6752623, -3.0292113, 1.3899443
-0.66155255, -3.04196, 1.3681831
-0.6684277, -3.0509362, 1.3271849
-0.64913005, -3.0639095, 1.3704662
-0.67613703, -3.0464702, 1.47904
-0.62267363, -3.0795553, 1.3376861
-0.668558, -3.036392, 1.1143162
-0.6649746, -3.0438497, 1.1170461
-0.63301146, -3.0691674, 1.091162
-0.614329, -3.068614, 1.3490539
-0.67265666, -3.0410485, 1.3432387
-0.615706, -3.0854778, 1.4336376
-0.6554283, -3.0530846, 1.5486991
-0.61420655, -3.0830076, 1.0111777
-0.6445794, -3.0752625, 1.4151626
-0.6828582, -3.0381436, 1.4937034
-0.6306831, -3.0497553, 1.5360507
-0.6195289, -3.0718827, 0.9857907
-0.6727898, -3.0345159, 1.6095955
-0.63011706, -3.0525014, 0.9506899
-0.62439466, -3.0681527, 0.9312673
-0.67750657, -3.026523, 0.96948105
-0.6558316, -3.059095, 1.6950569
-0.6421105, -3.061746, 1.6707464
-0.6562113, -3.0486374, 1.66648
-0.6108086, -3.071086, 1.6519711
-0.6264486, -3.0701127, 1.6495351
-0.68152994, -3.021756, 0.9963302
-0.68312967, -3.0405083, 1.7072084
-0.6235861, -3.0784144, 1.7327453
-0.6271324, -3.0679157, 1.7055933
-0.64914197, -3.0603414, 1.6846861
-0.68049973, -3.0218036, 1.0258118
-0.68323165, -3.0427825, 1.7480878
-0.6879396, -3.0388806, 1.7576479
-0.6286725, -3.07341, 1.7539017
-0.665804, -3.038818, 1.716235
-0.63983244, -3.0835311, 1.0519689
-0.6704656, -3.0256128, 1.588871
-0.64577556, -3.0659423, 1.0505048
-0.62641394, -3.0503974, 1.2118709
-0.68309283, -3.0307481, 0.93517727
-0.68397814, -3.0410547, 1.3276181
-0.63486844, -3.0595293, 1.6949292
-0.648945, -3.0533116, 1.0317259
-0.641611, -3.07731, 1.4634807
-0.62446725, -3.0644138, 1.0318424
-0.6736058, -3.0228474, 1.5559124
-0.6232875, -3.0544488, 1.2939042
-0.67405653, -3.0166097, 1.0929463
-0.6914725, -3.0381742, 1.8219032
-0.6170845, -3.07138, 1.5651331
-0.6657973, -3.0534015, 1.6760433
-0.66330105, -3.0281873, 1.5368124
-0.64998776, -3.062285, 1.8061728
-0.6632142, -3.0632498, 1.1929075
-0.6444619, -3.0602984, 1.5516864
-0.61434513, -3.0602608, 1.0290289
-0.6815157, -3.0417511, 0.90749156
-0.60183215, -3.0892038, 1.7197316
