-0.8712046, -1.7908442, 0.4676688
-0.8706154, -1.6752629, 0.4693417
-0.7717289, -1.7123948, 0.46606025
-0.9089209, -1.7091877, 0.47010767
-0.79459876, -1.7713727, 0.46985066
-0.82763207, -1.6661432, 0.4682932
-0.8496889, -1.7320284, 0.47022697
-0.8472921, -1.6674838, 0.4706087
-0.88814896, -1.6704003, 0.4698205
-0.9525579, -1.6949213, 0.47044492
-1.0699438, -1.8086137, 0.46785367
-0.9698787, -1.7712663, 0.46946746
-0.9300649, -1.6535218, 0.4699538
-0.8709361, -1.630313, 0.46946397
-0.9099152, -1.6268852, 0.4663607
-0.9303145, -1.6281936, 0.46862143
-0.97742486, -1.611495, 0.45396757
-0.91380197, -1.564381, 0.46531272
-0.89100844, -1.6518953, 0.46744826
-0.96932596, -1.6514058, 0.47299466
-1.0768273, -1.7319065, 0.46902356
-0.8659375, -1.6428053, 0.4688316
-1.0922066, -1.8106439, 0.46930528
-0.9060126, -1.6597438, 0.45684138
-0.8117299, -1.6077201, 0.4648864
-0.8073138, -1.630504, 0.46660724
-0.9524734, -1.6664709, 0.4689147
-0.90742564, -1.6123924, 0.47215092
-1.0286014, -1.7127576, 0.47397432
-1.0025386, -1.6342388, 0.47183833
-0.9256137, -1.7241476, 0.47107884
-0.88926816, -1.6362597, 0.45642135
-0.9639308, -1.6550676, 0.45531142
-0.8314898, -1.8720282, 0.46418944
-0.7853936, -1.7099171, 0.47202647
-0.8522965, -1.9139296, 0.46816754
-0.8091496, -1.9094914, 0.47011262
-0.83070475, -1.906458, 0.46629146
-0.82090133, -1.8839579, 0.4581235
-0.7876689, -1.8659856, 0.46872836
-0.8303397, -1.8918227, 0.4671427
-0.7883853, -1.8900807, 0.4576422
-0.80697215, -1.890848, 0.46494213
-0.83186567, -1.9307281, 0.466447
-0.8710047, -1.9100616, 0.45664608
-0.87326336, -1.9473618, 0.47001943
-0.890743, -1.910771, 0.4679529
-0.7693609, -1.8917472, 0.46898016
-0.74994904, -1.8512803, 0.46462843
-0.7681268, -1.8769803, 0.47157353
-0.7724369, -1.8487456, 0.46537215
-0.7515058, -1.8900635, 0.46484658
-0.90672666, -1.9299585, 0.46440113
-0.91418296, -1.9131111, 0.47013277
-0.8923394, -1.9546827, 0.46622413
-0.90822554, -1.9663025, 0.4673225
-0.91466224, -1.9476633, 0.46317387
-0.92767215, -1.9507045, 0.4701196
-0.9584921, -1.9432544, 0.45992482
-0.9346932, -1.9680854, 0.46942532
-0.9077483, -2.0140443, 0.46907613
-0.9518529, -1.9890014, 0.4676047
-0.94891924, -1.9692383, 0.47268048
-0.9694351, -1.9472679, 0.46594018
-0.96563184, -1.9880643, 0.4737469
-0.9899701, -1.9553891, 0.46699157
-0.986987, -1.9721065, 0.4692178
-1.0523076, -1.6929791, 0.46743384
-0.88917273, -1.8466803, 0.46790397
-0.9151819, -1.6614742, 0.45766702
-0.94902486, -1.9557854, 0.4653671
-0.930274, -1.6913741, 0.469288
-0.8835074, -1.9118532, 0.4578134
-0.7891833, -1.9082733, 0.46802282
-0.8107838, -1.6874161, 0.47248614
-0.9752421, -1.6727914, 0.46769905
-0.7872795, -1.8080881, 0.47154486
-0.868836, -1.6124026, 0.4595804
-0.8843988, -1.8275652, 0.46947324
-0.7321509, -1.828585, 0.46481404
-0.82756287, -1.6045417, 0.46721545
-0.70918095, -1.8310002, 0.46734875
-0.92657197, -1.8496175, 0.47230282
-0.8651678, -1.8367205, 0.46636724
-0.8700549, -1.6104596, 0.46881732
-0.90744805, -1.8322377, 0.47337312
-0.73322237, -1.7890142, 0.47031376
-0.68800056, -1.8349146, 0.4727187
-0.91074747, -1.8533814, 0.46922725
-0.8499686, -1.8891046, 0.46521953
-0.93528426, -1.9330219, 0.46484628
-0.91565317, -1.6530844, 0.46838063
-0.805853, -1.87192, 0.4585863
-0.9058265, -1.669815, 0.47309256
-0.8700456, -1.9315287, 0.46859032
-0.890851, -1.6142157, 0.46988368
-0.8896142, -1.9306973, 0.47436866
-0.8379723, -1.6963719, 0.45894164
-0.89000815, -1.6122912, 0.45790544
-0.8251448, -1.8282981, 0.4570541
-0.8527046, -1.701123, 0.4584308
-0.8896118, -1.6362793, 0.4755535
-0.9434673, -1.7665068, 0.46205604
-1.1131032, -1.7900676, 0.4722896
-0.85475093, -1.7900625, 0.47019207
-0.87048167, -1.8471142, 0.47110024
-1.0067348, -1.7334827, 0.47176337
-1.064772, -1.7691575, 0.47013664
-0.94835275, -1.8709912, 0.4644818
-1.0696316, -1.7492527, 0.4682643
-0.8070279, -1.7247429, 0.46536338
-0.75436413, -1.7938437, 0.4662901
-0.8710371, -1.5477326, 0.4699265
-0.8480839, -1.8292346, 0.46871567
-1.0315095, -1.7460961, 0.46791235
-1.0069311, -1.7706687, 0.46777582
-0.76734996, -1.7957226, 0.4696846
-0.9727354, -1.6340457, 0.46849972
-0.95140505, -1.6497198, 0.46946213
-0.9693397, -1.8862978, 0.4657753
-0.9628211, -1.8817686, 0.45853546
-0.99152255, -1.8859568, 0.46755162
-1.0105295, -1.8922335, 0.46895108
-0.95321757, -2.0467422, 0.4685748
-1.0302389, -1.8932927, 0.48036477
-1.0520681, -1.908092, 0.4708499
-0.8671695, -1.7459484, 0.466958
-0.9274512, -1.7121866, 0.46945474
-1.111769, -1.7671762, 0.47155017
-0.8826095, -1.7954142, 0.4806508
-0.94713753, -1.9094774, 0.4671009
-0.9930946, -1.930063, 0.4676563
-1.0657685, -1.7941829, 0.47331396
-0.95237166, -1.7295266, 0.4723779
-0.9837151, -1.7164017, 0.4596585
-0.88754743, -1.6930263, 0.4710126
-1.0139934, -1.872168, 0.46853933
-0.9106537, -1.7529666, 0.46943372
-1.0173264, -1.7931674, 0.4586128
-0.8497399, -1.8693455, 0.4675463
-1.031324, -1.7676691, 0.46841007
-0.9497129, -1.830499, 0.46883497
-0.86449647, -1.6840705, 0.45807475
-0.9882863, -1.6736468, 0.46880886
-0.8476866, -1.7081469, 0.4708162
-0.92881334, -1.9084333, 0.4677182
-1.106219, -1.7512639, 0.46532243
-0.90737784, -1.7888248, 0.47107682
-0.7901023, -1.8480265, 0.46911645
-0.8697948, -1.8743294, 0.47009203
-0.8727077, -1.8085603, 0.47222102
-0.9448078, -2.0311835, 0.46998045
-1.0107131, -1.8502989, 0.46989506
-0.832641, -1.8714118, 0.45365334
-1.1099956, -1.8221569, 0.45880574
-0.96657956, -1.9223977, 0.4637383
-0.96836466, -1.7092278, 0.46521297
-0.96556056, -1.9654216, 0.46850878
-1.0288337, -1.8337735, 0.4614963
-1.0033652, -1.764681, 0.45942363
-0.7500798, -1.7505262, 0.46911216
-0.8107309, -1.8516783, 0.46727404
-0.9718364, -1.8127482, 0.4682244
-1.0311025, -1.6882926, 0.46782184
-0.86961347, -1.7743545, 0.4687484
-1.0428118, -1.8018607, 0.45678577
-0.94720596, -1.7086214, 0.46847725
-0.79023457, -1.7514193, 0.46603954
-0.8121937, -1.7293833, 0.4593328
-0.98900336, -1.8249346, 0.46481043
-0.8916545, -1.7903179, 0.46491617
-0.9478746, -1.9334657, 0.4593413
-0.8111596, -1.8244681, 0.4728577
-0.8658946, -1.9899241, 0.4728754
-0.9136559, -1.8926481, 0.47038636
-0.81179965, -1.9503566, 0.47270226
-0.94813234, -1.8110092, 0.45642218
-0.90315276, -1.8985558, 0.45715076
-1.0475489, -1.8323649, 0.47280273
-0.99069357, -1.6462152, 0.46953967
-1.0521133, -1.7901798, 0.47328037
-0.9916466, -1.7446332, 0.45539692
-0.89440686, -1.9920839, 0.4695701
-1.0510019, -1.7731011, 0.46775684
-0.81522065, -1.82181, 0.45930186
-0.87614596, -1.7288904, 0.46630365
-0.8476395, -1.7708069, 0.46991533
-0.8321453, -1.7692765, 0.46487212
-1.0300573, -1.8538008, 0.469767
-1.0878192, -1.7695427, 0.47416
-1.0102942, -1.9335135, 0.47043148
-0.9329854, -1.8671345, 0.47185475
-0.97386706, -1.7497381, 0.4691624
-0.8879988, -1.8864186, 0.46671498
-0.97808695, -1.9282484, 0.45986053
-0.913418, -1.8107876, 0.46963638
-0.9153016, -1.9051893, 0.45534945
-1.0307089, -1.6688383, 0.46950528
-0.96649843, -1.7771664, 0.4566593
-1.0314591, -1.9081464, 0.46965578
-0.8303401, -1.7059541, 0.46851295
-0.9904369, -1.7297715, 0.47046044
-1.0262729, -1.7327334, 0.47087863
-0.79023427, -1.6905013, 0.468786
-1.0514622, -1.7524949, 0.47126275
-1.1309029, -1.7916518, 0.46738878
-0.75194037, -1.7316396, 0.47211063
-1.0064882, -1.8292993, 0.46751875
-1.0297787, -1.7909055, 0.46879086
-0.95083034, -1.749717, 0.46990728
-0.6740173, -1.7906035, 0.46301407
-1.1292623, -1.8102578, 0.47610858
-1.0307937, -1.9088947, 0.45840108
-0.8874376, -1.7498233, 0.458857
-0.90222394, -1.7543026, 0.45927027
-0.80719817, -1.6575177, 0.46707827
-0.96675915, -1.7323754, 0.47399044
-1.0283185, -1.84648, 0.48604456
-0.90954494, -1.6854498, 0.46986306
-1.0690334, -1.8485566, 0.4699156
-0.9686515, -1.688534, 0.47066265
-0.8308757, -1.7546363, 0.47617087
-0.98972064, -1.749917, 0.47268158
-0.80894697, -1.7906091, 0.47164774
-0.9275149, -1.8140582, 0.4733039
-0.92050725, -1.9735765, 0.45912674
-0.99243855, -1.8156004, 0.4712487
-0.87160724, -1.7095679, 0.47328132
-0.9527479, -1.8092782, 0.46782574
-0.93013734, -1.703146, 0.45922133
-0.8226167, -1.8156561, 0.4736428
-0.99235797, -1.7209951, 0.45882735
-1.0079781, -1.6768384, 0.4711236
-1.0555749, -1.7337881, 0.45863622
-0.8470639, -1.8076184, 0.47547698
-0.9922013, -1.8462845, 0.46850163
-0.91104937, -1.7335218, 0.46649945
-0.83302814, -1.7313869, 0.46717548
-0.94998145, -1.84974, 0.4746268
-1.0878239, -1.8266754, 0.4690374
-0.74432576, -1.7350271, 0.458125
-1.0111567, -1.6976452, 0.4565418
-0.9617362, -1.8481826, 0.47741973
-0.9677417, -2.015385, 0.46904173
-0.95377284, -1.7853401, 0.4641772
-0.9319486, -1.9930679, 0.4727894
-1.0136282, -1.74881, 0.47231275
-0.77158064, -1.7464428, 0.46883962
-0.88543326, -1.9708582, 0.4734971
-0.8906529, -1.8087938, 0.48189372
-0.7946771, -1.6750232, 0.46789634
-0.8745169, -1.5643132, 0.45389813
-1.0049442, -1.8110696, 0.48083672
-0.93093204, -1.6680671, 0.46964198
-0.7287261, -1.8172085, 0.4670912
-0.787836, -1.7267417, 0.46871012
-0.9068397, -1.5643485, 0.45698377
-1.0488762, -1.7570156, 0.48071468
-0.9669137, -1.7840111, 0.47061238
-0.8899363, -1.7531011, 0.46942008
-1.0477288, -1.8455449, 0.46801066
-1.0315824, -1.8080823, 0.4685499
-0.89244616, -1.7637559, 0.46553275
-0.85536, -1.9285294, 0.4729362
-1.0444064, -1.7101774, 0.48119676
-1.0493252, -1.8029581, 0.4664998
-0.91309947, -1.6945827, 0.45789623
-0.8761467, -1.6510186, 0.45922825
-1.0179688, -1.6865889, 0.4789418
-0.8508725, -1.7460744, 0.47034544
-0.77067614, -1.7689971, 0.4743589
-1.0479262, -1.7283223, 0.46306166
-0.71021694, -1.853256, 0.4696311
-1.058605, -1.7140405, 0.47246432
-0.74675727, -1.7720685, 0.47539338
-0.8147158, -1.7127788, 0.47458625
-0.810682, -1.7725861, 0.46836397
-0.8288326, -1.6463857, 0.45795763
-1.087379, -1.8744365, 0.46985227
-0.68782663, -1.7741643, 0.47066233
-0.90897524, -1.8742653, 0.46988338
-0.8890607, -1.7274662, 0.47083414
-1.0093495, -1.7848932, 0.4710805
-0.9287795, -1.8282795, 0.47341132
-1.0121077, -1.652546, 0.46531492
-0.8507769, -1.9461977, 0.46781346
-0.84965026, -1.6498889, 0.46599385
-0.94625384, -1.8831708, 0.4771885
-0.8345017, -1.6452647, 0.46735898
-0.8158976, -1.8695004, 0.46866715
-0.9528813, -1.6092069, 0.4699727
-0.9504021, -1.9274135, 0.4691691
-0.9783571, -1.791347, 0.45957363
-0.9888135, -1.7891489, 0.46999413
-0.93035394, -1.7507802, 0.46586502
-0.9680242, -1.6075325, 0.47086036
-1.0232472, -1.8505856, 0.45477802
-1.0308715, -1.6530135, 0.46117496
-0.8724694, -1.8912188, 0.4721049
-0.93262315, -2.02673, 0.46251753
-0.749879, -1.8157302, 0.4691145
-0.765344, -1.8104072, 0.46879858
-1.1264768, -1.7671784, 0.47031626
-0.9265642, -1.7940104, 0.4712587
-0.9316212, -1.6067032, 0.46923038
-1.0948198, -1.7541403, 0.48336226
-0.82883835, -1.8451478, 0.47254384
-0.92978305, -1.768379, 0.47158676
-0.971081, -1.8737524, 0.47236353
-0.98774624, -1.6333283, 0.46997532
-0.9687626, -1.8298136, 0.4662838
-0.97025687, -2.028316, 0.47042143
-0.948127, -1.7585516, 0.45711958
-1.0717764, -1.8917584, 0.47472703
-0.946385, -1.7457108, 0.48355377
-0.9363062, -1.7776389, 0.4591918
-1.0461736, -1.8940179, 0.4718451
-0.78971887, -1.7874982, 0.4749693
-0.9905494, -1.6897075, 0.46744776
-0.944685, -1.9752733, 0.45693812
-1.0692853, -1.8720566, 0.4714294
-0.8503524, -1.9685724, 0.47135514
-0.94783896, -1.6329904, 0.46752664
-0.69189346, -1.7887559, 0.4729441
-0.94713134, -1.7815844, 0.4587486
-1.0300549, -1.7371328, 0.48122987
-0.9337941, -1.7932606, 0.4587763
-0.8320952, -1.7763845, 0.48155984
-1.0822176, -1.8435804, 0.45974094
-1.0219773, -1.8057986, 0.45967922
-0.7127038, -1.7755406, 0.4686082
-0.8311787, -1.7195406, 0.45990652
-1.0709152, -1.8399704, 0.45937774
-0.671723, -1.808418, 0.46703196
-0.97376186, -1.7054093, 0.45684868
-0.87503624, -1.8349037, 0.45882568
-1.0129226, -1.8045808, 0.4573441
-0.9836375, -1.9168793, 0.4773321
-1.0533981, -1.8651075, 0.47420478
-0.9714829, -1.8297687, 0.4812797
-0.77277726, -1.7303919, 0.47073185
-0.80850524, -1.7077677, 0.45778012
-0.98791677, -2.005334, 0.46248507
-1.0390786, -1.8643839, 0.46796092
-0.81104505, -1.9274709, 0.46610248
-0.996244, -1.9696257, 0.45917112
-0.800676, -1.7577683, 0.45832643
-1.1542222, -1.813447, 0.45677212
-0.82709146, -1.7339098, 0.45410055
-0.8054927, -1.8142381, 0.46574795
-1.1190312, -1.8573217, 0.45837194
-1.0788814, -1.8153529, 0.4598229
-0.8806763, -1.7961347, 0.45896
-0.9613703, -1.8698816, 0.4570368
-0.90785515, -1.9344537, 0.4826095
-1.0363476, -1.6723973, 0.45551878
-1.0164301, -1.9000506, 0.46549895
-0.9789437, -1.732904, 0.48244208
-0.9541235, -1.8799162, 0.4596066
-0.8793846, -1.9587054, 0.45942837
-0.92978615, -1.8176876, 0.45798856
-1.0297904, -1.6521494, 0.45814896
-0.71251464, -1.8160357, 0.45900258
-0.9488927, -1.9950298, 0.45565978
-1.0051557, -1.8547843, 0.45912734
-0.87920386, -1.7537452, 0.45506725
-0.74710345, -1.7915704, 0.4589485
-0.8512187, -1.8048193, 0.45514148
-0.8948986, -1.5930414, 0.46950722
-0.7282131, -1.7313533, 0.46425352
-0.78309053, -1.8755068, 0.45764568
-0.7539792, -1.8332101, 0.46184862
-0.8302065, -1.9483088, 0.46886754
-0.8730096, -1.8905731, 0.45881188
-0.83747464, -1.6237705, 0.4564486
-0.934328, -1.9846897, 0.45970958
-0.88994265, -1.8070363, 0.46582818
-0.70939845, -1.7859416, 0.4710622
-0.8532794, -1.9057603, 0.45901394
-1.051654, -1.7448173, 0.45913893
-0.8307606, -1.8241262, 0.46504492
-0.9532437, -1.831127, 0.45998052
-1.1289792, -1.830618, 0.47004232
-0.9334321, -1.8253931, 0.45804062
-1.0314802, -1.8604819, 0.45912024
-1.1072094, -1.8079485, 0.45825467
-0.9971384, -1.8473679, 0.4597853
-0.9920553, -1.7027712, 0.47374728
-0.9161293, -1.8270262, 0.45748553
-0.73774284, -1.7810736, 0.45951858
-1.0780345, -1.8776925, 0.45894906
-1.0885701, -1.8474962, 0.47137678
-0.8319996, -1.7882414, 0.46261102
-1.0898347, -1.7612283, 0.4803096
-0.8490399, -1.6303629, 0.4715404
-0.88975567, -1.6576302, 0.45760936
-1.0102335, -1.902454, 0.4594111
-0.9093938, -1.7752995, 0.4740572
-0.87815917, -1.597306, 0.45566422
-0.97904325, -1.8488414, 0.45941213
-0.77839214, -1.7973673, 0.4807043
-0.97125304, -1.8707862, 0.48346812
-0.76792264, -1.9137866, 0.47644866
-1.0096387, -1.967544, 0.47178897
-0.8899876, -1.7318105, 0.48504272
-0.91597736, -2.0368493, 0.46528536
-0.7689999, -1.7500906, 0.4592768
-0.8132125, -1.6714103, 0.4686909
-0.8090171, -1.6697373, 0.45641854
-0.77327216, -1.9039645, 0.45903763
-0.9074956, -1.9869258, 0.46915093
-0.8679477, -1.5876791, 0.46842754
-1.1059685, -1.7110276, 0.46437663
-0.88820505, -1.8408532, 0.4803022
-0.8266785, -1.9674494, 0.46649885
-0.73039484, -1.8505956, 0.46957
-0.93364996, -2.04664, 0.46466854
-1.0003196, -1.9579041, 0.46461445
-0.92460287, -2.012899, 0.46781787
-0.8902525, -2.0071077, 0.4716199
-1.0542872, -1.6694932, 0.4654494
-0.8982565, -1.715331, 0.48132393
-0.8199229, -1.7716393, 0.4849279
-0.97106546, -1.9714749, 0.48070508
-0.85772306, -1.5502491, 0.46432787
-0.95136106, -1.6235394, 0.48104882
-0.93630236, -1.6109116, 0.45661008
-0.7700262, -1.8411711, 0.45812157
-0.88633746, -1.930886, 0.48255137
-1.0536649, -1.760031, 0.48384696
-0.81846476, -1.7493556, 0.4830578
-0.93760633, -1.7893623, 0.48454055
-1.0671164, -1.6946118, 0.4712729
-0.8303622, -1.8158579, 0.48301706
-1.0517375, -1.6983813, 0.4548893
-0.8263432, -1.9053389, 0.48449394
-0.8133033, -1.9737046, 0.47227523
-1.0943305, -1.7895043, 0.4638422
-0.9476865, -1.6099446, 0.45879477
-1.0060538, -1.9935659, 0.4738039
-0.8528117, -1.9885085, 0.4693886
-0.91361904, -1.9871044, 0.48121232
-0.99803543, -1.6748492, 0.4802451
-1.0668502, -1.8054, 0.48060915
-0.92575336, -1.7591672, 0.481078
-0.71018237, -1.8904166, 0.4776199
-0.7566586, -1.7667246, 0.45905396
-0.76950675, -1.8079338, 0.48159277
-0.9771883, -1.728055, 0.45817512
-0.9226782, -1.9891914, 0.48387724
-0.8518604, -1.5886154, 0.45994878
-0.77665025, -1.9203783, 0.4806684
-0.91331095, -2.0146656, 0.48368478
-0.8680496, -1.7270153, 0.45679325
-0.6954335, -1.758685, 0.46528485
-0.89104843, -1.7050992, 0.46724948
-0.84611124, -1.8365747, 0.48441112
-0.7977696, -1.6107684, 0.46117988
-0.8908676, -1.8644667, 0.472816
