1.8884519, -1.0911523, 0.032268267
1.8761586, -1.0743141, 0.023408407
1.8956726, -1.1029679, 0.043482922
1.8905375, -1.1059808, 0.069087215
1.9086097, -1.108479, 0.009560158
1.9128822, -1.1192517, 0.036569573
1.9065313, -1.1326011, 0.10796842
1.9360554, -1.1664197, 0.10845249
1.9623029, -1.1752298, 0.049766324
1.9888704, -1.2074938, 0.052798387
1.988549, -1.2314913, 0.11210087
1.9811144, -1.1967623, 0.047084965
1.9488745, -1.1587195, 0.044858214
1.9671419, -1.1694696, 0.014750329
1.9946066, -1.2084067, 0.023939602
1.982234, -1.1946464, 0.02455211
2.0039992, -1.2297196, 0.063929796
2.0064943, -1.2362269, 0.08699454
2.0077477, -1.222358, 0.026452562
2.0051587, -1.212151, -0.003824141
2.0305316, -1.2552367, 0.06478172
2.027838, -1.2507336, 0.049838133
2.0292573, -1.24588, 0.030295596
2.04863, -1.2698786, 0.047475714
2.0620513, -1.2853624, 0.04837469
2.0619812, -1.2890478, 0.060244102
2.0604877, -1.2699038, 0.016896654
2.0758057, -1.3075646, 0.07146557
1.9557741, -1.1891739, 0.110878535
2.0219584, -1.2390033, 0.02594662
1.9747585, -1.190873, 0.030086793
1.874289, -1.0825753, 0.058352146
1.9463192, -1.166081, 0.073539905
1.9687784, -1.1850374, 0.052116215
1.9705327, -1.1740133, -0.009403321
1.9730686, -1.2071713, 0.088061854
1.9911162, -1.2274069, 0.08787781
2.0407686, -1.2585931, 0.0252335
2.0495684, -1.2629905, 0.0055836546
2.0488434, -1.2786661, 0.062399648
1.9108512, -1.1280961, 0.0716952
1.9295762, -1.1350437, 0.0420841
1.8728545, -1.091832, 0.09280457
1.9540242, -1.1707942, 0.050370757
1.8653128, -1.0663475, 0.047685605
1.9520181, -1.151902, 0.01105299
1.9886976, -1.1898584, 0.011682188
2.0488605, -1.2951273, 0.11320229
1.9357021, -1.1478137, 0.046378523
1.9882565, -1.1911997, -0.0044587688
1.9299674, -1.1538585, 0.10947193
2.006848, -1.2268127, 0.0144638335
1.907188, -1.130222, 0.08705996
1.8571602, -1.0873039, 0.12860332
2.0526724, -1.2692393, 0.02754731
2.0014467, -1.2266362, 0.049717948
1.8524442, -1.06903, 0.09038631
1.8613533, -1.0795376, 0.11067714
2.0331688, -1.2642202, 0.078867495
1.8565247, -1.0691978, 0.058226094
1.9648918, -1.168614, 0.034045607
1.9188888, -1.1414436, 0.074458055
2.0282736, -1.2683046, 0.10675698
1.9858043, -1.2120838, 0.06581249
2.0518544, -1.2847885, 0.077317685
1.8924767, -1.0903268, 0.0056972713
2.0622485, -1.296679, 0.10106757
2.0202327, -1.2518183, 0.08091747
1.917844, -1.1437557, 0.110732555
2.070403, -1.3086443, 0.08574535
1.919604, -1.1409147, 0.08366178
1.9549851, -1.1801227, 0.078982666
1.9698926, -1.1939584, 0.08230777
