1.3512824, -1.3734516, 0.39245832
1.2897154, -1.4100704, 0.3909311
1.3249882, -1.3732264, 0.39681894
1.3084055, -1.3690155, 0.39625692
1.3281798, -1.3465189, 0.39806357
1.3678386, -1.3878127, 0.39177233
1.3718929, -1.372779, 0.3919155
1.3102038, -1.412027, 0.39111495
1.3311795, -1.3894217, 0.39609858
1.3281175, -1.4304303, 0.39164916
1.3168548, -1.4275719, 0.38980338
1.3535106, -1.3879609, 0.3902778
1.3474048, -1.382826, 0.37989312
1.3899269, -1.3453445, 0.3921218
1.3700925, -1.3512949, 0.4035554
1.393465, -1.3716913, 0.39178056
1.3459679, -1.3523651, 0.3970439
1.371512, -1.3323011, 0.401683
1.3132924, -1.3917989, 0.40430826
1.3684839, -1.3314447, 0.39221585
1.3309896, -1.3722844, 0.40411872
1.3468825, -1.3334806, 0.39417094
1.3707399, -1.3506987, 0.38715637
1.2675487, -1.3889827, 0.39505556
1.2873594, -1.3702297, 0.39616778
1.2924856, -1.4296051, 0.39168027
1.2677482, -1.3726704, 0.3956506
1.3070767, -1.4511511, 0.39397135
1.2843376, -1.3523437, 0.39514694
1.29129, -1.3484722, 0.40616426
1.392295, -1.3336467, 0.3916257
1.2531875, -1.3725554, 0.39339477
1.4124023, -1.3096395, 0.3898878
1.2702925, -1.348964, 0.39545307
1.2483047, -1.3495209, 0.40631184
1.2340103, -1.371242, 0.40494666
1.2861986, -1.3326261, 0.40387094
1.2723844, -1.3304145, 0.39680326
1.2851089, -1.3048208, 0.40560916
1.3262312, -1.4060798, 0.3927542
1.2708972, -1.3910632, 0.40467444
1.345776, -1.3304402, 0.40493625
1.3269566, -1.3506894, 0.40599737
1.3271478, -1.3289881, 0.4074746
1.3720504, -1.3062396, 0.39200225
1.2954491, -1.3696399, 0.40379843
1.3464123, -1.311197, 0.4077626
1.3478074, -1.2905651, 0.4053137
1.3111079, -1.3118316, 0.39472148
1.3124883, -1.3329526, 0.40489146
1.3490045, -1.2666808, 0.39349326
1.386919, -1.3500705, 0.4058335
1.3703644, -1.2844071, 0.39203233
1.3131151, -1.3854775, 0.39106348
1.2492508, -1.3093222, 0.40300593
1.3946835, -1.3353293, 0.40336323
1.3031734, -1.3008212, 0.40384847
1.3329673, -1.3112578, 0.39284515
1.4074374, -1.3314111, 0.39107305
1.3075078, -1.3454471, 0.39227298
1.3431723, -1.4362863, 0.38874733
1.329649, -1.3346844, 0.39270055
1.3158075, -1.3786668, 0.40253392
1.3291711, -1.4552493, 0.3847976
1.2335801, -1.3917232, 0.40420878
