2.4469125, -0.7328779, 0.56447893
2.403059, -0.7316986, 0.57017547
2.4531465, -0.71321553, 0.5773479
2.4105039, -0.7457919, 0.56895554
2.48739, -0.7682615, 0.5671241
2.3827872, -0.79105645, 0.56774205
2.4257824, -0.81444865, 0.5708836
2.409531, -0.83684134, 0.57110673
2.5066335, -0.826146, 0.56030554
2.4878774, -0.8246647, 0.57209224
2.456649, -0.78159213, 0.56455314
2.4478483, -0.82854843, 0.5719038
2.2976663, -0.909237, 0.5686205
2.2696722, -0.91223323, 0.5713096
2.2746072, -0.93587136, 0.5660988
2.2457726, -0.91137904, 0.5683625
2.3266342, -0.9085199, 0.56725276
2.3100886, -0.9307125, 0.56514853
2.248734, -0.94808275, 0.56406873
2.2142937, -0.9159883, 0.57373273
2.2465966, -0.9934584, 0.5657531
2.2284083, -0.99277496, 0.5730177
2.2147045, -0.9745981, 0.5717239
2.1931689, -0.9215429, 0.57712865
2.1909108, -0.9492161, 0.5691938
2.210982, -0.9916711, 0.57223433
2.1921093, -0.9950243, 0.5711236
2.1955335, -0.9738622, 0.5700729
2.172315, -0.9978605, 0.5700538
2.1693697, -0.95498604, 0.56595635
2.1917531, -1.0357114, 0.57298076
2.4119449, -0.77840376, 0.571434
2.3255918, -0.80456245, 0.57241046
2.242193, -0.9728742, 0.56974906
2.360132, -0.8021111, 0.56688374
2.2093515, -1.0311152, 0.57383657
2.423632, -0.82909906, 0.57701933
2.4329958, -0.7870223, 0.56444746
2.4127924, -0.7926355, 0.5630097
2.449491, -0.87474966, 0.5718852
2.1671462, -0.9264003, 0.5811041
2.5090814, -0.797456, 0.5676186
2.2519777, -1.0368899, 0.57093304
2.3732016, -0.82969797, 0.57540005
2.3968222, -0.84279126, 0.56645036
2.402215, -0.8175219, 0.57725805
2.2062972, -1.0081202, 0.57135934
2.4783154, -0.7441314, 0.5774688
2.2354436, -0.9299403, 0.57325375
2.4539776, -0.74789274, 0.5721067
2.149139, -0.9583042, 0.56593144
2.4043589, -0.8674681, 0.56497896
2.4901316, -0.8722319, 0.5653541
2.2075357, -0.93244946, 0.5763284
2.1661153, -1.0283867, 0.567387
2.4642234, -0.76776797, 0.5694749
2.4403896, -0.6938529, 0.578034
2.444412, -0.84441143, 0.5781009
2.4463444, -0.77383715, 0.56689525
2.2369082, -0.95901626, 0.57793754
2.2720423, -0.9470732, 0.5699413
2.4273472, -0.7283558, 0.57401586
2.2061675, -0.95010155, 0.5666235
2.5330172, -0.8211599, 0.55988383
2.3322637, -0.83877575, 0.5622137
2.1579504, -0.9833774, 0.5658289
2.231854, -1.0271287, 0.5714989
2.1694937, -1.0064373, 0.56195897
2.3071465, -0.8665836, 0.56949806
2.5280855, -0.8307078, 0.57464725
2.3682058, -0.9259661, 0.5635002
2.4372547, -0.70658, 0.56889933
2.269033, -0.987972, 0.5597155
2.3852625, -0.7287789, 0.5648929
2.2306893, -0.8517915, 0.57407504
2.4367492, -0.73065424, 0.5830606
2.3785138, -0.88406754, 0.55606616
2.2709236, -0.9849695, 0.5694066
2.1895866, -0.88114125, 0.56738156
2.271833, -0.89851004, 0.5637133
2.371164, -0.7619156, 0.57226396
2.390043, -0.8262931, 0.5710164
2.1989934, -0.90897757, 0.5680872
2.4687705, -0.7242867, 0.5686855
2.1654646, -1.0474434, 0.57744986
2.511957, -0.87112033, 0.56861484
2.5492475, -0.8601486, 0.57449436
2.3247218, -0.8905838, 0.5628052
2.39663, -0.8790734, 0.5583668
2.346869, -0.7900164, 0.5727327
2.3980756, -0.87836194, 0.5609115
2.5264533, -0.86518544, 0.5731674
2.4674015, -0.7250922, 0.5803063
2.457722, -0.70660824, 0.5873646
2.365776, -0.8451011, 0.5726079
2.2890804, -0.9649598, 0.5645002
2.276529, -0.8645585, 0.56589764
2.4880052, -0.8595263, 0.5640655
2.4964933, -0.78894633, 0.5885619
2.5283184, -0.85313094, 0.5615052
2.2693715, -0.96881914, 0.56985915
2.4463625, -0.8069991, 0.5787619
2.4333217, -0.7517991, 0.56537205
2.1456091, -1.0330654, 0.5658321
2.258977, -1.0332249, 0.55455464
2.2800934, -1.0232596, 0.55202043
2.1935759, -1.0079329, 0.5636932
2.1603954, -0.9805895, 0.58205354
2.1793323, -0.9772296, 0.5829184
2.2872672, -1.0771188, 0.54918253
