2.457072, -1.9086246, 0.36427087
2.468308, -1.9286122, 0.37045735
2.4418206, -1.9060717, 0.321561
2.4234233, -1.8858225, 0.33077726
2.461885, -1.9190305, 0.33056468
2.4752038, -1.9396207, 0.32550672
2.4425013, -1.9056613, 0.3874004
2.4489503, -1.921736, 0.3632233
2.469466, -1.9269775, 0.34386784
2.487458, -1.9557763, 0.3680368
2.4852793, -1.9423662, 0.32660434
2.4989996, -1.9703534, 0.34845927
2.4978678, -1.9717127, 0.37058055
2.477218, -1.9513273, 0.31938624
2.4282117, -1.8855903, 0.3532288
2.4494154, -1.9152889, 0.308159
2.4664867, -1.9287959, 0.31346276
2.440472, -1.8989673, 0.30455467
2.49093, -1.9518764, 0.30389118
2.4805367, -1.9437642, 0.29123536
2.5043342, -1.9857879, 0.3495614
2.5047479, -1.9868526, 0.36489075
2.516583, -1.9896218, 0.31307566
2.5090902, -1.990681, 0.33381212
2.5151777, -2.0090883, 0.32786983
2.4980435, -1.9705752, 0.27003795
2.4237776, -1.8895919, 0.27377564
2.502327, -1.9840639, 0.2738335
2.533858, -2.0169334, 0.34521788
2.526311, -2.0112815, 0.30991656
2.5209634, -1.9949089, 0.29527497
2.53711, -2.0262058, 0.35197678
2.534885, -2.0296438, 0.3702844
2.5117545, -2.00459, 0.29625332
2.546812, -2.0353415, 0.32784754
2.554718, -2.0515037, 0.31297714
2.543734, -2.028643, 0.2857477
2.5552537, -2.0506597, 0.3846303
2.5672975, -2.0544548, 0.3526244
2.5832105, -2.0867088, 0.35517636
2.5921812, -2.0909743, 0.33824158
2.6019511, -2.0970647, 0.32069498
2.4912293, -1.9570278, 0.27054098
2.499983, -1.9833492, 0.3297493
2.5526953, -2.0549715, 0.3314401
2.5613253, -2.063019, 0.29429892
2.608607, -2.1176918, 0.31193063
2.502366, -1.9700631, 0.33488053
2.447115, -1.9116486, 0.2906464
2.498584, -1.9630733, 0.31832126
2.503275, -2.000468, 0.3483863
2.5698845, -2.069734, 0.37672094
2.4718342, -1.9506679, 0.32283223
2.4296136, -1.8889554, 0.2907162
2.4361272, -1.8996786, 0.31533864
2.4539464, -1.9075531, 0.34922618
2.5722957, -2.0751922, 0.3414852
2.4593227, -1.9361386, 0.34385505
2.5221345, -2.00757, 0.4059851
2.4788117, -1.9490272, 0.38426358
