-0.045988727, -1.0510027, 0.088185064
-0.06990759, -1.0693526, 0.10791438
-0.033940345, -1.0463413, 0.10638592
-0.02666367, -1.0345397, 0.10993721
-0.09240969, -1.089794, 0.13311583
-0.009632274, -1.026078, 0.15017287
0.006729203, -1.0137336, 0.10817177
-0.0110217845, -1.0333357, 0.170053
0.055639245, -0.96860486, 0.088023745
0.053792287, -0.97265375, 0.07134367
0.087239034, -0.9483621, 0.1306216
0.08712329, -0.9477291, 0.1057082
0.024571206, -1.0033206, 0.055296294
0.11275214, -0.92739695, 0.11080963
0.1086142, -0.92729694, 0.063810386
0.108826034, -0.9278947, 0.09055399
0.1460059, -0.90478617, 0.09294776
0.15144642, -0.8962193, 0.12975587
0.14327992, -0.903932, 0.07167872
0.14335614, -0.9030885, 0.045384936
0.17058608, -0.8819128, 0.09606692
0.16811094, -0.88352334, 0.06755803
0.20935221, -0.8491819, 0.110184185
0.22999194, -0.8303957, 0.0884884
0.2321847, -0.8284794, 0.048586324
0.25518698, -0.80874616, 0.06763962
0.28579396, -0.78542346, 0.049820654
0.29023343, -0.7837714, 0.08934654
0.2766305, -0.7924037, 0.08940334
0.31053257, -0.76774883, 0.09138767
0.30604893, -0.7719615, 0.110228136
0.36813027, -0.7276817, 0.13155986
0.40688056, -0.6913797, 0.12826215
0.38315424, -0.7080237, 0.049116883
0.43074954, -0.67254096, 0.13123295
0.41361794, -0.6855877, 0.04590025
0.44549975, -0.66316146, 0.093577504
0.4463022, -0.6636677, 0.063579574
0.4677359, -0.64531195, 0.15043962
0.4549927, -0.6535511, 0.06724965
0.1294052, -0.9120224, 0.10867777
-0.032159455, -1.0478501, 0.046147346
0.44688436, -0.665066, 0.12926899
0.11198105, -0.9274814, 0.055625137
0.43088296, -0.66927755, 0.048369847
0.032023847, -0.9908477, 0.09099174
0.15233383, -0.89327717, 0.09036585
0.12341316, -0.92054147, 0.07727327
0.20952798, -0.8474657, 0.092927925
0.010375249, -1.0103877, 0.09457932
0.12148932, -0.9225062, 0.045624606
-0.0450532, -1.0490606, 0.070414804
0.0861288, -0.9432832, 0.04861649
0.23110968, -0.8297215, 0.11187582
0.40969938, -0.6886577, 0.074444026
0.25032374, -0.8144583, 0.1284922
0.38725704, -0.70714045, 0.08717633
0.36114097, -0.73179096, 0.01472308
0.20958209, -0.8468201, 0.06786627
0.3468031, -0.74185264, 0.112222925
0.26436275, -0.80309224, 0.112933986
-0.0758289, -1.0829813, 0.1385878
0.26586953, -0.80326325, 0.06978338
0.2526802, -0.81278646, 0.087479554
0.42238176, -0.68216723, 0.05869326
0.40757704, -0.69031817, 0.11164847
0.4475467, -0.6631337, 0.04606243
0.37259609, -0.7178684, 0.06736348
-0.09407077, -1.0906111, 0.070110664
-0.0921854, -1.0899061, 0.1509143
0.1298446, -0.910322, 0.05207707
-0.08170863, -1.0745009, 0.076610774
0.16523986, -0.8845593, 0.10954037
0.1872189, -0.8647831, 0.08714925
0.38914663, -0.70579904, 0.067478605
0.35512847, -0.72934335, 0.06772396
0.26538616, -0.8022259, 0.048401624
0.49043015, -0.62772346, 0.043162607
-0.008221299, -1.0266002, 0.106138505
-0.053775404, -1.0640484, 0.109699965
-0.032786023, -1.0437127, 0.07432053
-0.009508838, -1.0282671, 0.068802
0.32270113, -0.76175195, 0.05762885
0.27415052, -0.796159, 0.12603775
0.293587, -0.77851224, 0.054876626
0.02166134, -1.0062234, 0.13051216
0.054036107, -0.9695317, 0.1082779
0.4694499, -0.6418732, 0.105471425
0.18737583, -0.86501473, 0.048491925
0.46465367, -0.6475606, 0.06605581
0.4678167, -0.64568824, 0.09282102
0.43094897, -0.6728048, 0.069098026
0.48323387, -0.6279663, 0.1334828
0.23227184, -0.8274263, 0.07407108
0.21174371, -0.84702754, 0.13085741
0.43470168, -0.6679753, 0.090907276
0.34076205, -0.74638176, 0.09616127
-0.08646135, -1.0901045, 0.16942386
0.13004032, -0.9125522, 0.08861981
0.009271168, -1.0107609, 0.067595236
0.11132861, -0.9263817, 0.1356336
0.35273015, -0.73498154, 0.04725256
0.25142998, -0.81393826, 0.04749671
0.50137854, -0.62215424, 0.04873997
0.34346765, -0.74431115, 0.03306204
0.24346943, -0.82247883, 0.042965762
-0.0685553, -1.0693339, 0.09015107
0.45229164, -0.6539726, 0.108214095
-0.048023235, -1.0546609, 0.131596
0.26480633, -0.80349267, 0.12767762
0.26752383, -0.8023984, 0.09334096
0.2471202, -0.82101417, 0.07676256
0.31034133, -0.76884514, 0.07057462
-0.012283128, -1.0304203, 0.08820275
0.4725759, -0.6425346, 0.04865338
-0.025243387, -1.0347693, 0.047076818
0.27286756, -0.79626197, 0.04879012
0.2444033, -0.82211286, 0.109389424
0.46445587, -0.6436939, 0.030166574
0.24819233, -0.81544596, 0.116166405
0.086951226, -0.94645536, 0.072536826
0.1314325, -0.9121227, 0.13183843
0.2892049, -0.7846178, 0.07027859
0.075599775, -0.9541219, 0.05256825
-0.05120723, -1.0636159, 0.049182262
-0.07019439, -1.0688114, 0.13150921
0.12973398, -0.9115943, 0.0712309
-0.05505922, -1.0658414, 0.12944783
0.28996035, -0.78365654, 0.113735065
0.36718798, -0.7246239, 0.0461439
0.3650401, -0.73078334, 0.06108928
0.1526926, -0.89522076, 0.07283356
0.18754534, -0.86706054, 0.07067472
0.33468866, -0.74911696, 0.07003619
0.45230126, -0.6548312, 0.048394263
0.09502598, -0.9356243, 0.1337664
0.09246345, -0.9370883, 0.107080504
0.0513681, -0.97577524, 0.13165677
-0.0733271, -1.0831541, 0.06451719
0.04586378, -0.981848, 0.08578156
-0.088705294, -1.0882753, 0.10863227
0.17498651, -0.87309706, 0.08996044
0.04344438, -0.98115796, 0.11379595
0.33656788, -0.74718684, 0.04487811
0.15135099, -0.89374506, 0.10644195
0.12304098, -0.92077726, 0.13498051
-0.07005897, -1.0691668, 0.07020079
-0.035042647, -1.0429896, 0.09217061
0.3516735, -0.733136, 0.111450106
0.44285312, -0.66578895, 0.11235688
0.008843784, -1.0129994, 0.05161506
0.37244862, -0.71223426, 0.029663814
-0.05752067, -1.0638411, 0.03575391
0.022166904, -1.0058467, 0.09344946
0.5058748, -0.6203058, 0.0650782
0.32234174, -0.76064616, 0.027960934
0.4423201, -0.6667941, 0.031323254
0.05242249, -0.9756562, 0.14708255
0.32431242, -0.7605845, 0.06106994
0.12185464, -0.9246182, 0.09759222
0.2971026, -0.7761072, 0.06902398
0.38983852, -0.70566624, 0.107817814
0.17426145, -0.8749969, 0.06862489
0.15280539, -0.8954756, 0.15417604
0.046741247, -0.98218274, 0.07174702
0.50258905, -0.6250129, 0.08566872
-0.110955715, -1.1134238, 0.10533554
0.0069564874, -1.0150942, 0.13012142
-0.05709293, -1.0667477, 0.075259924
0.42176208, -0.6814853, 0.069054574
0.14489433, -0.9019921, 0.13025029
0.030492166, -0.98969924, 0.06653112
0.4509442, -0.6541816, 0.1269133
0.44787562, -0.6602029, 0.0127146505
-0.050942283, -1.0663111, 0.08813157
0.14390507, -0.90148956, 0.10818936
0.395827, -0.69581324, 0.04683274
0.24950089, -0.8102509, 0.029091228
-0.07954533, -1.081861, 0.10862276
0.07115964, -0.96107805, 0.115132004
0.0011335618, -1.0239613, 0.08720802
-0.003345236, -1.014793, 0.16716865
0.4665374, -0.6476425, 0.12900954
-0.02654266, -1.0355946, 0.13094202
0.1656604, -0.8833, 0.12984225
0.24382557, -0.8216753, 0.08350764
-0.07827061, -1.0848083, 0.08862084
0.075647116, -0.95368046, 0.11650519
-0.064807095, -1.0687262, 0.15424345
0.02562249, -1.0051469, 0.11892973
0.17460057, -0.8758135, 0.13330595
0.070549436, -0.9647911, 0.07455653
0.4558271, -0.6508976, 0.09254292
0.040922116, -0.9883964, 0.038939483
0.33484823, -0.7495005, 0.09256995
0.03614648, -0.9900164, 0.14961743
0.06627143, -0.9647242, 0.053154316
0.3761119, -0.71619403, 0.10838778
0.34408092, -0.74523497, 0.058580637
0.42129782, -0.68047, 0.12525453
0.34346566, -0.7445401, 0.12964226
0.090700805, -0.94542444, 0.15195979
0.17595038, -0.8732507, 0.10614747
0.19210592, -0.8630162, 0.015982624
0.39382932, -0.6971695, 0.0800011
-0.025494676, -1.0357432, 0.06763226
0.19746111, -0.8589897, 0.10330353
0.47676286, -0.63329226, 0.08959408
0.113755494, -0.9199308, 0.12464327
0.11608275, -0.9196793, 0.1474988
-0.07069211, -1.0705532, 0.048449066
-0.10419533, -1.0986308, 0.082654975
0.08637154, -0.94645154, 0.09686602
0.19472003, -0.8566311, 0.09315032
0.4838671, -0.6320428, 0.06725736
