2.3279848, -3.967134, 1.310209
2.3304615, -3.9689298, 1.3296824
2.327379, -3.9658277, 1.2922065
2.2938395, -3.9975317, 1.3338646
2.3462555, -3.9565284, 1.3163944
2.3315365, -3.9731946, 1.3512278
2.34635, -3.9581518, 1.3525071
2.386223, -3.9236543, 1.2905107
2.3869438, -3.9244838, 1.308537
2.3686643, -3.9339714, 1.3078109
2.3898444, -3.9281824, 1.3444225
2.3884864, -3.926468, 1.326462
2.2955241, -4.003574, 1.3539394
2.2968285, -4.007144, 1.3723412
2.2980218, -4.001263, 1.2972176
2.329885, -3.9732537, 1.393204
2.3886778, -3.9178455, 1.3702847
2.2954216, -4.00587, 1.3905674
2.2540338, -4.0308666, 1.306947
2.2210765, -4.0676765, 1.3103496
2.220346, -4.068451, 1.3285137
2.195404, -4.0686035, 1.335958
2.193313, -4.077618, 1.2892332
2.196142, -4.0840993, 1.3160087
2.2050743, -4.085623, 1.290207
2.1961598, -4.077315, 1.3121432
2.2039504, -4.0756435, 1.3168731
2.1946228, -4.0913854, 1.3291538
2.2093205, -4.0713234, 1.3682499
2.1958017, -4.0727563, 1.3511775
2.194637, -4.0843267, 1.3524281
2.1963253, -4.0884323, 1.3708488
2.1936724, -4.0761867, 1.3638314
2.19901, -4.0898943, 1.3901266
2.2068994, -4.0730667, 1.4317073
2.2642508, -4.0396986, 1.37348
2.217352, -4.069535, 1.3830383
2.3684688, -3.9341898, 1.3935212
2.20582, -4.083263, 1.3891647
2.348204, -3.9550142, 1.4069723
2.3890805, -3.9264112, 1.3942795
2.2100239, -4.0610247, 1.4107722
2.2656314, -4.0411053, 1.3551801
2.1927423, -4.072279, 1.4078639
2.192149, -4.0856433, 1.4255773
2.2402666, -4.0577602, 1.3547239
2.2237265, -4.0677247, 1.3467827
2.246882, -4.043607, 1.3343903
2.2317562, -4.0435524, 1.2858607
2.2546377, -4.0428042, 1.2777756
2.1627796, -4.122658, 1.4218817
2.25, -4.0471983, 1.4048855
2.1521897, -4.108782, 1.3475454
2.2568545, -4.047792, 1.2955706
2.2329795, -4.046896, 1.3105747
2.3815057, -3.935403, 1.3719847
2.4189508, -3.89068, 1.3955951
2.1544082, -4.1112146, 1.3665457
2.4268527, -3.9008462, 1.4130065
2.236451, -4.0507264, 1.3736029
2.3843348, -3.9448187, 1.3540822
2.1212044, -4.136336, 1.3641727
2.4242175, -3.8912823, 1.3307905
2.4269083, -3.8937917, 1.4282705
2.247859, -4.0390453, 1.3509257
2.2466033, -4.03877, 1.3691036
2.2315304, -4.0471487, 1.3905002
2.12559, -4.1417317, 1.3455523
2.1896276, -4.0782905, 1.4362516
2.237105, -4.0547347, 1.3349442
2.427926, -3.895569, 1.3746774
2.4259322, -3.893252, 1.3517122
2.443688, -3.8907108, 1.3265727
2.4344094, -3.8791919, 1.3786917
2.3331242, -3.9834712, 1.3711616
2.3071015, -3.9898148, 1.3515284
2.346013, -3.9702852, 1.373821
2.3716338, -3.9315143, 1.2851127
2.4283853, -3.8749871, 1.28898
2.308726, -3.9916759, 1.3742423
2.4005299, -3.923118, 1.4075156
2.1752741, -4.0974565, 1.3332003
2.1290781, -4.1145477, 1.3416806
2.1348586, -4.1213107, 1.3229709
2.1715374, -4.0928926, 1.4303128
2.3074586, -3.9911866, 1.4105039
2.306226, -3.9976668, 1.304
2.3068118, -4.0031, 1.3258256
2.3936915, -3.9133823, 1.3900539
2.4428198, -3.8883069, 1.3629408
2.4433503, -3.8896427, 1.344756
2.397008, -3.9166048, 1.3174963
2.394564, -3.913911, 1.3538967
2.3042305, -3.9871254, 1.4288146
2.3946354, -3.9136765, 1.3358384
2.1570094, -4.10669, 1.3928175
2.1742282, -4.0943017, 1.3152348
2.402267, -3.923498, 1.298744
2.128098, -4.1420302, 1.3089776
2.4594302, -3.832435, 1.3891555
2.1574588, -4.1102314, 1.4321564
2.177984, -4.091846, 1.3909371
2.1725364, -4.1140604, 1.3470446
2.3590925, -3.925207, 1.4152849
2.3100939, -3.994345, 1.3921942
2.1567461, -4.108296, 1.4108869
2.1711292, -4.1107316, 1.3647326
2.179513, -4.0908947, 1.363745
2.1460166, -4.1289806, 1.3061856
2.3237162, -3.9726052, 1.4281116
2.1868613, -4.1003027, 1.3448594
2.3285165, -3.9703393, 1.2796978
2.1670647, -4.106224, 1.3832422
2.3116863, -3.9748077, 1.3143598
2.4261286, -3.8891869, 1.3910545
2.3111086, -3.9746895, 1.3324702
2.1907892, -4.102019, 1.3081938
2.4077637, -3.9092696, 1.330554
2.4089255, -3.9098434, 1.4118192
2.1706176, -4.125684, 1.3120137
2.2733984, -4.020351, 1.3578631
2.4088464, -3.911036, 1.28966
2.4041324, -3.9041014, 1.3490398
2.3720443, -3.9534593, 1.329441
2.361519, -3.9458644, 1.2898002
2.144127, -4.1257477, 1.3724208
2.4048986, -3.9054935, 1.3127968
2.234898, -4.063184, 1.3653433
2.2726314, -4.019724, 1.3760515
2.1425974, -4.1267505, 1.3484273
2.3706808, -3.9361978, 1.3289549
2.3924775, -3.8909144, 1.4349954
2.3570118, -3.9422755, 1.3715838
2.3651357, -3.951866, 1.3164921
2.1474817, -4.125676, 1.3268266
2.405745, -3.9061263, 1.3669425
2.4153137, -3.924168, 1.3789222
2.412112, -3.9144487, 1.3934777
2.1472993, -4.1282687, 1.3961712
2.29364, -3.9920428, 1.2853901
2.1466143, -4.1297174, 1.4143012
2.3308058, -3.9880743, 1.3505828
2.2831345, -4.0230017, 1.3677948
2.4303164, -3.894003, 1.4080911
2.1164124, -4.1321836, 1.4008194
2.2400453, -4.047702, 1.3198687
2.2481449, -4.06191, 1.3552128
2.462441, -3.8624458, 1.28038
2.23485, -4.0388293, 1.3024436
2.462454, -3.8613892, 1.3708047
2.4274101, -3.8905094, 1.2884569
2.4549701, -3.8692644, 1.3507688
2.4619474, -3.860513, 1.3888996
2.3310714, -3.9834998, 1.3230438
2.4502535, -3.8626149, 1.371546
2.1665454, -4.095183, 1.2930598
2.4179175, -3.8902178, 1.2877196
2.4268785, -3.8892748, 1.3105911
2.4539146, -3.8670294, 1.3915064
2.334437, -3.9869597, 1.4109428
2.2930093, -3.9935584, 1.3710223
2.431911, -3.9008994, 1.3596047
2.3731716, -3.945661, 1.3737563
2.4169855, -3.8789663, 1.429781
2.4326062, -3.9009893, 1.3709966
2.387648, -3.929848, 1.2799183
2.294167, -3.996384, 1.3889353
2.1679013, -4.120721, 1.3322847
2.3918605, -3.9301236, 1.4121349
2.3038778, -4.0061293, 1.3155929
2.1284006, -4.144485, 1.3270693
2.1569965, -4.101378, 1.3155868
2.2861295, -3.9879572, 1.443595
2.1881952, -4.076666, 1.3892893
2.2641196, -4.0319624, 1.3924668
2.3203647, -3.9682925, 1.3785383
2.2540898, -4.0517735, 1.3864211
2.3525817, -3.9685025, 1.3880403
2.1981456, -4.0910673, 1.4143271
2.2309988, -4.047384, 1.4086137
2.291772, -3.9970138, 1.309612
2.470639, -3.847654, 1.3521079
2.1231453, -4.131809, 1.2915844
2.131065, -4.120487, 1.3594166
2.2725286, -4.0152082, 1.4085783
2.387041, -3.923207, 1.4305763
2.2938213, -4.0035577, 1.4240742
2.1395497, -4.1252193, 1.3849812
2.11934, -4.1351523, 1.3824569
2.399261, -3.91904, 1.2810136
2.1811552, -4.100274, 1.4177068
2.359576, -3.9275403, 1.2890064
2.3233817, -3.9719405, 1.4085319
2.1272855, -4.116989, 1.377807
2.2036612, -4.0812955, 1.2723336
