2.0673218, -0.069859385, 1.2928909
2.0912225, -0.095229276, 1.3297399
2.0529885, -0.04610779, 1.3319837
2.0574312, -0.056905597, 1.3198392
2.0943055, -0.10582914, 1.3285441
2.076265, -0.06553004, 1.3768166
2.0894694, -0.08908557, 1.3454151
2.0501451, -0.045191724, 1.3456668
2.0332005, -0.025216118, 1.2612603
2.0696554, -0.06550284, 1.3899133
2.054548, -0.04163596, 1.41288
2.04586, -0.03468291, 1.2499009
2.0267243, -0.0055376585, 1.2275789
2.0075395, 0.0067155766, 1.249369
2.0287685, -0.011199023, 1.3894646
2.0453444, -0.031735357, 1.4500777
2.0515652, -0.03520595, 1.428859
2.0371525, -0.020645967, 1.448875
2.059703, -0.061348863, 1.2060022
2.0344868, -0.027518816, 1.1907885
2.004746, 0.025039323, 1.2698134
1.9862047, 0.032691326, 1.2941458
2.0893817, -0.09013671, 1.4481457
2.108957, -0.109569, 1.411118
2.010074, 0.01410724, 1.43249
2.0316722, -0.00645471, 1.4663955
2.0511796, -0.04491719, 1.1656408
2.0594602, -0.071212515, 1.1925511
2.015106, 0.008860807, 1.3126156
1.9782591, 0.048894126, 1.3126982
2.0154953, 0.013542986, 1.3280326
1.9933745, 0.0327157, 1.3318726
1.9857148, 0.048960607, 1.3274024
2.004434, 0.02134179, 1.3298844
2.116677, -0.12803754, 1.391
1.9909464, 0.038232505, 1.4714321
2.0049655, 0.027005337, 1.4510503
2.0121744, 0.006497646, 1.4900624
2.0130796, 0.011762843, 1.504745
1.99331, 0.029637482, 1.3509455
1.9709777, 0.06810114, 1.3316522
1.9926656, 0.048213452, 1.3737042
1.9745816, 0.052246094, 1.4887508
2.0076952, 0.02843222, 1.5280502
1.9918349, 0.034394525, 1.5334499
1.9514283, 0.08911453, 1.3673879
1.9516203, 0.088587426, 1.3895445
1.982543, 0.053548217, 1.3854468
1.9737104, 0.057410426, 1.3922676
1.96658, 0.0691308, 1.4120511
1.9562609, 0.07528314, 1.534686
1.989773, 0.0529313, 1.5667273
2.1128597, -0.116335236, 1.1126333
2.1103854, -0.11196321, 1.0666502
2.0962396, -0.106474064, 1.1330291
1.9525151, 0.08958397, 1.5458047
2.1046157, -0.11360988, 1.1263214
2.0937924, -0.10579293, 1.1441492
1.9678044, 0.06971349, 1.3941326
2.0040112, 0.03487373, 1.4664844
1.989999, 0.048307583, 1.5516945
2.0924969, -0.091923624, 1.1525455
2.0945985, -0.09267768, 1.2518318
2.1025403, -0.110512435, 1.2290071
2.091746, -0.108525634, 1.3668027
2.0092144, 0.025083082, 1.552708
1.9887378, 0.046607655, 1.5908065
2.0766788, -0.069669984, 1.4117086
1.9782829, 0.05376666, 1.6089431
2.0047753, 0.025853753, 1.5657812
1.9662781, 0.06666659, 1.5846193
2.0161047, 0.008549256, 1.5307602
1.9396521, 0.10226464, 1.5785509
2.0154886, -0.0028637245, 1.5228782
2.056253, -0.044249006, 1.4531856
2.031134, -0.008476432, 1.5112761
1.9924996, 0.0359215, 1.5848589
2.0343812, -0.02633158, 1.4884079
1.9711244, 0.06473346, 1.6131997
2.1150162, -0.13408947, 1.3139455
2.0915217, -0.09095869, 1.372034
2.1080067, -0.109519, 1.3502476
1.9932687, 0.03068351, 1.5724863
2.0468664, -0.03165092, 1.4723647
2.0310647, -0.009475378, 1.5694499
1.9703789, 0.064180024, 1.6260887
2.0927424, -0.10265027, 1.1086075
1.9765823, 0.05769001, 1.3641814
2.1127675, -0.12865761, 1.3261383
2.0783062, -0.086105704, 1.0970876
2.0595708, -0.046871375, 1.5536001
2.0731962, -0.07285257, 1.1055174
2.017169, -0.014755796, 1.248523
2.0478442, -0.03831614, 1.2375199
2.104851, -0.1107709, 1.0894064
2.0696216, -0.065470316, 1.4247823
2.0586605, -0.0628809, 1.1735187
2.0245488, -0.009349299, 1.2888682
1.9755558, 0.049132816, 1.3486141
2.0305333, -0.023919323, 1.2313017
2.049704, -0.033353884, 1.2102948
2.0913606, -0.09156376, 1.4686131
2.0903246, -0.08364034, 1.4925735
2.116183, -0.11900854, 1.335341
2.077963, -0.08503209, 1.130915
2.079205, -0.06871677, 1.1497378
1.9983841, 0.014261253, 1.2637398
2.0346284, -0.032117564, 1.2535384
2.1143365, -0.12711574, 1.028597
2.0993352, -0.124458835, 1.0387911
2.0137992, 0.004793731, 1.2743772
2.0279562, -0.009144336, 1.2502226
2.0097032, 0.011523219, 1.2848383
2.0690699, -0.07141351, 1.1889229
2.1045618, -0.109554745, 1.4690458
2.109884, -0.11481009, 1.4519699
2.0501513, -0.042577755, 1.5711513
2.0306735, -0.012966742, 1.6132582
2.0040798, 0.026349632, 1.3082545
2.0541756, -0.035845008, 1.5730588
2.0855205, -0.09024171, 1.127244
1.9469266, 0.075143225, 1.6028193
2.0770316, -0.07437192, 1.5161724
2.0754805, -0.071432084, 1.5920444
2.0825822, -0.087496415, 1.5106351
2.108201, -0.11115052, 1.5315416
2.088007, -0.084061526, 1.5841436
2.1097012, -0.12255421, 1.5303555
1.9709918, 0.06926724, 1.3735048
1.9448018, 0.10755338, 1.436392
2.0889812, -0.09061475, 1.073556
2.0728352, -0.06705432, 1.5284828
2.0713181, -0.06755945, 1.1653471
2.112028, -0.1280573, 1.068473
2.0901308, -0.09007795, 1.0889678
1.9460359, 0.09024059, 1.4475728
2.0953822, -0.10419532, 1.0695989
1.9517987, 0.088878445, 1.4345375
2.051993, -0.04899667, 1.190356
1.9961958, 0.032500856, 1.316543
1.9441512, 0.104178496, 1.456215
2.1357756, -0.14866742, 1.2510663
2.072575, -0.06763728, 1.3520144
2.0559452, -0.05176027, 1.3720285
2.1285179, -0.14478913, 1.0447687
2.0765944, -0.0867162, 1.3260285
1.967898, 0.070950806, 1.5257834
2.0491834, -0.02722732, 1.4108087
1.9457868, 0.07780738, 1.5747696
1.9565703, 0.07539521, 1.3606461
2.0940397, -0.105221905, 1.4813298
2.0510056, -0.030767903, 1.5909331
2.1076772, -0.10969472, 1.3103564
2.052931, -0.04212248, 1.2019591
1.9665663, 0.0710361, 1.3483012
1.98992, 0.047740553, 1.3514384
2.086857, -0.09108147, 1.3111917
2.0035508, 0.030323306, 1.2839168
1.9854218, 0.054799207, 1.5297151
2.1334257, -0.14428116, 1.4182075
1.974847, 0.069392815, 1.5511906
2.0450287, -0.032308817, 1.3962741
2.0992281, -0.10995165, 1.0934489
2.1119635, -0.12755957, 1.251791
2.0090175, 0.027627984, 1.4898014
1.9492459, 0.103025585, 1.6067172
2.0982726, -0.1230614, 1.2683158
2.0096147, 0.010093437, 1.4680598
2.0244427, -0.012344181, 1.434464
1.990226, 0.036806747, 1.5087614
1.9476129, 0.10712773, 1.5697018
2.0323858, -0.0061080568, 1.6278652
1.9490222, 0.09000909, 1.593254
1.9708532, 0.05622016, 1.4031612
1.9260317, 0.11018047, 1.3314279
2.06494, -0.05187282, 1.3291231
2.061774, -0.04702537, 1.2271206
2.0684454, -0.050680798, 1.4092617
1.9945894, 0.03343643, 1.3699393
1.9877428, 0.045381583, 1.309277
2.0612679, -0.057853386, 1.1746119
2.066743, -0.05786243, 1.4326377
2.0902722, -0.0869765, 1.1711926
2.0672674, -0.049736857, 1.5526842
2.0730476, -0.056474708, 1.3603888
2.0652707, -0.048944302, 1.1867812
2.113896, -0.14125644, 1.0560215
2.0667222, -0.0520739, 1.5693252
2.047883, -0.027337972, 1.2685585
2.0638242, -0.057022166, 1.4953551
2.1038477, -0.11263507, 1.2728813
2.015176, -0.0074359253, 1.3093183
1.9299731, 0.10586148, 1.4072806
2.0723014, -0.06748377, 1.2068888
1.9436569, 0.109595075, 1.4723784
1.951263, 0.087195575, 1.4663677
1.9352312, 0.116145134, 1.4919155
1.956406, 0.073007494, 1.2493954
1.9748363, 0.0492225, 1.231123
1.9738367, 0.04959527, 1.2119234
1.9648798, 0.06844254, 1.2324915
1.9546365, 0.07245579, 1.203846
1.98951, 0.042211257, 1.1936722
1.9943429, 0.03684786, 1.1471637
2.002923, 0.028262625, 1.1691861
2.012968, 0.0081644235, 1.1517016
1.9980311, 0.017754301, 1.1594571
1.9886976, 0.028186794, 1.1360538
2.019296, -0.004535122, 1.1136851
2.0240676, -0.014834269, 1.1077213
1.9931376, 0.015031918, 1.0924857
2.0365162, -0.022775115, 1.0912848
2.0464215, -0.03362853, 1.0729324
2.0524585, -0.05156896, 1.0542648
2.0481389, -0.04901953, 1.0303729
2.04244, -0.035292663, 1.0313011
2.0620022, -0.05061982, 1.0065818
2.057152, -0.06396493, 1.027394
2.0886092, -0.092015624, 0.98560005
2.087439, -0.08883774, 0.9497044
2.1090355, -0.10857824, 0.9439634
2.0911796, -0.09453161, 0.97168833
2.097649, -0.10768345, 0.95289314
2.1104474, -0.11353748, 0.9338042
2.1147568, -0.12434624, 0.89422005
2.0069304, 0.011661364, 1.0072925
2.1083376, -0.107237026, 1.491662
2.0238295, -0.01067241, 0.97194713
1.9701456, 0.051457915, 1.1742328
1.9928873, 0.030543642, 1.1113292
1.9723618, 0.049961023, 1.1486938
2.031365, -0.018291231, 1.056073
1.9862219, 0.048209704, 1.48915
1.953339, 0.08454846, 1.6110425
2.0024345, 0.02595963, 1.3503875
2.0051024, 0.0102305645, 0.9686272
1.9880335, 0.031323176, 0.9892105
2.1139328, -0.1278922, 1.4628825
2.0579956, -0.046089195, 1.5928956
2.045874, -0.028839927, 1.0446452
2.0528238, -0.041828312, 1.6005521
2.0453036, -0.030909255, 1.007313
2.0544686, -0.03387183, 1.6083
1.9818307, 0.05040224, 1.0297143
2.0144513, -0.012729063, 1.0345635
1.9759986, 0.038055383, 0.985628
2.0072699, 0.020795241, 1.010688
2.0077229, 0.008241026, 1.0728129
2.0712001, -0.06855865, 1.5647433
2.0098553, 0.0123006245, 1.1109289
2.00177, 0.024150513, 0.98932326
1.973453, 0.05116807, 1.0702591
2.0173688, -0.008032054, 1.049166
2.0978546, -0.107903, 0.9221652
2.117603, -0.13386755, 1.453728
2.0509953, -0.04691752, 0.9856127
1.9453263, 0.08977926, 1.2101146
1.993537, 0.027740508, 1.0293458
2.071, -0.06367768, 0.95422083
2.1063714, -0.119397886, 0.90447843
2.0772278, -0.06857631, 1.5548297
1.9708687, 0.06635576, 1.153115
2.0934541, -0.10470504, 1.5010142
2.0763342, -0.073351584, 0.96881324
2.0887132, -0.09248255, 1.5285965
2.0289679, -0.025506187, 1.0268285
2.0966573, -0.09432708, 0.93366754
2.0569005, -0.050280463, 1.389785
2.026866, -0.011706438, 1.0671036
1.9913931, 0.033945464, 0.968856
2.1124763, -0.11509932, 1.295603
2.0697863, -0.06653043, 0.98894525
1.9849586, 0.052812394, 1.0119598
2.0092435, 0.008024687, 0.98996466
1.9689041, 0.06831017, 1.1697783
2.0046756, 0.024929674, 0.9682215
2.0140073, 0.0080462005, 1.0956106
1.9886328, 0.029202089, 1.0121843
1.9302806, 0.110393845, 1.5111953
2.0182104, -0.004329315, 1.0830566
2.0763004, -0.08881753, 0.91629994
2.0922356, -0.11293131, 0.91522515
2.0543582, -0.045027908, 1.013091
2.1133888, -0.1221026, 0.85859346
2.0478737, -0.060042825, 0.9711369
2.047377, -0.030438576, 0.9300542
2.008915, 0.0058161505, 0.92879844
2.0158353, -0.010174068, 0.953524
2.012748, 0.007790549, 0.9472797
1.995817, 0.009035981, 0.94908583
2.0466034, -0.025609024, 0.9416031
2.0241096, -0.008126954, 0.9306428
2.0072396, 0.023430645, 0.9488381
2.035416, -0.017353337, 0.9504981
1.9709347, 0.06702007, 1.0897241
1.9480474, 0.0905822, 1.130472
2.0031579, 0.030713364, 0.93576026
1.9968007, 0.03492783, 0.9534219
1.9736875, 0.051714435, 0.97173774
1.9720924, 0.053570706, 1.0032026
1.9686122, 0.062671065, 0.99350286
1.9729335, 0.049285326, 0.9908315
1.9710166, 0.06669397, 1.0114163
1.9782683, 0.05378211, 1.0289698
1.9492707, 0.076485366, 1.0306456
1.9631736, 0.06513494, 1.0500221
1.9532033, 0.07432652, 1.0146027
1.9681811, 0.0667105, 1.0747658
1.9733979, 0.05438796, 1.0509384
1.9877357, 0.0459571, 1.049396
1.9650751, 0.065752394, 1.0333651
1.9530842, 0.071510516, 1.0533552
1.9459076, 0.08893933, 1.0497625
1.9475776, 0.0909712, 1.0698525
1.955603, 0.070420966, 1.0896889
1.9516982, 0.071496785, 1.0650154
1.9545684, 0.09189012, 1.086526
2.0462677, -0.041734736, 0.9235568
1.9304695, 0.098710045, 1.1456275
1.9541421, 0.08861852, 1.1110039
2.060328, -0.056247417, 0.8925264
2.1059346, -0.11132762, 0.8069972
2.0936027, -0.09097022, 0.8363626
2.0158348, -0.0017613071, 0.91143167
2.0314589, -0.010997541, 0.88581735
2.0426216, -0.0356088, 0.8855169
2.0296714, -0.010282641, 0.9083516
2.0080361, 0.010522247, 0.90802795
2.0148351, 0.0047906083, 0.8959726
1.943038, 0.108544685, 1.0667803
1.9463747, 0.1065268, 1.0915236
1.9285326, 0.11020693, 1.0880512
1.932777, 0.110924356, 1.1494919
1.9285461, 0.10972966, 1.1323423
1.9832344, 0.051725812, 0.8908875
1.9627732, 0.06992918, 0.92445314
1.9470328, 0.08721544, 0.95140415
1.9416265, 0.106012926, 0.9722036
1.931167, 0.09652733, 0.9672336
1.9351432, 0.08453931, 1.0391335
1.930315, 0.107527345, 1.0728675
2.0494275, -0.02583899, 0.867527
2.0336285, -0.010301099, 0.8675
2.0712929, -0.056828935, 0.8515415
2.039389, -0.020707281, 0.85336816
2.050108, -0.028690243, 0.8491961
2.1077728, -0.12574323, 0.7915084
2.087431, -0.08813594, 0.77066875
2.1121068, -0.13170978, 0.7753024
2.0915523, -0.09324087, 0.79309887
2.0896933, -0.10705831, 0.7688968
2.0664616, -0.07489964, 0.7964203
2.069406, -0.06806603, 0.81198084
2.077067, -0.0637082, 0.8348622
2.066715, -0.04671529, 0.80562574
1.9983147, 0.036408775, 0.86407447
2.0067089, 0.029692005, 0.8471786
1.9909706, 0.050261527, 0.87026453
1.9647474, 0.06584594, 0.91157496
1.9695524, 0.07679832, 0.87206924
1.9659661, 0.06767731, 0.8905843
1.9545629, 0.077665254, 0.8905318
1.9874544, 0.04819602, 0.85241807
1.953478, 0.06880664, 0.9149025
1.970917, 0.0789849, 0.84850574
1.9443525, 0.10434681, 0.9150479
1.9517583, 0.08299103, 0.9334678
1.9445512, 0.10381384, 0.94857424
1.9302943, 0.10738524, 0.92940867
2.0568683, -0.052042205, 0.8044939
2.0292552, -0.0076970747, 0.806482
2.0895097, -0.091813974, 0.7532223
2.10632, -0.116763, 0.7587868
2.0964375, -0.10957017, 0.7484688
2.068736, -0.07434989, 0.76923734
2.1119802, -0.1223677, 0.74765164
2.0856628, -0.09397518, 0.7358619
2.1078684, -0.11325579, 0.72992516
2.0874329, -0.10481563, 0.7285502
2.0586677, -0.06549666, 0.7899474
2.0441625, -0.04637465, 0.7480814
1.9882804, 0.056678444, 0.83352876
2.0111346, 0.023706088, 0.83135957
1.9746877, 0.051428113, 0.83039665
2.0103514, 0.017993515, 0.805876
2.0083413, 0.027813436, 0.80727637
1.9871258, 0.048140697, 0.814022
1.9666741, 0.07048697, 0.82797563
1.9535818, 0.09368075, 0.8515194
1.9769043, 0.05092324, 0.8057832
1.9709095, 0.06838924, 0.8095113
2.0316274, -0.028066054, 0.7691242
2.023883, -0.0075948886, 0.7688642
2.0159056, -0.0069827936, 0.7621796
2.0071728, 0.0046030246, 0.7692046
2.0161982, -0.009923201, 0.7906202
2.0074842, 0.009105654, 0.7876886
2.0674615, -0.06634411, 0.70952195
2.1051981, -0.11028506, 0.71073544
2.0456913, -0.03330422, 0.75108755
2.0508022, -0.050226033, 0.73214847
2.1061957, -0.11742274, 0.695074
2.0756612, -0.07321617, 0.6899086
2.1120765, -0.12925565, 0.6848691
2.035484, -0.04251916, 0.70868665
2.0298898, -0.010903459, 0.7312122
2.038478, -0.05410769, 0.73378026
2.032796, -0.028278215, 0.71094745
2.025866, -0.010999303, 0.7506401
2.0246627, -0.0256525, 0.7490312
2.0331209, -0.029257396, 0.7281253
2.0517068, -0.03719246, 0.714155
1.977612, 0.03362647, 0.797816
1.9944686, 0.027989661, 0.78788257
1.9903308, 0.044477813, 0.7841495
1.97463, 0.048736356, 0.7925583
1.9861987, 0.030245412, 0.76979697
1.9997686, 0.019402659, 0.76770204
2.0014105, 0.025163138, 0.7710582
1.9441414, 0.08979479, 0.7835283
1.9470137, 0.076673746, 0.76780975
1.9461365, 0.08718769, 0.77046955
2.0119004, 0.008341029, 0.75069255
1.9951671, 0.018628778, 0.7503263
2.0124838, 0.008673554, 0.73188615
2.0847769, -0.09253688, 0.66620874
2.077368, -0.086656556, 0.6720226
2.0454192, -0.033755343, 0.6865494
2.0506077, -0.051274743, 0.6936729
2.051288, -0.0456252, 0.6672194
2.06963, -0.06595636, 0.66624504
2.0281928, -0.02609565, 0.69295
2.0906062, -0.10471698, 0.6455973
2.084992, -0.09258623, 0.65136373
2.0670109, -0.055103485, 0.6442768
2.0719433, -0.07242347, 0.6541896
2.0516818, -0.050204895, 0.65231943
2.0430684, -0.03765417, 0.6755557
2.0725713, -0.081804365, 0.64342153
2.0147078, -0.015622509, 0.69578344
2.0314248, -0.027155863, 0.67299044
2.0148246, -0.003653408, 0.708641
1.9547281, 0.0731237, 0.7506786
1.963605, 0.0629482, 0.7372782
1.953235, 0.07104854, 0.7338565
1.9920044, 0.031616274, 0.68791676
2.0867734, -0.10139488, 0.6238405
2.1068482, -0.111002244, 0.6275419
2.085435, -0.09143817, 0.63176453
2.0695214, -0.0891701, 0.63526636
2.0674856, -0.06880979, 0.63072526
2.0485075, -0.03195757, 0.65382385
2.0486944, -0.052500438, 0.631524
2.0925858, -0.10775, 0.6091292
2.110081, -0.12472423, 0.6105009
2.0731745, -0.066738605, 0.603915
2.0551548, -0.06414735, 0.615607
2.0258462, -0.006249475, 0.6253467
2.010428, 0.004918536, 0.6469368
1.9963335, 0.012444863, 0.65120876
1.9896297, 0.015818704, 0.6643265
1.958381, 0.054052778, 0.7155862
1.9706029, 0.046929095, 0.70898914
1.9674544, 0.06311092, 0.7143421
1.985054, 0.04520305, 0.68531597
2.1049697, -0.11593267, 0.5881676
2.0721428, -0.08198848, 0.58798915
2.0885735, -0.093087286, 0.5929263
2.1110623, -0.13473654, 0.5966447
2.0914457, -0.10569553, 0.5927755
2.1341448, -0.154139, 0.6361374
2.0652132, -0.07075891, 0.5918944
2.0291886, -0.015181197, 0.61014867
2.0270195, -0.03127578, 0.58796704
2.1006246, -0.11004804, 0.5644481
2.0746348, -0.09134227, 0.5715776
2.0936134, -0.109659895, 0.56813115
2.1109684, -0.13078447, 0.57242274
2.087984, -0.092792645, 0.57411087
2.1228502, -0.1428749, 0.5872139
2.0477324, -0.044875197, 0.570447
2.0150867, -0.020148877, 0.5936236
2.0122182, 0.004767243, 0.6113066
2.0132756, -0.0091571985, 0.60837233
2.0108356, 0.007913573, 0.6324939
2.087091, -0.09246918, 0.54968935
2.0861025, -0.106711194, 0.54907024
2.1118817, -0.113451354, 0.55130327
2.107358, -0.12532413, 0.54881185
2.0526266, -0.052216914, 0.54962015
2.0626383, -0.04973985, 0.55121064
2.0131018, -0.0042715566, 0.5651212
2.033656, -0.03143332, 0.56913644
2.0203433, -0.013312405, 0.5453051
2.0898726, -0.11286862, 0.5284281
2.1134093, -0.13152137, 0.5303979
2.066464, -0.07152167, 0.52917475
2.0490627, -0.05195705, 0.530196
2.0650315, -0.05989835, 0.5364948
2.039274, -0.023368884, 0.5208605
1.9893987, 0.029824581, 0.5927604
2.0710175, -0.08665311, 0.5081721
2.107948, -0.12799726, 0.5087606
2.0507076, -0.068732776, 0.51146615
2.0228693, -0.025972359, 0.5115731
1.9975554, 0.010771244, 0.5528084
2.113082, -0.13172233, 0.49056703
2.0877492, -0.094917595, 0.48947755
2.1239176, -0.14336462, 0.48423862
2.0698423, -0.072268374, 0.48786795
2.0475368, -0.047938287, 0.49060917
2.0287063, -0.04243888, 0.4901991
2.0280788, -0.030235652, 0.489446
1.965794, 0.050720654, 0.55087996
2.073753, -0.084989816, 0.47488728
2.095842, -0.110411376, 0.46790415
2.0893905, -0.09499738, 0.4718932
2.0594988, -0.06422357, 0.46551955
2.1298828, -0.14841023, 0.4682672
1.9751221, 0.048192687, 0.53060645
1.9907116, 0.026646744, 0.51014996
2.0879805, -0.10960073, 0.45435447
2.0979705, -0.122424066, 0.45113957
2.0763054, -0.07189427, 0.44502845
2.080743, -0.09766883, 0.45768225
2.0141513, -0.010074795, 0.45002866
1.9820884, 0.041443218, 0.5126838
2.0544534, -0.07151384, 0.43655244
2.0921724, -0.11029276, 0.43362173
2.068935, -0.07662162, 0.42320314
2.0862503, -0.089208364, 0.42891157
2.1076274, -0.12911163, 0.43419674
2.1053329, -0.1164885, 0.4223109
1.9885525, 0.024837838, 0.49068207
1.9845662, 0.04057237, 0.47134078
1.9937351, 0.014940033, 0.4694773
1.9758232, 0.025821548, 0.46225107
2.0136082, 0.006786848, 0.4122225
2.031476, -0.035106648, 0.41325283
1.989249, 0.015763516, 0.44907838
2.008957, -0.013788216, 0.41184196
2.0043802, 0.0056814896, 0.45141655
2.0052583, 0.009663781, 0.43247727
2.0331585, -0.031636175, 0.39053294
2.0271945, -0.012567612, 0.39162362
2.0305934, -0.03016732, 0.37277213
2.048161, -0.050847214, 0.37411636
2.0514085, -0.037579503, 0.37489092
2.042756, -0.03792832, 0.349905
2.0518122, -0.04996905, 0.3301726
2.054665, -0.06880388, 0.3507582
2.0652645, -0.051123716, 0.323995
2.0607877, -0.057823114, 0.31635624
2.072713, -0.07674752, 0.28685173
2.0689201, -0.06916064, 0.30476314
2.071081, -0.09069445, 0.31162727
2.080815, -0.093385875, 0.28972748
2.0633192, -0.08453512, 0.24931048
2.0846279, -0.085255556, 0.27094385
2.09232, -0.10860575, 0.28839397
2.0935404, -0.09581033, 0.25368595
2.0867112, -0.11059597, 0.24774627
2.1023731, -0.11724853, 0.22584057
2.1109765, -0.13000649, 0.32632387
2.1077886, -0.12750949, 0.21347675
2.1153543, -0.13382372, 0.19568077
2.117664, -0.12523451, 0.36661676
2.1063929, -0.11672299, 0.37302813
2.1031373, -0.12419879, 0.3459109
1.9841374, 0.027201174, 0.46673134
2.1127143, -0.13147287, 0.14685154
1.9717634, 0.074285336, 1.4318486
2.0467618, -0.053904835, 0.34808597
2.074132, -0.0903824, 0.270607
1.9462198, 0.06805196, 0.5537183
1.9536592, 0.069901, 0.5290845
2.0522273, -0.06548783, 0.3140786
1.9694221, 0.045515023, 0.49225262
2.0284765, -0.011095254, 0.7057296
1.9480525, 0.08379058, 0.8937155
1.9521507, 0.07485915, 0.5675857
1.9548674, 0.05270187, 0.47227278
1.9503243, 0.06923582, 0.49214536
1.9493947, 0.089095026, 0.755677
2.0886207, -0.11161268, 0.19281393
1.9494596, 0.05679704, 0.48718998
2.0057442, -0.0071425955, 0.42902753
2.032476, -0.041341454, 0.31354284
1.9727108, 0.029613033, 0.48712888
1.965821, 0.047056608, 0.46323073
2.0483935, -0.0490102, 0.9110159
2.002343, 0.025371995, 1.1231685
1.9680462, 0.042501125, 0.45084295
1.9522315, 0.07409453, 0.6882676
1.9581499, 0.07564001, 0.93210375
1.9575499, 0.055242084, 0.50756013
1.9376588, 0.09662402, 1.1114137
1.9695091, 0.05102427, 0.5106786
2.0268211, -0.029943911, 0.3297534
2.054195, -0.03032222, 1.3672028
2.037544, -0.03560997, 0.35613784
2.0757985, -0.08957543, 0.41208065
2.0909274, -0.089215524, 0.61065984
2.1145647, -0.11198056, 0.8697429
2.056183, -0.071790725, 0.25181055
1.9722083, 0.03477461, 1.1302902
2.111533, -0.1307855, 0.40864998
1.9699196, 0.05359741, 0.7270154
1.9790509, 0.05287462, 0.6469178
1.9486448, 0.06989839, 0.51110154
1.9564278, 0.086126976, 0.535118
2.0505695, -0.061646983, 0.52248424
2.0909026, -0.107611544, 0.110096
2.0881689, -0.095671445, 0.12474436
1.931825, 0.09479506, 0.5923312
1.9325175, 0.094791226, 0.57545733
1.9289862, 0.08961147, 0.5304134
1.9286039, 0.10597148, 0.54848206
1.9227774, 0.10749319, 0.58499277
1.9294041, 0.09220293, 0.4502272
2.0711954, -0.089451805, 0.14888339
2.0645492, -0.07475199, 0.16944677
1.9477206, 0.07241916, 0.40960333
1.9439805, 0.09037654, 0.42497948
2.0462482, -0.050291747, 0.21078417
2.0278, -0.027780337, 0.22969157
2.0316331, -0.028185451, 0.24735337
2.0702317, -0.08604346, 0.11274843
2.065572, -0.06806958, 0.13350224
2.0737486, -0.08898237, 0.12600553
2.0484078, -0.066289246, 0.110842206
2.0545242, -0.070742145, 0.15034886
2.0693316, -0.076623805, 0.14324275
1.9232626, 0.1123762, 0.6335553
1.9442039, 0.090162836, 0.4089328
1.9098045, 0.109560475, 0.466262
1.9330387, 0.094691925, 0.43136862
1.9157714, 0.10913365, 0.40928385
1.92244, 0.10296309, 0.4305659
2.0418828, -0.05374297, 0.13849133
2.0495634, -0.06363908, 0.16552594
2.0484946, -0.05159239, 0.154143
2.0433896, -0.04971213, 0.17318945
2.045865, -0.06555779, 0.18375568
2.0361092, -0.043670364, 0.14706059
2.0469258, -0.051058196, 0.19261174
2.0368536, -0.04836595, 0.18620227
2.048866, -0.03548041, 0.18403304
1.9288319, 0.08970261, 0.3689726
1.9444809, 0.09167942, 0.39062557
1.9486376, 0.069431975, 0.37103742
1.9698168, 0.046547182, 0.36268535
1.9262443, 0.10362914, 0.38423222
1.9550645, 0.05085601, 0.38857284
1.9558283, 0.053199865, 0.37236464
1.9427816, 0.088770136, 0.37624973
1.9486068, 0.07252017, 0.39065018
2.040817, -0.037792474, 0.21844913
2.0278602, -0.014708517, 0.20988989
2.0151508, -0.026457664, 0.20959137
2.031614, -0.036784343, 0.2131179
2.0291424, -0.030069338, 0.16770718
2.0330424, -0.032362197, 0.19345321
2.0134552, -0.010983233, 0.23073813
2.0073137, 0.009294003, 0.25090852
2.0073755, -0.010046799, 0.20767793
2.0114815, -0.012258442, 0.25262147
2.0123525, -0.007929802, 0.26466802
2.0084772, 0.01330637, 0.22756162
2.0233386, -0.008769006, 0.26920938
2.012285, -0.014608278, 0.18831159
2.0071588, 0.00852869, 0.2711522
1.9298292, 0.10349005, 0.36927256
2.027617, -0.018836632, 0.169424
1.9481828, 0.07261426, 0.3457881
1.9507439, 0.070194356, 0.3313005
1.9343699, 0.084761456, 0.35105234
1.9561225, 0.05573823, 0.358942
1.9703674, 0.047741726, 0.32727966
1.9578791, 0.056437455, 0.33424833
1.9706293, 0.047937013, 0.34557113
1.990274, 0.02939111, 0.32952505
1.9959388, 0.009458821, 0.22567964
1.9900908, 0.027691545, 0.23164123
1.9869238, 0.025712475, 0.25159293
1.9946679, 0.01497716, 0.27014425
1.9750609, 0.031545345, 0.26993
1.997824, 0.010039488, 0.29431945
1.987959, 0.024848608, 0.27737716
2.0076241, 0.009179285, 0.28248075
1.9900115, 0.028990496, 0.29023522
1.9917195, 0.010860748, 0.31121954
1.9872956, 0.04301381, 0.29572535
1.98909, 0.024414701, 0.31558302
1.9705393, 0.03609862, 0.28354162
1.9650066, 0.05610411, 0.30704147
1.9586611, 0.064930215, 0.3120038
1.9749411, 0.02995324, 0.31466937
1.967597, 0.050114103, 0.29015857
1.9838399, 0.047964398, 0.30480155
1.9706727, 0.035290983, 0.188564
1.9614433, 0.06881165, 0.20607251
1.961643, 0.05263652, 0.19241211
1.925767, 0.09110213, 0.27191925
1.9235252, 0.1116245, 0.28955302
1.9863158, 0.027193222, 0.15184124
1.9712418, 0.03582025, 0.16844717
1.9679239, 0.06231499, 0.1943918
1.9569386, 0.04548758, 0.19097975
1.9484499, 0.07230683, 0.16994886
1.9464265, 0.074162595, 0.18601136
1.9686537, 0.052590966, 0.14838232
1.9480518, 0.06921213, 0.23018737
1.9321253, 0.09265164, 0.18728499
1.9449058, 0.08367756, 0.1915435
1.9281998, 0.09316334, 0.20853083
1.9384558, 0.07624832, 0.23592065
1.9480753, 0.06823121, 0.14824963
1.9330539, 0.08876367, 0.24793142
1.928107, 0.10624422, 0.22777048
2.007139, 0.013164237, 0.115478374
1.968402, 0.031782165, 0.13152023
1.9141599, 0.10683453, 0.21428233
1.9361745, 0.09404662, 1.1283888
2.0659487, -0.069568805, 0.22727568
1.9933668, 0.029670477, 0.72918946
2.0722, -0.090876095, 0.23142189
1.9755796, 0.03261322, 0.4347793
1.9866036, 0.025683085, 0.3891292
2.0134792, 0.0053376416, 0.34742326
2.1159937, -0.1265032, 1.4064388
1.9908623, 0.023704398, 0.1321467
2.0313385, -0.031805746, 0.47090825
2.0241604, -0.008950247, 0.502614
2.0527227, -0.05204973, 0.4306865
2.0910316, -0.09775752, 0.3571197
1.9917102, 0.014761088, 0.92818743
2.106844, -0.104820505, 1.4310688
1.9645166, 0.062504865, 0.15605503
1.9664662, 0.06568508, 0.6159612
1.9696877, 0.05266877, 0.7710537
1.9692788, 0.03592292, 0.58916223
2.049877, -0.068761654, 0.12944303
2.0907528, -0.105529316, 0.3871878
2.1136355, -0.1147419, 0.5090935
1.9670618, 0.051610123, 0.6081966
2.0345018, -0.044843286, 0.46018645
1.991725, 0.01826252, 0.4067744
2.0053513, 0.008853855, 0.70707345
2.0103984, 0.010764424, 0.5818187
1.9315178, 0.089236334, 0.33149686
2.0913892, -0.10236552, 1.4447433
1.995083, 0.011996865, 0.57006127
1.9662523, 0.049747936, 0.42855167
2.0122426, -0.005209833, 0.36881915
1.964018, 0.06722824, 0.792293
2.0570211, -0.06514904, 0.44442835
2.062343, -0.06603851, 0.25023395
2.0317824, -0.029500734, 0.30984882
2.0423741, -0.029318491, 1.1906453
1.9943209, 0.010303704, 0.18938255
2.044545, -0.032810066, 0.2875043
2.0448396, -0.03708974, 0.62893206
1.9664134, 0.04839591, 0.12972397
2.1116486, -0.13243502, 0.30808413
2.0795267, -0.08355275, 1.460811
2.0913165, -0.11244924, 0.2719503
2.1067257, -0.11077367, 0.5293442
2.010264, -0.0057923417, 0.51310104
2.0248296, -0.013919252, 0.5303794
2.092721, -0.10910537, 0.34783182
1.9505694, 0.10414371, 1.376693
2.1099799, -0.12803936, 0.9309169
2.0214574, -0.012604573, 0.14668821
2.0291088, -0.007853055, 1.4062223
1.9452431, 0.10355496, 1.3875554
1.9383519, 0.098472744, 1.3973604
1.9704454, 0.06845498, 1.5076659
1.9715621, 0.04880061, 0.23036227
2.0529218, -0.06674656, 0.27153412
1.9899347, 0.031285927, 0.7505159
2.1024842, -0.10684958, 0.34401995
1.9736401, 0.033292696, 0.76947844
1.9917822, 0.017670793, 0.36974967
2.0492277, -0.03220728, 0.50456136
2.1119099, -0.11328156, 1.6122016
2.0885308, -0.08473585, 1.2863476
2.0899992, -0.11355891, 0.17330022
2.0299003, -0.03307055, 0.15469319
1.9520888, 0.066369005, 0.4491248
1.9646019, 0.062662356, 1.1869731
1.9516479, 0.10640694, 1.2912207
2.1089664, -0.12540597, 1.0442353
1.9920394, 0.03245748, 0.56481373
1.950038, 0.08913363, 1.3515452
1.9496975, 0.091705255, 0.8695681
2.07701, -0.08717079, 1.1060892
2.1114528, -0.13578147, 0.39226747
1.9828088, 0.022851106, 0.4204408
2.1168818, -0.122793786, 1.5881903
2.0128613, -0.007703719, 0.32939988
1.9719862, 0.055624202, 1.3245608
1.9545449, 0.052647244, 0.6460316
2.0133965, -0.0057757017, 0.15069655
2.066192, -0.07136216, 0.57070035
1.9612038, 0.069689795, 0.66595477
2.084146, -0.09914446, 0.19302696
2.0895374, -0.102027334, 0.20727739
2.09448, -0.09291903, 1.4344746
2.053915, -0.06142142, 1.3294206
1.9155259, 0.10703446, 0.34795436
1.9547977, 0.07068971, 0.29065803
2.1050105, -0.12899372, 0.1676796
2.11101, -0.123933055, 1.2280003
1.9467386, 0.08921592, 0.13021143
2.072071, -0.0860607, 0.32992122
1.9307443, 0.11331132, 1.4677478
1.9455681, 0.081966996, 0.4756219
1.9167657, 0.10927863, 0.3909758
2.0481057, -0.053274155, 0.45028192
2.044683, -0.0338409, 0.5560307
2.0845342, -0.08621028, 0.20443018
2.1123888, -0.13010329, 0.13210288
2.0531886, -0.047912393, 0.60782915
2.0516946, -0.050621014, 0.47002417
1.9933515, 0.011598722, 0.20810957
2.02493, -0.011526404, 0.6652498
1.9968224, 0.0037990918, 0.5350117
1.9884356, 0.031858433, 0.6087247
1.9954116, 0.008498007, 0.3941615
2.01618, 0.011425212, 1.2291725
1.9571135, 0.047188565, 0.6373579
2.0118039, -0.004864687, 0.7326505
2.0157409, -0.0036663727, 0.547754
2.0440755, -0.048987534, 0.30242434
2.0073018, 0.010835713, 0.5312196
2.0245898, -0.016265992, 0.34527197
1.9903301, 0.045317248, 1.4706154
2.086453, -0.09341737, 0.37116462
1.9474382, 0.08559359, 0.29173335
2.0708988, -0.066508025, 1.4934816
2.0468664, -0.04767707, 0.2692297
1.9433533, 0.07097769, 0.46759745
1.924544, 0.0962375, 0.14974782
1.9879253, 0.025413346, 0.20855552
2.0104299, -0.012121509, 0.13134821
2.1091487, -0.12822333, 0.96744233
1.9699942, 0.068387225, 1.2696583
2.0666118, -0.0702875, 0.41010103
2.1147308, -0.1288309, 1.1329553
2.048249, -0.05200408, 0.97582966
2.1280966, -0.1415811, 1.4833857
2.0807736, -0.09803233, 0.32186678
2.0657468, -0.07729937, 0.35484737
1.9624276, 0.07458806, 0.6323281
1.9696589, 0.067395255, 1.4502268
1.9692743, 0.052333795, 0.5683914
2.0314004, -0.027303137, 1.1272382
1.9894729, 0.03373769, 0.89004475
2.0872846, -0.09062739, 1.0085592
2.031167, -0.01793137, 1.3125875
2.0313752, -0.01360041, 0.44649866
2.012241, -0.012250755, 0.9722757
1.9770739, 0.048172005, 1.426415
1.933745, 0.092302546, 0.9915649
1.9448152, 0.105077974, 1.32525
1.9544299, 0.06978411, 1.592978
2.105638, -0.112816446, 0.9709759
2.1043956, -0.10585979, 1.5473092
2.0138538, -0.0054172166, 1.4771217
1.9454778, 0.08664336, 0.64862454
1.9443122, 0.09111598, 0.9687487
2.0749881, -0.08653095, 0.5499924
2.0264456, -0.008549368, 1.1472943
2.0345755, -0.029625503, 1.2960427
2.0501966, -0.031715337, 1.2875974
2.035532, -0.024652943, 1.3735965
1.9850014, 0.023623113, 0.18997866
2.0283701, -0.032672945, 0.13000643
2.0290415, -0.00788584, 1.1698581
1.9279748, 0.1068615, 1.1658492
1.9968486, 0.013162517, 1.0122256
2.0254385, -0.012342218, 1.1357273
1.9941095, 0.03113698, 1.2080957
1.9716552, 0.071194634, 1.1006167
2.112963, -0.12721083, 1.576761
1.9458299, 0.09246179, 0.7110389
2.0090919, 0.011505456, 0.36344746
2.0281367, -0.014341394, 0.48783967
1.9671292, 0.04995843, 0.25116298
2.0126357, -0.0235328, 1.1321917
2.0008981, 0.023489619, 0.5529627
2.054134, -0.050154496, 0.28627813
1.9750943, 0.047258846, 0.89222133
2.0876923, -0.091814026, 0.39027706
2.005049, 0.031261683, 1.3847334
2.0074885, 0.014043065, 1.3667933
1.9326618, 0.087039046, 0.13034202
2.0490537, -0.050490454, 0.39129192
2.105949, -0.10492187, 1.1687657
1.995788, -0.0057406584, 0.20874104
2.0496094, -0.032047544, 1.1055973
2.1065893, -0.11448028, 1.1498917
1.9535656, 0.06792665, 0.6547437
2.0676422, -0.06724855, 1.0478647
1.9860667, 0.04533998, 1.4121717
2.0269713, -0.016675372, 0.785102
2.1317875, -0.14485285, 0.50777954
2.0522623, -0.04990958, 1.2671522
1.9561335, 0.07524863, 1.4730827
2.0457048, -0.02901817, 0.7733681
1.9273554, 0.10592168, 0.6703175
2.0119689, -0.00597401, 0.4878309
1.9677484, 0.049538553, 0.5950691
2.0291214, -0.029273303, 0.4289735
2.0303204, -0.009736977, 1.3285317
1.9945216, 0.01885815, 0.5887662
2.0340903, -0.026584925, 1.3062294
2.0149617, 0.0140169, 1.547676
2.0047371, 0.015070948, 1.1869336
1.9918573, 0.012242894, 0.17330398
1.9318275, 0.12137989, 1.5400178
2.0852418, -0.084459804, 1.5738626
1.9580299, 0.07770991, 1.3511698
2.0692372, -0.07106052, 1.0705286
1.9519806, 0.07637452, 1.2944984
1.9772922, 0.050655164, 1.2937313
1.9531016, 0.06831001, 0.5894646
1.9344236, 0.11331047, 1.5280396
1.928048, 0.10527699, 0.19365543
2.0783043, -0.087103136, 0.68635374
2.0913787, -0.09213704, 1.1923815
2.1053765, -0.12706545, 0.26823634
1.9489095, 0.090825, 1.1482629
2.0102463, 0.022042219, 0.5013876
2.086108, -0.087741785, 1.2072256
2.0034144, 0.028422283, 1.0334784
1.9512725, 0.09165334, 1.5095724
1.9544832, 0.06665638, 0.24852327
1.9894878, 0.035525527, 1.4080273
1.9927158, 0.011243706, 0.15468597
1.9720619, 0.06789754, 1.2904625
1.9482322, 0.10659327, 1.4915354
2.0433426, -0.027859975, 1.4848143
2.1057436, -0.10897777, 1.2493602
2.0753887, -0.066286415, 1.6021519
1.993998, 0.03622721, 1.228081
2.1099794, -0.10962843, 0.9894457
1.9783437, 0.05161347, 1.5105833
1.9714037, 0.048543215, 1.2505054
2.0757637, -0.08742775, 1.0274961
1.9979291, 0.011832052, 1.2962381
2.0731223, -0.08635451, 0.34443253
2.0522401, -0.045812212, 1.0883982
2.0910807, -0.10541244, 0.30599773
1.9497461, 0.09279961, 1.3101827
2.1135516, -0.12848566, 0.9481249
1.9768, 0.034626644, 0.20716435
2.1072154, -0.12279514, 0.62670976
1.9949095, 0.032170784, 1.3963277
2.0075371, 0.03155832, 1.2110448
2.0101295, 0.007849965, 1.3502219
2.055731, -0.053722866, 1.2531055
1.9905554, 0.033981476, 1.0478358
2.054801, -0.06464726, 0.37244785
1.9664665, 0.043745067, 0.21224071
2.0098867, 0.010596378, 1.1731606
2.002745, 0.008109124, 0.48823282
2.0655437, -0.070028685, 0.362683
2.0297163, -0.002377796, 1.8632665
2.0717914, -0.088221945, 0.28900403
1.9270602, 0.106513895, 0.60787225
2.0176127, 0.0054655587, 1.8702703
2.0112805, 0.019326203, 1.6986679
1.927433, 0.08955981, 0.28943935
1.9563065, 0.07375688, 1.4030895
2.005348, 0.025750047, 1.8705049
1.9858024, 0.034843244, 0.52812856
2.1289725, -0.14132866, 1.2892454
1.9423656, 0.10200665, 1.1486361
1.9320819, 0.108646005, 0.9747514
2.010561, 0.025095757, 1.6758397
2.0972042, -0.10430693, 1.1748999
2.0076613, 0.008858589, 0.21233672
2.0147572, -0.004240092, 1.3351296
1.9304144, 0.11254431, 1.349539
1.9928708, 0.009276175, 0.13213435
1.9539078, 0.07390029, 1.4496802
2.0706382, -0.07649203, 1.0341605
1.9505095, 0.071590655, 0.60925895
1.9922447, 0.05147327, 1.428748
1.9556853, 0.090338066, 1.4892426
2.0741754, -0.10323966, 0.26862374
2.0300672, -0.027409893, 0.6502432
2.02695, -0.0061691497, 1.8260839
2.0059307, 0.0045481776, 0.14200951
1.9323962, 0.10397728, 0.30866528
2.0066218, -0.0044793854, 0.98535454
2.033794, -0.004337512, 1.8526115
1.92894, 0.10698533, 0.6502831
1.9491407, 0.07067654, 0.26758677
1.9505721, 0.07130396, 1.1087126
1.9365461, 0.069404304, 0.38640046
1.9582196, 0.07745893, 1.7086835
2.0491028, -0.024535442, 1.8227938
2.078495, -0.08307518, 1.2094991
2.1117868, -0.123948306, 1.1456327
2.00282, 0.036161035, 1.8859072
1.998551, 0.013287076, 1.4371173
2.0697148, -0.06638283, 1.2446499
1.9906374, 0.036994036, 1.8457813
2.0084643, 0.032733448, 1.8283699
1.993971, 0.0344262, 1.9155793
1.988419, 0.053786382, 1.8675361
2.0090737, 0.028389014, 1.912434
1.9945513, 0.028931044, 1.7136064
2.0059667, 0.032078188, 1.727072
2.0325398, -0.010434151, 1.6960204
1.9883003, 0.046452634, 1.7064995
2.0027504, 0.022376865, 1.7058948
1.9951639, 0.030602809, 1.7245438
2.0278456, -0.006133407, 1.7057396
2.0118558, 0.015178216, 1.7359753
1.9913399, 0.052220117, 1.9119107
2.0476344, -0.03225195, 1.8104672
2.0175416, 0.0092782965, 1.7938211
2.0093763, 0.023439178, 1.8101221
2.0127463, 0.0121784005, 1.805382
2.0599773, -0.039049573, 1.7973186
1.979336, 0.048253153, 1.7150296
1.9721898, 0.054207996, 1.7258216
1.9475507, 0.095828526, 1.7502712
1.9820064, 0.052460104, 1.7245548
1.9680562, 0.07067972, 1.749108
1.9954889, 0.04321435, 1.927901
1.9629955, 0.07482037, 1.84362
1.9700546, 0.073102795, 1.8315015
1.9871048, 0.0480907, 1.7850167
1.9912251, 0.051798243, 1.948837
1.9765685, 0.06743477, 1.9322681
1.9781761, 0.05927155, 1.9257339
1.968218, 0.07659372, 1.9063338
2.0053446, 0.027785785, 1.7515476
2.0053144, 0.015481888, 1.7476888
1.9940608, 0.048166458, 1.7748048
2.0334558, -0.014224855, 1.7549652
1.9744885, 0.06943113, 1.948024
2.0501962, -0.031447973, 1.7739246
2.0531547, -0.041459847, 1.7617695
1.9745396, 0.05275492, 1.7952945
2.07926, -0.062778704, 1.7650517
1.971253, 0.07299119, 1.7657645
1.9530257, 0.09077299, 1.7816806
1.9440964, 0.10558357, 1.7673037
1.933642, 0.11249527, 1.7734334
1.9551008, 0.088468805, 1.7725484
1.9467019, 0.10856784, 1.7519393
1.9731228, 0.06908073, 1.9695475
1.9746909, 0.058824494, 1.9601568
1.95288, 0.08926629, 1.8085926
1.9533708, 0.10462158, 1.8355567
1.9538243, 0.094255544, 1.8653843
1.9502708, 0.110392764, 1.8055874
1.9709458, 0.07734501, 1.985369
1.9547553, 0.088130414, 1.9732935
1.9533256, 0.09547319, 1.9407601
1.9469111, 0.110925704, 1.890157
1.95824, 0.09782075, 1.9859033
2.0774925, -0.06303797, 1.7242084
2.0917914, -0.08515483, 1.7290155
1.938075, 0.12225177, 1.7913444
1.9513004, 0.091055535, 2.0093212
1.9304161, 0.11628117, 1.9080641
2.0918758, -0.092677236, 1.715517
2.0744157, -0.072224185, 1.7104186
2.0978312, -0.09362564, 0.8742271
2.0923934, -0.111940734, 1.0506542
2.0480456, -0.037539903, 1.1714916
1.9507456, 0.10254537, 0.67823446
1.9528515, 0.09092777, 1.7314159
1.9692241, 0.047967114, 1.1327615
2.0295627, -0.024179656, 1.003521
1.9481007, 0.08653855, 1.1712818
2.0486405, -0.031019658, 1.730395
1.9634256, 0.042450152, 0.2727114
1.9363589, 0.1005038, 0.17564477
2.0295384, -0.0065426915, 1.5879757
2.1337004, -0.14841518, 0.43454912
2.1039228, -0.11498749, 1.01163
1.9938388, 0.047483828, 1.6535602
2.0763514, -0.08578427, 0.606352
2.0746872, -0.091831505, 0.36906365
2.0797374, -0.10236177, 0.52910894
2.0950158, -0.10536952, 0.8913991
2.0706573, -0.075010344, 0.9114365
1.966334, 0.07004779, 1.7109869
1.9725437, 0.03437351, 0.2567358
1.9523963, 0.09001131, 0.670594
2.0041661, 0.02113185, 0.1250034
1.9496114, 0.07626861, 1.1225992
2.0348372, -0.013234963, 1.5543823
2.0043395, 0.031455982, 1.1072822
2.0497615, -0.03408105, 1.5112779
2.0948052, -0.13165547, 0.3151005
2.0306938, -0.034238715, 1.1520541
1.9773979, 0.028358199, 1.2552358
2.0506895, -0.04815835, 1.1500185
1.9558727, 0.07919615, 0.81132394
2.0068004, 0.007961569, 1.0513629
1.9902273, 0.04763239, 1.1539823
2.0079925, 0.023449432, 1.6087977
2.013714, 0.01738541, 1.6245741
2.0146794, -0.008254947, 1.0133693
1.9527097, 0.09024376, 1.9095364
1.9407779, 0.108343706, 1.2055621
1.9864882, 0.047866616, 1.2739743
2.1120775, -0.11637101, 1.3739598
2.0718617, -0.06994627, 1.4704823
2.114197, -0.12823114, 0.47149307
2.0315857, -0.011078298, 1.2121172
2.0962, -0.10388415, 1.6060185
2.013142, 0.010906105, 1.6109346
2.0340867, -0.024416026, 1.1664003
1.9966677, 0.010859451, 1.2542312
2.0487704, -0.04231759, 1.7054753
1.9691101, 0.06823383, 1.1343138
2.069818, -0.06764987, 1.126887
2.0712748, -0.08807247, 0.3887483
2.0870667, -0.093481585, 0.90542996
2.0098135, 0.0071088104, 1.2120692
1.9423993, 0.086567715, 0.17093
1.9781338, 0.03922568, 0.75192213
1.9828441, 0.053114478, 1.285298
2.0286536, -0.013116825, 1.0108709
1.9942752, 0.0496133, 1.8341585
2.071904, -0.073721506, 0.9291268
2.0298004, -0.006276428, 1.7705961
2.1111002, -0.12234033, 0.71505094
2.1148508, -0.13163945, 0.9909029
1.9330074, 0.102285855, 0.71327865
1.9284627, 0.1095661, 0.7275868
2.0477655, -0.029200133, 1.5486089
1.9325681, 0.10338429, 0.35750514
1.9652716, 0.06807426, 1.3083842
2.0302312, -0.031610433, 0.6344209
2.0475926, -0.032933224, 1.7134242
1.98612, 0.036132406, 1.2704784
2.0130239, 0.011516818, 1.5952941
1.9708562, 0.06543645, 1.8694253
2.073547, -0.08700751, 0.9282457
1.9722384, 0.050622467, 1.1125071
1.9833143, 0.04557071, 1.108015
2.071835, -0.070630275, 1.0867574
2.0088785, 0.029155565, 1.371201
2.0312629, -0.012061454, 1.1886897
1.9328865, 0.090933606, 0.16698642
2.0580993, -0.05070733, 1.493273
1.9892259, 0.028721329, 1.2467688
2.0064921, -0.009768709, 0.17362058
2.104531, -0.114487216, 0.32642388
2.0486248, -0.027472377, 1.7465879
2.0479205, -0.044252437, 1.1280645
1.9876801, 0.04747103, 1.8509398
1.9330121, 0.10956499, 1.2118838
1.9970907, 0.034299288, 1.8313118
2.095482, -0.08970036, 1.4161146
2.074099, -0.07067184, 1.4547169
1.9565321, 0.0706369, 0.62662214
2.013364, -0.024724891, 0.6906072
2.0260074, -0.0042799334, 1.7869327
2.007613, 0.006661404, 0.6914875
2.1302319, -0.14385268, 0.44673848
1.9826723, 0.052259024, 1.8059211
2.0158465, -0.006564049, 1.1932786
2.0088649, 0.005334122, 1.0331538
2.0067322, -0.0036084484, 0.5281678
2.0550158, -0.06138503, 1.1398993
2.0487494, -0.031762548, 0.9737402
2.0578685, -0.05265349, 0.9517499
1.9521382, 0.08855923, 1.8515291
1.9926062, 0.032585826, 1.0879794
2.0092747, -0.0038295388, 1.2039516
2.0367022, -0.02256333, 1.5654606
2.087222, -0.109906144, 1.031534
2.0892322, -0.09228064, 1.0511631
2.1083148, -0.1238535, 1.3728347
1.9460578, 0.10263872, 1.51196
2.1027415, -0.115020305, 0.670252
2.0306594, -0.030673802, 0.27014324
2.0264616, -0.014197187, 0.65155673
2.0960526, -0.107329644, 0.67691225
1.953155, 0.07490289, 0.67346567
2.0323303, -0.031581663, 0.81007004
2.0055144, 0.028161244, 1.0728922
2.0391078, -0.02702508, 0.4566927
2.0913901, -0.1074398, 0.33523774
1.971244, 0.047279134, 0.9307862
2.0896008, -0.089413665, 0.71352494
1.956832, 0.05134555, 0.411094
1.985678, 0.031909194, 0.9075444
1.9463263, 0.1117681, 1.9662031
1.930917, 0.11674925, 1.9643573
2.0143886, 0.0069718943, 1.5756752
2.1344268, -0.14498304, 0.6178004
2.0187514, 0.011438363, 0.8558907
1.9533988, 0.088198245, 1.892548
1.9973876, 0.016847815, 1.4490925
1.9753685, 0.037301697, 0.3875624
1.9829707, 0.043808598, 0.74283564
2.0668206, -0.07036865, 0.7465585
2.055128, -0.04686251, 1.5094486
2.0328734, -0.011661881, 1.9356596
1.9749796, 0.03730876, 1.4536513
2.0415788, -0.033161774, 1.3395531
2.0123684, 0.026294366, 1.9996952
2.078881, -0.082931995, 1.4509284
2.0305803, -0.029542021, 0.99299556
1.9374104, 0.09193025, 1.1889108
2.0574346, -0.05348004, 1.1149741
2.0406961, -0.03834579, 1.1443297
2.0107787, 0.025820503, 1.4303151
2.0287, -0.012444008, 0.30578822
1.9347495, 0.09298523, 0.30612665
1.9664563, 0.0626023, 0.65209734
1.9326457, 0.0938975, 0.47046694
2.01007, 0.010291034, 1.7716386
2.0087705, 0.006353731, 1.3922162
1.9943942, 0.031277537, 1.4379162
2.0878012, -0.108571045, 0.69408745
1.9732363, 0.05793688, 1.8538197
1.9753201, 0.033833485, 0.56922555
1.9885247, 0.048856355, 1.0895824
1.9287812, 0.095868245, 0.49051157
1.9927125, 0.029162697, 1.8105112
2.0731273, -0.08988236, 0.19255558
1.9695731, 0.06804085, 1.4930952
2.0903761, -0.095768206, 1.2333044
1.9874856, 0.023568707, 0.5494833
1.9481244, 0.09042766, 0.82538843
2.0052748, 0.00541695, 0.16515772
2.1146133, -0.13204871, 1.275116
1.9908581, 0.029285932, 0.71099806
1.9822283, 0.055517673, 0.5808103
1.9930128, 0.0106642, 0.7086253
2.0683894, -0.075462386, 0.5544426
1.9462178, 0.10736945, 0.8499573
1.9283279, 0.11397615, 1.7060419
2.071596, -0.0668448, 1.3086281
2.0147624, 0.016324446, 0.86871177
2.1265337, -0.14175165, 1.172399
1.9695666, 0.04594733, 0.6285965
2.006458, 0.021892287, 1.2308898
1.9477326, 0.056486543, 0.5303564
1.9456441, 0.10445875, 1.0045662
2.0717108, -0.07295386, 0.7300854
2.0481243, -0.053422734, 0.2472809
1.9932058, 0.013475537, 0.34996483
1.9453187, 0.10896164, 1.9304996
2.0876975, -0.10962154, 0.510474
1.9302511, 0.105290405, 0.4977224
2.0558956, -0.046491135, 0.7841191
2.0127664, -0.00781649, 0.67562
2.0662272, -0.069390215, 0.3926194
1.9751085, 0.06926071, 1.8921036
2.0109575, 0.008747471, 0.6706718
2.109317, -0.11347875, 1.0519708
1.933228, 0.111928575, 1.010263
2.0711575, -0.07422974, 0.21300252
1.965755, 0.047398, 0.4054279
2.0929348, -0.091460705, 0.5284791
2.1225145, -0.14124915, 0.99169225
1.9726883, 0.044873495, 1.273412
1.9716415, 0.048885472, 0.75323206
2.0543292, -0.052835666, 0.5914618
1.9470019, 0.089059524, 0.98727286
2.0054398, 0.03742922, 1.6515191
1.9453923, 0.089921504, 0.55530626
2.1124275, -0.114011735, 1.5940665
2.025696, -0.024954055, 0.11693344
2.0329876, -0.026405958, 0.28945416
1.9509733, 0.074781924, 1.3855574
2.0880291, -0.11362251, 0.36794436
1.9644254, 0.06860216, 0.96778345
2.105158, -0.110989794, 1.2084296
1.9257878, 0.10665327, 0.3286404
1.9564077, 0.052038006, 0.42692438
2.0536344, -0.032028463, 1.9113772
2.0734863, -0.06910066, 1.2728503
2.0494108, -0.062126, 0.7566323
2.04636, -0.034832414, 0.44733298
2.08888, -0.08755033, 1.2649503
2.1123421, -0.11695584, 0.65570396
2.0077732, 0.021676738, 0.87423295
2.1061778, -0.11081963, 1.3919739
2.0886042, -0.09934268, 0.17049895
2.034938, -0.012625047, 1.3721641
2.0924864, -0.10815938, 0.15034933
1.9518764, 0.062484905, 0.43152714
2.0869365, -0.09056923, 0.89404
2.0966659, -0.096934326, 1.6154006
2.000268, 0.020717513, 0.7070497
1.9849908, 0.041471623, 0.9106485
2.0155125, 0.00959963, 1.4080846
2.005519, 0.007686196, 0.33366483
2.08805, -0.09492228, 0.6955698
1.9653964, 0.06698849, 0.95123965
2.0491335, -0.026145488, 1.9472785
2.0322533, -0.0053251144, 1.9706758
2.0520108, -0.030492177, 1.9321485
2.031393, -0.0023841644, 1.9848762
2.0360568, -0.011489145, 2.0084853
2.0162756, 0.009928116, 1.989533
2.0110142, 0.0280766, 2.0154333
2.0717402, -0.06370163, 1.8911681
2.0497217, -0.031523004, 1.9919162
2.0545444, -0.034680616, 2.0122633
2.047914, -0.024695694, 2.0294628
2.0179217, 0.01129477, 2.0492744
2.031761, -0.012011837, 2.0536354
1.9973967, 0.038231786, 2.0435019
2.0940168, -0.092095934, 1.9118143
2.0732174, -0.064606234, 1.8708415
2.0926232, -0.08788449, 1.8483076
2.0938907, -0.08880244, 1.9282554
2.099805, -0.10159753, 1.9134479
2.0973809, -0.0931633, 1.8789538
2.053615, -0.046450723, 2.0502653
2.0490887, -0.027966734, 2.074092
2.0258274, -0.0067779017, 2.0618148
2.0166595, 0.019372854, 2.0614028
1.9873438, 0.055859834, 2.0710504
2.0161963, 0.01574043, 2.0904105
2.0069265, 0.03217792, 2.0903516
2.0452712, -0.022311917, 2.084035
1.995814, 0.043513343, 2.0964346
1.9761153, 0.052248776, 2.050506
2.110349, -0.118006274, 1.9283614
2.1107268, -0.10957119, 1.9465736
2.1130142, -0.123662576, 1.9323003
2.1109364, -0.110880494, 1.8918519
2.0957768, -0.09198062, 1.8339831
2.1066077, -0.11864055, 1.8395953
2.1152666, -0.12758008, 1.8697386
2.1075625, -0.11292929, 1.8477714
2.0501509, -0.036190253, 2.114426
2.009111, 0.027577026, 2.1079342
1.9941038, 0.031962097, 2.1168551
1.9893664, 0.05011625, 2.1073148
1.9741491, 0.075086825, 2.1064258
1.9746895, 0.06652501, 2.0887516
2.0916953, -0.085187554, 1.9856473
2.1104393, -0.107834995, 1.795917
2.1135457, -0.115229145, 2.0227454
2.0919726, -0.087094024, 2.052945
2.1112888, -0.11182681, 2.0734663
2.092044, -0.089017965, 2.113934
1.9527377, 0.10189554, 2.1153953
2.1171503, -0.1242184, 2.0091698
2.1080174, -0.12760319, 1.7754374
2.1135488, -0.11293626, 2.0946665
2.1173913, -0.12076236, 2.0822515
1.9354656, 0.106892124, 1.5548205
1.9340607, 0.11091758, 1.3885629
2.0371962, -0.0471896, 0.36615777
2.0759442, -0.08802211, 1.0085499
2.0106263, -0.0077975816, 0.29165363
1.9312623, 0.1061965, 1.1943223
1.9940817, 0.033614095, 1.5470996
2.0365746, -0.027868599, 0.9359583
2.013755, 0.004132757, 0.47015187
2.1069548, -0.11673008, 1.0287747
1.9296263, 0.106254674, 0.4674856
2.0472112, -0.029173767, 2.048004
2.0888574, -0.08875017, 0.31657937
2.0490534, -0.033501282, 0.73589474
2.049109, -0.030573426, 1.851318
1.9482237, 0.08625564, 1.2695441
1.9687872, 0.067284286, 1.2543868
1.94215, 0.10253053, 1.1896553
1.9558461, 0.09248564, 1.8327051
2.107094, -0.11488561, 0.6132282
1.9762083, 0.06690715, 2.054843
1.9482306, 0.09091118, 1.4121078
2.0501904, -0.046007108, 1.4286708
1.9501007, 0.088905066, 0.5700588
2.0952597, -0.11460569, 0.49500754
2.023453, -0.0035895498, 0.9861109
1.9644969, 0.046844125, 0.17100094
2.035555, -0.050549943, 0.1291378
1.9391768, 0.079473846, 1.2009625
1.9508636, 0.10515127, 1.8511927
2.0103538, 0.0071902303, 1.1316887
2.1183963, -0.13345245, 1.859447
1.9756608, 0.052103557, 2.0346575
1.9310659, 0.10921021, 0.9921397
2.103175, -0.11199723, 0.79654276
2.0056748, 0.009448178, 0.5463808
2.0022836, 0.0217278, 1.0596051
2.0498004, -0.050690807, 0.8940536
1.9899333, 0.045139216, 1.754272
1.9545959, 0.054170065, 0.2307183
1.9818875, 0.030962128, 1.4494706
1.9505895, 0.10689442, 1.9499133
1.9983294, -0.006437299, 0.12693362
1.9844009, 0.027747836, 0.1712643
2.0797257, -0.084473446, 1.7558888
2.0398018, -0.010667727, 0.8215745
2.0338497, -0.029365825, 0.8919434
2.0921018, -0.10552656, 0.12635353
2.0862129, -0.084883004, 1.9458679
2.0510435, -0.05378408, 0.71269584
1.96955, 0.06557931, 1.7923775
2.1099398, -0.10957064, 1.9093411
1.9252644, 0.092517, 0.22664079
2.0547502, -0.051645014, 0.7643257
2.0423794, -0.026096579, 0.38198018
1.9475485, 0.08729966, 0.6095579
1.9542764, 0.057978492, 0.572753
2.074114, -0.08198662, 1.1824412
1.9736317, 0.072574265, 1.8075923
2.1123383, -0.12747389, 0.6508067
2.102014, -0.117119946, 0.24420613
2.0686846, -0.061646845, 1.9944052
1.9496874, 0.09465708, 0.48509204
2.0479198, -0.052346867, 1.0712928
1.966141, 0.0662181, 0.5312302
1.9971925, 0.02770271, 2.0046735
2.028203, -0.0091174785, 1.4914045
2.0719924, -0.06916334, 1.0116229
1.9742435, 0.034495465, 0.36565042
2.047921, -0.03373983, 0.9184816
1.9415507, 0.10680249, 0.5893902
2.0350869, -0.020908535, 1.8520589
1.972646, 0.06880752, 2.0099761
2.116298, -0.12819305, 1.4943693
1.9617176, 0.063805945, 0.35737735
2.1087537, -0.108101085, 2.0099807
1.9457191, 0.08080322, 0.2077708
1.928483, 0.109746166, 1.5920402
1.9545753, 0.0693237, 0.79018843
2.0228214, -0.013634351, 0.40982714
1.9334284, 0.11283712, 1.7530888
2.0639668, -0.068273425, 0.18674988
2.0151796, 0.009809625, 2.1107442
1.9532926, 0.06899591, 0.21453075
1.9522485, 0.10670173, 1.5472852
1.9906945, 0.010010336, 0.49534944
2.0141144, 0.01659786, 1.9075425
2.092556, -0.09018141, 1.7451978
2.0133839, 0.008291895, 0.51092327
1.9808396, 0.05129661, 0.34798056
1.9963965, 0.014481667, 0.32172015
2.000258, 0.025802486, 0.88596404
2.0946288, -0.08989117, 1.5525439
2.1062257, -0.11305167, 1.7111429
2.0513754, -0.04694056, 1.232952
1.9497148, 0.10750378, 0.8326866
2.045187, -0.03394589, 1.093365
1.992004, 0.045378797, 1.9723593
1.9908223, 0.024467885, 1.1749096
2.0841155, -0.08849729, 0.11277604
1.9543841, 0.084224164, 0.5929382
2.05954, -0.08427987, 0.17004773
2.005024, 0.032921877, 1.94564
1.976328, 0.04744615, 1.8902779
2.0747871, -0.09055791, 0.9967865
1.9457893, 0.10535768, 1.2448578
1.9490811, 0.08942981, 1.0308095
2.0583124, -0.08082555, 0.10541199
2.0080023, -0.0081923315, 0.39177954
2.0440607, -0.035946403, 0.78813344
1.984968, 0.050288353, 1.5121489
1.9653244, 0.068154804, 0.31252375
2.0985253, -0.12598726, 0.18099071
1.9821043, 0.050710708, 0.96613455
2.0094976, 0.025481477, 1.8524523
1.9542962, 0.09260878, 1.5293909
1.9843626, 0.049895458, 1.8914405
2.0727825, -0.0888542, 0.75309485
2.0357296, -0.021493858, 1.5860287
2.032011, -0.024919316, 1.1133195
1.9545448, 0.10401536, 1.9133017
2.0786588, -0.105863445, 0.23452906
2.1228423, -0.15405321, 1.3875163
2.0661223, -0.07610964, 0.27451426
1.9731216, 0.052226983, 1.5895498
2.0130906, -0.00956588, 0.350371
1.9154819, 0.1078417, 0.48912576
2.0082848, -0.006020593, 0.92801523
2.1024868, -0.116552874, 0.18624355
2.0852385, -0.08724724, 1.1108156
2.094592, -0.10085865, 1.8644106
2.0590053, -0.044917997, 1.7459868
2.116602, -0.12567326, 1.4257984
2.0341487, -0.028701566, 1.0494975
2.0068693, 0.031134833, 2.0478148
2.0162365, -0.025322556, 0.36784413
1.995868, 0.032239065, 1.1868315
1.9539716, 0.086931884, 1.0135082
1.9821587, 0.02379356, 0.41846073
2.1001747, -0.11766992, 0.20412678
1.9186422, 0.10468253, 0.5459182
2.0136106, 0.009320015, 1.4469757
2.0511372, -0.062732525, 0.71237975
1.9794444, 0.05968043, 2.107743
2.0491292, -0.032229252, 0.33219263
2.0828567, -0.095185295, 0.22262324
1.9885825, 0.04506165, 0.6061992
2.1052063, -0.1279898, 0.23518723
2.0167508, -0.008266666, 1.4087822
1.9573908, 0.07651461, 1.2759204
2.057542, -0.047587693, 1.5299003
1.9475238, 0.10854481, 1.6936558
1.9954021, 0.015224446, 0.25671238
1.9511222, 0.09032157, 1.2882277
1.9876984, 0.04520806, 1.2001157
2.1323264, -0.1448811, 1.0131996
2.032903, -0.022839246, 1.7821356
2.0976493, -0.10015455, 1.464768
1.9479358, 0.08430747, 0.50225604
2.0434697, -0.036013875, 0.13195787
2.0754697, -0.08134667, 1.3036821
2.0270853, -0.016101567, 0.6876266
1.9505584, 0.07495626, 0.97403663
2.0712688, -0.08027459, 0.9512307
2.1319704, -0.14892715, 1.2011865
1.9353528, 0.09368932, 0.3911952
2.0020497, 0.034190606, 2.068345
1.9870859, 0.030383296, 0.9307084
2.1039052, -0.11176061, 0.28994456
1.9469918, 0.09559291, 0.14908336
1.9312117, 0.116419904, 2.0544443
1.9895781, 0.048216246, 1.1369967
1.986788, 0.037816375, 1.4936192
1.9946929, 0.0494963, 1.6913955
2.1127117, -0.14020814, 0.50431085
2.1069686, -0.10667003, 0.88636655
1.9518691, 0.09139591, 1.5694374
2.050733, -0.03091177, 1.9693226
2.0721622, -0.06589743, 1.9169425
2.0370045, -0.023434214, 1.3949454
1.9720306, 0.071658574, 1.7288252
1.9524449, 0.07035034, 1.1725827
1.9190717, 0.11308879, 1.1189152
2.02955, -0.026476918, 1.2123544
2.0166914, 0.019855846, 1.6451321
2.002938, 0.0076981415, 0.38518387
2.0738668, -0.06597318, 1.325882
2.0731015, -0.07690226, 2.0535014
2.081915, -0.08252495, 2.0803025
1.9358575, 0.089958355, 0.931438
1.9532906, 0.091412224, 0.9054772
2.0691736, -0.08549071, 0.76952726
2.0283048, -0.025068356, 0.9688919
1.9439634, 0.10612156, 1.5220238
2.0148106, 0.013049078, 1.9452639
1.96838, 0.07473023, 1.4643614
2.0202231, -0.015391238, 0.24125569
2.0127442, -0.009975404, 0.6318875
2.0520105, -0.07043855, 0.38528657
2.087512, -0.08855308, 0.5137641
2.0927892, -0.10695235, 1.8562698
2.0361125, -0.022483237, 1.6985664
1.9738047, 0.0281896, 0.6729889
2.0276325, -0.009084352, 1.5306869
2.0764503, -0.083862744, 1.2351264
2.0336418, -0.024663229, 1.3252611
1.9548273, 0.09098463, 1.9312766
1.9470991, 0.10251288, 1.3130639
2.0596833, -0.051287133, 1.281696
2.1014836, -0.10997288, 0.11819418
2.046932, -0.03630242, 1.3053653
1.9183892, 0.11039602, 0.37418646
2.0870347, -0.08697264, 1.3878717
2.113028, -0.11195592, 1.9680178
2.075442, -0.070268765, 1.8310223
1.9295607, 0.104468696, 0.266781
2.0193658, -0.023359016, 0.5107595
2.048517, -0.030928154, 1.8904016
1.9938475, 0.0320095, 1.9878182
1.9254311, 0.10670298, 1.11027
1.9503222, 0.09743824, 2.0862782
1.9665539, 0.054400854, 0.9068265
1.9617808, 0.0642874, 0.5740332
1.9658872, 0.06218194, 0.7759942
2.030396, -0.046724714, 0.2062405
1.9516859, 0.05268979, 0.25340188
2.069838, -0.08581679, 0.17092156
2.1155448, -0.14877515, 0.60538346
1.9286736, 0.10890121, 0.24764243
1.9924341, 0.008856956, 1.3838574
1.9672801, 0.057586703, 0.9477432
2.026025, -0.008668594, 1.3478394
2.047936, -0.03561651, 0.58653545
2.091496, -0.110683694, 1.0139352
1.922086, 0.10334094, 0.44901252
2.090822, -0.11749648, 1.1883425
1.9313848, 0.111589715, 1.6245328
1.9874347, 0.052682817, 1.6081967
1.9973927, 0.027468318, 0.36907288
1.9667286, 0.05148918, 1.446423
2.010827, -0.003566268, 1.9356846
2.115448, -0.12163544, 1.7524523
2.0583766, -0.044738546, 1.4736674
1.9843029, 0.042044654, 1.2578928
2.0794702, -0.077924736, 1.8197205
1.9837371, 0.03682673, 0.3537025
1.955104, 0.09356658, 2.0718188
2.100544, -0.10926821, 1.193868
1.932437, 0.10868344, 1.0264447
1.936318, 0.0884841, 0.7744028
2.0294282, -0.027904473, 0.60841
1.988741, 0.027405893, 1.6107723
1.950519, 0.06534568, 0.13347319
2.0744996, -0.09032675, 0.53152454
2.0465193, -0.050309695, 0.4102633
2.0948322, -0.12333903, 1.0670605
1.9545615, 0.09364262, 1.691086
1.9484003, 0.07032098, 0.10583578
2.1014981, -0.116337664, 0.31169045
1.9312135, 0.107437074, 1.7889032
1.9760265, 0.068794444, 2.030517
2.1073976, -0.12331193, 1.173948
2.0302858, -0.048515055, 0.23583867
2.015807, -0.020841904, 0.39521298
1.9946749, 0.027755525, 1.7676585
2.004141, 0.0010495451, 0.31006753
2.0477753, -0.030861998, 1.8700294
1.9277859, 0.09256804, 0.41139376
2.128723, -0.15093093, 1.9158503
2.1037703, -0.13998267, 0.2860338
2.0388966, -0.042496447, 1.4861704
2.0335991, -0.027819838, 0.9516174
1.9771321, 0.03180432, 0.7352237
2.0775504, -0.07304087, 2.0332184
1.9554, 0.07570531, 1.8608325
1.9539931, 0.07731865, 1.7294993
1.9851245, 0.04154454, 0.53362507
2.1156156, -0.12876742, 1.6966851
1.9386688, 0.06912186, 0.16534495
2.1324835, -0.14354679, 0.36637598
1.9993166, 0.009147283, 0.112672195
2.0284781, -0.0050973548, 1.7250683
2.0170934, -0.0015891879, 1.545538
2.0950327, -0.09159788, 1.7977732
2.104691, -0.10322679, 1.5644677
2.0861967, -0.09468917, 1.0357494
2.046893, -0.03790016, 1.1216979
2.057057, -0.049087465, 2.0699053
1.9734771, 0.07902473, 2.0798526
1.9500253, 0.09683974, 1.3268547
2.0659397, -0.0686247, 0.8837844
1.986528, 0.050192818, 2.0141773
1.9834577, 0.046109777, 0.71197027
1.9303355, 0.105487846, 0.13676688
2.089101, -0.09507783, 0.1424921
1.963029, 0.052361935, 0.39432377
2.0308456, -0.026494479, 0.90613824
1.9437977, 0.07966913, 1.310411
1.9771156, 0.03542208, 0.33280283
2.0935173, -0.10646337, 1.2490553
2.0586648, -0.04274402, 1.8721346
2.1099765, -0.119688295, 0.3944665
2.032239, -0.026478734, 1.4293668
2.078558, -0.091055006, 0.44653517
1.9424529, 0.10115975, 0.41123152
1.9345217, 0.092788324, 0.75001454
1.9939265, 0.011388024, 0.5081133
1.9288422, 0.109795906, 0.87505275
1.9281162, 0.108055994, 1.2338713
2.0332193, -0.009760215, 1.0868688
2.1128223, -0.12862973, 0.45359862
1.9692312, 0.048339505, 0.6905768
1.9768298, 0.05725446, 1.5686544
1.9880378, 0.02967925, 0.67229766
2.0514588, -0.070922896, 0.49399537
2.0780566, -0.077364415, 1.9489453
1.9849929, 0.040118422, 1.0661167
2.0391355, -0.043862756, 0.6448528
2.0599308, -0.051186144, 1.9787347
2.039062, -0.030018058, 1.6157517
1.9498005, 0.11034288, 1.7919968
2.0268378, -0.02732913, 1.0705948
1.9981852, 0.018298665, 1.1378165
2.0449255, -0.03357537, 1.350829
1.977564, 0.032470442, 0.6444912
2.1101406, -0.12638427, 0.67211545
1.991858, 0.023867955, 0.6471931
2.07805, -0.091512665, 0.2114827
2.0182543, -0.02959125, 0.12727538
2.0253932, -0.0140962545, 1.0259421
2.1083834, -0.11425162, 1.8758518
2.0162094, -0.0052556978, 1.0686402
2.0131328, -0.0023869714, 1.2958686
1.9515359, 0.09580816, 0.7261473
2.0339012, -0.017650101, 0.5707156
2.111851, -0.12726834, 1.7958136
1.9326696, 0.10802939, 1.3706617
2.109387, -0.11185543, 0.40257153
1.9793806, 0.04855835, 1.5480433
2.0302873, -0.015370804, 1.4484651
2.0431695, -0.030580014, 0.53270775
2.0959644, -0.1231682, 0.112881094
2.0994031, -0.12232849, 0.6858598
2.1147726, -0.13322194, 1.7367687
1.9742367, 0.051601604, 1.1885352
1.9718869, 0.06943497, 1.2099085
1.9556837, 0.072057635, 0.7126604
1.9971792, 0.014878484, 0.633634
1.9826627, 0.032143068, 0.624021
1.9319754, 0.09109709, 0.6298117
1.9550712, 0.086236805, 1.1885796
2.0954475, -0.10485696, 0.7053443
2.054506, -0.043306462, 0.8739207
2.0300155, -0.03160761, 0.5502584
2.045744, -0.05265695, 0.50918907
2.075369, -0.065939344, 1.7483406
2.0205376, -0.01410982, 0.5849982
1.9564593, 0.071287684, 1.1908941
2.0942705, -0.106086895, 1.3125039
2.050499, -0.032398652, 0.98993695
1.9761271, 0.0273972, 0.9286819
2.077538, -0.08202066, 1.7249665
1.9851875, 0.048072558, 0.94505286
1.9462595, 0.08848446, 0.69250613
2.0373666, -0.050680827, 0.17191575
1.9332155, 0.10220436, 0.416856
1.9479903, 0.070140444, 0.9937552
1.9388167, 0.079449885, 0.2626825
1.9991955, 0.0012952797, 0.61793137
2.096335, -0.12558916, 0.4092433
2.0350215, -0.01324865, 2.0397797
1.963825, 0.060630266, 0.68246365
2.095285, -0.095385775, 0.8518807
1.9722767, 0.052492417, 0.66805685
1.9807643, 0.042548243, 1.2217319
2.0585382, -0.06049447, 0.67361325
2.0326252, -0.0110769905, 2.1063294
2.112889, -0.13001889, 1.0857325
1.976564, 0.036832627, 1.1706216
1.9549986, 0.07944886, 1.230498
2.064168, -0.053131703, 1.2962077
2.0605795, -0.046693258, 0.82050633
2.0077837, 0.028890137, 1.5138996
2.0002477, 0.028936196, 1.4044265
2.0736637, -0.064259, 2.009381
2.003929, -0.008072521, 0.30806455
2.0628042, -0.04905326, 1.0864968
2.0302696, -0.0033801207, 1.9032766
2.0619838, -0.04941244, 0.7718173
2.0110857, 0.020229425, 1.0974969
2.135408, -0.14395064, 1.0317607
2.0717335, -0.05468066, 1.9939566
2.11699, -0.117296085, 0.85661334
2.0633473, -0.05234468, 1.3465352
2.0745316, -0.058969688, 1.046229
2.0432706, -0.039349314, 0.40984166
2.0656445, -0.05457837, 0.92928034
2.0644355, -0.059133865, 1.5962086
1.9693632, 0.03792608, 0.55074203
2.0677338, -0.051647574, 0.98519987
2.0057685, 0.025961366, 0.7920815
1.9437099, 0.10503709, 1.3569638
2.068074, -0.056198314, 1.2460289
2.0665324, -0.058898505, 0.42203748
1.9647588, 0.03623154, 0.5074688
2.0049171, 0.029007804, 0.29707745
2.0669763, -0.053045828, 1.6938782
2.056816, -0.081089534, 0.5238691
2.1332464, -0.14475015, 0.39348388
2.0688148, -0.05189927, 1.8121424
2.0380588, -0.06384805, 0.22391501
1.9408321, 0.10309505, 0.13610595
2.0634942, -0.056506284, 0.57568806
2.093422, -0.10113072, 1.3534172
2.0704682, -0.056446537, 1.4740674
1.9312379, 0.09970174, 1.817241
2.122059, -0.14035232, 0.24238032
2.0655723, -0.05113841, 0.94798845
2.0610251, -0.043493938, 1.5263419
1.9908626, 0.052275814, 1.9916245
2.0530686, -0.032054167, 1.5389833
2.0659919, -0.05549949, 1.1448855
2.0632522, -0.051191937, 1.1285926
2.0737371, -0.055221435, 1.7735436
2.0661929, -0.051170703, 1.1090274
2.1309772, -0.14050722, 1.8521305
1.9478152, 0.111785665, 2.0897985
1.9391288, 0.098731, 1.2609534
1.9478959, 0.10296822, 1.8747553
1.9299538, 0.12153293, 1.6077662
2.06139, -0.047906443, 2.048589
1.9359031, 0.11627188, 2.1064684
2.000907, 0.021656621, 0.74363446
1.9538829, 0.08672945, 2.0523367
2.0636616, -0.043479055, 0.7019817
2.0055976, 0.025809038, 1.1932745
2.0703177, -0.058442943, 1.0378025
1.9295144, 0.11237533, 1.2670988
1.9913129, 0.04287011, 2.050534
2.1296015, -0.14173612, 1.7220159
2.0034192, 0.03058429, 0.6743979
2.0191934, -0.010287928, 1.4595407
2.032587, -0.009692501, 1.8936325
1.991553, 0.035634834, 1.9676425
2.0725286, -0.059948836, 0.87257576
1.9985471, 0.030584173, 0.8124971
2.0649674, -0.05166061, 2.1070821
2.012187, -0.008546746, 0.4680562
2.1399434, -0.14669473, 1.0910245
1.9837408, 0.04267181, 0.57904834
2.0643022, -0.05623339, 0.59454465
2.008514, -0.008236418, 0.5907912
2.0005426, 0.008427525, 0.18065913
2.0192122, -8.0090284E-4, 1.9082396
2.060574, -0.04387135, 1.6609346
2.038147, -0.043952033, 0.80437267
2.009997, 0.030358898, 1.968914
2.0714767, -0.056387916, 1.8743627
2.0667415, -0.055558033, 0.7226598
2.1032739, -0.10968366, 1.7319926
2.0641546, -0.05049809, 1.7078445
2.061973, -0.05429045, 0.5104215
2.1076248, -0.11884152, 0.27604467
1.9708949, 0.033618573, 0.40915507
1.9783117, 0.05082411, 1.0818205
2.0629895, -0.05624707, 0.6667255
2.0630558, -0.047479488, 2.0090811
2.0275419, -0.002415642, 0.85517216
2.0704916, -0.054433167, 1.4537469
2.0730937, -0.05555208, 1.8914309
2.0907483, -0.08323851, 2.0704155
2.066843, -0.049961932, 1.3119435
2.108404, -0.11185765, 1.5150735
2.0660288, -0.052920673, 1.5091351
2.0601885, -0.058876347, 0.27007338
1.9710678, 0.06835228, 1.5708858
2.004202, 0.028413897, 1.5874219
2.1103654, -0.10824057, 1.8074703
1.965637, 0.066126235, 0.7493261
1.9347023, 0.07528841, 0.45060867
2.0630872, -0.05902187, 0.61067
2.0387692, -0.04697217, 0.4071924
2.0656831, -0.048618548, 1.7239604
2.0125165, 0.0033561713, 1.7141107
2.0623775, -0.058173444, 0.18909481
1.9667261, 0.059722655, 1.8788284
2.0017037, 0.021943819, 0.90569437
1.9508777, 0.08389693, 0.45588273
2.0653782, -0.05165819, 1.3899801
2.0675042, -0.05713203, 1.6123158
2.1138313, -0.12662677, 1.7034129
1.954472, 0.10280031, 2.0734882
2.1083827, -0.12526187, 1.9121879
1.9244992, 0.104114816, 0.21087377
2.0620868, -0.053400338, 1.0727736
2.064993, -0.050411373, 1.2094296
2.06706, -0.051677816, 1.9079316
2.0740852, -0.056281283, 2.097365
2.0707617, -0.05447459, 2.034286
2.0961354, -0.086268656, 1.7657583
2.0524087, -0.030236937, 1.6543415
2.0970178, -0.10820524, 1.7341712
1.9426107, 0.113400355, 2.0448146
2.075285, -0.0692213, 1.7972293
2.049941, -0.03885531, 0.81289196
2.0869818, -0.102987394, 0.78865707
2.0409865, -0.038420986, 0.24535085
2.0987868, -0.12226139, 0.25047007
2.1356714, -0.14712594, 0.7066144
1.975212, 0.050155174, 1.7536049
2.1340969, -0.1489221, 0.536379
1.9582794, 0.04865992, 0.54029715
1.9977902, 0.012707074, 0.9652632
1.9553771, 0.07891678, 1.4386591
1.9577572, 0.09620756, 1.6245068
2.1076024, -0.12044997, 1.1119541
2.0074575, 0.03302496, 2.0338893
2.0701766, -0.072289094, 0.32443845
1.9521937, 0.09007102, 1.7120054
1.9948212, 0.013683892, 0.78670174
2.0393167, -0.042894967, 0.523645
2.0164049, -0.02376017, 0.41863853
1.975751, 0.038677067, 1.0069795
2.0159698, 0.015054087, 2.0075026
1.990276, 0.03693221, 0.82114375
1.9502916, 0.07870177, 1.4863609
1.9308946, 0.1211146, 1.6751559
1.9967693, 0.037737496, 1.924023
1.9736545, 0.05845043, 0.8780467
1.9345595, 0.11266212, 1.7273709
1.9452288, 0.11269339, 0.80975336
1.9431307, 0.104900226, 1.2289037
1.9310148, 0.08812787, 0.6542308
1.9341367, 0.08729591, 0.6875555
1.9519653, 0.05588026, 0.27227363
1.9278605, 0.10905763, 1.2518822
1.9307641, 0.12412642, 1.6850122
2.076185, -0.06702163, 1.2311821
1.9776459, 0.056215722, 2.0040817
1.9289247, 0.10323156, 0.7796356
1.9581647, 0.09385641, 1.6733992
2.0358875, -0.026553119, 1.5566386
2.0956051, -0.10322802, 1.7448256
1.9776181, 0.03885357, 0.9622112
1.9386044, 0.08719565, 0.9495415
2.0373497, -0.037488673, 1.4675118
1.9521614, 0.076875664, 0.9464797
2.1097798, -0.122900955, 1.6017991
1.9320376, 0.0963572, 0.7033262
2.0043316, -0.017643105, 0.110980205
2.0185688, -0.020701336, 0.96468705
1.9995861, 0.033123497, 1.6449965
1.9589677, 0.075596176, 1.7940644
1.9343232, 0.11142616, 1.8117324
1.9568554, 0.051333513, 1.2622261
2.0015278, 0.031783707, 1.1511592
2.0580044, -0.063831255, 0.64949995
1.9252536, 0.11181275, 0.94470525
1.9269642, 0.118057, 1.983444
1.9178635, 0.09983374, 0.6257609
1.942771, 0.11477894, 1.4167565
1.9565086, 0.056647126, 0.1322599
2.1193771, -0.14099973, 0.18735409
2.0596135, -0.08128195, 0.084251106
2.0370262, -0.046322353, 0.35176063
1.9264072, 0.10453397, 0.69063246
1.933644, 0.103521235, 0.50544626
2.0739944, -0.08065801, 1.1420628
1.9973915, 0.017513093, 1.3035532
2.0176575, -0.02765749, 0.6064371
2.0167174, -0.023796674, 0.18526715
1.9732503, 0.037549466, 0.7044545
1.9326105, 0.11528097, 1.8261261
2.0156658, -0.0010258218, 1.1494327
2.0334544, -0.026283521, 1.3514005
1.9935948, 0.01875967, 1.6072304
2.0515556, -0.029881345, 1.6387075
2.0778184, -0.08156694, 2.0462794
2.0373278, -0.040233202, 1.332864
1.9302473, 0.12029529, 1.8129002
2.0964675, -0.120655306, 0.7874952
1.9571495, 0.059801713, 1.1563251
2.099621, -0.13187274, 0.13151386
1.97725, 0.07527231, 1.6873392
1.9585501, 0.050262775, 0.76712686
2.0171778, -0.0013012997, 1.7635705
2.055099, -0.06274791, 0.89189184
2.0885482, -0.092947334, 1.6229336
2.1039412, -0.117518924, 0.44058388
1.9537894, 0.09332918, 2.1034303
2.0796814, -0.10025484, 0.4775636
2.0179372, -0.009229645, 1.4905342
2.0370693, -0.02194343, 2.049157
2.1192763, -0.12034714, 0.8272227
2.0778248, -0.06424774, 2.0710707
1.9557668, 0.05220334, 0.942997
2.1132257, -0.15383968, 0.113456465
2.118973, -0.12708063, 0.819577
1.9258006, 0.104953036, 0.1578495
1.9587761, 0.05336599, 1.2473012
2.1109545, -0.13280368, 0.2488195
2.058283, -0.061351445, 0.40862906
2.0275464, -0.007167501, 1.9507316
1.9556688, 0.095056936, 1.2476947
2.0780294, -0.07174153, 0.8554981
2.0924199, -0.12170104, 0.4989556
1.9254179, 0.10989419, 1.8740393
1.9524443, 0.0394185, 0.38540864
1.996184, 0.029525846, 0.8492748
2.0117896, -0.026617963, 0.43873015
2.0575256, -0.0641637, 0.9324279
1.9911271, 0.016072104, 0.7222252
1.9978337, 0.02444304, 1.0710683
2.0926387, -0.10385936, 1.5232792
2.112174, -0.120129205, 1.2036898
2.0983593, -0.12264934, 0.9562148
1.9961468, 0.031101862, 1.621871
2.1309576, -0.14117007, 0.96973187
1.9380628, 0.11674116, 1.8908614
2.079009, -0.06331991, 1.6629695
2.0998518, -0.10327247, 0.9786062
2.0187979, -0.024478547, 0.65810376
2.0148683, -0.023787368, 0.22681838
2.1355464, -0.14198281, 0.2698405
2.0910094, -0.1254505, 0.33111626
2.119091, -0.122231595, 1.2996411
2.0392275, -0.02682218, 1.529436
1.9891477, 0.056137905, 1.6291257
1.9757761, 0.030084742, 0.6950089
2.0585063, -0.035767596, 0.60784614
1.9707861, 0.02956463, 0.35920355
