1.2286785, 0.32902202, 0.13730988
1.2463903, 0.31211078, 0.16438274
1.2087747, 0.2719823, 0.20479363
1.2044379, 0.22749314, 0.20882712
1.1533078, 0.0882931, 0.13451876
1.2173761, 0.26595998, 0.22269584
1.1854475, 0.19099899, 0.1721538
1.1948047, 0.23090646, 0.008958306
1.1898314, 0.20466638, 0.19563611
1.1938832, 0.22542334, 0.088474385
1.2024475, 0.21420234, 0.029543944
1.1897441, 0.16875589, 0.08900918
1.1924362, 0.23319946, 0.20948642
1.1911911, 0.20867452, 0.0849534
1.2010801, 0.22334251, 0.19769591
1.2137487, 0.29077244, 0.14190614
1.1678672, 0.113123134, 0.024108918
1.2034792, 0.23200548, 0.027889334
1.1623116, 0.08928507, 0.0774646
1.1954118, 0.254837, 0.18542871
1.2079401, 0.26556072, 0.042564873
1.2220502, 0.2541105, 0.122427315
1.1539515, 0.067025065, -0.009748628
1.1926565, 0.21406211, 0.015215978
1.2143717, 0.30649596, 0.1452146
1.20997, 0.26740342, 0.13343346
1.112215, -0.07031208, 0.04929145
1.2057416, 0.25094384, 0.032238755
1.1862277, 0.187614, 0.088696964
1.1744658, 0.14539428, 0.08187634
1.1920786, 0.19378765, 0.1964808
1.1976557, 0.26640168, 0.1467875
1.2063036, 0.264609, 0.11146853
1.166077, 0.10480641, 0.09656431
1.10822, -0.06805089, 0.092679374
1.171715, 0.11087927, 0.1312278
1.2208451, 0.31575522, 0.13515738
1.1707807, 0.13003762, 0.086360894
1.209677, 0.23194088, 0.09129005
1.153578, 0.07205361, 0.07356087
1.206904, 0.27367985, 0.09038843
1.1901739, 0.14848249, 0.089604706
1.1654567, 0.11258654, 0.10093815
1.1629876, 0.08211211, 0.12703896
1.1664708, 0.086582705, 0.09066277
1.2105348, 0.24640815, 0.17291173
1.1724846, 0.12289364, 0.11152766
1.2063748, 0.23793508, 0.0473783
1.2035053, 0.2504898, -0.011068081
1.1889106, 0.18583685, 0.20783031
1.2054515, 0.19448833, 0.15572402
1.2120295, 0.2533326, 0.09304309
1.214473, 0.27148008, 0.008408578
1.2391292, 0.23283018, 0.10048516
1.1899009, 0.29375082, -0.017301135
1.1989704, 0.24531722, 0.17509079
1.208405, 0.30445176, -7.18574E-4
1.1505035, 0.065256074, 0.15628174
1.2277002, 0.25296363, 0.10699789
1.191315, 0.22752902, 0.027677057
1.2019408, 0.24629296, 0.01093841
1.1617664, 0.07540608, 0.029967226
1.2226144, 0.325594, 0.086347386
1.2119993, 0.309161, 0.10779153
1.2057815, 0.20953393, 0.015032051
1.157603, 0.11511355, 0.09170354
1.2126453, 0.25321743, 0.14897728
1.1323931, -0.043292448, 0.05744857
1.2359898, 0.29513946, 0.18174674
1.1891373, 0.16719134, 0.04377638
1.2087247, 0.26556885, 0.18463045
1.1918856, 0.20665649, 0.10274191
1.1516615, 0.023073705, 0.09804205
1.2080303, 0.25719944, 0.12607642
1.2242527, 0.29644015, 0.16607818
1.2107372, 0.29399335, 0.0087042125
1.2295378, 0.3069524, 0.06566942
1.197633, 0.2518066, 0.025520142
1.2058092, 0.205456, -0.0064484235
1.2000327, 0.2282051, 0.014737653
1.2124821, 0.30659556, 0.13233358
1.2253089, 0.2523453, 0.096776046
1.2156293, 0.27011204, 0.070515774
1.2156901, 0.22872604, 0.22800109
1.2275116, 0.3288795, 0.030890223
1.155499, 0.053308118, 0.068989575
1.2075777, 0.17113012, 0.07351093
