1.7266473, 0.29494983, 1.9289283
1.748395, 0.3082495, 1.8638506
1.7055724, 0.27966174, 1.9511818
1.7065825, 0.2730127, 1.9110919
1.7175589, 0.28503385, 1.8883011
1.6930054, 0.26769924, 1.9414246
1.7242229, 0.29471618, 1.9623327
1.7459229, 0.31226748, 1.9706889
1.7516516, 0.31614602, 1.8388964
1.6810011, 0.25734952, 1.974736
1.7054257, 0.27540737, 1.986192
1.6670587, 0.25504702, 1.9014987
1.7004157, 0.276441, 1.8500673
1.7056575, 0.27523667, 2.013759
1.7421379, 0.30845422, 1.7950742
1.7047181, 0.28073156, 1.8160577
1.7506995, 0.31550074, 1.8050661
1.7263359, 0.2961766, 1.79
1.7507503, 0.31442395, 2.028311
1.667622, 0.24982606, 2.0303836
1.7014078, 0.2791908, 1.7774036
1.6841145, 0.26521564, 1.771775
1.707663, 0.28461418, 1.7510183
1.7254138, 0.2950823, 2.0712283
1.6728015, 0.256446, 2.0732875
1.7480028, 0.31619862, 1.7348924
1.7257681, 0.29443115, 1.7238425
1.6854033, 0.26361743, 1.736812
1.668354, 0.24975805, 1.730236
1.7025874, 0.27420282, 1.7067239
1.712991, 0.2796105, 2.100058
1.747723, 0.3135369, 2.0883892
1.680529, 0.25935405, 2.1112955
1.6488849, 0.23669589, 2.090663
1.6718309, 0.25433877, 1.6960058
1.6865338, 0.27076563, 1.6707604
1.6891944, 0.27028495, 1.648453
1.648283, 0.23549509, 2.0244415
1.7287352, 0.2954082, 2.0306268
1.7427512, 0.31201738, 1.660517
1.7272385, 0.29412556, 2.0870056
1.6328077, 0.2277574, 1.6508428
1.7302637, 0.29957765, 1.8289351
1.6950654, 0.2722243, 2.0705998
1.6734565, 0.25380507, 2.0527663
1.7479012, 0.31324962, 1.7677603
1.7699695, 0.33092642, 1.7737477
1.672274, 0.25603682, 1.8355856
1.6961931, 0.26977336, 2.0313647
1.692679, 0.27168494, 1.6888652
1.7412292, 0.2994466, 2.116036
1.6356084, 0.2303414, 1.6629261
1.6687329, 0.25601023, 1.6728941
1.7502297, 0.3144301, 2.06802
1.6609802, 0.25046304, 1.6545125
1.7783979, 0.33957177, 1.6465755
1.643734, 0.23164022, 1.7512827
1.6836765, 0.2618329, 1.788518
1.6916865, 0.27003232, 1.614758
1.7567319, 0.3243923, 1.7088225
1.7053483, 0.27683112, 1.7898525
1.62556, 0.21444418, 1.7132021
1.720606, 0.28959653, 1.5810248
1.7134676, 0.2887391, 1.5860758
1.6928377, 0.27043313, 1.5741687
1.6655929, 0.25068823, 1.5642633
1.7492061, 0.31596544, 1.5933752
1.7491926, 0.31165442, 1.5668132
1.7105162, 0.28494206, 1.5565253
1.6836494, 0.26592973, 1.5508528
1.654682, 0.24569061, 1.5486871
1.7290866, 0.2960035, 1.5096449
1.7104332, 0.27915475, 1.5138676
1.7106154, 0.28400022, 1.473977
1.7344089, 0.30669516, 1.4866011
1.7230699, 0.29214275, 1.4772207
1.7484454, 0.31713963, 1.4608105
1.6923435, 0.26830566, 1.4683843
1.6689265, 0.25168696, 1.4664416
1.707753, 0.28275013, 1.4285364
1.7474757, 0.31394365, 1.4452018
1.7459491, 0.3126011, 1.4249287
1.7701805, 0.33104232, 1.4316379
1.6644104, 0.2513209, 1.4278841
1.7160366, 0.28867728, 1.4103673
1.6972176, 0.26801565, 1.4009427
1.7008717, 0.27568504, 1.406825
1.668077, 0.25734985, 1.4183549
1.6807286, 0.2567192, 2.0608273
1.6409649, 0.23440446, 1.7695554
1.7442586, 0.30765912, 1.7484609
1.6983991, 0.26984137, 2.1067805
1.6776123, 0.2562802, 1.9227909
1.635413, 0.22719485, 2.0063264
1.7052171, 0.27704248, 1.5914395
1.7473676, 0.31651157, 1.6137916
1.7329258, 0.29632837, 1.3876413
1.6725237, 0.25665897, 1.8044794
1.7322876, 0.30548152, 1.9435822
1.7084605, 0.27602637, 2.0759192
1.7070249, 0.27774012, 1.8985349
1.6448376, 0.23782697, 1.8287089
1.7514896, 0.3099814, 2.0115848
1.7480274, 0.31473273, 1.6821858
1.7383512, 0.30660015, 1.6062992
1.7237308, 0.2934454, 1.9497342
1.6125523, 0.20770295, 1.5515872
1.7373325, 0.29971862, 1.7084898
1.6604894, 0.24330129, 1.4812201
1.7331738, 0.3042807, 1.3479731
1.7717218, 0.33392546, 1.952637
1.6750691, 0.25660795, 1.5852182
1.7126057, 0.28854147, 1.3548988
1.7300657, 0.29389256, 1.9128398
1.7097127, 0.27860203, 1.4906017
1.7476135, 0.30637103, 1.8493252
1.682899, 0.25980082, 1.4859595
1.7598083, 0.32474053, 1.6896983
1.64709, 0.23687908, 1.3880708
1.7058837, 0.2768599, 1.8363355
1.72297, 0.29097414, 1.4962596
1.7051237, 0.27726686, 1.3427653
1.7106524, 0.28570798, 1.3085164
1.6886165, 0.2673615, 1.3375373
1.6949606, 0.26784062, 1.3029505
1.6645435, 0.2550451, 1.334045
1.6945683, 0.27278998, 1.2663895
1.7265005, 0.29475915, 1.2682858
1.6658801, 0.24609174, 1.2601289
1.6857233, 0.2587533, 1.2735813
1.631108, 0.22894172, 1.3325018
1.7242767, 0.29521927, 1.2423848
1.7027314, 0.26976392, 1.2589175
1.6618392, 0.24677558, 1.2370285
1.693483, 0.2726907, 1.245982
1.6144418, 0.20560925, 1.2933192
1.7073041, 0.27880362, 1.217704
1.7250623, 0.29613775, 1.2126677
1.7313299, 0.29925826, 1.1820488
1.6731154, 0.25424433, 1.1780894
1.6903616, 0.27463043, 1.1541777
1.6817384, 0.25860852, 1.1399992
1.7312421, 0.29506063, 1.139137
1.7087102, 0.2778192, 1.1388878
1.7127666, 0.28621772, 1.0698607
1.7202505, 0.29376522, 1.0556979
1.6945174, 0.27147603, 1.0487156
1.7151226, 0.2893045, 1.0260102
1.6906568, 0.26858416, 1.026362
1.7012705, 0.2736797, 1.0126823
1.7070954, 0.2841733, 1.0131576
1.7443793, 0.31585622, 1.0319349
1.6848089, 0.2593615, 1.0122646
1.6780401, 0.25800467, 1.0732095
1.7058381, 0.27916133, 0.9839991
1.6967465, 0.27585056, 0.9885467
1.6674305, 0.2517507, 0.98523355
1.7007138, 0.27952334, 0.9649701
1.6553804, 0.23897877, 1.0164597
1.7294922, 0.29837176, 0.943126
1.6856997, 0.267568, 0.94794834
1.6752012, 0.2524296, 0.9455328
1.7093905, 0.28601924, 0.9242126
1.6921129, 0.26741064, 0.9227683
1.6723995, 0.25023797, 0.78191036
1.6551411, 0.2476566, 0.77612716
1.7086598, 0.27801472, 1.971114
1.7006354, 0.27435, 0.88693583
1.7380219, 0.2981181, 2.0533783
1.6478784, 0.24596578, 0.93211716
1.6646621, 0.24774519, 0.82406706
1.7001297, 0.27155456, 0.813846
1.7011691, 0.27570668, 1.0927713
1.7311523, 0.29515895, 1.9894041
1.7795146, 0.3373111, 2.0169876
1.7661607, 0.31687072, 1.929699
1.7290715, 0.29933664, 0.93775797
1.6658069, 0.25098294, 0.80886465
1.7010013, 0.27862376, 1.570029
1.6782825, 0.2631812, 1.4049989
1.7012292, 0.2699097, 1.9322438
1.6861033, 0.26810446, 0.74737483
1.6953713, 0.27566418, 1.0765499
1.6873693, 0.26953372, 0.76910967
1.707308, 0.27818513, 1.1503323
1.6656855, 0.24705878, 0.85122776
1.6859312, 0.2705233, 0.82164377
1.7708114, 0.33563098, 1.9920095
1.709475, 0.27887943, 0.79453754
1.6831897, 0.2576159, 1.2523991
1.7277337, 0.2987529, 1.602363
1.6897813, 0.27136543, 0.868069
1.6466018, 0.24097826, 1.7282715
1.6663023, 0.25545418, 1.1570448
1.6602807, 0.24741441, 0.7312551
1.6425363, 0.23332535, 0.8992137
1.6283507, 0.23274727, 0.83230627
1.7095616, 0.28846893, 0.77009857
1.7087888, 0.28769925, 0.8085995
1.7223762, 0.29205757, 0.7946612
1.7128638, 0.28434065, 0.70997274
1.6810073, 0.26619437, 0.7201389
1.6833665, 0.2679416, 0.7018409
1.7051522, 0.28195062, 0.7365833
1.719702, 0.29108036, 0.755826
1.6520247, 0.25024077, 0.69025886
1.7342294, 0.29730973, 0.7055107
1.7043126, 0.27841538, 0.6751624
1.7143131, 0.2890643, 0.69015455
1.6906371, 0.2727668, 0.6568746
1.7084452, 0.27597857, 0.6003114
1.6649103, 0.25008753, 0.6085452
1.7339491, 0.29912204, 0.5765694
1.7071936, 0.28061724, 0.58765453
1.6724908, 0.25479516, 0.57052255
1.6955273, 0.27026623, 0.5259332
1.6989032, 0.2701406, 0.50310814
1.6730491, 0.25438684, 0.47134915
1.6834662, 0.25545797, 0.47467354
1.6658659, 0.25389487, 0.4222783
1.6890414, 0.27409598, 0.43012887
1.6952225, 0.2760596, 0.4077185
1.6899834, 0.27338892, 0.37099746
1.6881682, 0.2649153, 0.34367928
1.7068772, 0.2697328, 0.35749027
1.697729, 0.27823207, 0.30561644
1.6670929, 0.2589355, 0.31679824
1.6690753, 0.25240323, 0.26721257
1.6954689, 0.26855448, 0.2837335
1.6868505, 0.27111694, 0.25085723
1.674544, 0.25450745, 0.22662316
1.703653, 0.2729323, 0.24808271
1.6490673, 0.23599893, 0.18995628
1.7057065, 0.27581757, 0.18630767
1.6761688, 0.25282627, 0.11117222
1.667853, 0.25628084, 0.13448954
1.7014956, 0.2732917, 0.09678763
1.6858065, 0.27508453, 0.071427666
1.7676178, 0.3353097, 1.0076839
1.6529484, 0.23872913, 1.1418035
1.6724797, 0.25428402, 1.5243912
1.733917, 0.30426398, 0.9859042
1.6873317, 0.26911402, 1.5099616
1.6447852, 0.2366415, 0.4419077
1.6705816, 0.25347957, 1.9559922
1.7233378, 0.29105553, 1.8492074
1.7212967, 0.29088247, 1.6683978
1.6900333, 0.2713771, 1.3568172
1.646424, 0.23696154, 1.0970322
1.6867195, 0.25798243, 0.517294
1.7260053, 0.29336023, 0.68123645
1.7419238, 0.31511316, 0.931404
1.727923, 0.29434028, 0.88182604
1.6646311, 0.25210875, 1.3483801
1.7252706, 0.2979255, 0.9654419
1.7690628, 0.33331195, 1.731677
1.7417268, 0.30803484, 1.2227547
1.7436651, 0.31231928, 1.1769578
1.6886053, 0.2710303, 1.1766064
1.695015, 0.2691254, 2.0482602
1.6807173, 0.25900796, 2.0004725
1.7500598, 0.3144776, 1.2868581
1.6649593, 0.25045848, 1.7660723
1.7009121, 0.2723371, 0.5143507
1.6310228, 0.22426938, 1.4921019
1.7228795, 0.29328611, 1.0143322
1.7269996, 0.2953557, 1.3646145
1.7451485, 0.31399894, 1.0496686
1.6434604, 0.23587795, 1.2500057
1.6231948, 0.22941309, 0.3447089
1.674128, 0.25566125, 1.390765
1.6135533, 0.20785041, 1.4685531
1.7107648, 0.27626327, 0.4627866
1.6364033, 0.23085313, 1.5092039
1.681505, 0.26065314, 0.45197335
1.7442507, 0.3085609, 1.5232775
1.7103941, 0.28992292, 1.6528598
1.6645486, 0.25075892, 1.9664325
1.6488543, 0.24212664, 1.0333295
1.7684418, 0.3196568, 1.9989142
1.6694518, 0.25177512, 0.6990161
1.7339805, 0.3050563, 1.3152696
1.665137, 0.24515536, 0.4570657
1.6236174, 0.22966331, 0.18301916
1.7582885, 0.3260234, 1.6047374
1.7359794, 0.30336067, 1.0315393
1.651371, 0.23910199, 0.9337865
1.6480078, 0.23629856, 0.7686972
1.6488473, 0.23701854, 1.3387402
1.6614091, 0.25423947, 1.6385878
1.6986167, 0.27410638, 0.2731791
1.6513963, 0.24397965, 1.3044915
1.6242592, 0.2179314, 0.5556496
1.7548386, 0.31997895, 1.4818447
1.642942, 0.22959304, 1.5953462
1.6335244, 0.22968903, 1.5520076
1.7081355, 0.28111437, 1.9157814
1.6759299, 0.25464606, 2.0850098
1.6682587, 0.253291, 1.5066193
1.7272228, 0.30078775, 1.6967593
1.6526163, 0.23965065, 0.29974967
1.6430204, 0.23450756, 1.9490485
1.6901175, 0.27639812, 0.49176368
1.7013625, 0.28366098, 0.6603811
1.7109758, 0.2833069, 2.062997
1.7476048, 0.3147457, 0.9739882
1.6732728, 0.25532266, 0.869315
1.6753762, 0.2657338, 0.92965317
1.7108028, 0.28229246, 2.03301
1.7614601, 0.31766766, 1.7168838
1.6200875, 0.21725272, 1.420077
1.7221305, 0.29473993, 1.0327595
1.7348675, 0.30766338, 1.729363
1.7248119, 0.29427814, 1.5384119
1.7357016, 0.30340707, 1.89078
1.7291437, 0.30255944, 1.7625405
1.7370095, 0.30621496, 2.091248
1.7137182, 0.2849526, 1.9967102
1.6121662, 0.2031505, 1.6904452
1.6149483, 0.20906304, 1.5726188
1.7338619, 0.3045622, 1.411961
1.7422519, 0.31143945, 1.3740203
1.6880848, 0.26374024, 0.6322907
1.6719114, 0.262916, 0.8165211
1.6220078, 0.21930058, 1.0985625
1.6998247, 0.27644095, 1.7461971
1.6951704, 0.27295536, 1.4459975
1.6981843, 0.2815485, 1.2884238
1.6138791, 0.20607018, 1.7067606
1.7627089, 0.3198608, 1.8266989
1.7287571, 0.2985128, 1.1529506
1.7497439, 0.318514, 1.7026486
1.7698139, 0.33217254, 2.0482807
1.7138933, 0.28803727, 1.4506954
1.6668924, 0.26008853, 1.2881507
1.781453, 0.33224654, 2.0095494
1.6600422, 0.245478, 0.7076534
1.6311536, 0.23041847, 1.3082106
1.6580615, 0.252019, 0.9750457
1.686461, 0.26787513, 1.8105494
1.6754204, 0.2628312, 1.2346427
1.7116289, 0.2898067, 0.8501781
1.7678351, 0.32734865, 1.8749931
1.6487083, 0.24427415, 1.4442935
1.7467563, 0.313155, 1.1847043
1.7565805, 0.32667395, 1.9595792
1.6792921, 0.2672649, 1.07061
1.6874707, 0.26757792, 1.7114229
1.69126, 0.26218095, 0.67501193
1.7321793, 0.30430043, 1.2501334
1.697189, 0.27042648, 1.8556882
1.7272238, 0.29733482, 0.62244403
1.6902649, 0.2756281, 0.581929
1.6463578, 0.23575139, 2.0661244
1.6329181, 0.22725286, 1.5341635
1.6871214, 0.26535687, 1.1803589
1.6671668, 0.25020128, 1.8443645
1.7117444, 0.2867844, 1.6913111
1.7694213, 0.32976162, 1.5834665
1.7514884, 0.3202904, 1.9830335
1.6978323, 0.27017087, 1.9931265
1.7128491, 0.28105727, 1.9216388
1.6878964, 0.26437712, 0.84739494
1.7151123, 0.29176867, 1.6735559
1.7429713, 0.30942702, 1.9070933
1.7060843, 0.28558248, 1.1738943
1.6577415, 0.24731988, 1.7030694
1.6826895, 0.26671505, 1.4991025
1.7189224, 0.28641248, 2.0053391
1.71192, 0.28342432, 1.8649501
1.7032359, 0.2806303, 1.7834773
1.6699439, 0.26068246, 1.016405
1.7626495, 0.3183445, 1.5072495
1.6739901, 0.2636394, 0.8543677
