1.5078104, -1.7880517, 0.010822588
1.4903027, -1.7934474, 0.0049128053
1.5161418, -1.8100953, -0.0037556095
1.529171, -1.8056738, 0.010974354
1.4727573, -1.7860839, 0.011395249
1.4931182, -1.8281857, 0.016549168
1.4535307, -1.734621, 0.0070399004
1.4464636, -1.7057894, 0.011084139
1.4594077, -1.7818962, 0.017899452
1.5122503, -1.8439997, 0.012910413
1.5286872, -1.8476855, 0.009234378
1.5474927, -1.8522364, 0.009251839
1.5301505, -1.8678108, 0.013464226
1.5241661, -1.8774827, 0.020188244
1.549344, -1.8688451, 0.0062536416
1.4538362, -1.6637778, -0.006358263
1.5711688, -1.8668642, -0.0067639793
1.5491831, -1.8897127, 0.010630753
1.5747377, -1.8515141, -0.013134192
1.5583196, -1.914718, 0.017826354
1.4115927, -1.6442661, 0.006797072
1.5684288, -1.9258506, 0.013286173
1.591524, -1.9538046, 0.0126880035
1.430848, -1.6049078, -0.010705198
1.4314134, -1.5931431, -0.01033391
1.4159524, -1.6298676, -0.0038440158
1.394004, -1.6260595, 0.010647684
1.5996956, -1.9748518, 0.011727061
1.408617, -1.5688435, -0.0077959653
1.3922412, -1.5696348, -0.0082349805
1.3915529, -1.5529423, -0.008796743
1.3731842, -1.5352817, -0.008475668
1.4890971, -1.8015693, -0.0018248911
1.3476366, -1.5287704, 0.00797358
1.3715852, -1.5516064, -0.008195628
1.3901012, -1.6075077, 0.009203069
1.3551295, -1.567491, 0.0078014685
1.3489188, -1.5270805, -0.0065398994
1.6091433, -1.9262947, -0.0066006267
1.4082862, -1.5901492, -0.006713923
1.5032384, -1.848831, 0.024544286
1.5662005, -1.940191, 0.027544245
1.5542397, -1.8501409, -0.011130978
1.4372786, -1.7574139, 0.018107897
1.4533241, -1.6352568, -0.0202633
1.3725241, -1.5666219, -0.0063014627
1.3319902, -1.5143623, 0.0049430868
1.323425, -1.4943309, -0.0038535292
1.4142159, -1.5983402, -0.021285033
1.5354105, -1.8985909, 0.024198923
1.4158406, -1.6634449, 0.017166888
1.3517121, -1.5847535, 0.01653281
1.4112072, -1.6136503, 0.008529799
1.3305326, -1.5328832, 0.009151334
1.3959092, -1.6452854, 0.017120078
1.3712584, -1.5697289, 0.0041386266
1.5308826, -1.7878326, -0.010079881
1.304689, -1.4911577, -0.0020838878
1.3759323, -1.6044984, 0.014623175
1.4499145, -1.6466719, -0.0075916518
1.3554075, -1.5483408, -0.004950571
