1.1781617, -2.0967488, 0.13871351
1.1530604, -2.1372333, 0.14636284
1.1671585, -2.107848, 0.14479382
1.2121327, -2.0900779, 0.13541037
1.1921492, -2.13264, 0.1294165
1.2128167, -2.0687044, 0.14789815
1.165614, -2.1290808, 0.1417744
1.1731262, -2.1252553, 0.13484126
1.1911304, -2.0680919, 0.14847304
1.1272726, -2.1722584, 0.13731267
1.1341608, -2.1499393, 0.14639473
1.2502356, -2.073143, 0.13308619
1.2208582, -2.0416424, 0.15241468
1.2252223, -2.0693898, 0.13578793
1.1518898, -2.1562765, 0.13302422
1.2465628, -2.0463195, 0.14889926
1.246178, -2.0596845, 0.13910137
1.1074721, -2.1700563, 0.14784333
1.1167375, -2.1761534, 0.13701168
1.0898185, -2.1711836, 0.15100692
1.2731444, -2.0274324, 0.15211713
1.2630435, -2.0339735, 0.13782999
1.2324283, -2.0089788, 0.15295269
1.0707543, -2.1900063, 0.14982578
1.2870157, -2.006337, 0.14913249
1.3129373, -2.0306194, 0.13554254
1.2945212, -2.0107822, 0.13627009
1.3179333, -2.00404, 0.13437481
1.2823706, -1.9928288, 0.139392
1.0560274, -2.226716, 0.13918522
1.045373, -2.2301412, 0.14213786
1.3166412, -1.995994, 0.13826548
1.3092862, -1.9886752, 0.14817454
1.3237965, -1.9774978, 0.13873646
1.0022545, -2.2289016, 0.14978135
1.0074711, -2.2468252, 0.14437579
1.0130383, -2.2564116, 0.13351384
1.0279437, -2.233422, 0.14597975
1.3467649, -1.957785, 0.1381477
1.3631278, -1.9896433, 0.13498563
1.3311776, -1.9260252, 0.15285169
1.3482212, -1.9300749, 0.14936782
0.9837793, -2.230451, 0.1611189
0.9648441, -2.2677767, 0.1555359
1.3656598, -1.9262561, 0.13976085
0.96237946, -2.2881145, 0.14851734
0.9787814, -2.2936628, 0.13750054
0.9506722, -2.2889225, 0.15027472
0.9341114, -2.3088386, 0.14721051
0.90671337, -2.3236897, 0.15171981
0.9319463, -2.3430293, 0.13640268
0.86407787, -2.3558414, 0.14652641
0.890384, -2.3460417, 0.150856
1.104057, -2.1869802, 0.14080372
1.3398353, -2.0121405, 0.1337567
1.4046947, -1.9328953, 0.1330506
1.3470067, -1.9721024, 0.13333428
1.129307, -2.160883, 0.14378768
1.3950759, -1.9596431, 0.1236799
0.95009774, -2.3221593, 0.1419004
1.0884109, -2.1835349, 0.14835307
1.3887852, -1.9047035, 0.13691469
0.98257506, -2.2606373, 0.1486649
0.90379626, -2.3507314, 0.13626166
1.1597726, -2.1418552, 0.14242314
1.4276178, -1.907249, 0.13546029
1.4374223, -1.9268445, 0.13792652
1.438969, -1.9397142, 0.1159455
1.4097726, -1.8879507, 0.15167648
0.8794378, -2.3594048, 0.13812707
1.4594489, -1.8920292, 0.12838785
1.4625986, -1.8993797, 0.12616669
1.428888, -1.8691529, 0.14845346
1.4293121, -1.8533378, 0.14791606
