2.1557863, -1.4884323, 0.4186264
2.1343458, -1.4864715, 0.4183832
2.2050128, -1.5217068, 0.42407268
2.2108335, -1.4664707, 0.41800448
2.232833, -1.4662603, 0.42475247
2.245788, -1.4713111, 0.4146126
2.2607605, -1.4963952, 0.41391668
2.2705932, -1.4931598, 0.4211081
2.2945988, -1.4658175, 0.42710924
2.2952623, -1.5927542, 0.42424524
2.2838023, -1.594292, 0.41345054
2.3005435, -1.4978251, 0.41798562
2.3180969, -1.5410563, 0.41207486
2.3312566, -1.6078382, 0.4135952
2.3377516, -1.5421946, 0.4134598
2.3512049, -1.5068809, 0.41607258
2.349504, -1.481668, 0.41458642
2.2300801, -1.6293567, 0.41761363
2.253331, -1.6283343, 0.41553622
2.346693, -1.6525955, 0.41017058
2.367339, -1.5465904, 0.41247216
2.3893108, -1.4856714, 0.41340196
2.392185, -1.658666, 0.41325966
2.4152606, -1.5131097, 0.41049692
2.42493, -1.4884768, 0.4103866
2.4517753, -1.4919999, 0.41201884
2.4658134, -1.517393, 0.41143474
2.4729435, -1.5594347, 0.41085622
2.4906197, -1.494786, 0.40883514
2.4911675, -1.519396, 0.4121579
2.5559282, -1.5015824, 0.40992633
2.5500708, -1.5305912, 0.41290134
2.311838, -1.4535875, 0.42268747
2.3748112, -1.4659069, 0.41463873
2.4113274, -1.6133461, 0.41356146
2.353856, -1.5679493, 0.41951254
2.227422, -1.4520847, 0.41685623
2.3307235, -1.5684826, 0.41823462
2.3952892, -1.4656839, 0.41795444
2.3904536, -1.5489085, 0.41245323
2.1863115, -1.49126, 0.4189813
2.331656, -1.4516656, 0.42389816
2.4515772, -1.5873568, 0.4206147
2.134158, -1.5376495, 0.4228174
2.4103184, -1.5869024, 0.424476
2.410541, -1.4705052, 0.42215702
2.286522, -1.634478, 0.41319677
2.1892283, -1.4649748, 0.41754532
2.2980485, -1.5590202, 0.4224447
2.4819708, -1.5343186, 0.4097546
2.3424942, -1.469372, 0.42739433
2.365774, -1.5189936, 0.41555887
2.3291597, -1.5086964, 0.41303977
2.308488, -1.4083898, 0.41411605
2.5370734, -1.5400585, 0.4096641
2.1690369, -1.5471783, 0.4266965
2.4687877, -1.5961771, 0.4222842
2.4874353, -1.5855037, 0.4189165
2.2153802, -1.5017031, 0.4186963
2.2658243, -1.5080512, 0.41668588
2.444168, -1.6255643, 0.41291252
2.3909047, -1.5215038, 0.41569787
2.4526277, -1.6494927, 0.40992174
2.3688602, -1.5667888, 0.42473686
2.3510032, -1.4098936, 0.4147185
2.4302926, -1.6143479, 0.4238137
2.3016, -1.515284, 0.41052464
2.2418182, -1.5054308, 0.41694683
2.4637284, -1.6758054, 0.4052761
2.426234, -1.6374525, 0.4137116
2.513002, -1.420645, 0.41127944
2.3321333, -1.3632699, 0.42391598
2.2644873, -1.3901654, 0.41500846
2.2464774, -1.3620002, 0.4177297
2.2431962, -1.3928136, 0.41618273
2.3590555, -1.3618687, 0.4212829
2.3750062, -1.406341, 0.41230857
2.3922353, -1.4025602, 0.41314512
2.4099853, -1.4161134, 0.4111483
2.4336004, -1.4089197, 0.41557777
2.3157377, -1.3485311, 0.42370853
2.3330414, -1.3467394, 0.42675677
2.4076214, -1.3626618, 0.42129892
2.4475183, -1.365152, 0.42426336
2.4926763, -1.3669201, 0.41578025
2.4144182, -1.3504505, 0.42230546
2.4106905, -1.6348548, 0.4116415
2.530812, -1.4729083, 0.41576448
2.483738, -1.4872506, 0.42336044
2.4673178, -1.3937898, 0.41833964
2.2604952, -1.4075747, 0.41425693
2.4671748, -1.6947756, 0.41527796
2.3859644, -1.3661444, 0.4210062
2.2976232, -1.616355, 0.41229066
2.3589585, -1.3477069, 0.42565992
2.4876888, -1.7288959, 0.39621103
2.470544, -1.7265066, 0.3928075
2.468817, -1.748028, 0.39900196
2.4981713, -1.7544295, 0.39860556
2.5065854, -1.7274961, 0.40036237
2.531768, -1.7626599, 0.39643672
2.5688047, -1.7723159, 0.3929404
2.52132, -1.7800589, 0.39203992
2.5424564, -1.7826272, 0.39600614
2.577825, -1.7448354, 0.39353997
2.591493, -1.8191409, 0.3966658
2.6029963, -1.708227, 0.39457875
2.5642679, -1.8576039, 0.3940483
2.63233, -1.8310542, 0.39171487
2.6073377, -1.8552136, 0.4057696
2.585224, -1.893949, 0.39695477
2.653092, -1.8759025, 0.39536777
2.6033673, -1.8918949, 0.3977251
2.6108608, -1.8999989, 0.40360233
2.4992495, -1.8403533, 0.3972555
2.5663762, -1.9059697, 0.39098123
2.6396499, -1.9058294, 0.39713067
2.640019, -1.8804319, 0.38869447
2.6903586, -1.8893709, 0.39440018
2.4643216, -1.8300694, 0.4000534
2.4516187, -1.8542849, 0.39954734
2.6108255, -1.9454004, 0.39444706
2.6454444, -1.9236002, 0.3978707
2.6371865, -1.9486512, 0.39636648
2.6623554, -1.9505398, 0.39858958
2.5893705, -1.9723364, 0.40489146
2.6162522, -1.9915662, 0.41395032
2.589713, -1.9844676, 0.39511806
2.6303368, -1.9911776, 0.3955029
2.6830869, -1.9998459, 0.4071816
2.6197846, -2.027818, 0.4028787
2.7048311, -2.021609, 0.39440414
2.6558847, -2.0434978, 0.4022491
2.2860205, -1.3904709, 0.41573352
2.593986, -1.9895484, 0.40856457
2.2662418, -1.4678135, 0.42437932
2.2927094, -1.4769828, 0.41152307
2.2980351, -1.5310551, 0.42765278
2.5041394, -1.4839158, 0.4241904
2.3464484, -1.3998983, 0.4108036
2.1808672, -1.5015253, 0.41285032
2.1295438, -1.5164876, 0.4181188
2.6903055, -2.0451133, 0.39305001
2.6651905, -1.8852919, 0.40363333
2.3922122, -1.4312892, 0.4165792
2.25994, -1.5297772, 0.4224746
2.5918293, -1.5002532, 0.41067204
2.407338, -1.3983886, 0.41702804
2.3914948, -1.326292, 0.4135871
2.4722984, -1.9380554, 0.40183884
2.4833348, -1.903419, 0.3961174
2.6868377, -1.9165447, 0.39277598
2.4729671, -1.427376, 0.40735057
2.3463943, -1.434888, 0.41541043
2.2695224, -1.4279493, 0.41142648
2.541778, -1.561054, 0.42425814
2.4728892, -1.4089491, 0.40768126
2.3507955, -1.5203803, 0.41047254
2.2530012, -1.5878036, 0.41683447
2.173213, -1.5108145, 0.426761
2.4250574, -1.3606498, 0.4248649
2.165963, -1.4637266, 0.41921097
2.3658776, -1.430722, 0.41571262
2.4727497, -1.5532315, 0.4241078
2.507136, -1.5650113, 0.40887296
2.3040793, -1.3313404, 0.41598278
2.3320167, -1.4112272, 0.41348094
2.2462962, -1.6538149, 0.423684
2.4164782, -1.550699, 0.41602707
2.2756393, -1.5290465, 0.42670923
2.433561, -1.5490494, 0.42358616
2.4557364, -1.4438695, 0.41096935
2.460752, -1.4838041, 0.4206909
2.431368, -1.4427626, 0.41182464
2.5328906, -1.766518, 0.4043145
2.2903955, -1.4339709, 0.4115161
2.645477, -2.0281484, 0.39806718
2.4987473, -1.7529933, 0.40543464
2.5459013, -1.5936772, 0.41781723
2.3222427, -1.3988693, 0.41102028
2.168274, -1.4477493, 0.430023
2.547991, -1.9573771, 0.4093789
2.2317042, -1.592039, 0.42205775
2.3231523, -1.3898635, 0.4281235
2.403077, -1.3297554, 0.41266298
2.4648955, -1.8747783, 0.3959363
2.6319578, -1.9298928, 0.39245638
2.1438367, -1.5087843, 0.43523502
2.5133104, -1.6363505, 0.40541795
2.5844889, -1.7948191, 0.3903365
2.4244053, -1.5547965, 0.40979266
2.6688461, -2.009488, 0.39448452
2.524067, -1.4964832, 0.41064468
2.5410259, -1.9728106, 0.40441382
2.254558, -1.3878155, 0.427598
2.2052948, -1.450143, 0.42321736
2.3743207, -1.6353872, 0.41220915
2.428309, -1.8493592, 0.39693293
2.564031, -1.57187, 0.40854022
2.7064204, -1.9289325, 0.40576765
2.4689372, -1.7049872, 0.39829773
2.2565265, -1.4584044, 0.4116969
2.5616953, -1.5480726, 0.4191675
2.2721896, -1.4571973, 0.41567546
2.327683, -1.6273087, 0.4129439
2.5387673, -1.7214603, 0.39210734
2.5896356, -1.7289717, 0.39595675
2.47786, -1.7668511, 0.39905772
2.6398542, -1.7897462, 0.38831615
2.1658156, -1.4229803, 0.4178925
2.4093645, -1.4718162, 0.4078642
2.4347577, -1.309283, 0.41142076
2.5310748, -1.4858902, 0.4243841
2.453066, -1.4727545, 0.4116893
2.2704337, -1.5106989, 0.42406407
2.490657, -1.4749177, 0.41268438
2.3980052, -1.6171796, 0.4084725
2.508726, -1.4112606, 0.40617287
2.4471307, -1.529124, 0.4237944
2.5734181, -1.7293375, 0.389591
2.1898408, -1.4074855, 0.41793945
2.200243, -1.4509022, 0.41746345
2.3086276, -1.514051, 0.42509466
2.351849, -1.469548, 0.4107094
2.2335942, -1.4095687, 0.41478127
2.5248668, -1.9465026, 0.39762825
2.2971256, -1.459436, 0.41496217
2.316208, -1.4593668, 0.41743797
2.5279734, -1.5658473, 0.41086906
2.546126, -1.7380819, 0.39452305
2.6720762, -1.9955981, 0.3886673
2.7539682, -1.9858937, 0.38918585
2.4967031, -1.669215, 0.39780807
2.4208345, -1.3789517, 0.4193309
2.324804, -1.6680007, 0.4166497
2.4904146, -1.4273094, 0.4146348
2.555811, -1.7029265, 0.38896155
2.3030515, -1.570854, 0.42683765
2.6954381, -1.9483726, 0.39379033
2.4224148, -1.4332389, 0.4099006
2.2941527, -1.4831694, 0.41975978
2.7045455, -2.0301971, 0.40438926
2.3653226, -1.5939517, 0.42180008
2.5609663, -1.6818216, 0.39445135
2.5768728, -2.0113778, 0.4076172
2.411909, -1.662976, 0.41464418
2.3504372, -1.3024648, 0.4155777
2.3564932, -1.6324233, 0.41341415
2.5073009, -1.6110184, 0.41500026
2.473772, -1.4919412, 0.41597748
2.4343407, -1.3318027, 0.40934005
2.6822238, -2.0757155, 0.3908458
2.3134825, -1.4777253, 0.4131517
2.6311636, -2.0062306, 0.40542305
2.352553, -1.5869334, 0.42156208
2.55159, -1.7512358, 0.3948809
2.450456, -1.6067498, 0.40654147
2.4395354, -1.388451, 0.40527585
2.6743412, -1.9024642, 0.39807725
2.4211042, -1.6510648, 0.40784153
2.542519, -1.6860691, 0.3905896
2.5276468, -1.7129631, 0.40514705
2.5960453, -1.8294722, 0.40319002
2.4494534, -1.8933574, 0.39085358
2.459659, -1.3874518, 0.40782925
2.163548, -1.5188657, 0.4193257
2.4690864, -1.616011, 0.40737003
2.512283, -1.8586807, 0.39322925
2.4694097, -1.6254481, 0.4130847
2.2519174, -1.427859, 0.42541903
2.5799847, -1.8779931, 0.3898644
2.6392074, -2.0591097, 0.39503357
2.5459955, -1.4863075, 0.40699995
2.3250074, -1.5915762, 0.4137703
2.5474613, -1.8470176, 0.4081683
2.50756, -1.7149633, 0.39326376
2.419061, -1.7195997, 0.4039679
2.3498008, -1.5881975, 0.4156419
2.3251858, -1.3713176, 0.41593242
2.181506, -1.424104, 0.4186589
2.5665197, -1.8147978, 0.39363867
2.6289835, -1.8875169, 0.39626348
2.3762252, -1.3825103, 0.41213802
2.4737236, -1.8894674, 0.39704427
2.3468187, -1.3711866, 0.4169687
2.399676, -1.382849, 0.41264686
2.521233, -1.7448207, 0.39539468
2.2343345, -1.5885886, 0.41534325
2.5476565, -1.6291263, 0.40607145
2.5203712, -1.7001686, 0.39387485
2.5070436, -1.7719078, 0.40516305
2.4596074, -1.3318858, 0.40917614
2.6440096, -1.967508, 0.39728978
2.7426178, -2.0175962, 0.3875425
2.3263617, -1.6487436, 0.4102823
2.6501935, -1.8496716, 0.38693225
2.2634966, -1.6420296, 0.4160514
2.4335532, -1.833156, 0.4032267
2.558851, -1.9575206, 0.39620903
2.3906462, -1.6900344, 0.4142269
2.2147765, -1.5673485, 0.41770262
2.3705468, -1.3088112, 0.41332713
2.7211297, -1.9925679, 0.39274767
2.5660677, -1.8244483, 0.39712232
2.515282, -1.5282527, 0.4109467
2.5989087, -1.7923956, 0.4041595
2.6792114, -1.9783905, 0.39635414
2.5114613, -1.6893165, 0.39533955
2.528306, -1.8089571, 0.39850974
2.483269, -1.3874884, 0.40884474
2.6610374, -1.8958265, 0.39633027
2.3303816, -1.3077013, 0.41589832
2.1943998, -1.569777, 0.41898015
2.3887312, -1.3421121, 0.41079593
2.4873853, -1.921111, 0.39734232
2.4284, -1.6671917, 0.41601676
2.5315778, -1.8745719, 0.41148195
2.6998813, -2.0027828, 0.39129385
2.5937388, -1.9121392, 0.39224362
2.6193018, -2.0486999, 0.40800628
2.6022322, -1.8343487, 0.3945711
2.3108578, -1.5926334, 0.4082008
2.4788122, -1.783655, 0.40829545
2.7610042, -2.0453963, 0.3916559
2.3968594, -1.267736, 0.41130608
2.7452931, -2.074157, 0.392491
2.384701, -1.6246277, 0.4183138
2.3839173, -1.3670603, 0.4125676
2.2465973, -1.4521972, 0.4280507
2.608951, -1.8703331, 0.3912511
2.3720748, -1.6133052, 0.4083747
2.6421156, -1.8064816, 0.39224055
2.3926032, -1.5118062, 0.40901574
2.493826, -1.6114662, 0.4102278
2.5549188, -1.8886769, 0.3932432
2.7188356, -1.8979242, 0.4055106
2.2671354, -1.3501605, 0.4287394
2.5852668, -1.8650423, 0.4077768
2.4134037, -1.3691432, 0.41009197
2.5053804, -1.9476191, 0.39284503
2.4130185, -1.3103704, 0.4100886
2.2947984, -1.5762244, 0.41049597
2.4516435, -1.3677721, 0.41165817
2.3826041, -1.5830828, 0.42445445
2.4400098, -1.3430561, 0.40970132
2.516273, -1.8441229, 0.41025352
2.6158888, -1.915029, 0.39558086
2.6102016, -1.931298, 0.39035046
2.2624767, -1.5694493, 0.4146785
2.2705, -1.5652136, 0.42878616
2.58141, -1.9332198, 0.39303014
2.672385, -1.8476226, 0.3889891
2.4955592, -1.8888829, 0.39833316
2.4963093, -1.7243139, 0.40918303
2.2320273, -1.4645156, 0.4155826
2.4851792, -1.4182755, 0.4105571
2.530168, -1.848047, 0.395865
2.4267905, -1.5955244, 0.40833807
2.6084735, -1.6346993, 0.411731
2.5109754, -1.3773984, 0.39969206
2.148827, -1.5544866, 0.41627455
2.591824, -2.0527465, 0.4091543
2.523798, -1.8768332, 0.3931031
2.3795507, -1.6667179, 0.40893373
2.5057468, -1.9664204, 0.4062096
2.6635506, -2.1037319, 0.3977998
2.5710104, -1.7000952, 0.39314717
2.4867363, -1.3127029, 0.39615175
2.5506124, -1.8706506, 0.3892695
2.349554, -1.5403951, 0.4176809
2.492149, -1.8679079, 0.39401034
2.6749625, -1.9670111, 0.40256548
2.5213094, -1.9320344, 0.39553866
2.3834014, -1.6516087, 0.42342556
2.4849458, -1.9103992, 0.40255728
2.475192, -1.3737742, 0.40447578
2.7030826, -1.9711977, 0.39523947
2.331769, -1.4285128, 0.41473192
2.4162774, -1.6581906, 0.4194064
2.613454, -1.7318652, 0.39892262
2.6891246, -1.9386201, 0.39354327
2.438028, -1.4748007, 0.4063557
2.4908476, -1.5595378, 0.4127405
2.3092358, -1.64592, 0.41641057
2.528324, -1.961934, 0.39747018
2.438518, -1.4343421, 0.42301252
2.389019, -1.5871694, 0.41399628
2.132445, -1.5109358, 0.42944717
2.3090115, -1.4255145, 0.42594528
2.6029024, -1.6196402, 0.41370276
2.371933, -1.3161323, 0.4227544
2.2463799, -1.4276098, 0.41554335
2.1452203, -1.4955161, 0.427717
2.5485284, -1.5667403, 0.41180658
2.392283, -1.5690874, 0.4259499
2.2026474, -1.4255275, 0.4148981
2.2192905, -1.5296452, 0.41020846
2.3048165, -1.637784, 0.42384365
2.3571055, -1.6884974, 0.41640404
2.3725166, -1.429856, 0.42447704
2.702347, -2.0186193, 0.39200848
2.4940875, -1.9469547, 0.4068157
2.2758908, -1.4787767, 0.40907666
2.3280573, -1.573886, 0.42754444
2.5383322, -1.7359748, 0.40302676
2.4506848, -1.529833, 0.4119392
2.730364, -1.9511428, 0.389589
2.3052707, -1.6284294, 0.4137637
2.5071886, -1.916156, 0.40663898
2.1685965, -1.5564684, 0.41491672
2.4048238, -1.7252092, 0.416705
2.259212, -1.5659676, 0.42496562
2.2923467, -1.5731654, 0.42044812
2.493244, -1.8294351, 0.39551282
2.236614, -1.5298337, 0.41336963
2.5297823, -1.9207928, 0.4103574
2.5862703, -1.8532214, 0.3941419
2.6360936, -2.0781133, 0.40671396
2.1584299, -1.5178386, 0.41859663
2.1866505, -1.5574844, 0.41750342
2.1949005, -1.4281297, 0.4245834
2.6992784, -2.1065724, 0.39374283
2.2353938, -1.6318464, 0.43353453
2.4357526, -1.5911369, 0.42286482
2.422876, -1.5265414, 0.4126746
2.5058663, -1.5484977, 0.42349786
2.3549027, -1.6707691, 0.41242343
2.5655181, -1.8160268, 0.40228677
2.4708042, -1.8449417, 0.39907253
2.5362663, -1.4384061, 0.40456048
2.575849, -1.5664551, 0.42175987
2.5679684, -1.5946993, 0.42088142
2.5747073, -1.9250606, 0.39294678
2.418483, -1.4347358, 0.42223224
2.22374, -1.4286797, 0.426203
2.4081783, -1.6561241, 0.42545745
2.2360349, -1.5650702, 0.41603014
2.3876467, -1.2938164, 0.41773114
2.182404, -1.5199318, 0.4213171
2.509345, -1.4472387, 0.41053358
2.235132, -1.5265534, 0.423095
2.2440863, -1.607067, 0.41550654
2.2794805, -1.4217525, 0.43075928
2.5089526, -1.8042321, 0.39384
2.5144072, -1.9138126, 0.39513808
2.698355, -1.9728332, 0.40753123
2.4043484, -1.6133391, 0.42517474
2.1534104, -1.4185987, 0.42338192
2.5378425, -1.4494302, 0.40667492
2.1942344, -1.5491168, 0.4275253
2.5052707, -1.9932164, 0.39700845
2.2790563, -1.5393193, 0.40711272
2.529854, -1.6365284, 0.41800725
2.5912507, -1.7617096, 0.3902717
2.5988705, -1.8230666, 0.3914637
2.651268, -1.8300291, 0.40273565
2.3539476, -1.646396, 0.4260054
2.7145803, -2.1180816, 0.38702774
2.2116802, -1.5653901, 0.42480215
2.4933224, -1.4673129, 0.42064098
2.1889796, -1.4171803, 0.42887563
2.6477275, -1.8673073, 0.40186006
2.6929753, -2.0531425, 0.40021166
2.3217473, -1.5994452, 0.42752382
2.3653462, -1.3871933, 0.4302789
2.346738, -1.2999268, 0.41393313
2.5573397, -1.7239254, 0.40309533
2.52973, -1.4038433, 0.41267526
2.3780792, -1.3429376, 0.4264734
2.5836437, -1.8511925, 0.40234864
2.7133842, -2.0082421, 0.40889007
2.5929341, -1.9684436, 0.39505017
2.3859377, -1.6128237, 0.42125994
2.313243, -1.391694, 0.42050254
2.7056804, -1.9738708, 0.40344015
2.4770217, -1.9085615, 0.40709147
2.6561425, -1.9931113, 0.4042274
2.583916, -1.6840284, 0.39745733
2.6411724, -1.907707, 0.4043996
2.3617122, -1.6096766, 0.42035332
2.4619532, -1.4637463, 0.4229238
2.6284356, -1.9858533, 0.40183827
2.4712062, -1.9105818, 0.3955282
2.2346005, -1.4460375, 0.42629054
2.2360554, -1.5088422, 0.4271067
2.6122475, -1.851943, 0.394985
2.681515, -1.8701924, 0.39252663
2.4700394, -1.5360022, 0.42312747
2.6340845, -2.0722013, 0.398098
2.1791685, -1.4993435, 0.43286085
2.2728298, -1.5922871, 0.42706716
2.2565608, -1.4149454, 0.42642248
2.405512, -1.6835879, 0.4159004
2.646528, -2.0867977, 0.40208983
2.6110396, -1.8147209, 0.40364343
2.2882602, -1.515835, 0.42468137
2.6649165, -1.9119766, 0.4083705
2.583953, -1.809531, 0.4019242
2.5142205, -1.791246, 0.40647355
2.437516, -1.4625614, 0.42213362
2.5297067, -1.8338758, 0.39072698
2.5566065, -1.8397142, 0.39220992
2.399396, -1.4156632, 0.42243713
2.5869944, -1.7294683, 0.40314168
2.2809415, -1.6347318, 0.4242277
2.5097406, -1.8707864, 0.40755555
2.243927, -1.5865256, 0.429431
2.4627626, -1.7434798, 0.40898374
2.4025147, -1.3923298, 0.42414916
2.5036502, -1.8867854, 0.3904006
2.3082752, -1.3729424, 0.41262317
2.209642, -1.505023, 0.42879817
2.2328846, -1.429449, 0.4135414
2.544145, -1.8113658, 0.3904471
