2.9671881, -3.4583452, 0.24477297
2.9769535, -3.4299881, 0.20372064
2.9720232, -3.457546, 0.2634499
2.9772751, -3.4360042, 0.18250915
3.003277, -3.4146376, 0.23348573
2.9985924, -3.415862, 0.2146968
3.000701, -3.4251778, 0.19496676
2.966735, -3.4380317, 0.3105716
2.993554, -3.428114, 0.15377024
2.9478688, -3.4616249, 0.16975543
3.0016322, -3.431907, 0.1733847
3.0223653, -3.4224606, 0.26899734
2.9669185, -3.4427428, 0.12678145
2.9868786, -3.4274645, 0.13574472
2.9211402, -3.4791868, 0.1998649
3.0160348, -3.409834, 0.29022714
2.975813, -3.444859, 0.32390675
2.9634457, -3.4457145, 0.1042004
2.9122303, -3.4782298, 0.18344581
2.9233336, -3.476031, 0.21979551
3.032987, -3.3849754, 0.14573891
3.0209646, -3.4096596, 0.31109104
2.978583, -3.4310741, 0.09712815
2.9455907, -3.4761736, 0.10696784
2.9892662, -3.4415917, 0.3797556
2.9740787, -3.4325368, 0.07792721
3.0469139, -3.3873167, 0.16471985
3.0613077, -3.37318, 0.12437187
3.024277, -3.3903894, 0.10834361
3.0493302, -3.3848572, 0.19101764
3.0209885, -3.3978333, 0.34987006
2.975478, -3.4423745, 0.057818152
3.029397, -3.400477, 0.36918738
2.9470706, -3.4531667, 0.026321093
3.066022, -3.362146, 0.08684699
3.0662565, -3.3560812, 0.1082876
3.0421612, -3.3847635, 0.09483455
3.0314155, -3.3889256, 0.07162888
3.0264845, -3.3964124, 0.087439924
3.0228956, -3.4058986, 0.040628307
2.9301293, -3.466867, 0.27909625
3.0017986, -3.4257152, 0.29615712
2.930546, -3.4622593, 0.16934758
3.0234857, -3.4124594, 0.41076618
3.0070224, -3.413859, 0.35567635
2.9748454, -3.4385211, 0.34484956
3.006957, -3.433072, 0.35395578
2.9515667, -3.4521065, 0.104941726
2.9514797, -3.4644606, 0.06406336
2.9695375, -3.4456296, 0.028357591
2.9454, -3.4647763, 0.14975978
2.9427106, -3.4645443, 0.2055123
2.969257, -3.4494016, 0.2854603
2.9833677, -3.4272213, 0.30223748
2.9697385, -3.4536986, 0.18890643
3.053651, -3.367178, 0.09108269
2.988303, -3.4460547, 0.35970712
2.9853804, -3.4317775, 0.22366431
2.981927, -3.4425995, 0.24056844
2.951776, -3.4494514, 0.14473403
2.992294, -3.429853, 0.2518825
2.9288387, -3.4735146, 0.24855088
3.0417182, -3.3967102, 0.34296533
3.02015, -3.4176517, 0.20676674
3.0114503, -3.4154058, 0.18971246
3.021848, -3.4166965, 0.39048448
2.9462862, -3.4494593, 0.12620966
2.9569395, -3.4547539, 0.3028619
3.0028138, -3.4191852, 0.1514405
2.9700894, -3.4280396, 0.03466198
2.919646, -3.4564288, 0.15362705
3.0040753, -3.4144037, 0.17204891
2.9727135, -3.4303823, 0.2918266
2.9922624, -3.426374, 0.109487966
2.9368527, -3.4732044, 0.08994523
3.0207431, -3.4063835, 0.24844335
2.98504, -3.4324799, 0.052989647
3.007293, -3.4278762, 0.3742934
3.015917, -3.405923, 0.02786268
2.9595666, -3.45644, 0.2273579
3.0407445, -3.3785183, 0.40457237
2.9056036, -3.4852023, 0.12288565
3.0467007, -3.3762114, 0.13544217
2.9773178, -3.426339, 0.121376455
3.0225685, -3.4139962, 0.22668998
2.9495814, -3.4577515, 0.19004487
2.9918904, -3.4148276, 0.13546637
2.9535506, -3.4482307, 0.06560072
2.9505343, -3.4531562, 0.21061547
3.005239, -3.4276333, 0.3344205
2.9575553, -3.4462767, 0.08508226
2.9688563, -3.4475856, 0.21034615
3.0293458, -3.3968456, 0.30696756
2.989438, -3.4274683, 0.32022777
2.979611, -3.4351451, 0.33552793
2.9392853, -3.4470887, 0.26947394
2.9857645, -3.445331, 0.17659639
3.0013206, -3.4202397, 0.31581062
3.0027936, -3.4329526, 0.27375537
2.9380624, -3.4587734, 0.08283666
3.0738428, -3.3515036, 0.055545148
2.980702, -3.4347138, 0.20010377
3.0541103, -3.377459, 0.21768263
3.001179, -3.4116442, 0.07200708
2.9951031, -3.418446, 0.16742437
2.9883168, -3.4180748, 0.013579005
3.0159254, -3.4120672, 0.2626123
3.005464, -3.4110837, 0.25336072
3.0442855, -3.3927836, 0.04841461
2.9504821, -3.4568257, 0.045123458
3.0244632, -3.3981314, 0.28838894
3.0514119, -3.3918173, 0.28128117
3.0149374, -3.3959084, 0.32497555
2.9174712, -3.4727337, 0.24440175
2.951837, -3.4497511, 0.17157874
2.965828, -3.436406, 0.27980983
3.0098333, -3.4074962, 0.11066644
3.039405, -3.410775, 0.18171184
2.9944227, -3.4292824, 0.09140206
2.9960604, -3.4129877, 0.053011343
2.924779, -3.4695096, 0.28254384
3.004176, -3.4083104, 0.092027694
2.930745, -3.464012, 0.3032617
3.0242884, -3.373335, 0.1255327
3.0338326, -3.3868384, 0.17476246
2.9928255, -3.430786, 0.27219078
3.039181, -3.392466, 0.24496077
3.0658026, -3.352329, 0.030728646
3.0264575, -3.4108586, 0.14531165
3.0319266, -3.4098768, 0.16399401
3.0662892, -3.3407838, 0.015670741
3.052134, -3.3703856, 0.04949352
3.020127, -3.4031713, 0.33204055
3.0268717, -3.391427, 0.13569714
2.9684258, -3.432183, 0.013812907
3.0645728, -3.367401, 0.06598591
3.050787, -3.3592424, 0.33355165
3.036749, -3.387084, 0.029897518
3.046093, -3.389195, 0.38212386
2.9959571, -3.4140496, 0.1880951
3.0632305, -3.3686836, 0.14390442
3.0496356, -3.3701942, 0.029765489
3.0070503, -3.4091446, 0.31148005
2.9731967, -3.429411, 0.05023009
3.0453672, -3.4059124, 0.3208448
3.0141284, -3.3962998, 0.07784761
3.0558033, -3.3782296, 0.15239984
3.0054998, -3.4177158, 0.33641106
3.0567222, -3.3877852, 0.31011093
3.0003684, -3.4232826, 0.029049745
3.0078993, -3.3961158, 0.059483077
3.046854, -3.3824155, 0.23181844
2.9810607, -3.4317634, 0.3553613
3.0058026, -3.3975978, 0.1339941
2.9598396, -3.452887, 0.32215756
