0.78765714, -0.68659866, 0.10737357
0.808955, -0.6700528, 0.09089474
0.81133294, -0.6670223, 0.06795575
0.7759526, -0.6975017, 0.12611201
0.80185, -0.68358165, 0.10995875
0.78680867, -0.6893278, 0.12533431
0.82586676, -0.668996, 0.1342397
0.76986134, -0.7058703, 0.14359674
0.75104564, -0.7143347, 0.0913802
0.82863075, -0.6639464, 0.0685091
0.84705186, -0.6477081, 0.115134105
0.7669282, -0.70619524, 0.1732216
0.7928484, -0.6879566, 0.16859636
0.8282377, -0.66717035, 0.14950092
0.8414015, -0.6604293, 0.13427827
0.8516261, -0.6474843, 0.17059366
0.84948725, -0.6506143, 0.13033932
0.79049814, -0.69030714, 0.1919849
0.77156204, -0.7092082, 0.1946744
0.7328495, -0.73085594, 0.10933998
0.74707323, -0.7262769, 0.09027965
0.730351, -0.73307097, 0.2106022
0.76798683, -0.7092036, 0.21120724
0.79266405, -0.68950784, 0.20755026
0.81116235, -0.6724134, 0.18779999
0.82454395, -0.6670902, 0.2128933
0.76891404, -0.7111032, 0.24998699
0.8276706, -0.6678121, 0.22890608
0.8056944, -0.68500733, 0.2504973
0.7896726, -0.7003584, 0.27597767
0.76817876, -0.7067307, 0.27134782
0.78316295, -0.70329106, 0.29299098
0.8030043, -0.68761134, 0.26951158
0.8256293, -0.6671842, 0.29304138
0.76971376, -0.7097482, 0.3094827
0.7914764, -0.689374, 0.3291787
0.8333499, -0.6540802, 0.2913134
0.84932834, -0.6477508, 0.32906735
0.74319917, -0.7277028, 0.3266131
0.84804946, -0.6477195, 0.3486999
0.8630493, -0.6456876, 0.32998344
0.8309287, -0.66915363, 0.34687647
0.7900944, -0.68990266, 0.34722045
0.8311829, -0.6690696, 0.3699236
0.80553484, -0.68454003, 0.32644638
0.75449663, -0.7131713, 0.07192577
0.8518222, -0.64828926, 0.0907901
0.8111361, -0.6711694, 0.30958444
0.8317433, -0.67054796, 0.40888873
0.7941557, -0.69008225, 0.39322406
0.7494225, -0.7240304, 0.2524764
0.82821095, -0.6650127, 0.32731673
0.8689544, -0.63331664, 0.10960221
0.78865, -0.688581, 0.14740415
0.84924895, -0.6475691, 0.27062052
0.785047, -0.70436543, 0.21156375
0.8115475, -0.67052525, 0.2350263
0.78190583, -0.70305824, 0.13948275
0.73326755, -0.73278475, 0.22856253
0.81154174, -0.67050505, 0.109289885
0.83259207, -0.65668416, 0.20915747
0.8715334, -0.63350093, 0.3081123
0.8654649, -0.646182, 0.23216468
0.8019661, -0.6914484, 0.15528508
0.81339025, -0.672722, 0.13101877
0.82791126, -0.6656672, 0.11149815
0.7712164, -0.70661354, 0.33230266
0.8097282, -0.68673635, 0.2893235
0.82764405, -0.6705816, 0.30849022
0.81163466, -0.6718407, 0.34985358
0.78343046, -0.7033873, 0.33136216
0.74620426, -0.72328854, 0.19339831
0.7707005, -0.71103996, 0.34942654
0.8608507, -0.6446298, 0.31492564
0.8665279, -0.6344588, 0.26985756
0.82733375, -0.6644835, 0.26918548
0.84779537, -0.646923, 0.28673497
0.78324777, -0.70328605, 0.18748355
0.7893786, -0.68895745, 0.36905113
0.84707725, -0.64976656, 0.2499969
0.7496214, -0.72728705, 0.39265993
0.7454654, -0.7271187, 0.3710595
0.7656714, -0.7245607, 0.34364888
0.77009505, -0.7076424, 0.39039445
0.8472969, -0.64836097, 0.3092384
0.8670702, -0.63369113, 0.29012632
0.8320067, -0.6538574, 0.31256238
0.7487999, -0.72633004, 0.27053636
0.84867454, -0.648499, 0.2061648
0.82566017, -0.66651183, 0.25541565
0.836162, -0.6547155, 0.24832433
0.7466575, -0.7231487, 0.12849195
0.7873881, -0.691884, 0.2717574
0.8126646, -0.6730422, 0.38685
0.730699, -0.73040366, 0.18717924
0.76841456, -0.7109725, 0.28901327
0.7343371, -0.73440695, 0.328629
0.80947524, -0.67370373, 0.3685119
0.78855383, -0.69117063, 0.3081503
0.84914017, -0.6468298, 0.14798988
0.7772816, -0.6969715, 0.3481326
0.81389046, -0.6738131, 0.27038273
0.8481017, -0.6484567, 0.22922628
0.78632087, -0.69014096, 0.24829426
0.8115468, -0.67283916, 0.24732582
0.7738054, -0.69595313, 0.3859707
0.73207206, -0.733369, 0.26599973
0.762927, -0.72224104, 0.29110274
0.8271218, -0.6569078, 0.36441875
0.8464455, -0.65006995, 0.19309372
0.8689069, -0.63596785, 0.32895944
0.7536507, -0.71094525, 0.16487768
0.7483844, -0.7279721, 0.22521584
0.7459423, -0.71464604, 0.15380019
0.7680944, -0.7089273, 0.04970994
0.76405025, -0.7108689, 0.36853805
0.82493585, -0.66650474, 0.1896105
0.8677249, -0.632529, 0.12870468
0.86406213, -0.6421147, 0.13317819
0.871321, -0.6349118, 0.19517471
0.76086706, -0.72353554, 0.33237958
0.80428755, -0.6891548, 0.13194047
0.8137815, -0.68201977, 0.22969222
0.8651501, -0.6411909, 0.21161404
0.7669246, -0.70792246, 0.10969469
0.7825616, -0.7033303, 0.16619821
0.73010224, -0.73191094, 0.13029759
0.8084108, -0.67023957, 0.2091936
0.7495179, -0.71260756, 0.1845818
0.8322798, -0.66267073, 0.17002533
0.747139, -0.7272472, 0.15095356
0.80786794, -0.68472314, 0.2059065
0.7638979, -0.70529836, 0.12553018
0.814934, -0.6702303, 0.2871359
0.7457295, -0.7271749, 0.351002
0.7664789, -0.7078426, 0.2308315
0.832966, -0.6524826, 0.10530698
0.7496492, -0.7287642, 0.40840217
0.88443047, -0.63032705, 0.34059244
0.80728793, -0.6718533, 0.044482864
0.7346014, -0.7363136, 0.37090817
0.80460036, -0.6833818, 0.051268615
0.77464694, -0.6959635, 0.15237388
0.82799846, -0.65706515, 0.085408054
0.73230577, -0.73291886, 0.17021412
0.72811395, -0.7471764, 0.13346186
0.83040965, -0.65483534, 0.32857278
0.77053475, -0.70348823, 0.08869101
0.7463807, -0.7259091, 0.28788278
0.7319905, -0.7326255, 0.24827515
0.78818595, -0.68867666, 0.0742489
0.75255966, -0.7132297, 0.22967152
0.82938546, -0.6543414, 0.18752593
0.8231088, -0.6621041, 0.024667174
0.7161716, -0.7456658, 0.10913196
0.75293815, -0.7256488, 0.31015572
0.81232077, -0.6692442, 0.1537331
0.8318636, -0.6555686, 0.12708627
0.7297635, -0.7350213, 0.2875218
0.7903955, -0.68884075, 0.23068917
0.86510164, -0.6409535, 0.11296263
0.8548769, -0.6475701, 0.37116298
0.7804792, -0.70695907, 0.30606142
0.7483769, -0.7140803, 0.24943197
0.7808868, -0.70420325, 0.032324467
0.75472516, -0.71264094, 0.13228483
0.8336607, -0.6546462, 0.39467642
0.79213667, -0.6922088, 0.29446265
0.74775505, -0.7250344, 0.069597974
0.76759714, -0.7112953, 0.07488498
0.80729973, -0.6819737, 0.31285524
0.8624668, -0.64494795, 0.17515911
0.8105177, -0.67403716, 0.17211412
0.73491406, -0.7291342, 0.072966844
0.73146945, -0.7350878, 0.30881247
0.73008317, -0.73424196, 0.39088303
0.8425947, -0.6626997, 0.31504992
0.7531057, -0.7103877, 0.27246404
0.86292315, -0.64354813, 0.14405678
0.76018584, -0.72235096, 0.3023189
0.8479168, -0.6507418, 0.053893194
0.8050704, -0.6881547, 0.06707663
0.7433657, -0.7284045, 0.16515072
0.78977776, -0.69310063, 0.089362115
0.8083002, -0.6757762, 0.32955438
0.74837935, -0.72402763, 0.044709336
0.8319506, -0.65165746, 0.16858165
0.8402716, -0.6613894, 0.14302804
0.83478636, -0.6517871, 0.40739405
0.8024745, -0.6860608, 0.19576737
0.7704787, -0.6968095, 0.10965217
0.74704874, -0.72504956, 0.10716635
0.79735136, -0.6771772, 0.06653757
0.8691129, -0.6409294, 0.18765008
0.7866077, -0.70325863, 0.2509138
0.84637743, -0.64351207, 0.38938752
0.7516488, -0.7146123, 0.35008556
0.8310909, -0.65626854, 0.26922217
0.79328454, -0.6776742, 0.1026849
0.78585726, -0.6882274, 0.02874576
0.801356, -0.6837689, 0.030023143
0.82337594, -0.667348, 0.04824116
0.8057835, -0.690039, 0.37166628
0.82585496, -0.6675854, 0.09861949
0.8843061, -0.6307828, 0.23256338
0.7776386, -0.69115627, 0.17862427
0.7695883, -0.6978787, 0.26717618
0.8529694, -0.6377871, 0.3088902
0.7701332, -0.69722754, 0.18988101
0.7528765, -0.723033, 0.20904395
0.8489745, -0.6613249, 0.35046783
0.8275416, -0.65176034, 0.06985338
0.868924, -0.6358886, 0.08248416
0.71772933, -0.7501521, 0.096313275
0.89185923, -0.6277697, 0.10597863
0.7707418, -0.69826996, 0.04879158
0.78280425, -0.70436007, 0.0603896
0.8821083, -0.6288583, 0.14758867
0.7247403, -0.73673403, 0.083684765
0.851737, -0.6354295, 0.07892263
0.77460563, -0.69341934, 0.09490762
0.7602319, -0.7218401, 0.20629682
0.7530467, -0.7132258, 0.20827128
0.7620345, -0.72091603, 0.192046
0.71547997, -0.7468356, 0.2269595
0.86831075, -0.6334118, 0.22906423
0.79589784, -0.6774158, 0.12092154
0.7195497, -0.73633844, 0.24144347
0.7525053, -0.7146201, 0.31046915
0.88346213, -0.6286168, 0.21450977
0.86575156, -0.64559096, 0.28788307
0.8073219, -0.6884979, 0.39025083
0.7503133, -0.7157372, 0.28524917
0.8067182, -0.6878937, 0.34971103
0.78999746, -0.6952431, 0.406644
0.74910593, -0.71603376, 0.10947716
0.71336204, -0.7492082, 0.1890152
0.73316544, -0.733464, 0.407645
0.7972851, -0.67552733, 0.24779418
0.77269256, -0.6973354, 0.20509006
0.7143566, -0.7382541, 0.19252343
0.8469667, -0.6396708, 0.09603652
0.73093, -0.72916186, 0.1527159
0.7639663, -0.72249854, 0.2604501
0.84824616, -0.64610296, 0.032022916
0.87148696, -0.6353422, 0.1687692
0.8582269, -0.6373023, 0.38785887
0.7962469, -0.6754467, 0.17175646
0.85393196, -0.6347686, 0.17258906
0.75543404, -0.713795, 0.4064087
0.8535835, -0.63256764, 0.2592392
0.87450504, -0.63455546, 0.3497322
0.75090766, -0.71642673, 0.3745755
0.8541993, -0.6363126, 0.14082852
0.8497365, -0.6391764, 0.26182505
0.79772776, -0.67426187, 0.22012807
