2.0917697, -1.4537301, 0.12862782
2.1324196, -1.4159479, 0.1331454
2.1268206, -1.4351201, 0.105401315
2.128354, -1.4320471, 0.16053896
2.1576934, -1.4210147, 0.089308634
2.111668, -1.444489, 0.09267738
2.1463556, -1.4266698, 0.10876646
2.0759656, -1.467425, 0.104968905
2.09119, -1.4521148, 0.109191775
2.171512, -1.4064467, 0.10681108
2.170004, -1.4070368, 0.14543599
2.1787603, -1.404752, 0.13286252
2.127217, -1.4311644, 0.06733332
2.1056907, -1.4487668, 0.06672188
2.1479778, -1.4255003, 0.07002735
2.1351562, -1.4356059, 0.048019297
2.1614468, -1.4206371, 0.07191228
2.1636128, -1.4115638, 0.07445172
2.1871386, -1.4110949, 0.077447854
2.152562, -1.4091005, 0.051303793
2.1081324, -1.4514048, 0.047019042
2.190632, -1.3937922, 0.07261493
2.2135224, -1.3856031, 0.08619681
2.1938539, -1.3867683, 0.08909835
2.1502333, -1.4306533, 0.029022224
2.1646318, -1.4240978, 0.04772454
2.1313915, -1.4290388, 0.029280568
2.180319, -1.4044223, 0.05889185
2.164083, -1.4046848, 0.022959804
2.1073363, -1.4498845, 0.008666612
2.1985617, -1.3819214, 0.050444774
2.2231889, -1.3847852, 0.08805367
2.110795, -1.4486371, 0.107842125
2.1660843, -1.4064884, -0.011360502
2.2026606, -1.3908525, 0.002559623
2.1285102, -1.4411117, 0.09742216
2.1104372, -1.4482653, 0.12605499
2.0746922, -1.4677823, 0.08631158
2.151573, -1.4083798, 0.09579996
2.0941918, -1.4555596, 0.02894979
2.1743994, -1.394726, 0.12596112
2.0839636, -1.4512569, 0.050928835
2.125494, -1.4432127, 0.012062175
2.2309113, -1.3671182, 0.10742563
2.157501, -1.4142392, 0.1313165
2.0852785, -1.4512879, 0.06747379
2.0865397, -1.4476366, 0.093312696
2.1682265, -1.410071, 0.007929703
2.125058, -1.4265598, 0.12459817
2.0930305, -1.4562169, 0.17593734
2.1762643, -1.392196, 0.11296137
2.129155, -1.4266934, 0.089761674
2.1518517, -1.4094775, 0.10624237
2.089903, -1.4688698, -0.028163463
2.0753937, -1.4480453, 0.09244426
2.107398, -1.4645894, 0.06409713
2.192564, -1.390755, 0.12681411
2.0776303, -1.468019, 0.06529799
2.131304, -1.4290507, 0.0074916137
2.2347753, -1.362927, 0.05799299
2.1349118, -1.430744, 0.15023638
2.171714, -1.413712, 0.04994669
2.132277, -1.4448091, 0.040917855
2.1922781, -1.3971205, 0.101717494
2.2065015, -1.3910608, 0.07400316
2.164936, -1.4136024, 0.085981265
