1.6497558, 0.17366104, 2.0104501
1.636184, 0.19399205, 2.0281396
1.6460295, 0.19012986, 2.0069053
1.6296498, 0.19182785, 2.0498145
1.6685511, 0.16779841, 1.950577
1.6701409, 0.15397197, 1.9474785
1.6326745, 0.19201297, 2.0887313
1.6688348, 0.15049033, 1.9270608
1.6314571, 0.20603612, 2.0907447
1.6853595, 0.14185032, 1.9147365
1.6535863, 0.17078824, 1.8880005
1.6909521, 0.12943271, 1.9699392
1.6886673, 0.12957281, 1.8889515
1.6501034, 0.16754918, 1.8714678
1.7051148, 0.12262246, 1.969048
1.6851071, 0.13091902, 1.9876605
1.7065331, 0.10681631, 1.9509444
1.6682873, 0.14951219, 1.9719524
1.6755565, 0.14876367, 2.009161
1.6345015, 0.19093154, 1.8656352
1.6724428, 0.14529112, 1.8338408
1.6519343, 0.18369837, 1.8912861
1.6691793, 0.15131114, 2.02914
1.6652207, 0.1668877, 2.0315022
1.648723, 0.16483992, 2.035853
1.6537998, 0.17205139, 2.0486956
1.6841034, 0.1414121, 1.8291119
1.6896214, 0.13703287, 1.785224
1.6882555, 0.13147162, 1.8266981
1.6666688, 0.15133028, 1.809311
1.6893858, 0.12879732, 1.8114587
1.6667255, 0.15134802, 1.7950766
1.6689472, 0.14927681, 2.0926392
1.6692727, 0.15105848, 1.8509899
1.6699283, 0.1648786, 1.8609346
1.7053266, 0.1118826, 1.7491797
1.6933572, 0.113151096, 1.7897841
1.6864761, 0.12545797, 1.7692363
1.6973579, 0.1187504, 1.7539041
1.7054089, 0.1090381, 1.7878611
1.6704861, 0.15129732, 1.7722292
1.7093375, 0.10619361, 1.7721813
1.6891054, 0.115210846, 1.8724434
1.6739634, 0.14648074, 1.7520607
1.6515223, 0.16896738, 1.969454
1.6291109, 0.2057897, 2.0121408
1.6932174, 0.110351026, 2.089617
1.6775975, 0.12864414, 2.1123953
1.6936857, 0.11269748, 1.7121598
1.6771052, 0.13126214, 1.7361783
1.6890703, 0.1273302, 1.7294152
1.7042601, 0.10960821, 1.706581
1.7310028, 0.07481685, 1.808558
1.7279531, 0.08703717, 1.8550118
1.7099522, 0.09351463, 1.8699529
1.7060847, 0.10576776, 2.0717573
1.703998, 0.10637817, 1.692541
1.7117997, 0.09232886, 1.6678463
1.7318115, 0.07590956, 1.8899848
1.7288854, 0.075566225, 1.9074631
1.7269027, 0.088752545, 1.9087853
1.7097306, 0.11027826, 2.0290654
1.7063432, 0.11347648, 2.0438316
1.7263043, 0.082106985, 2.0324612
1.7351351, 0.083581045, 1.732808
1.7297285, 0.07199772, 1.6333559
1.7126299, 0.09515734, 2.0077386
1.7254603, 0.08655571, 1.7455138
1.6554916, 0.15551357, 1.8179616
1.6296566, 0.20346025, 1.8536967
1.6755894, 0.13144283, 1.9406297
1.6856626, 0.15076421, 2.0123873
1.7120628, 0.0898143, 1.750128
1.6338407, 0.18500485, 1.8286405
1.7080834, 0.11217538, 1.8682525
1.6653559, 0.16727768, 1.9892093
1.6459002, 0.1872528, 1.9110465
1.6753116, 0.13148867, 1.931872
1.6266733, 0.20871814, 2.0514128
1.7065873, 0.102162376, 1.9286482
1.6388347, 0.17820261, 1.828838
1.6252763, 0.21332772, 1.9068023
1.6667018, 0.16832885, 1.8335636
1.6481055, 0.17492236, 1.8477721
1.6910661, 0.12727927, 1.7472304
1.6330187, 0.21052407, 1.9473201
1.6455154, 0.18896094, 1.9922248
1.7038112, 0.12515624, 2.1101806
1.6543967, 0.15039559, 1.7876284
1.6644045, 0.17138189, 2.0039797
1.6869267, 0.12607771, 1.9262865
1.7248155, 0.08361192, 1.810664
1.692467, 0.1122875, 1.8880599
1.6774137, 0.1305693, 1.7493098
1.625942, 0.21075635, 1.8680052
1.725843, 0.09022853, 1.824809
1.7245357, 0.08713272, 1.653027
1.692847, 0.14562857, 1.7476395
1.6849768, 0.14530718, 1.7915807
1.6149937, 0.20779762, 1.7909856
1.7067729, 0.11026824, 1.7277954
1.6566143, 0.15447977, 1.6888754
1.6569152, 0.15574037, 1.961442
1.6497904, 0.17066626, 1.8058354
1.7023365, 0.12286329, 2.096933
1.6451234, 0.19113228, 2.0462549
1.7011474, 0.106836766, 1.6074125
1.6355053, 0.17914227, 1.8550599
1.7095969, 0.09174335, 1.8293968
1.7075608, 0.10843241, 1.8494914
1.6503158, 0.16921863, 1.7101945
1.6265861, 0.20749341, 1.7688718
1.6700118, 0.15065326, 1.6706289
1.6512351, 0.16943197, 1.6720858
1.6653765, 0.16177428, 1.6559672
1.662309, 0.14965399, 1.6477417
1.6473793, 0.17281136, 1.6492207
1.6312659, 0.19300413, 1.7105399
1.6463819, 0.16974574, 1.6907275
1.6880605, 0.12690292, 1.6329113
1.6905713, 0.10949007, 1.6104622
1.6743729, 0.13610336, 1.5899825
1.6877185, 0.12831655, 1.6091933
1.7103069, 0.09247846, 1.5662013
1.6846133, 0.13031428, 1.5738621
1.7097149, 0.10537344, 1.57256
1.685014, 0.12753484, 1.589481
1.6762499, 0.13880603, 1.6227119
1.6658527, 0.1505995, 1.6274935
1.648489, 0.15778306, 1.630523
1.6493645, 0.16954201, 1.6320021
1.6652337, 0.14948454, 1.5902736
1.6719303, 0.12829222, 1.5700295
1.6927392, 0.11433031, 1.553842
1.703861, 0.11074076, 1.5465887
1.6618433, 0.17060892, 1.5465739
1.6361246, 0.17330225, 1.6519467
1.6310179, 0.18952668, 1.5930798
1.6332134, 0.1735794, 1.5682244
1.6702654, 0.14412555, 1.5114455
1.6545087, 0.1521897, 1.513872
1.6503963, 0.16813003, 1.5348556
1.6139531, 0.19889878, 1.5998545
1.6707164, 0.1281737, 1.4950802
1.6747487, 0.14586356, 1.4948764
1.674367, 0.12973109, 1.4761554
1.6845605, 0.12688532, 1.4669842
1.6939868, 0.10673509, 1.4528323
1.6932961, 0.105590396, 1.4370052
1.7012053, 0.106443904, 1.3886437
1.7131684, 0.075135626, 1.3899652
1.6417941, 0.18036485, 1.2200474
1.7126998, 0.09084248, 1.4291568
1.6337838, 0.17138113, 1.2077026
1.6335444, 0.17153609, 1.2486923
1.6433034, 0.1670772, 1.1851311
1.615654, 0.19432981, 1.208355
1.6330073, 0.18797424, 1.6670717
1.6833044, 0.14774162, 1.9917579
1.6476984, 0.17525937, 1.9868141
1.66621, 0.16835365, 1.7907112
1.6945982, 0.10554209, 1.3716011
1.646355, 0.16851147, 1.2083005
1.7135, 0.10983153, 1.9108216
1.6672612, 0.14614972, 1.2114149
1.7272418, 0.08461045, 1.5084698
1.712464, 0.094552234, 1.9327202
1.7217429, 0.09877701, 2.0862424
1.7155797, 0.086677335, 1.3940878
1.6961884, 0.10828839, 1.9466586
1.6319604, 0.18556309, 1.7315938
1.6488047, 0.1696812, 1.4735614
1.7115371, 0.09056182, 1.5898602
1.6731932, 0.13254872, 1.6471472
1.6912813, 0.12992187, 1.9117215
1.7082968, 0.11124544, 2.1073074
1.651853, 0.14932911, 1.5313865
1.6848974, 0.14664069, 1.9394174
1.6507497, 0.16785474, 1.2490623
1.6909173, 0.113379546, 1.5896118
1.6891797, 0.13132922, 1.6504276
1.6289794, 0.18722242, 1.1918054
1.6499417, 0.16417868, 1.2293906
1.6317819, 0.19138633, 2.0072203
1.7243347, 0.08797222, 1.8945568
1.7171481, 0.09528645, 2.0826397
1.691885, 0.11019159, 1.5312166
1.693321, 0.11054055, 1.6311815
1.7252649, 0.08933579, 2.0516925
1.6523117, 0.1500407, 1.4520746
1.6475497, 0.18976693, 2.02844
1.6502198, 0.15213397, 1.2133777
1.6562872, 0.14702493, 1.1659673
1.6708792, 0.14566936, 1.1922673
1.6492656, 0.16568902, 1.1720443
1.6542853, 0.15026817, 1.1502247
1.6700363, 0.1304321, 1.1744797
1.6634787, 0.14658347, 1.1506776
1.6653754, 0.15202369, 1.1734984
1.6488489, 0.16568251, 1.151332
1.6679931, 0.15032639, 1.3727244
1.6715692, 0.13087353, 1.3287725
1.667574, 0.14553343, 1.3477091
1.692264, 0.10772757, 1.2290173
1.6864107, 0.12518375, 1.251999
1.6846784, 0.13123101, 1.1619284
1.7268409, 0.07396305, 1.4897773
1.6268419, 0.19299376, 1.4290651
1.6714163, 0.13240623, 1.2716888
1.6638479, 0.1473687, 1.2951161
1.6227114, 0.20707844, 1.1410813
1.634418, 0.1746696, 1.4055299
1.6689948, 0.13514547, 1.1495445
1.6691346, 0.13407849, 1.1324599
1.6866837, 0.13150059, 1.1473758
1.6522981, 0.14707476, 1.1300077
1.626949, 0.18895923, 1.1269205
1.6272012, 0.17443502, 1.1075451
1.6817986, 0.12721813, 1.1286111
1.6727604, 0.13305762, 1.1104038
1.6927165, 0.10854339, 1.1322674
1.6878061, 0.10910798, 1.15129
1.6857975, 0.1224223, 1.1177588
1.6398525, 0.15965761, 1.3458108
1.6513966, 0.16777585, 1.3898487
1.6611917, 0.17142135, 1.3832235
1.6511894, 0.15041938, 1.3648359
1.6515077, 0.15281402, 1.335756
1.6485475, 0.17112055, 1.3302056
1.6506236, 0.17098403, 1.3693789
1.681891, 0.1279655, 1.2855407
1.6959985, 0.10973245, 1.289867
1.6838548, 0.12249011, 1.3163536
1.6500698, 0.16320843, 1.3135266
1.6912181, 0.110538654, 1.3085874
1.666906, 0.13420284, 1.2912921
1.6701131, 0.15002872, 1.310721
1.6709541, 0.13261677, 1.3082373
1.6975081, 0.09062766, 1.2676313
1.704171, 0.10502353, 1.2736512
1.6905195, 0.11257367, 1.2681582
1.6905571, 0.09569544, 1.2493825
1.7085496, 0.089482814, 1.2705789
1.7139779, 0.08454391, 1.2504661
1.6870561, 0.12829472, 1.2672186
1.7113032, 0.100948505, 1.2136265
1.6886808, 0.110683255, 1.2507012
1.7126888, 0.08769515, 1.1937534
1.6317166, 0.18512791, 1.4143687
1.6238829, 0.19009222, 1.3936871
1.6983076, 0.09227628, 1.129582
1.6755413, 0.11582777, 1.1102515
1.6914363, 0.1120243, 1.1066225
1.6765385, 0.11045803, 1.0879656
1.687698, 0.11039749, 1.09131
1.685297, 0.12823185, 1.0921887
1.6974169, 0.0887843, 1.1079304
1.6366239, 0.17440653, 1.092948
1.6365446, 0.15759417, 1.0746999
1.7073013, 0.08967259, 1.1114088
1.696706, 0.10461539, 1.067999
1.6940483, 0.09336388, 1.0910176
1.7264798, 0.07037341, 1.2291694
1.71108, 0.07578162, 1.1871773
1.709573, 0.088742316, 1.0702316
1.6937426, 0.09028095, 1.0514383
1.7050215, 0.08831846, 1.0446965
1.7150737, 0.073846035, 1.0682981
1.6701199, 0.14806588, 1.0473732
1.6105669, 0.20694877, 1.0732837
1.7223077, 0.06856485, 1.0721362
1.7127998, 0.07433459, 1.0527942
1.7080395, 0.09056831, 1.0292616
1.6686949, 0.13147463, 1.0298141
1.6738299, 0.11274358, 1.009932
1.6755795, 0.12532201, 1.0131102
1.6292073, 0.18386087, 1.0328238
1.690212, 0.10977551, 0.9881447
1.6755686, 0.11082271, 0.9953608
1.6568348, 0.13813221, 0.97382915
1.6504378, 0.16657309, 0.98928916
1.6149117, 0.1904957, 0.9883765
1.610282, 0.20982967, 1.0121402
1.6845679, 0.13123241, 0.945669
1.6742507, 0.11279727, 0.93073124
1.6336707, 0.1701464, 0.9494746
1.6229405, 0.1857834, 0.96447676
1.6245992, 0.1915151, 0.9480479
1.611253, 0.1905308, 0.94834083
1.6534634, 0.13043824, 0.88311255
1.6722147, 0.1322885, 0.88894236
1.6522967, 0.15280706, 0.9126818
1.643405, 0.16923003, 0.9097201
1.6152372, 0.19361709, 0.92830163
1.6311935, 0.17097113, 0.9296558
1.6266437, 0.1830225, 0.9311335
1.6636028, 0.14826532, 0.8934656
1.6531535, 0.15129934, 0.8750287
1.6531157, 0.162218, 0.8845653
1.6490139, 0.14948022, 0.8479662
1.6691895, 0.13103679, 0.84718627
1.6533349, 0.13480663, 0.8671371
1.6431211, 0.15546787, 0.8935362
1.6755153, 0.1170479, 0.85032743
1.6459478, 0.16060086, 0.866003
1.6711442, 0.12570192, 0.87127966
1.6338742, 0.17057425, 0.8878414
1.6830283, 0.1287121, 0.8563895
1.7071356, 0.103260316, 0.89358675
1.6309688, 0.18350086, 0.8933129
1.6613907, 0.16092317, 0.85336286
1.661104, 0.14584751, 0.8324359
1.6717906, 0.12807801, 0.80919087
1.6858349, 0.12859382, 0.8292882
1.6811557, 0.10695688, 0.8356456
1.6747062, 0.09917427, 0.81003356
1.692195, 0.092667356, 0.81221277
1.686575, 0.11181994, 0.7915598
1.6722063, 0.11073572, 0.79055834
1.688669, 0.09569165, 0.7677582
1.7128772, 0.07152957, 0.93193275
1.7071109, 0.08570284, 0.74567217
1.6934882, 0.09042824, 0.75210875
1.7072852, 0.085290566, 0.7254069
1.6857083, 0.10701909, 0.68989575
1.6672586, 0.13305907, 0.66451013
1.6744791, 0.11413501, 0.63028145
1.6624485, 0.145263, 0.65783435
1.6513836, 0.13078237, 0.6516759
1.6851525, 0.10775574, 0.6241796
1.6924087, 0.08685636, 0.63390976
1.6759998, 0.11000249, 0.6107886
1.6515377, 0.12899339, 0.59202147
1.6480972, 0.15015507, 0.6138299
1.6310002, 0.15529324, 0.6336075
1.6244779, 0.16861148, 0.6336467
1.6304536, 0.15769368, 0.60344946
1.6260924, 0.16350439, 0.61264205
1.6671355, 0.12262017, 0.5499341
1.6698868, 0.11034999, 0.54965013
1.6207942, 0.18640298, 0.6329384
1.6162424, 0.18928836, 0.67170274
1.6120167, 0.18883684, 0.57405496
1.6708919, 0.10621384, 0.51262575
1.672436, 0.09326132, 0.531814
1.6909715, 0.090661265, 0.50611424
1.6308613, 0.16351405, 0.6942467
1.5935396, 0.19696388, 0.5268584
1.638073, 0.13792162, 0.51015997
1.7116226, 0.07111023, 0.54943293
1.7108557, 0.0681002, 0.4690116
1.6265643, 0.18384145, 0.7284927
1.6339403, 0.15255779, 0.7106067
1.5975136, 0.17811424, 0.49035168
1.6059806, 0.20565969, 0.50619555
1.6110332, 0.17315412, 0.48880506
1.6096185, 0.18923725, 0.50334245
1.6286843, 0.1539743, 0.4699736
1.6339756, 0.1533446, 0.44831392
1.6497312, 0.14926507, 0.42821935
1.6216084, 0.18549669, 0.7942218
1.652067, 0.12941211, 0.5702455
1.705333, 0.069554746, 0.6109469
1.6336722, 0.1511752, 0.69302523
1.646042, 0.14706075, 0.51258326
1.6155134, 0.17381544, 0.5517819
1.607551, 0.19247602, 0.6091535
1.6333166, 0.16989397, 0.7308475
1.6918772, 0.07318324, 0.47548953
1.6082046, 0.18526575, 0.4931314
1.6323967, 0.15295155, 0.5565515
1.6167753, 0.17343792, 0.590957
1.7066357, 0.10549532, 1.8874216
1.6439134, 0.1519194, 0.7060352
1.6577969, 0.15522823, 2.0111544
1.6132014, 0.17260025, 0.5697544
1.6529613, 0.13033345, 0.5098286
1.6493473, 0.11844947, 0.40332884
1.6104348, 0.18986192, 0.7700219
1.6082319, 0.18832745, 0.5928599
1.6527109, 0.12937522, 0.4711853
1.6645648, 0.12480424, 0.6508533
1.6855335, 0.08744175, 0.5908266
1.6948901, 0.084262796, 0.5702826
1.6545187, 0.1340657, 0.7154996
1.6423118, 0.1623707, 0.92522997
1.625295, 0.1840898, 0.74678224
1.6839628, 0.104513794, 0.61264205
1.6713827, 0.11512775, 0.6871276
1.7080607, 0.07051213, 0.59107935
1.6470529, 0.14646643, 0.73160326
1.6162679, 0.19255583, 0.8094264
1.6520936, 0.12973906, 0.5503658
1.6552771, 0.15388906, 1.3094994
1.6449317, 0.14486732, 0.5750966
1.6461388, 0.14423858, 0.53180385
1.6344967, 0.16690752, 0.5329254
1.6665792, 0.13075268, 0.70620006
1.6145221, 0.19087483, 1.2332073
1.6688586, 0.14830965, 1.6075157
1.6505588, 0.1499269, 0.7492452
1.6411988, 0.16601604, 0.7551866
1.6688114, 0.124157205, 0.52954525
1.5975394, 0.19486777, 0.9381245
1.7069865, 0.07097264, 0.44837797
1.5933554, 0.18876839, 0.51084167
1.6054856, 0.20713234, 0.8329186
1.6683156, 0.12799563, 0.7269396
1.6427869, 0.124301404, 0.41507995
1.6932915, 0.09274454, 0.6499834
1.6777668, 0.09530623, 0.46656802
1.6707284, 0.12988505, 1.1925689
1.6688519, 0.11411736, 0.6478326
1.6868218, 0.08855545, 0.49363875
1.6519524, 0.14538386, 0.68701655
1.6866361, 0.10251266, 0.66539687
1.5915082, 0.19456238, 0.6311736
1.6766397, 0.11923106, 1.5649099
1.6233237, 0.17156509, 0.4663877
1.6730405, 0.09576115, 0.5127413
1.6627645, 0.1411875, 0.5118758
1.6658863, 0.14240676, 0.67458797
1.7164826, 0.09538123, 1.9072925
1.6501203, 0.13156557, 0.49545506
1.643508, 0.1514645, 0.5471516
1.6271498, 0.1688546, 0.57143307
1.6258816, 0.18766585, 0.8055799
1.6342876, 0.15292874, 0.52875054
1.7023416, 0.12384589, 1.9044876
1.6529431, 0.13335213, 0.3941947
1.6665306, 0.1110833, 0.4888062
1.7076534, 0.07415934, 1.5551841
1.6744843, 0.084980205, 0.5906173
1.6734543, 0.13179964, 1.4294221
1.6454219, 0.14933792, 0.5867185
1.6110871, 0.17700554, 0.4753943
1.6939241, 0.08601379, 0.4788027
1.7119988, 0.08254868, 1.0941161
1.6736282, 0.10733215, 0.46958584
1.675407, 0.09368587, 0.45083
1.6346718, 0.15181015, 0.74759823
1.686297, 0.09002393, 0.60753876
1.6703576, 0.10974145, 0.52822524
1.6135015, 0.20962587, 1.4045627
1.6305317, 0.17035082, 0.77167636
1.6919061, 0.12727639, 2.1101432
1.6131977, 0.18761355, 0.79208934
1.6697688, 0.111489624, 0.4491619
1.6483535, 0.13334571, 0.5284338
1.6623062, 0.12544788, 0.50971395
1.6545303, 0.11761899, 0.47309348
1.6144568, 0.16662571, 0.71642554
1.6850977, 0.08827639, 0.45078927
1.672073, 0.10878606, 0.67068887
1.673789, 0.09586447, 0.43446964
1.6658685, 0.111950606, 0.39057586
1.6726224, 0.09809977, 0.36201373
1.6923347, 0.08927422, 0.4082306
1.6684008, 0.109405585, 0.3684845
1.7044743, 0.07126096, 0.4145106
1.700809, 0.0821544, 0.40248132
1.6958524, 0.07346793, 0.39346516
1.669015, 0.08852642, 0.3520377
1.6900872, 0.07126833, 0.331186
1.7109923, 0.066857986, 0.38891032
1.665355, 0.09527904, 0.30989257
1.6901793, 0.08300074, 0.31619036
1.7066798, 0.07318717, 0.30550426
1.656544, 0.1677375, 1.7765661
1.6285697, 0.19042039, 1.651123
1.6459974, 0.18909596, 1.9715706
1.6263926, 0.17250504, 0.99015534
1.6669226, 0.13004962, 0.76631206
1.6429266, 0.1488181, 0.63075995
1.71068, 0.091148846, 1.529408
1.6956912, 0.09710973, 1.6695968
1.6945591, 0.111203365, 1.5115017
1.6322386, 0.15472454, 0.4921912
1.7240216, 0.08120544, 1.6382506
1.6933978, 0.12442997, 1.7106105
1.6474185, 0.18472154, 1.94874
1.6644437, 0.12779492, 0.74907714
1.6740576, 0.11443468, 0.9096594
1.687402, 0.11028859, 1.0504014
1.6725935, 0.15375096, 2.1096184
1.6711891, 0.11343974, 0.7299808
1.6779153, 0.10743929, 1.0751103
1.6651778, 0.12757953, 0.59100324
1.6881335, 0.12676623, 2.0505896
1.6282958, 0.19080831, 1.9129199
1.712185, 0.09005868, 1.4882278
1.6536412, 0.15073955, 1.108143
1.6686116, 0.14863153, 1.9094392
1.6284872, 0.17304273, 0.66907716
1.6705754, 0.14713609, 1.8923668
1.682188, 0.10996449, 0.81242687
1.6910737, 0.11135801, 1.5677285
1.7040584, 0.10298285, 1.0902629
1.6320142, 0.20754404, 1.8352807
1.6721576, 0.10923802, 0.56948495
1.6066651, 0.19436593, 0.7094749
1.6701597, 0.14875096, 1.7319553
1.6106986, 0.188099, 0.6951583
1.6377032, 0.17742951, 2.0128365
1.6805167, 0.13793895, 2.0860355
1.6886532, 0.10868104, 0.7099061
1.6887158, 0.08948606, 0.55178565
1.6716316, 0.12815678, 1.0693091
1.667322, 0.14163694, 0.7704365
1.6962848, 0.10902759, 1.6884606
1.6686248, 0.11108718, 0.589345
1.7074212, 0.067618124, 0.5101796
1.6491958, 0.12760004, 0.44941637
1.6244197, 0.1650588, 0.5158259
1.6698762, 0.108180344, 0.41272
1.7226979, 0.083938725, 1.6962872
1.6730672, 0.095771834, 0.40892476
1.6133122, 0.19521146, 1.1674298
1.7075908, 0.12756613, 2.0636692
1.654945, 0.15183555, 1.6490151
1.6274829, 0.18840006, 1.3690177
1.7288809, 0.071732014, 1.5273919
1.6439878, 0.16772847, 0.812715
1.6735276, 0.13104978, 1.5510077
1.6132666, 0.19010244, 0.8521345
1.7069302, 0.074725255, 0.7705815
1.6873327, 0.12646845, 1.5485493
1.6540236, 0.13204841, 0.7356991
1.670189, 0.14761145, 1.5725961
1.6895666, 0.1162565, 1.853264
1.6887429, 0.12780431, 1.5334618
1.6161692, 0.19615863, 1.2909818
1.7048192, 0.10562623, 2.014223
1.7047305, 0.074844114, 0.42561
1.7273073, 0.084446475, 1.6725754
1.6120281, 0.17241189, 0.52778745
1.6749104, 0.13197184, 1.7095934
1.648536, 0.13058908, 0.29069912
1.7026242, 0.07297029, 0.68670374
1.7121305, 0.07461846, 1.2093581
1.6988102, 0.077766016, 1.1948365
1.6466086, 0.16643618, 1.5545198
1.6865871, 0.08519771, 0.3863802
1.6738334, 0.09092536, 0.39386588
1.6680453, 0.16720264, 1.9287435
1.6440976, 0.15166444, 0.48770896
1.6494495, 0.169344, 1.1293405
1.6976811, 0.069609046, 0.6717048
1.6905231, 0.094985366, 0.7082177
1.6898162, 0.08640935, 0.5316842
1.6300266, 0.17574516, 0.82691675
1.6108648, 0.2069705, 0.8694032
1.6449913, 0.17006958, 0.9673376
1.6599768, 0.15733565, 1.7578543
1.6239562, 0.1851679, 0.5274527
1.673653, 0.11318627, 0.745219
1.7043461, 0.09216404, 0.7893636
1.7291671, 0.07492276, 1.8756093
1.6505955, 0.17292133, 1.9493699
1.6305517, 0.1886574, 1.6317309
1.6845136, 0.14512184, 1.7684412
1.6837728, 0.14408983, 2.0722785
1.6891526, 0.1277297, 1.8689579
1.6471344, 0.1544567, 0.8083876
1.6553571, 0.11218778, 0.4910803
1.631622, 0.17061503, 1.3333102
1.6961116, 0.122714415, 1.4555246
1.6508985, 0.15058109, 0.94744724
1.7093441, 0.08997191, 1.5521601
1.6834614, 0.14165929, 1.8935335
1.6514298, 0.15700527, 1.5937233
1.6765634, 0.09704737, 0.56743693
1.6905698, 0.071426466, 0.37076366
1.6495488, 0.17063035, 1.7864852
1.6322602, 0.1931595, 1.6883932
1.6339003, 0.18578851, 1.8118963
1.6665192, 0.13041577, 0.6083598
1.6301296, 0.14861777, 0.30801466
1.629834, 0.16426331, 0.30488268
1.6469109, 0.12946416, 0.24715635
1.6358196, 0.1337318, 0.2520303
1.6279699, 0.15039733, 0.33223477
1.612685, 0.15928294, 0.26131448
1.6512437, 0.124734044, 0.27715135
1.6323266, 0.1465527, 0.25256097
1.6293377, 0.16594878, 0.35340887
1.5970258, 0.17463666, 0.32879245
1.6080089, 0.17188485, 0.26624158
1.6162761, 0.16671655, 0.32812908
1.6084006, 0.16971706, 0.3117722
1.6007885, 0.19115251, 0.29087493
1.5945526, 0.18564053, 0.29179534
1.6112437, 0.18875302, 0.35443854
1.6342447, 0.13207455, 0.20874065
1.6601014, 0.12603582, 0.21975315
1.6169667, 0.15699573, 0.24770665
1.6757696, 0.09084347, 0.22902212
1.6425323, 0.14151427, 0.20990768
1.665189, 0.124974236, 0.23350573
1.6548815, 0.1110574, 0.21340187
1.6681982, 0.10767537, 0.2276479
1.6277817, 0.14901415, 0.2289955
1.6458963, 0.1260751, 0.23480132
1.6639585, 0.1015808, 0.213426
1.614384, 0.1674995, 0.2506851
1.60379, 0.16668673, 0.23586431
1.6049234, 0.1873466, 0.25091293
1.5934999, 0.19028725, 0.3508644
1.6517061, 0.10780714, 0.16569267
1.6455278, 0.114480615, 0.18838926
1.6408838, 0.14787406, 0.18536061
1.6319247, 0.13060074, 0.18531547
1.6490169, 0.12764946, 0.18846273
1.6561273, 0.09166773, 0.2068414
1.6702393, 0.09653302, 0.18918262
1.6837783, 0.070293546, 0.15024634
1.6315656, 0.19221872, 1.7723933
1.6549993, 0.1534217, 1.6154941
1.6318682, 0.19028969, 2.0695064
1.6478395, 0.17237237, 1.7490802
1.7262797, 0.07123506, 1.1084967
1.6324466, 0.15543704, 0.65177953
1.6031203, 0.18642631, 0.23151441
1.6881292, 0.10647154, 0.86714786
1.650936, 0.15721451, 1.7693648
1.6717511, 0.14619973, 1.5299027
1.6958989, 0.10836035, 1.9315866
1.6505032, 0.16708717, 1.0762633
1.6896572, 0.118022695, 1.4862343
1.6661469, 0.1493756, 1.709573
1.7299904, 0.0730358, 1.4728589
1.6550978, 0.17112282, 2.07227
1.6857693, 0.15045759, 2.0284858
1.7079709, 0.11348212, 1.98749
1.6327317, 0.17494074, 0.97153175
1.6567781, 0.11556671, 0.43098712
1.6876695, 0.07226114, 0.21224165
1.6532809, 0.13700688, 0.9224655
1.6946096, 0.09510292, 0.84953827
1.7285339, 0.072110526, 1.5130078
1.672217, 0.094618775, 0.5490435
1.66781, 0.1467096, 1.6902806
1.6717665, 0.12708579, 1.3507994
1.6756351, 0.115410216, 1.1933464
1.666943, 0.13161889, 1.0900247
1.6310397, 0.19050881, 1.6109265
1.7156563, 0.07835771, 1.7538716
1.648026, 0.18552263, 2.0896223
1.6891311, 0.112352915, 1.3277454
1.6710212, 0.15082142, 2.0499299
1.7213709, 0.081443384, 1.4739013
1.7082007, 0.092315964, 1.4517673
1.6586175, 0.1484377, 1.7117493
1.6882397, 0.14568485, 1.9519432
1.6660284, 0.16625394, 1.730182
1.6556131, 0.14473328, 1.2297308
1.6222036, 0.16934119, 0.3624641
1.6691034, 0.14818661, 1.5448766
1.6651105, 0.15276903, 1.3909843
1.6714276, 0.1608219, 1.168905
1.7024542, 0.111376934, 1.4747543
1.6694497, 0.1292027, 1.6090194
1.7236809, 0.074238464, 1.7471446
1.674451, 0.13049674, 1.5240319
1.6921533, 0.093628824, 1.530694
1.6745615, 0.109900564, 0.8879309
1.6754252, 0.13310584, 1.6873993
1.6831009, 0.1044476, 0.5506334
1.6699529, 0.15192902, 1.8694973
1.7077773, 0.09506458, 1.6080134
1.6301218, 0.18575002, 1.2514936
1.701093, 0.10176889, 1.1525489
1.6899363, 0.11591646, 1.6492444
1.6522303, 0.15204242, 1.2475187
1.6932126, 0.09765705, 1.3080795
1.6650347, 0.10284167, 0.24965097
1.7064425, 0.10064352, 1.0569966
1.6553681, 0.15225647, 1.5503458
1.6645482, 0.1482, 1.2278469
1.6506803, 0.14804734, 0.65074354
1.6520861, 0.11709385, 0.28856698
1.6902367, 0.08888481, 0.6911938
1.6676347, 0.13147317, 0.9096585
1.6327204, 0.17457286, 1.13216
1.6252141, 0.18243515, 0.6849684
1.6695899, 0.16787755, 2.07237
1.6112992, 0.20829159, 0.77479357
1.6325208, 0.19194806, 1.9480832
1.6873257, 0.1376518, 1.6906397
1.6302668, 0.19500579, 1.9870343
1.7078743, 0.12322719, 1.6961093
1.6505251, 0.16900891, 1.9075358
1.6902746, 0.121534936, 1.494711
1.6906546, 0.1073397, 1.033199
1.6735781, 0.13686663, 1.8484381
1.6904444, 0.10620544, 1.6717811
1.6109751, 0.19253491, 0.65188634
1.6526735, 0.15543632, 1.4086773
1.6845545, 0.13142964, 2.0078964
1.643143, 0.13309368, 0.31159657
1.6349616, 0.15759756, 0.94900906
1.6975427, 0.11491651, 1.994824
1.626639, 0.20960437, 1.970129
1.626304, 0.15646406, 0.51149935
1.7108674, 0.084159635, 1.1332558
1.6747891, 0.13033265, 1.2098457
1.6304625, 0.16455388, 0.6529038
1.6436406, 0.18819842, 1.6690166
1.6151998, 0.21235222, 0.99564725
1.693069, 0.10827531, 1.1693166
1.6867827, 0.106659964, 0.8518485
1.6508613, 0.13263707, 0.608287
1.6439853, 0.16574253, 0.9526624
1.7107625, 0.07497036, 0.7090834
1.6611363, 0.18126963, 1.9130679
1.6694589, 0.110917054, 0.42802593
1.6817605, 0.12627962, 0.8058454
1.6934404, 0.0586239, 0.29252255
1.7065121, 0.084911376, 0.82970774
1.666034, 0.15119205, 1.1059823
1.6745687, 0.12682125, 1.5095962
1.6076689, 0.19116686, 0.55085367
1.6369431, 0.17074886, 1.150814
1.6480783, 0.18600087, 1.3670197
1.6867542, 0.12986615, 1.6691377
1.6319495, 0.1736975, 1.2864671
1.7167268, 0.073373415, 1.569353
1.6665528, 0.1336552, 0.9668225
1.6342728, 0.17544946, 1.5887787
1.6278098, 0.2083804, 1.9328326
1.7237587, 0.07247417, 1.8453032
1.7053609, 0.085146345, 1.0109113
1.7278208, 0.07454299, 1.6508962
1.6496415, 0.17510909, 1.8236098
1.7087301, 0.091851965, 1.2328674
1.6543556, 0.15466149, 1.5665137
1.7091525, 0.07162993, 1.2321788
1.684399, 0.14436166, 1.6643612
1.6761141, 0.11803248, 1.1298198
1.6442503, 0.14580922, 0.31316495
1.6104765, 0.15807082, 0.22850242
1.6158718, 0.21278651, 1.8484366
1.6605872, 0.16130279, 1.6953858
1.7064067, 0.09507988, 1.1507233
1.6935799, 0.092767306, 0.7889337
1.7110914, 0.075714536, 1.2671487
1.6472707, 0.1901099, 2.1134772
1.706639, 0.09093484, 1.3073275
1.7061653, 0.074436605, 0.7523538
1.7178459, 0.07648599, 1.8432269
1.6097717, 0.2085146, 1.02753
1.6205992, 0.18977213, 0.6578206
1.6288545, 0.16101462, 0.27994853
1.6934108, 0.11174813, 1.8074465
1.6533537, 0.11031585, 0.27187172
1.690169, 0.13286649, 2.0707808
1.6296839, 0.19348623, 1.3105537
1.6498039, 0.17050812, 1.7280091
1.6633571, 0.14072862, 0.6027851
1.6283315, 0.21045175, 2.0321107
1.7053349, 0.10892924, 1.4891294
1.6148486, 0.21057466, 1.3348553
1.6265707, 0.17408057, 1.6045007
1.6276124, 0.18770099, 1.4480867
1.6452223, 0.14797355, 0.78827155
1.6292467, 0.20921054, 2.1126642
1.7112566, 0.092970304, 1.2868227
1.6845477, 0.109212585, 0.72624254
1.720067, 0.10467616, 2.0714235
1.6220049, 0.2103198, 0.98999083
1.6766279, 0.11679149, 1.1691965
1.6503296, 0.11468681, 0.22702755
1.6182452, 0.14828543, 0.28206483
1.6624426, 0.110991314, 0.16402659
1.7081425, 0.08878049, 1.2093801
1.633593, 0.19321962, 1.843206
1.7457612, 0.07374367, 1.8316593
1.6446401, 0.18557811, 1.7695903
1.6270466, 0.19476388, 1.789248
1.7045808, 0.1117683, 1.6278338
1.6124165, 0.19173993, 0.8299466
1.6511601, 0.15177758, 0.9331091
1.6874007, 0.111519754, 1.3534559
1.701981, 0.10458657, 1.5046239
1.6304014, 0.19466697, 1.0614076
1.7107661, 0.0907351, 1.5123448
1.6587757, 0.15866539, 2.1100898
1.6355076, 0.17386718, 1.4935739
1.6488683, 0.15385412, 1.0052342
1.7142639, 0.09254478, 1.8109771
1.6887771, 0.10540173, 0.91159475
1.6559501, 0.12711793, 0.3285246
1.6827078, 0.08742766, 0.28730872
1.6722535, 0.09335156, 0.2708882
1.657906, 0.110779144, 0.3714232
1.7155602, 0.07119945, 0.85611004
1.630061, 0.18618435, 1.172099
1.6449175, 0.18454456, 1.3482662
1.6300611, 0.18779236, 1.4887125
1.6872507, 0.11339676, 1.1859262
1.6048386, 0.20388247, 0.71245825
1.6018285, 0.18688242, 0.332191
1.6288805, 0.17672738, 1.5079939
1.6639482, 0.14817959, 1.4101685
1.6289017, 0.20072173, 1.7232392
1.7259488, 0.076544225, 1.2924893
1.5955024, 0.19103001, 0.26865995
1.6705654, 0.14657852, 1.4342277
1.6715361, 0.13394518, 1.3885045
1.6241047, 0.20120418, 1.0679684
1.60175, 0.18717745, 0.3922294
1.7053872, 0.08550811, 0.88534755
1.6118892, 0.19506384, 1.6348113
1.6686091, 0.12701978, 1.3702114
1.6548492, 0.13744168, 0.95375085
1.6681696, 0.14615227, 0.92658025
1.7048364, 0.088390335, 0.6310901
1.6632863, 0.16136216, 1.1118122
1.7227963, 0.072477914, 0.8633748
1.617687, 0.19651863, 1.3740003
1.6772624, 0.09549962, 0.29807514
1.636404, 0.19106351, 1.7489215
1.6301578, 0.16799018, 1.0086325
1.6954117, 0.11206887, 1.388702
1.7027626, 0.12142623, 1.3940362
1.7141545, 0.097993545, 1.8455935
1.6935902, 0.09458323, 1.370161
1.7055247, 0.088950716, 0.84704834
1.6480354, 0.1681504, 1.6089503
1.6866819, 0.07208972, 0.26906374
1.7268672, 0.07327027, 1.5901337
1.7151769, 0.07527632, 1.3307813
1.7080437, 0.0887183, 1.7301741
1.645525, 0.18536648, 1.7868233
1.642508, 0.18931223, 1.6272938
1.653393, 0.17306302, 2.0884748
1.7093858, 0.068093605, 0.6652473
1.6924622, 0.076547764, 0.41389772
1.6311035, 0.18951203, 1.2299289
1.6483419, 0.16810352, 1.2694443
1.614872, 0.19721194, 1.5343986
1.6287754, 0.19235921, 1.9680027
1.6670312, 0.14641295, 1.4508363
1.704759, 0.12517436, 2.043432
1.6679709, 0.10527219, 0.285022
1.7078999, 0.10884333, 1.8285967
1.7117132, 0.08911467, 1.3519137
1.7163585, 0.07650916, 1.4666764
1.6924402, 0.08880231, 0.89349264
1.6844428, 0.1492005, 2.0866165
1.6842959, 0.10699906, 0.8925477
1.704404, 0.088544704, 1.4727614
1.7265382, 0.08759846, 2.06931
1.6512818, 0.14894846, 0.98806375
1.6274638, 0.16897231, 1.4649113
1.62795, 0.15064685, 0.20840436
1.7086135, 0.11230986, 1.9683195
1.6640254, 0.10934731, 0.32380724
1.6461349, 0.17036375, 1.0240461
1.6331282, 0.17346922, 1.392726
1.6733149, 0.117567964, 0.9454131
1.6518557, 0.16828008, 1.9317397
1.6306, 0.19377722, 1.5264293
1.6715343, 0.13096225, 0.9513248
1.7096806, 0.10156306, 1.337767
1.6113366, 0.20603673, 1.52551
1.6547071, 0.15098001, 0.97052026
1.7125878, 0.08527727, 0.8691244
1.6530569, 0.13456884, 0.7639887
1.6442354, 0.19262609, 1.8320832
1.6654786, 0.12760647, 0.42470336
1.6880791, 0.10913954, 0.44057527
1.6154734, 0.19211438, 1.1550902
1.6355838, 0.16951963, 0.44412306
1.6448442, 0.20006265, 1.980786
1.6660582, 0.12606546, 0.37858707
1.6694, 0.12164051, 0.41539618
1.729447, 0.06841615, 1.2699132
1.7125021, 0.076603234, 1.134279
1.6804506, 0.10346473, 0.38971394
1.6812685, 0.1434829, 1.541887
1.6283697, 0.18539205, 0.8295172
1.6441212, 0.16797395, 1.114301
1.6317047, 0.16816878, 0.8108046
1.591283, 0.19280744, 0.3107739
1.6152915, 0.16948788, 0.5120624
1.7078592, 0.1015023, 1.3196992
1.6157396, 0.21051404, 1.1852189
1.6525347, 0.18586361, 1.9285656
1.7106228, 0.11464332, 1.6620228
1.6703686, 0.13072842, 0.9297943
1.6653382, 0.17088245, 2.1137435
1.6555159, 0.1497472, 1.0891533
1.6489807, 0.17017825, 1.4886144
1.6172111, 0.1968777, 1.2495954
1.6190144, 0.1856711, 1.1178706
1.6850111, 0.14249632, 1.4300764
1.6831775, 0.12703821, 1.2075236
1.6487514, 0.16629925, 1.4132557
1.6601627, 0.14185819, 0.717523
1.6408689, 0.20975469, 2.101712
1.5930177, 0.17931196, 0.5460374
1.6947994, 0.11613588, 2.0069578
1.7004268, 0.1268642, 1.3377626
1.735599, 0.07216014, 1.936164
1.6672004, 0.12681203, 0.69041044
1.6518326, 0.12897108, 0.43031076
1.6847589, 0.14700243, 2.044594
1.7316307, 0.076008864, 1.7895665
1.6497381, 0.17171179, 2.1050708
1.6453518, 0.168082, 1.4530641
1.6703569, 0.13588864, 1.2254701
1.6262059, 0.14899404, 0.2897763
1.667316, 0.1661462, 1.4703805
1.7059091, 0.10729583, 1.3466789
1.6627903, 0.14940648, 2.0659442
1.6978506, 0.09370103, 1.6423254
1.6139133, 0.2093849, 1.4526607
1.6851834, 0.10746417, 1.0102785
1.6837217, 0.13007526, 1.4261451
1.7091993, 0.08635767, 0.9711634
1.6507827, 0.14370227, 0.45186037
1.6570493, 0.1356807, 0.9117857
1.7147539, 0.068698585, 0.53311163
1.6293149, 0.13555275, 0.27224225
1.6464711, 0.17037028, 1.5892453
1.7035396, 0.1051815, 0.8667855
1.6222794, 0.19109346, 0.6785765
1.6865631, 0.08603214, 0.37045506
1.7273872, 0.07297725, 1.8297274
1.6875893, 0.12955844, 1.855043
1.7145458, 0.10810153, 1.652427
1.7250674, 0.074815474, 1.1239625
1.6956906, 0.110358216, 1.8317885
1.6461759, 0.14462978, 0.41000587
1.6299948, 0.18656369, 1.1472849
1.7141885, 0.07396395, 1.832938
1.7024086, 0.087699965, 0.7695001
1.6922753, 0.09265123, 0.99125516
1.6726704, 0.1341641, 1.8708245
1.7071037, 0.10293453, 1.8163489
1.5966213, 0.17163561, 0.24984983
1.6111689, 0.19593781, 1.4852234
1.6703401, 0.125647, 0.56869733
1.6986045, 0.09823869, 1.872997
1.6487048, 0.14058696, 0.29185516
1.6131922, 0.20956877, 1.1494339
1.6272494, 0.15539023, 0.34835002
1.7055111, 0.111066945, 1.5314856
1.6043102, 0.15479313, 0.20728448
1.6452694, 0.17496736, 1.4266791
1.6560016, 0.1326718, 1.3663347
1.6316079, 0.16694947, 0.49394348
1.643636, 0.18613236, 1.4748045
1.6132402, 0.19371572, 1.0055678
1.6222115, 0.1676811, 0.33567375
1.7124197, 0.06622031, 0.6489267
1.6886954, 0.13249175, 2.0307503
1.6501572, 0.14738041, 0.77416414
1.7151898, 0.07171411, 1.2877183
1.6086514, 0.19251512, 0.97059935
1.7249918, 0.086895965, 1.6137737
1.5976222, 0.17803593, 0.21876284
1.6503441, 0.11211921, 0.25203517
1.6904387, 0.1168084, 1.4032729
1.648397, 0.17071562, 1.0895565
1.6121637, 0.1684675, 0.35400257
1.6201627, 0.18146442, 0.5129821
1.7081587, 0.07413272, 0.97292733
1.6608338, 0.16962963, 1.7499839
1.705423, 0.12913764, 1.8550788
1.7225896, 0.067342766, 0.80777997
1.6254966, 0.20779942, 1.9914747
1.6623074, 0.16586407, 1.6622411
1.6689692, 0.15130985, 1.9918642
1.6294599, 0.19430594, 1.5474099
1.690084, 0.113670245, 0.7682328
1.6717045, 0.112197675, 0.8267171
1.6613857, 0.15066552, 0.86258566
1.6524453, 0.15486237, 1.4691001
1.7311277, 0.07288008, 1.4090121
1.6195511, 0.1514439, 0.44980288
1.633918, 0.1624887, 1.5242933
1.6707922, 0.11850907, 1.4926761
1.6629504, 0.12716034, 0.49105757
1.7218454, 0.08806272, 1.5907276
1.6274849, 0.19135557, 1.4629618
1.628327, 0.2149514, 1.8187634
1.6740165, 0.11090221, 0.71091056
1.6534573, 0.14651859, 0.67198116
1.6320804, 0.18728484, 1.5678536
1.6340811, 0.16718802, 0.9058854
1.6126428, 0.175753, 0.60957044
1.6105406, 0.19190817, 0.6253526
1.7063442, 0.100037985, 1.4144468
1.652818, 0.15175839, 1.4855325
1.6338191, 0.1724715, 1.2683065
1.7201194, 0.102111995, 2.0912735
1.6820024, 0.12465175, 1.4112227
1.7285044, 0.070952505, 0.79243326
1.7142171, 0.09155565, 1.4086409
1.7115604, 0.08826419, 1.6298027
1.6067448, 0.19654232, 1.5672774
1.6729512, 0.13331063, 1.8341709
1.6976082, 0.07333861, 0.8843767
1.614633, 0.20763734, 1.8082558
1.672275, 0.08855905, 0.1732199
1.6446947, 0.19165099, 1.2954609
1.6417686, 0.16262199, 0.8594118
1.6736039, 0.13689351, 1.9718
1.6148117, 0.19299985, 0.91225046
1.6902151, 0.12187595, 0.7717197
1.6662898, 0.106936015, 0.19130923
1.6334097, 0.16904154, 0.87280715
1.6544504, 0.15488428, 1.8681607
1.6664897, 0.1424328, 0.8171406
1.704915, 0.10768166, 1.4238741
1.6305153, 0.18824871, 0.9104121
1.6090581, 0.20615605, 1.6323209
1.6625746, 0.14773294, 0.90987235
1.6503565, 0.16160774, 0.78793603
1.6623101, 0.1447272, 0.856307
1.6255478, 0.14569758, 0.27300796
1.6899735, 0.08633104, 0.42958802
1.6872716, 0.13060868, 1.9476559
1.6844385, 0.0683665, 0.1315833
1.6103133, 0.19420233, 1.3090249
1.6976646, 0.06682774, 0.9690183
1.6137983, 0.20741367, 1.2652932
1.6270208, 0.17070428, 0.7878048
1.6641395, 0.143418, 0.69148827
1.637082, 0.15439312, 0.8549353
1.725701, 0.0917638, 1.8663371
1.7049531, 0.08696132, 0.6477634
1.6521096, 0.15132272, 1.1926329
1.6450185, 0.1229031, 0.20657028
1.6956676, 0.110824436, 1.4704638
1.6291112, 0.1723632, 0.750137
1.7139392, 0.06724797, 0.63478863
1.7123103, 0.068783805, 0.73246473
1.6700745, 0.14745767, 1.4708514
1.6864485, 0.07217583, 0.43054056
1.7149893, 0.07449455, 1.0100974
1.6462536, 0.14615591, 0.46760625
1.7227255, 0.08512217, 1.3439847
1.6332793, 0.15269844, 0.7913069
1.6313493, 0.19028093, 1.2118186
1.6910638, 0.09005825, 0.67399675
1.6813381, 0.090721324, 0.21367876
1.6304086, 0.1705928, 1.1928437
1.6947906, 0.11664563, 2.0507464
1.6898531, 0.12617497, 1.333568
1.7256945, 0.08984052, 2.007017
1.6571143, 0.12721854, 0.6662779
1.6692331, 0.16635817, 1.9745195
1.5965973, 0.19915737, 0.6668898
1.6492794, 0.16277628, 0.82919365
1.6262579, 0.1713151, 0.58322656
1.7158345, 0.07036207, 0.95382756
1.6070473, 0.20768633, 0.6684981
1.6088871, 0.20893943, 0.8886068
1.6284273, 0.17311567, 1.3486116
1.6837054, 0.11049419, 0.9302148
1.6105005, 0.17440683, 0.6528322
1.713298, 0.08419416, 1.787388
1.6495194, 0.18241031, 1.7238353
1.7132612, 0.08807854, 1.172921
1.7077111, 0.10490122, 1.1165023
1.6481843, 0.17129841, 1.5104603
1.6807972, 0.10796274, 0.75228655
1.7155739, 0.07441621, 1.415688
1.6534917, 0.15081823, 1.2897671
1.6699673, 0.12874392, 1.2548645
1.6897167, 0.13197523, 1.3511004
1.6764305, 0.11256973, 1.5107
1.6764165, 0.11054035, 1.4083868
1.6872137, 0.14851356, 1.265003
1.6970186, 0.08667667, 1.0638952
1.6638203, 0.123631686, 0.2939532
1.680748, 0.15040198, 2.104026
1.7036397, 0.10498202, 1.2317199
1.6916777, 0.12174876, 1.0700272
1.7134671, 0.068545274, 0.8273868
1.6864446, 0.101481706, 0.46757275
1.7296026, 0.06657864, 1.1476572
1.7085037, 0.0933393, 1.6849158
1.6741409, 0.110992275, 0.87422955
1.650933, 0.11655274, 0.34425217
1.6545694, 0.13150327, 0.8128965
1.7133766, 0.070169084, 1.1535358
1.6932615, 0.08496469, 0.35164207
1.6280446, 0.18936932, 1.0505987
1.6953286, 0.072046615, 0.25196898
1.607964, 0.1914946, 0.7281028
1.6337111, 0.18879342, 1.5118067
1.6811899, 0.15047444, 1.8483341
1.6108028, 0.20757906, 0.75244284
1.7079706, 0.09807785, 2.0274158
1.6767598, 0.10936417, 0.7653991
1.604804, 0.17152609, 0.21197458
1.664285, 0.1292263, 0.626101
1.6550182, 0.13737309, 0.9835124
1.6133019, 0.19700314, 1.0507648
1.6439544, 0.1803604, 1.8092561
1.701316, 0.120126724, 1.7339435
1.6334724, 0.16380477, 0.8542932
1.684488, 0.08470891, 0.2736386
1.6500875, 0.12820464, 0.34861296
1.642664, 0.18535972, 1.5454476
1.7259533, 0.07362073, 1.5495576
1.668935, 0.13329849, 1.4465696
1.6937585, 0.09348737, 1.2099679
1.6656604, 0.10467922, 0.31082267
1.6796043, 0.07465015, 0.28100586
1.7049094, 0.120859034, 1.8997481
1.7129875, 0.073128425, 1.1743013
1.712179, 0.07044287, 0.99156207
1.6135546, 0.20845358, 1.2490625
1.6115341, 0.1888608, 0.7525335
1.6940309, 0.090407416, 0.73240066
1.6839025, 0.105216205, 0.42088252
1.6046853, 0.21746768, 0.47699732
1.7108529, 0.06907711, 0.33143592
1.6665691, 0.1505021, 1.2707584
1.7001536, 0.12372299, 1.5498099
1.6683515, 0.13012448, 0.831691
1.6471795, 0.16649005, 0.7248728
1.593786, 0.19339366, 0.46659204
1.6328521, 0.17282215, 1.632129
1.6649737, 0.14541045, 0.96249616
1.6948445, 0.1071177, 1.2113041
1.6430407, 0.18235481, 1.6509538
1.6627228, 0.13389182, 1.7750256
1.6567252, 0.11254922, 0.4509731
1.6894767, 0.112089485, 1.7361739
1.7266233, 0.07523601, 1.7707915
1.7015648, 0.10980776, 1.2908926
1.694534, 0.10023375, 0.97399056
1.6696336, 0.1315185, 1.0477787
1.6361434, 0.17375556, 1.2277424
1.6174107, 0.17944244, 1.5944085
1.6652827, 0.124712095, 0.7969167
1.6104854, 0.18541718, 0.41210094
1.6172988, 0.19462015, 1.6714758
1.6308174, 0.15506205, 0.18704803
1.678908, 0.11108237, 1.4417865
1.6517725, 0.15188998, 1.3912336
1.6912633, 0.08360601, 0.25411665
1.6293945, 0.18959135, 1.3480805
1.6477582, 0.15612417, 1.9114122
1.7004868, 0.13285844, 1.5399216
1.6447947, 0.1685923, 1.2851758
1.6299528, 0.18891323, 1.2718531
1.686254, 0.070597515, 0.22576702
1.6104494, 0.20909274, 0.9317629
1.6890402, 0.09354935, 0.830278
1.6036322, 0.21131143, 0.84706557
1.7051219, 0.12834679, 1.824054
1.6984568, 0.08469402, 1.1461821
1.6250094, 0.22273523, 1.8705984
1.6148026, 0.21029276, 1.7312417
1.6093967, 0.20709479, 1.2124487
1.703679, 0.06572404, 0.24608131
1.6767942, 0.11200517, 1.6735607
1.6776376, 0.11597671, 1.20434
1.6176589, 0.18925604, 0.89198565
1.6507518, 0.11049129, 0.12990534
1.7133433, 0.089703694, 1.8866897
1.6251119, 0.19290254, 1.0104098
1.7155783, 0.07785137, 1.7715566
1.6202239, 0.18047413, 0.5452975
1.6123103, 0.20783585, 1.4894896
1.63234, 0.13291201, 0.33336598
1.6941078, 0.07547221, 0.5296558
1.7259686, 0.073561236, 1.6659924
1.6444212, 0.16748339, 0.7704111
1.6889062, 0.06959956, 0.31077877
1.607147, 0.21243171, 0.94846636
1.6973445, 0.09107574, 1.1956292
1.6906443, 0.09328743, 0.8644451
1.6363369, 0.15643278, 0.7653968
1.6282163, 0.14774446, 0.43479764
1.613699, 0.20644714, 1.874407
1.622674, 0.20344897, 1.6688457
1.6517044, 0.14712192, 1.0529858
1.6389828, 0.15336971, 0.9641204
1.6267667, 0.154412, 0.5679637
1.7276064, 0.074345164, 1.6913251
1.6928304, 0.096116535, 1.0116291
1.6952786, 0.08513071, 0.9571859
1.7301775, 0.07424288, 1.7275646
1.6635349, 0.12571616, 0.45225438
1.64925, 0.15378341, 1.0676813
1.6318827, 0.17494285, 1.6886537
1.6754447, 0.1313487, 1.6719568
1.7164296, 0.089241184, 1.9912406
1.6292448, 0.16516492, 0.554269
1.6279813, 0.20532045, 1.8862183
1.6255813, 0.18532996, 1.1110169
1.6548007, 0.1137589, 0.33173603
1.7105776, 0.08982909, 0.9874141
1.5963624, 0.20308314, 0.47152478
1.623338, 0.20844662, 1.1679187
1.6927357, 0.06965438, 0.34935048
1.6979527, 0.099100724, 1.8886143
1.6697294, 0.16894458, 2.089891
1.6759518, 0.098087355, 0.6724416
1.7101061, 0.07198037, 0.49407652
1.6260517, 0.17587925, 1.0458806
1.6620277, 0.12349695, 0.33085343
1.6405842, 0.18670857, 0.88385916
1.70623, 0.08479397, 0.66371655
1.6254308, 0.19110855, 1.3300996
1.6898652, 0.07697924, 0.5951614
1.6775541, 0.08473623, 0.21058883
1.7297211, 0.08668196, 1.9899662
1.6858141, 0.12840188, 0.88501024
1.6969678, 0.09106371, 1.5462226
1.6968151, 0.07276471, 0.64828634
1.6146067, 0.1926437, 1.1285048
1.6213106, 0.20581436, 1.2263743
1.612089, 0.21034004, 1.0499529
1.6539435, 0.13852558, 1.1323235
1.668923, 0.14813219, 1.3296206
1.7260287, 0.08630673, 1.7967229
1.675137, 0.11890988, 1.3074081
1.6858795, 0.10819997, 0.94169915
1.6556087, 0.13741425, 1.1877463
1.6280266, 0.20883091, 1.7532257
1.6959234, 0.11416672, 1.9120057
1.5945225, 0.17429993, 0.34853947
1.6926527, 0.0981884, 1.4654474
1.683038, 0.12259087, 0.99517334
1.6074395, 0.16699761, 0.28918353
1.630293, 0.17365354, 1.0305393
1.6630003, 0.16134098, 1.6190187
1.6483839, 0.16222398, 0.6310265
1.6151841, 0.1894831, 0.86931354
1.630857, 0.18219732, 0.71051556
1.6263238, 0.15974538, 0.72188246
1.6077409, 0.19479322, 1.0856767
1.7361034, 0.07354309, 1.572248
1.6493216, 0.1839068, 1.7104664
1.7080967, 0.08883354, 0.8093712
1.7100338, 0.08998184, 1.9676403
1.7129778, 0.093062036, 1.3677111
1.6940267, 0.07765569, 0.48225832
1.7032242, 0.1096713, 0.9768478
1.6763448, 0.10228863, 0.9793624
1.6349566, 0.18273756, 1.0960399
1.6136075, 0.20656362, 1.6729857
1.6771264, 0.13779823, 2.0882218
1.7223948, 0.08094218, 1.2098088
1.6536202, 0.14622742, 0.8303119
1.61492, 0.2023174, 2.0222116
1.6564895, 0.14051723, 1.0349427
1.6420268, 0.18224075, 1.0098047
1.6671314, 0.15326515, 1.253585
1.7104554, 0.08840296, 1.3298736
1.7115102, 0.08626967, 0.9459667
1.7223496, 0.088630974, 1.3691483
1.6730891, 0.13057029, 1.4122787
1.7258786, 0.07064777, 1.4317992
1.6404753, 0.18126246, 1.185594
1.6289173, 0.13397841, 0.16195309
1.6316442, 0.15271258, 0.40889966
1.635779, 0.19067737, 1.8951149
1.6888008, 0.14325786, 1.8101034
1.665904, 0.16608892, 1.1868069
1.692131, 0.098372616, 0.927353
1.6277666, 0.17616925, 1.3060652
1.6732543, 0.11290273, 1.1481919
1.6503665, 0.16098446, 0.66628087
1.6138494, 0.17602715, 0.844775
1.709161, 0.06535406, 0.34994373
1.6458676, 0.15396221, 1.3484141
1.6795063, 0.13427268, 2.07237
1.5944289, 0.19241026, 0.4359665
1.6156654, 0.18953103, 1.27363
1.6942667, 0.09369241, 1.1734914
1.720428, 0.08634836, 1.1487331
1.6307311, 0.18841189, 0.9892411
1.6354665, 0.16985893, 1.1684663
1.7248048, 0.06444094, 0.9160072
1.705402, 0.08441668, 0.68299
1.6687059, 0.14590122, 1.0925124
1.7018292, 0.102482505, 1.4587148
1.6823685, 0.1412001, 1.6806033
1.615803, 0.166708, 0.37229934
1.6280347, 0.1471426, 0.17279334
1.6811895, 0.12481457, 1.1885774
1.62363, 0.16765131, 0.42939356
1.7036084, 0.083994955, 0.36140618
1.6899881, 0.09203363, 0.9704783
1.6612244, 0.11258853, 0.26670605
1.7043763, 0.09072934, 0.9105394
1.6546913, 0.1313183, 1.2381985
1.642363, 0.15171649, 1.2683811
1.7336466, 0.08381328, 1.9743366
1.7334362, 0.07453918, 1.4517516
1.6158354, 0.1642628, 0.19113545
1.615396, 0.18958807, 1.0321563
1.6260259, 0.20142083, 1.2554686
1.6061865, 0.19645795, 1.3305137
1.6642754, 0.162765, 1.846276
1.7097948, 0.074150875, 0.89025843
1.6852543, 0.12760375, 1.3937325
1.6331716, 0.17011528, 1.7452164
1.6731689, 0.115261376, 1.0289049
1.6921133, 0.11475931, 1.7715297
1.6809223, 0.10318605, 0.5619081
1.6608447, 0.1602744, 2.0505803
1.607503, 0.17108314, 0.39036742
1.6172817, 0.17544025, 0.7915862
1.6885617, 0.13917345, 1.5105225
1.7313945, 0.075721994, 2.09515
1.7456217, 0.074501, 2.0947173
1.6950216, 0.09815178, 1.4319072
1.7089982, 0.057256915, 0.4029029
1.619433, 0.17822203, 0.8038015
1.6485616, 0.17135271, 1.3499994
1.701144, 0.111506775, 1.3737762
1.6585984, 0.1250262, 1.4853067
1.5922673, 0.20397398, 0.49019104
1.6444725, 0.18135802, 1.87373
1.6446233, 0.13141996, 0.36411905
1.711963, 0.083918676, 0.938195
1.7148802, 0.076893434, 1.4877145
1.6095073, 0.17592308, 0.45113677
1.6617656, 0.1718925, 1.8144379
1.6299143, 0.15215684, 0.3876313
1.6107557, 0.18356991, 0.435804
1.6360236, 0.14955477, 0.8039804
1.6745288, 0.092473164, 0.32868838
1.7278711, 0.10113908, 2.0587902
1.6670152, 0.10494322, 0.34624147
1.6963463, 0.09852137, 1.59487
1.6230084, 0.16784097, 0.40923485
1.6763101, 0.08472176, 0.24756248
1.6429294, 0.14452212, 0.37345666
1.6049418, 0.19147336, 0.30960807
1.676941, 0.12616508, 1.808574
1.6867317, 0.12994267, 1.3685062
1.6358081, 0.12665145, 0.42523232
1.709059, 0.07792678, 1.0840667
1.6524135, 0.1433779, 1.8315692
1.6250844, 0.16797817, 0.29201826
1.6965692, 0.07614055, 0.51457953
1.6169814, 0.19749385, 2.0150232
1.6513308, 0.1152533, 0.5011118
1.6360157, 0.14598742, 0.37620893
1.6252573, 0.18098299, 0.56770855
1.6478077, 0.11662807, 0.6605759
1.7011589, 0.08229492, 0.22256282
1.6655357, 0.10407485, 0.15198301
1.7291749, 0.0910111, 1.9272959
1.7046162, 0.12840283, 1.991791
1.653705, 0.15684082, 1.8840464
1.6216015, 0.20351043, 1.3797644
1.6064181, 0.20315206, 1.6093414
1.6152356, 0.17012396, 0.6247667
1.588912, 0.19198763, 0.247381
1.7154055, 0.075170614, 1.4276022
1.6983503, 0.09971628, 1.5066037
1.73457, 0.07103883, 1.9518449
1.628389, 0.19241159, 1.9259126
1.6833124, 0.14222783, 1.5171988
1.6162549, 0.20764545, 1.229291
1.7100918, 0.122527726, 2.0363884
1.5958556, 0.19740097, 0.5679324
1.6669934, 0.09560822, 0.14747114
1.7123009, 0.07088606, 0.5686398
1.6764984, 0.13641602, 1.9955268
1.622091, 0.19230132, 0.84839296
1.7115521, 0.054962765, 0.3335542
1.6669267, 0.1673407, 1.4315355
1.7259741, 0.0868783, 2.1125464
1.68387, 0.059054244, 0.1874423
1.6388774, 0.17878155, 1.7260913
1.7152239, 0.057194185, 0.43422177
1.6333911, 0.17770153, 1.4386001
1.5958709, 0.19631042, 0.783786
1.7163521, 0.083728924, 1.6566484
1.7056684, 0.12540859, 1.9533038
1.7027913, 0.120231, 1.0605794
1.6080062, 0.19493584, 1.503778
1.6160015, 0.20554587, 2.0629363
1.6538068, 0.16885155, 1.5715153
1.7031064, 0.13573562, 2.002358
1.6166934, 0.21593755, 2.0506492
1.6938441, 0.097633645, 2.0063398
1.5849342, 0.20100781, 0.3231682
1.7047684, 0.0843994, 0.50578815
1.5959036, 0.19694707, 1.2414118
1.5991584, 0.20220149, 1.7406309
1.6092875, 0.1961681, 1.6190174
1.6188065, 0.15043299, 0.54804724
1.654809, 0.15192494, 1.4325716
1.6329283, 0.13882111, 0.61956275
1.6603276, 0.1844803, 2.0693543
1.7215862, 0.10304942, 2.0239308
1.5984423, 0.18561064, 0.75544375
1.6580874, 0.12992091, 1.3571655
1.710189, 0.07397775, 0.7894069
1.6942163, 0.07438071, 0.8621283
1.6186721, 0.1594978, 0.39614752
1.679366, 0.11833661, 1.6800764
1.6797704, 0.09820843, 0.69231325
1.7256284, 0.069902614, 1.2474151
1.7055161, 0.09365633, 1.7100438
1.6613262, 0.14996678, 1.0666237
1.6769373, 0.11095427, 1.3709929
1.7142167, 0.05477895, 0.31664848
1.6080301, 0.20492166, 1.6478101
1.5944326, 0.19931552, 0.455325
1.6124507, 0.1983555, 1.0711516
1.72542, 0.07368595, 0.74933845
1.6704785, 0.0932226, 0.9999574
1.680473, 0.12046177, 1.0206914
1.7229294, 0.0730198, 0.83695924
1.6583198, 0.1323923, 0.75476396
1.6121113, 0.20199163, 1.392771
1.6161418, 0.20411295, 1.1344789
1.6524595, 0.14032322, 2.0523903
1.7106313, 0.07556049, 1.0285075
1.7181174, 0.058908727, 0.47771975
1.607401, 0.20233113, 0.59284246
1.6383349, 0.13482086, 0.29179928
1.7094076, 0.093621075, 1.9496285
1.7199564, 0.07553092, 1.7289828
1.6266363, 0.20541331, 1.7857983
1.6543148, 0.13775416, 1.0735775
1.6385844, 0.15971792, 1.1100764
1.6451367, 0.18166982, 1.0868312
1.5987992, 0.21056063, 0.56046623
1.6060953, 0.19194552, 0.44640902
1.7193643, 0.07338994, 1.9667246
1.7336949, 0.07706323, 2.0231721
1.6552072, 0.10780326, 0.313734
