0.5895199, -1.3094419, 0.23213203
0.60857767, -1.3103609, 0.23486164
0.56936, -1.2695848, 0.23098625
0.6508728, -1.4091252, 0.19031829
0.5712015, -1.2901918, 0.20918399
0.6276247, -1.3920494, 0.15341116
0.5287462, -1.2459049, 0.19109528
0.6061429, -1.3719031, 0.16706799
0.49064597, -1.2099508, 0.18588601
0.5614294, -1.2789009, 0.17686397
0.63610286, -1.3660257, 0.24569705
0.6279423, -1.3931196, 0.16742891
0.68791795, -1.4299667, 0.23221731
0.55197275, -1.2492288, 0.25019413
0.6297555, -1.3681381, 0.2315756
0.54995936, -1.247646, 0.23403841
0.64829034, -1.3715985, 0.2342341
0.51089394, -1.2083923, 0.24668306
0.5529264, -1.2685161, 0.21061721
0.5843229, -1.330407, 0.15223996
0.56895256, -1.3302587, 0.14918584
0.60909456, -1.3717719, 0.15351874
0.6110132, -1.3289168, 0.23435146
0.64485645, -1.4142412, 0.1542754
0.58699995, -1.3510902, 0.16632718
0.66863245, -1.4105645, 0.23153281
0.58882225, -1.2892325, 0.2344965
0.6368092, -1.4053555, 0.18840261
0.6287051, -1.3531064, 0.23303574
0.6091671, -1.391068, 0.15280384
0.6320124, -1.3729706, 0.21244171
0.65005195, -1.3702638, 0.24889803
0.5313708, -1.2709419, 0.18946494
0.48846474, -1.2302749, 0.13589045
0.62778246, -1.369723, 0.18952686
0.58924496, -1.3309848, 0.17079468
0.6763727, -1.4437604, 0.18970408
0.6608894, -1.4178978, 0.17570823
0.654822, -1.4031878, 0.2269612
0.58700114, -1.3325076, 0.19273867
0.66203314, -1.435126, 0.15460216
0.6638593, -1.4149691, 0.21384843
0.61171114, -1.3494964, 0.23190966
0.64905745, -1.411136, 0.17046754
0.513654, -1.2092146, 0.22803162
0.66034883, -1.4117181, 0.19769758
0.48836803, -1.2110804, 0.21115325
0.6317492, -1.3496935, 0.24735141
0.6471387, -1.392802, 0.21067026
0.5497655, -1.2870848, 0.17207922
0.494134, -1.2502439, 0.13131164
0.52363294, -1.2136983, 0.22968042
0.65269417, -1.3863481, 0.24595506
0.64815146, -1.4317936, 0.15106009
0.59376293, -1.2847353, 0.2627512
0.5291337, -1.230001, 0.21118149
0.61191714, -1.3902209, 0.16619529
0.65285754, -1.4058843, 0.21022677
0.6091079, -1.3515373, 0.20941368
0.66766214, -1.4530753, 0.1542486
0.46976817, -1.1644559, 0.18676642
0.4916308, -1.2100651, 0.17200422
0.56504357, -1.2753637, 0.20887701
0.60755444, -1.3303533, 0.21156022
0.6341833, -1.4269211, 0.13778572
0.6405966, -1.3786029, 0.20620555
0.6318073, -1.3890232, 0.18999095
0.6546589, -1.423653, 0.18939501
0.6411095, -1.39405, 0.16967347
0.6495128, -1.3883011, 0.2326051
0.6855505, -1.4366137, 0.21683566
0.5316607, -1.2707915, 0.1494084
0.50597286, -1.232519, 0.19210885
0.53217465, -1.2304338, 0.24735649
0.64658713, -1.3952584, 0.19057722
0.6282202, -1.409736, 0.16630407
0.5717701, -1.3252032, 0.18772797
0.6877716, -1.447864, 0.20862652
0.63611865, -1.382199, 0.22740784
0.48610875, -1.190129, 0.17279547
0.5251463, -1.2301676, 0.19564785
0.6228287, -1.3521403, 0.21299341
0.5515418, -1.310292, 0.15002412
0.67700493, -1.4241744, 0.24558185
0.59135526, -1.3296139, 0.22978443
0.53131527, -1.2292906, 0.23328872
0.6672725, -1.4319843, 0.18873972
0.6211517, -1.358975, 0.19807087
