1.3024334, -4.5953107, 1.222265
1.2842957, -4.6029615, 1.2067045
1.2699926, -4.6138344, 1.18922
1.3109101, -4.594557, 1.1870625
1.3189311, -4.5786963, 1.2269266
1.3216072, -4.5718646, 1.2094777
1.3264947, -4.5715585, 1.1913878
1.2740419, -4.6082344, 1.1685578
1.3561962, -4.549501, 1.2304081
1.3776819, -4.528498, 1.214744
1.3454142, -4.544336, 1.2624488
1.3845797, -4.527085, 1.1728423
1.416563, -4.511675, 1.2179096
1.3491701, -4.534583, 1.3163395
1.4335681, -4.490036, 1.2127122
1.453672, -4.466914, 1.1928515
1.4442734, -4.473694, 1.1460913
1.4422204, -4.4770384, 1.1721635
1.451817, -4.4596324, 1.2150692
1.4411271, -4.4665217, 1.2682592
1.4770937, -4.4542556, 1.1833826
1.480955, -4.4529204, 1.1654766
1.4490932, -4.4494877, 1.2915189
1.4237409, -4.4543386, 1.3064948
1.5018163, -4.420315, 1.1981956
1.4665325, -4.4508076, 1.2083654
1.4346043, -4.4355803, 1.3146814
1.474539, -4.40765, 1.3069351
1.378045, -4.4987364, 1.3441625
1.3485813, -4.5675893, 1.2158885
1.4955719, -4.4310365, 1.2315025
1.245783, -4.6324096, 1.2101424
1.4640471, -4.4624968, 1.2225133
1.2534827, -4.6263127, 1.1741754
1.4896872, -4.4527936, 1.1292986
1.4325774, -4.457789, 1.2868464
1.4228734, -4.4856515, 1.2613493
1.3837451, -4.489875, 1.3333111
1.3106233, -4.583643, 1.2626711
1.4317368, -4.443179, 1.3476046
1.3358637, -4.5843515, 1.1718582
1.3308558, -4.5331383, 1.350502
1.3389125, -4.567915, 1.2520953
1.4027271, -4.4676337, 1.3164477
1.4709624, -4.424557, 1.2497878
1.3437123, -4.5223083, 1.3506308
1.4330894, -4.4767985, 1.2082494
1.3133593, -4.576958, 1.2451793
1.4458886, -4.464585, 1.216766
1.2807554, -4.606895, 1.2245371
1.2937207, -4.570216, 1.3087857
1.3002685, -4.5675607, 1.282036
1.2676221, -4.5787873, 1.3346206
1.2759944, -4.589142, 1.3146241
1.264235, -4.596775, 1.2757694
1.5092609, -4.4340982, 1.1361071
1.3214655, -4.587432, 1.1482515
1.3702575, -4.477701, 1.371978
1.4568663, -4.450428, 1.2486954
1.3447328, -4.570617, 1.2337389
1.2705344, -4.6277313, 1.1693836
1.3141978, -4.529996, 1.3703048
1.4720219, -4.431424, 1.2891092
1.4324808, -4.471738, 1.1945909
1.3276013, -4.5182133, 1.4135406
1.4776773, -4.4296384, 1.2624595
1.2722566, -4.605034, 1.255031
1.2655755, -4.619716, 1.2082489
1.4922798, -4.4101467, 1.2658134
1.5047697, -4.444309, 1.1710948
1.2720242, -4.5922103, 1.2398851
1.4073517, -4.490259, 1.2274636
1.3606106, -4.5458694, 1.2219875
1.4884534, -4.4148073, 1.2526892
1.4869653, -4.4570613, 1.1469067
1.374199, -4.5393558, 1.135652
1.3508786, -4.5474668, 1.2487332
1.287317, -4.5911875, 1.275199
1.37323, -4.544996, 1.1482449
1.3040992, -4.603238, 1.1424348
1.4278529, -4.465783, 1.2898294
1.2569914, -4.6229763, 1.2483449
