-0.81292975, -1.6149926, 0.30797637
-0.8331134, -1.5967252, 0.2690351
-0.83767474, -1.5880578, 0.28276777
-0.8424355, -1.587223, 0.2879119
-0.80640876, -1.6259174, 0.34908807
-0.82744366, -1.5921315, 0.33096585
-0.8519977, -1.5721636, 0.23072569
-0.83007, -1.6074473, 0.24976552
-0.8513562, -1.5710915, 0.24603929
-0.8040358, -1.6414266, 0.27399364
-0.7841999, -1.6606467, 0.29312783
-0.7893763, -1.64793, 0.36727738
-0.872505, -1.5359706, 0.22711499
-0.8658168, -1.553517, 0.23489761
-0.8334701, -1.5896727, 0.18673162
-0.86858004, -1.547476, 0.21260709
-0.8079694, -1.6313852, 0.21317792
-0.8021873, -1.6481863, 0.24983944
-0.76211786, -1.6841524, 0.37307298
-0.8276462, -1.5976882, 0.1709592
-0.8127745, -1.6167811, 0.23280632
-0.78840953, -1.6500841, 0.2506017
-0.79650587, -1.6350186, 0.20798871
-0.7730776, -1.6667734, 0.22670975
-0.75039876, -1.7032857, 0.39193156
-0.7507112, -1.6918055, 0.34920114
-0.80880547, -1.6259505, 0.22802755
-0.84500754, -1.5911312, 0.21213648
-0.7357758, -1.6889093, 0.24539822
-0.7699818, -1.6709359, 0.43301713
-0.7162327, -1.71512, 0.20486318
-0.7101757, -1.730961, 0.23086666
-0.728083, -1.706045, 0.16599995
-0.71440417, -1.7264602, 0.18678652
-0.7055427, -1.7345265, 0.21472839
-0.7009811, -1.7487689, 0.1958894
-0.70643026, -1.7437594, 0.20407525
-0.6904843, -1.7514846, 0.18745208
-0.69015855, -1.7518983, 0.24795079
-0.6901423, -1.7477955, 0.27140743
-0.67299986, -1.7736077, 0.20945862
-0.6731126, -1.7739666, 0.22807105
-0.66633016, -1.7891061, 0.20771426
-0.6821528, -1.7758205, 0.27172485
-0.68353873, -1.763958, 0.29009563
-0.66620827, -1.7857054, 0.25181612
-0.66401494, -1.7910006, 0.26822504
-0.7107022, -1.7262635, 0.3065693
-0.6641442, -1.7899921, 0.28913578
-0.670898, -1.7726011, 0.30971423
-0.6499805, -1.8091474, 0.22964358
-0.7326629, -1.6973823, 0.22776474
-0.7551536, -1.6873074, 0.25126234
-0.7691004, -1.6752405, 0.27151397
-0.75310594, -1.6883545, 0.23361796
-0.7334428, -1.6986488, 0.2716649
-0.72551286, -1.7123265, 0.25169227
-0.6579982, -1.799195, 0.26993847
-0.7090064, -1.7299706, 0.2693404
-0.69182223, -1.7454244, 0.23243305
-0.6562428, -1.790249, 0.2513126
-0.7271194, -1.7115748, 0.19335832
-0.76791495, -1.682981, 0.38373536
-0.8286303, -1.6080902, 0.2287982
-0.726719, -1.7074821, 0.2930181
-0.6722958, -1.7774701, 0.19176315
-0.7459958, -1.6912162, 0.2903374
-0.70219344, -1.7424678, 0.24944986
-0.77497464, -1.6831486, 0.30375493
-0.7838203, -1.6467333, 0.47367033
-0.7654933, -1.6870708, 0.29594478
-0.76903176, -1.6752006, 0.35435802
-0.77380955, -1.6685809, 0.32750875
-0.77103364, -1.6654801, 0.28656858
-0.8068021, -1.6286676, 0.19205938
-0.8098936, -1.6106071, 0.20644563
-0.7087308, -1.7311149, 0.2888114
-0.677859, -1.7592137, 0.24396873
-0.6980665, -1.7397999, 0.27640975
-0.7904664, -1.6314437, 0.16613041
-0.7343775, -1.6932795, 0.17186628
-0.74853873, -1.7153363, 0.37310982
-0.69338524, -1.7500148, 0.30995196
-0.826693, -1.6081622, 0.2088754
-0.77791, -1.6499236, 0.1850574
-0.7327073, -1.6950303, 0.3230742
-0.7859108, -1.6480182, 0.43612802
-0.77273864, -1.6687785, 0.45201802
-0.7644435, -1.680786, 0.35221916
-0.79148114, -1.651184, 0.29092348
-0.66593635, -1.7852732, 0.18866834
-0.74721575, -1.7103282, 0.33239013
-0.84744006, -1.5693197, 0.17169888
-0.67213345, -1.7720673, 0.26818573
-0.8445124, -1.5850888, 0.19383743
-0.68783647, -1.7535543, 0.291241
-0.6481231, -1.8140035, 0.2522128
-0.7899923, -1.6498084, 0.31180525
-0.8474733, -1.5875044, 0.22461691
-0.76158243, -1.6886059, 0.33592695
-0.686537, -1.7683631, 0.20749325
-0.75557625, -1.6702318, 0.1509084
-0.73646843, -1.694078, 0.18474944
-0.63410723, -1.8070956, 0.28524643
-0.7332651, -1.6956122, 0.31391752
-0.6522154, -1.7888846, 0.20720306
-0.666556, -1.7925068, 0.17064953
-0.72706455, -1.7227744, 0.28363934
-0.80430126, -1.6267267, 0.31445497
-0.6885729, -1.7695268, 0.22350568
-0.77060604, -1.6684833, 0.40651286
-0.7594356, -1.6698483, 0.105380416
-0.64800453, -1.8067929, 0.26852986
-0.64165556, -1.8236997, 0.19715744
-0.7667803, -1.6833544, 0.42309478
-0.7738269, -1.6671058, 0.36901778
-0.8669442, -1.5472944, 0.28680202
-0.7914938, -1.6488823, 0.26948908
-0.78743976, -1.651835, 0.35074526
-0.74862766, -1.7071432, 0.4285385
-0.83772886, -1.5942843, 0.2209413
-0.6913524, -1.7503743, 0.20935136
-0.71126515, -1.7297833, 0.24812174
-0.7286225, -1.6943632, 0.29288995
-0.7161975, -1.7122834, 0.26745266
-0.77406037, -1.6624947, 0.250119
-0.6838905, -1.7649903, 0.19209923
-0.8067212, -1.6092734, 0.16947147
-0.84963614, -1.5690987, 0.27049887
-0.64600086, -1.8122859, 0.14927661
-0.6475847, -1.8120292, 0.16984949
-0.67329943, -1.7659836, 0.29008463
-0.83401763, -1.5908101, 0.34612995
-0.8078946, -1.6267135, 0.17362043
-0.76162076, -1.7016912, 0.32174698
-0.7657738, -1.6851106, 0.20296657
-0.7522792, -1.7045617, 0.31921875
-0.81130457, -1.6115988, 0.3507124
-0.8078525, -1.6330101, 0.27114233
-0.76682496, -1.6733079, 0.39249912
-0.8472968, -1.5967532, 0.25313368
-0.6405634, -1.8262615, 0.2436552
-0.82188135, -1.6211312, 0.22049807
-0.76982844, -1.6687268, 0.21198225
-0.68458223, -1.7697845, 0.16888165
-0.6473886, -1.8227639, 0.10526928
-0.7528593, -1.6926452, 0.108829424
-0.74982524, -1.7004021, 0.22615677
-0.8426897, -1.603244, 0.25002614
-0.8624399, -1.5609506, 0.27447426
-0.80118144, -1.6401812, 0.1902583
-0.79363674, -1.646388, 0.17755271
-0.72116363, -1.7218252, 0.19016846
-0.8536261, -1.5494822, 0.3481063
-0.68636364, -1.7636864, 0.2502459
-0.75357825, -1.6844387, 0.12831195
-0.85208625, -1.5704011, 0.28877127
-0.78779304, -1.662786, 0.23531574
-0.8183197, -1.6086115, 0.2488614
-0.8279023, -1.6041503, 0.1667824
-0.80388963, -1.6432028, 0.31124157
-0.7675322, -1.6666263, 0.19644086
-0.7481415, -1.685468, 0.207501
-0.80169207, -1.6324676, 0.33565548
-0.81107664, -1.6311443, 0.28578112
-0.81267184, -1.6182388, 0.27504355
-0.8351257, -1.5782001, 0.34491765
-0.80622005, -1.6325196, 0.2520398
-0.78977823, -1.6498346, 0.23183618
-0.81652975, -1.6101085, 0.2926993
-0.7710465, -1.6897331, 0.24921009
-0.8344239, -1.5899974, 0.25018573
-0.7360717, -1.7139411, 0.3693827
-0.7901528, -1.6518713, 0.32895598
-0.82440454, -1.6094184, 0.29812402
-0.84662205, -1.588421, 0.27165675
-0.8556067, -1.5517772, 0.20870508
-0.6344448, -1.8291041, 0.1284789
-0.7513419, -1.6740909, 0.21105999
-0.7687372, -1.6666071, 0.15544346
-0.71663564, -1.7088013, 0.2881479
-0.67529476, -1.772754, 0.2468293
-0.754555, -1.6886168, 0.3851114
-0.86690515, -1.5536717, 0.19425175
-0.66752285, -1.7899306, 0.31171396
-0.7100934, -1.7310685, 0.17274998
-0.74899244, -1.7073071, 0.35133252
-0.6955532, -1.7364581, 0.28937536
-0.8588907, -1.5454679, 0.163156
-0.83127195, -1.6077863, 0.26590183
-0.82207716, -1.6217575, 0.244676
-0.7531569, -1.6898798, 0.36978796
-0.77337945, -1.6489487, 0.2307807
-0.85279465, -1.5757103, 0.20708768
-0.7532856, -1.6956018, 0.1839648
-0.65318763, -1.8135482, 0.33033144
-0.7671477, -1.6638007, 0.16587155
-0.63617724, -1.826695, 0.23055431
-0.73354477, -1.7029122, 0.2311495
-0.7872446, -1.6472532, 0.19489491
-0.6507293, -1.8296493, 0.367918
-0.6500884, -1.8283361, 0.38802558
-0.6687154, -1.8125709, 0.43612164
-0.7596194, -1.7054068, 0.28809288
-0.74520177, -1.6871809, 0.17209132
-0.70103496, -1.7430377, 0.2215978
-0.65133613, -1.8079262, 0.18690431
-0.66969633, -1.7874501, 0.22556503
-0.6813288, -1.7825375, 0.16352165
-0.7831223, -1.6606749, 0.3047829
-0.634467, -1.825037, 0.15026486
-0.65717113, -1.7922182, 0.31118685
-0.64092386, -1.8389636, 0.29500192
-0.6832202, -1.7816597, 0.20903789
-0.80018616, -1.642719, 0.29994506
-0.8678732, -1.5661314, 0.18726227
-0.8562939, -1.5349432, 0.16840176
-0.8858403, -1.5298051, 0.17062339
-0.7814476, -1.6677558, 0.3341513
-0.72320867, -1.7126802, 0.2680586
-0.864714, -1.5449474, 0.30871868
-0.7058277, -1.742163, 0.26775786
-0.7502298, -1.700634, 0.17826134
-0.7847711, -1.6737165, 0.2540857
-0.8115266, -1.6057981, 0.18787023
-0.788367, -1.6608802, 0.2724468
-0.7422888, -1.7047542, 0.20200348
-0.71612537, -1.7172978, 0.30991462
-0.7836907, -1.6717503, 0.3958859
-0.77176505, -1.6712605, 0.09563199
-0.6416886, -1.8208184, 0.26496235
-0.8267194, -1.6016449, 0.33384722
-0.656133, -1.7965418, 0.23148324
-0.7743372, -1.6540381, 0.16959399
-0.78560394, -1.6559153, 0.2133801
-0.7628075, -1.6899022, 0.19277658
-0.84105545, -1.6022773, 0.23256585
-0.8407602, -1.6067846, 0.27995268
-0.86516994, -1.5420556, 0.16853109
-0.86201936, -1.5644333, 0.28954762
-0.84110963, -1.5859941, 0.30917177
-0.84768474, -1.5706536, 0.3069127
-0.8205217, -1.6257625, 0.20635903
-0.7670511, -1.6816468, 0.17575212
-0.63621205, -1.8321569, 0.21492647
-0.8366679, -1.5655234, 0.31533277
-0.86461127, -1.5361297, 0.13349575
-0.78210986, -1.6691703, 0.3503803
-0.6619983, -1.8018123, 0.18805848
-0.865582, -1.5705814, 0.23139715
-0.7524259, -1.6906142, 0.3129875
-0.82702255, -1.6102072, 0.30726486
-0.88635737, -1.5251074, 0.33217087
-0.7130493, -1.7185261, 0.19482598
-0.844066, -1.581395, 0.16780564
-0.790611, -1.6341729, 0.18897092
-0.7547383, -1.6900504, 0.42976442
-0.86053157, -1.5681676, 0.21337043
-0.6509648, -1.7960914, 0.28761324
-0.6524686, -1.7938662, 0.15423425
-0.74080676, -1.6964352, 0.2793176
-0.851336, -1.5697267, 0.19117719
-0.8182671, -1.5973622, 0.31358087
-0.8538645, -1.5556787, 0.18551545
-0.8212126, -1.6323487, 0.28742087
-0.7526419, -1.6783779, 0.18913552
-0.7483133, -1.689338, 0.32620138
-0.83153033, -1.6054634, 0.18985838
-0.77051353, -1.6758451, 0.31324932
-0.84831303, -1.5745953, 0.34973806
-0.7460095, -1.7047405, 0.12575121
-0.85208726, -1.5587904, 0.27614078
-0.83570206, -1.595143, 0.2130268
-0.8001325, -1.6424539, 0.3209247
-0.8256821, -1.5947353, 0.31264597
-0.8672404, -1.5515394, 0.24935256
-0.7336947, -1.7116764, 0.43175986
-0.7713164, -1.6849238, 0.228034
-0.72636795, -1.7093068, 0.21346897
-0.7840639, -1.65094, 0.389311
-0.7300328, -1.7097888, 0.13645577
-0.7794845, -1.6581202, 0.29072222
-0.6984571, -1.7505108, 0.14351921
-0.6360737, -1.8271765, 0.19031142
-0.8665086, -1.5421652, 0.09095849
-0.772, -1.6697227, 0.12969863
-0.6498426, -1.8093379, 0.31257346
-0.77641666, -1.6527667, 0.2726348
-0.7163273, -1.7134523, 0.24550453
-0.6705401, -1.8228, 0.38747633
-0.79969925, -1.6344913, 0.30450818
-0.74788857, -1.676882, 0.23114102
-0.827234, -1.6572307, 0.3845391
-0.7774481, -1.6533203, 0.42732975
-0.6564326, -1.7919061, 0.16684467
-0.677925, -1.7561963, 0.2227259
-0.77017325, -1.6553671, 0.21460481
-0.73585594, -1.6901292, 0.20925567
-0.83644533, -1.5735588, 0.2679448
-0.65834486, -1.7799394, 0.18384202
-0.74851453, -1.6749051, 0.30908632
-0.67058134, -1.8023114, 0.14995486
-0.73989606, -1.6772527, 0.2286371
-0.6420625, -1.8243454, 0.1501572
-0.6393734, -1.8161671, 0.21145558
-0.87216294, -1.5268388, 0.14635977
-0.79737705, -1.6300144, 0.4346803
-0.7709961, -1.6390568, 0.15961023
-0.8584192, -1.5518781, 0.2302333
-0.6773777, -1.7992265, 0.36189452
-0.7557662, -1.6793276, 0.3906588
-0.85640854, -1.5331966, 0.33144712
-0.7160734, -1.7117801, 0.17346817
-0.6551005, -1.799052, 0.19334744
-0.7178733, -1.7527684, 0.36573237
-0.7938119, -1.6301718, 0.27518448
-0.65367985, -1.8136605, 0.3897066
-0.68477976, -1.7829962, 0.44679743
-0.71993303, -1.7119875, 0.45108038
-0.8098658, -1.6085281, 0.32673687
