regionId: 218842629, origin: 0.5443247556686401, 1.9677374362945557, -0.15867310762405396, normal: -0.0011496851220726967, -4.299262072890997E-4, 0.9999785423278809
regionId: 75035255, origin: 0.1738663613796234, 0.7467814683914185, -0.07422281801700592, normal: -0.6697213649749756, -0.7423476576805115, 0.019830508157610893
regionId: 658526169, origin: 0.44959840178489685, 0.4203192889690399, -0.0070416065864264965, normal: -0.0018094312399625778, -0.004240195266902447, 0.99998939037323
regionId: 861153888, origin: 0.01756405644118786, 1.2474039793014526, -0.009897121228277683, normal: -0.003898227121680975, 0.03881119564175606, 0.9991617202758789
regionId: 2146103926, origin: 0.5751053690910339, 1.588222622871399, -0.016271468251943588, normal: 0.005017542280256748, 0.004047449678182602, 0.9999791979789734
regionId: 1017275069, origin: 1.0093070268630981, 1.923109769821167, -0.015439318493008614, normal: -0.002311636693775654, -0.005056140013039112, 0.9999845623970032
regionId: 1790618275, origin: 0.6683170795440674, 2.149920701980591, -0.015912741422653198, normal: -0.011823659762740135, 0.006318249739706516, 0.9999101161956787
regionId: 156575906, origin: 0.32264429330825806, 0.8803804516792297, -0.008342087268829346, normal: -0.018467195332050323, 0.04026119410991669, 0.9988623261451721
regionId: 1797246844, origin: 1.192549467086792, 2.495239019393921, -0.017006253823637962, normal: -0.003350806189700961, 0.006638169288635254, 0.9999723434448242
regionId: 501044225, origin: -0.03829895704984665, 1.050532341003418, -0.08028370141983032, normal: -0.2812027037143707, -0.9591203331947327, -0.031830258667469025
regionId: 478261868, origin: 0.9001031517982483, 1.3270142078399658, -0.01268015243113041, normal: -3.4421475720591843E-4, 0.015773532912135124, 0.999875545501709
regionId: 521240322, origin: 0.3731032907962799, 0.49016791582107544, -0.08611013740301132, normal: 0.4263281524181366, 0.8369382619857788, 0.34318897128105164
regionId: 292410619, origin: 0.054497964680194855, 0.23108862340450287, 0.6052604913711548, normal: 0.3517555892467499, 0.8278372883796692, 0.4369821846485138
regionId: 346881447, origin: 1.3258687257766724, 1.5789287090301514, -0.012547140941023827, normal: -0.006594462785869837, 0.017085954546928406, 0.999832272529602
regionId: 1815864298, origin: 0.48850351572036743, 1.4019582271575928, -0.08056625723838806, normal: -0.45735663175582886, -0.8892356157302856, -0.009215486235916615
regionId: 267626141, origin: 0.840293824672699, 1.1308472156524658, -0.07992132753133774, normal: -0.298490434885025, -0.9544118642807007, 0.0011914563365280628
regionId: 1646140583, origin: 0.9018913507461548, 1.7644896507263184, -0.08601994067430496, normal: -0.5688328146934509, -0.8215905427932739, -0.037659384310245514
regionId: 196031344, origin: 1.2699261903762817, 1.3589483499526978, -0.09130370616912842, normal: -0.21298030018806458, -0.9763822555541992, -0.03629206493496895
regionId: 1944484778, origin: 0.7155075669288635, 0.8245320916175842, -0.07572025060653687, normal: -0.9033625721931458, 0.4272170960903168, -0.03770354390144348
regionId: 1071446893, origin: 0.053821563720703125, 0.4886210858821869, -0.08211971074342728, normal: -0.8705670833587646, 0.4391322135925293, 0.22198165953159332
regionId: 513116886, origin: 1.3023005723953247, 2.2121644020080566, -0.08120638877153397, normal: -0.4391675889492035, -0.8984049558639526, 6.365177105180919E-4
regionId: 325661670, origin: 0.6737847328186035, 0.5736876130104065, -0.08228923380374908, normal: -0.43710681796073914, -0.8980632424354553, 0.04919442906975746
regionId: 426026410, origin: 0.23475000262260437, 0.9774314761161804, -0.08958529680967331, normal: -0.685456395149231, 0.6133524775505066, 0.39236244559288025
regionId: 1743965898, origin: 1.3585538864135742, 2.9368834495544434, -0.14213179051876068, normal: 0.08326680213212967, 0.1684424728155136, 0.9821882843971252
regionId: 1332324547, origin: 0.379252552986145, 0.8136489391326904, -0.08858136087656021, normal: 0.7494193315505981, -0.661098301410675, 0.031311292201280594
regionId: 2098737915, origin: 0.5222261548042297, 2.020585298538208, -0.09626295417547226, normal: -0.7846877574920654, -0.6118564605712891, -0.09948262572288513
regionId: 533441772, origin: 0.38828280568122864, 0.5713529586791992, -0.14891692996025085, normal: 0.08059416711330414, 0.17049755156040192, 0.9820566177368164
