-0.029768506065011024, 1.1895095109939575, -0.008582633920013905
-0.029763758182525635, 1.2104641199111938, -0.008706252090632915
-0.009379108436405659, 1.1303259134292603, -0.008921747095882893
-0.030969109386205673, 1.1503618955612183, -0.009148351848125458
-0.010213942267000675, 1.2092697620391846, -0.008011622354388237
-0.06901437044143677, 1.1490098237991333, -0.008544941432774067
0.009851069189608097, 1.149770975112915, -0.008835273794829845
-0.027025887742638588, 1.1528828144073486, 0.003976286388933659
-0.010617976076900959, 1.1497888565063477, -0.008694821037352085
-0.008595248684287071, 1.2501261234283447, -0.009251938201487064
-0.009895495139062405, 1.1887941360473633, -0.009156999178230762
0.010077740997076035, 1.211104154586792, -0.008872098289430141
-0.02957547828555107, 1.2302240133285522, -0.007791584357619286
-0.029907071962952614, 1.2494139671325684, -0.008879990316927433
-0.008937029168009758, 1.169887661933899, -0.008576621301472187
0.010330237448215485, 1.1296993494033813, -0.008938007056713104
0.03063000552356243, 1.1502171754837036, -0.009883932769298553
0.02992626093327999, 1.190726637840271, -0.01005118153989315
0.009222504682838917, 1.2486286163330078, -0.009391293860971928
0.032207291573286057, 1.2302260398864746, -0.008789272047579288
0.028583168983459473, 1.2094792127609253, -0.008589071221649647
0.04857233539223671, 1.1267307996749878, 0.0027956757694482803
0.030195794999599457, 1.1691972017288208, -0.008448449894785881
0.05039563030004501, 1.150578498840332, -0.008876803331077099
-0.04999426007270813, 1.090348243713379, -0.009471080265939236
0.009486183524131775, 1.2899181842803955, -0.009497685357928276
-0.01020108163356781, 1.2958228588104248, -0.021380528807640076
0.029162121936678886, 1.2685970067977905, -0.00957705732434988
0.030639560893177986, 1.2485628128051758, -0.008504058234393597
0.0496327243745327, 1.2495906352996826, -0.00992428045719862
0.04943796247243881, 1.1094639301300049, 0.0021845700684934855
0.03002367913722992, 1.2896329164505005, -0.008444640785455704
0.04965611547231674, 1.2718161344528198, -0.009600486606359482
0.07005251199007034, 1.2496968507766724, -0.00901042390614748
0.08823516219854355, 1.1714539527893066, -0.009561583399772644
0.009180626831948757, 1.3107446432113647, -0.00947429146617651
0.04957842081785202, 1.3103787899017334, -0.009442655369639397
0.029753372073173523, 1.3100144863128662, -0.009705841541290283
0.050375569611787796, 1.2907423973083496, -0.00962575152516365
0.03061220422387123, 1.3499579429626465, -0.00973416306078434
0.010100696235895157, 1.3693562746047974, -0.011113068088889122
0.02949993498623371, 1.369914174079895, -0.009227250702679157
0.009109116159379482, 1.389418363571167, -0.009959297254681587
0.00966434646397829, 1.1101804971694946, -0.009034433402121067
0.00970043707638979, 1.3300015926361084, -0.009842738509178162
-0.030738605186343193, 1.1695964336395264, -0.008281744085252285
-0.04988378286361694, 1.2691564559936523, -0.009302436374127865
0.07015977054834366, 1.2887943983078003, -0.007997514680027962
0.04977937042713165, 1.330383539199829, -0.009417678229510784
0.030685247853398323, 1.3907700777053833, -0.010167565196752548
-0.029923200607299805, 1.3298155069351196, -0.00917319767177105
0.07015988975763321, 1.3705050945281982, -0.009730244986712933
0.07062547653913498, 1.3108221292495728, -0.009945192374289036
0.09038402885198593, 1.2906919717788696, -0.011392333544790745
0.0295823086053133, 1.4099717140197754, -0.00898651871830225
0.0504780076444149, 1.369982361793518, -0.01017241831868887
0.07055536657571793, 1.2698776721954346, -0.008634177036583424
0.07082732766866684, 1.1502363681793213, -0.00893435999751091
0.08958283066749573, 1.3096445798873901, -0.009546780027449131
0.06970330327749252, 1.3489134311676025, -0.009222451597452164
-0.03023868426680565, 1.129011631011963, -0.00817406177520752
0.09004844725131989, 1.3290518522262573, -0.008404030464589596
-0.009369497187435627, 1.0890864133834839, -0.007114049047231674
0.050785016268491745, 1.3505966663360596, -0.009710587561130524
0.08990468084812164, 1.4092754125595093, -0.009881231933832169
0.09024927020072937, 1.3709187507629395, -0.009912032634019852
0.11033109575510025, 1.3304837942123413, -0.00892083253711462
0.06967601180076599, 1.3297027349472046, -0.00889116432517767
-0.030376821756362915, 1.069366455078125, -0.00834380742162466
0.0695095956325531, 1.3898600339889526, -0.009365353733301163
0.1293884962797165, 1.3492097854614258, -0.009304158389568329
0.050364233553409576, 1.0692967176437378, -0.008788629435002804
-0.008962457999587059, 1.26768159866333, -0.021830657497048378
0.029803810641169548, 1.170143485069275, 0.003444994566962123
-0.03228095918893814, 1.209977149963379, -0.02113109454512596
0.008547382429242134, 1.3071589469909668, -0.023947477340698242
-0.04841221496462822, 1.3085764646530151, -0.011688023805618286
0.05568348243832588, 1.3283030986785889, -0.022608282044529915
0.06607766449451447, 1.1905834674835205, -0.02080748975276947
0.03166395053267479, 1.286359429359436, -0.02209934964776039
0.031070945784449577, 1.3912988901138306, -0.02316400036215782
0.11122559756040573, 1.372496485710144, -0.022893937304615974
0.014186132699251175, 1.2101736068725586, -0.022383686155080795
0.010941853746771812, 1.3856290578842163, -0.021008990705013275
0.09070903062820435, 1.312042236328125, -0.02136877551674843
-0.028981570154428482, 1.0665196180343628, 0.0029458932112902403
-0.01377011463046074, 1.1717876195907593, 0.0022842478938400745
0.05256997048854828, 1.3729660511016846, -0.021428018808364868
0.1331876516342163, 1.3516645431518555, -0.025748543441295624
0.07226055860519409, 1.3145283460617065, -0.021473364904522896
-0.008587482385337353, 1.0872787237167358, 0.0015110225649550557
0.0490625835955143, 1.168737530708313, -0.00856433343142271
-0.06898359209299088, 1.2099796533584595, -0.008267677389085293
-0.04955899342894554, 1.1906877756118774, -0.008907015435397625
0.06797810643911362, 1.3497768640518188, -0.02151109278202057
0.06579826772212982, 1.2854925394058228, -0.022522583603858948
-0.05086838826537132, 1.1701816320419312, -0.008777299895882607
0.04436011612415314, 1.341775894165039, -0.023024216294288635
0.011204522103071213, 1.1694550514221191, -0.020388513803482056
0.011266554705798626, 1.285863995552063, -0.02122260257601738
0.09321249276399612, 1.3543943166732788, -0.021439779549837112
0.06851920485496521, 1.390137791633606, -0.021132754161953926
0.051995813846588135, 1.4035980701446533, -0.02208808623254299
0.10969341546297073, 1.4070155620574951, -0.0117641007527709
-0.01064450852572918, 1.2894062995910645, -0.008324994705617428
0.09011727571487427, 1.3898168802261353, -0.009130679070949554
0.01205184031277895, 1.4338185787200928, -0.021301982924342155
0.007598388474434614, 1.2922399044036865, 0.0016679138643667102
0.037483491003513336, 1.1800545454025269, -0.021426567807793617
0.011193837970495224, 1.2740302085876465, -0.02244323492050171
0.07261701673269272, 1.2234827280044556, -0.02180909924209118
-0.0699877142906189, 1.1705958843231201, -0.00837879627943039
0.021148668602108955, 1.2773869037628174, -0.021711930632591248
-0.05340636149048805, 1.149723768234253, 0.0054560634307563305
-0.02793055772781372, 1.0917129516601562, 0.0018072477541863918
-0.030209308490157127, 1.3110284805297852, -0.010674419812858105
0.030172457918524742, 1.0701931715011597, -0.008040830492973328
0.11001680791378021, 1.3505114316940308, -0.00990261510014534
-0.09021636843681335, 1.108914852142334, -0.007358121685683727
-0.011052086018025875, 1.2702549695968628, -0.009725832380354404
-0.012010479345917702, 1.1269214153289795, -0.021760253235697746
0.0036429911851882935, 1.131134271621704, -0.021381888538599014
-0.050987787544727325, 1.3093550205230713, -0.022229241207242012
-0.011548950336873531, 1.128926157951355, 0.0023626608308404684
0.09574408829212189, 1.391845941543579, -0.02369481883943081
0.03380502015352249, 1.355530858039856, -0.022657843306660652
-0.10977114737033844, 1.12845778465271, -0.022831760346889496
-0.017309967428445816, 1.4386188983917236, -0.021522918716073036
0.02782689593732357, 1.2100636959075928, 0.003255735384300351
-0.0478547140955925, 1.1080150604248047, 0.0025704188738018274
0.010311798192560673, 1.0891691446304321, -0.008333235047757626
-0.009129843674600124, 1.3099565505981445, -0.00949976034462452
-0.02448364347219467, 1.1582090854644775, -0.02309563010931015
0.01043569203466177, 1.3226416110992432, -0.02255350910127163
-0.01728527992963791, 1.257352590560913, -0.022588606923818588
-0.04690156504511833, 1.3516032695770264, -0.013547762297093868
0.06276634335517883, 1.2492475509643555, -0.021867966279387474
0.011695938184857368, 1.0831481218338013, -0.021360082551836967
0.09062554687261581, 1.3326332569122314, -0.02084384486079216
-0.03012900799512863, 1.0901546478271484, -0.008461810648441315
-0.07023898512125015, 1.2497687339782715, -0.010760359466075897
-0.09616616368293762, 1.1759787797927856, -0.022967249155044556
-0.033976953476667404, 1.2708911895751953, -0.020662972703576088
0.08724265545606613, 1.309227466583252, 0.0030074105598032475
0.0236008632928133, 1.233142614364624, 0.0026457179337739944
0.01044296845793724, 1.1891820430755615, -0.00829821266233921
0.05009843036532402, 1.4097274541854858, -0.009698898531496525
-0.009101147763431072, 1.2118525505065918, 0.002196465851739049
0.009093835949897766, 1.1688456535339355, -0.008443433791399002
0.09092313051223755, 1.2982169389724731, -0.02061590738594532
-0.009904219768941402, 1.0695041418075562, -0.007227820809930563
0.0534386932849884, 1.1698747873306274, 0.002649181056767702
-0.07081938534975052, 1.1504360437393188, 0.0029733176343142986
0.05062581226229668, 1.1312419176101685, -0.00862619187682867
-0.04965530335903168, 1.1907203197479248, -0.020721495151519775
-0.009354726411402225, 1.229848027229309, -0.008323987014591694
0.09931004792451859, 1.3727169036865234, -0.02355835773050785
0.008501464501023293, 1.1091740131378174, 0.0027584400959312916
0.010316097177565098, 1.3621795177459717, -0.02074306085705757
0.047469623386859894, 1.0497227907180786, 0.004900326486676931
0.029227107763290405, 1.0901364088058472, -0.008151090703904629
0.06819479912519455, 1.1330657005310059, 0.0027115275152027607
0.1300908774137497, 1.368553876876831, -0.009037522599101067
-0.07074528932571411, 1.0889010429382324, -0.008683247491717339
0.028287796303629875, 1.1300235986709595, 0.0032458705827593803
0.06458766013383865, 1.3291325569152832, -0.021380385383963585
0.08926250040531158, 1.2103768587112427, -0.00905014481395483
0.01261989027261734, 1.050004482269287, 0.0033097025007009506
0.029446624219417572, 1.326253890991211, 0.0012544584460556507
-0.0672757625579834, 1.0911226272583008, 0.001883982215076685
0.03055957891047001, 1.429974913597107, -0.012328647077083588
0.10993555933237076, 1.3892245292663574, -0.009168718941509724
-0.028472447767853737, 1.2710723876953125, 0.0013911431888118386
0.050093937665224075, 1.2948570251464844, -0.021351821720600128
0.09310143440961838, 1.3485342264175415, 0.0019876884762197733
-0.05280128866434097, 1.1370617151260376, -0.021656956523656845
0.049927376210689545, 1.3892110586166382, -0.008767979219555855
-0.07331254333257675, 1.132022500038147, 0.0034519017208367586
0.04967090114951134, 1.4258471727371216, -0.010355603881180286
0.033844955265522, 1.1133441925048828, 0.0019011462572962046
-0.03600459173321724, 1.1317670345306396, -0.0215675700455904
-0.032810647040605545, 1.2326750755310059, 0.002306933281943202
-0.05475868284702301, 1.21281099319458, -0.023022953420877457
-0.06468960642814636, 1.2886722087860107, -0.012921364977955818
0.10889221727848053, 1.2497955560684204, -0.010414577089250088
0.08976278454065323, 1.2907789945602417, 0.002411738969385624
-0.02465682290494442, 1.1275038719177246, 0.0026087977457791567
-0.029344143345952034, 1.0500030517578125, 0.0028443525079637766
-0.09044212102890015, 1.1496943235397339, -0.009847481735050678
0.049599554389715195, 1.1904613971710205, -0.008957936428487301
0.10931438952684402, 1.3558156490325928, -0.021824892610311508
-0.04973369464278221, 1.0697221755981445, -0.00810660794377327
0.056040726602077484, 1.2875046730041504, 0.008229092694818974
0.008518923074007034, 1.0708119869232178, 0.0028634509071707726
-0.05323068052530289, 1.2123368978500366, 9.37833683565259E-4
-0.04636838287115097, 1.0530518293380737, 0.002387045416980982
-0.0762801319360733, 1.2126213312149048, -0.02108544483780861
0.08836091309785843, 1.2500439882278442, 0.0027886906173080206
0.04981515556573868, 1.08915114402771, -0.009372670203447342
0.12664088606834412, 1.3848216533660889, -0.020221225917339325
-0.015578451566398144, 1.149511694908142, 0.0024838196113705635
-0.012402091175317764, 1.2299054861068726, 0.001621266477741301
0.034442465752363205, 1.0542011260986328, 0.001161774736829102
0.09050896018743515, 1.4310312271118164, -0.0229860357940197
0.030068887397646904, 1.3291831016540527, -0.009111753664910793
-0.029208561405539513, 1.269470453262329, -0.009186784736812115
0.11009498685598373, 1.3695789575576782, -0.009089605882763863
-0.08753840625286102, 1.1901944875717163, -0.010045007802546024
-0.006115708500146866, 1.3313642740249634, 0.0030913501977920532
-0.007211906369775534, 1.2259961366653442, -0.02511763758957386
-0.010981455445289612, 1.189403772354126, 0.0035293197724968195
0.08850720524787903, 1.3496029376983643, -0.009806616231799126
-0.0874306857585907, 1.068494439125061, 0.003918463829904795
-0.05175740644335747, 1.0881133079528809, 0.0015599605394527316
-0.048207592219114304, 1.288101077079773, -0.01022640522569418
-0.06726090610027313, 1.269263744354248, -0.011605031788349152
0.029962219297885895, 1.0501285791397095, -0.007520865648984909
0.06979899108409882, 1.4098773002624512, -0.010185104794800282
0.009827028959989548, 1.2697590589523315, -0.009179851971566677
-0.007819962687790394, 1.407806634902954, -0.022658949717879295
0.06795673072338104, 1.1675007343292236, 0.0027336017228662968
-0.030341051518917084, 1.2522979974746704, 0.002186492085456848
-0.07017626613378525, 1.128218650817871, -0.008886033669114113
0.05003329738974571, 1.0907080173492432, 0.001903423573821783
-0.010431651026010513, 1.110114574432373, -0.008649470284581184
-0.010197731666266918, 1.3051420450210571, 0.0022899021860212088
0.03085385635495186, 1.0332995653152466, 0.002253337763249874
0.06530016660690308, 1.2645924091339111, -0.02293623425066471
0.031814176589250565, 1.2480777502059937, 0.004905933979898691
0.012537255883216858, 1.1671899557113647, 0.0016816225834190845
0.006134556606411934, 1.1264142990112305, 0.0029552301857620478
0.010613232851028442, 1.4107117652893066, -0.022795939818024635
-0.050820209085941315, 1.109310269355774, -0.00819455087184906
0.05191563814878464, 1.1916418075561523, -0.020501144230365753
0.016445381566882133, 1.1502821445465088, 0.0021444903686642647
-0.0304973516613245, 1.104341983795166, 0.0022584726102650166
0.011202705092728138, 1.1917232275009155, 0.004181747790426016
-0.06862825900316238, 1.3102807998657227, -0.011594077572226524
0.029519442468881607, 1.4391589164733887, -0.02131686732172966
0.07121391594409943, 1.1864306926727295, 0.001249715918675065
0.11210429668426514, 1.3086538314819336, -0.021364638581871986
0.1356695145368576, 1.3676049709320068, -0.02445298060774803
-0.012408657930791378, 1.334147572517395, -0.020942745730280876
-0.10667308419942856, 1.1505039930343628, -0.009694583714008331
-0.027248049154877663, 1.3899130821228027, -0.012099659070372581
-0.030392197892069817, 1.349951148033142, -0.010025840252637863
-0.056176938116550446, 1.145336389541626, -0.022884679958224297
0.05102405324578285, 1.306381106376648, 0.0011188795324414968
0.03454215079545975, 1.373218297958374, -0.02210041508078575
-0.09757429361343384, 1.2318607568740845, -0.022769272327423096
-0.048055898398160934, 1.2381746768951416, 0.005098672583699226
0.0894886702299118, 1.2698534727096558, -0.008783404715359211
-0.009572815150022507, 1.3688443899154663, -0.009589483961462975
0.1320032775402069, 1.4089021682739258, -0.025238612666726112
0.1270594745874405, 1.4077752828598022, -0.012603702023625374
0.07033796608448029, 1.1702852249145508, -0.008233175612986088
0.04921358823776245, 1.0498677492141724, -0.009175115264952183
0.06565922498703003, 1.4068036079406738, -0.023530874401330948
0.07121827453374863, 1.3690299987792969, -0.023721840232610703
-0.008112605661153793, 1.0435336828231812, 0.0018003822769969702
0.010533315129578114, 1.0387979745864868, 0.0027943719178438187
0.09287339448928833, 1.4115010499954224, -0.023115310817956924
-0.047648098319768906, 1.387402057647705, -0.013146385550498962
0.06982696801424026, 1.2094272375106812, -0.008525841869413853
0.04818207770586014, 1.432961344718933, -0.022797606885433197
0.08993510901927948, 1.1904237270355225, -0.00862532015889883
0.010271787643432617, 1.3488744497299194, -0.009391207247972488
-0.06874662637710571, 1.1095623970031738, 0.002498067682608962
0.03358986973762512, 1.3299133777618408, -0.02264365926384926
0.06911467760801315, 1.4271342754364014, -0.022461146116256714
0.1050877571105957, 1.4186277389526367, -0.023373831063508987
0.042445212602615356, 1.3882031440734863, -0.02059978060424328
0.0028966241516172886, 1.3496731519699097, 0.0023293644189834595
-0.04616963118314743, 1.3658522367477417, -0.011460195295512676
-0.06920409947633743, 1.109459400177002, -0.008358007296919823
-0.015811095014214516, 1.1456807851791382, -0.020950455218553543
0.0020238214638084173, 1.3420357704162598, -0.020250556990504265
-0.055980607867240906, 1.3745372295379639, -0.02454495057463646
0.030083702877163887, 1.3039079904556274, 0.0019287762697786093
0.06986825913190842, 1.4225637912750244, -0.011895687319338322
0.010218687355518341, 1.0703675746917725, -0.009900223463773727
0.04887532815337181, 1.4485509395599365, -0.027311338111758232
0.11523402482271194, 1.3300641775131226, -0.022650472819805145
0.008485567755997181, 1.369755506515503, 0.0016088617267087102
0.07096044719219208, 1.2127423286437988, -0.020831316709518433
0.13562244176864624, 1.3633742332458496, 0.001930041122250259
0.012623719871044159, 1.4536572694778442, -0.016976047307252884
0.04760614410042763, 1.149585485458374, 0.002344521228224039
0.05635397881269455, 1.31226646900177, -0.02327505499124527
-0.029032079502940178, 1.2051217555999756, 0.005922423209995031
-0.10293978452682495, 1.188062310218811, -0.009118886664509773
0.054616644978523254, 1.1841785907745361, 0.002408762229606509
0.017163343727588654, 1.38609778881073, 0.00595219386741519
-0.10662335902452469, 1.1305478811264038, 0.0024430619087070227
0.05403991416096687, 1.360729694366455, 0.0039559053257107735
0.029060205444693565, 1.0714560747146606, 0.0017947887536138296
-0.08772260695695877, 1.2331147193908691, 6.816386012360454E-4
0.03866157680749893, 1.3673694133758545, 6.496969726867974E-4
-0.10306400060653687, 1.1647101640701294, 0.004294403828680515
0.09790962934494019, 1.2648282051086426, 1.9066713866777718E-4
-0.05070080980658531, 1.2499136924743652, -0.009426121599972248
