1.0117186307907104, 2.5949549674987793, -0.014537622220814228
1.0315829515457153, 2.50858473777771, -0.013367305509746075
1.0266553163528442, 2.5323596000671387, -0.011137732304632664
1.0060182809829712, 2.573582887649536, -0.01338454894721508
0.9500944018363953, 2.529529571533203, -0.009812441654503345
0.970317542552948, 2.585578203201294, -0.012317120097577572
1.0518847703933716, 2.5681915283203125, -0.013979303650557995
1.034301996231079, 2.5529844760894775, -0.00951444637030363
1.0297675132751465, 2.6240665912628174, -0.014774304814636707
0.9913454651832581, 2.627936840057373, -0.023524152114987373
1.009380578994751, 2.491076707839966, -0.014169947244226933
1.065510630607605, 2.5277650356292725, -0.01492706686258316
1.0680235624313354, 2.5499444007873535, -0.013368284329771996
1.088067650794983, 2.592339515686035, -0.012669441290199757
1.0283246040344238, 2.6479902267456055, -0.01268758624792099
1.0473501682281494, 2.673860788345337, -0.014348103664815426
1.0689904689788818, 2.634661912918091, -0.014239413663744926
1.0292370319366455, 2.4266250133514404, -0.012521649710834026
1.0699092149734497, 2.431981086730957, -0.012656177394092083
1.0658938884735107, 2.45320987701416, -0.010003858245909214
1.1279079914093018, 2.593575954437256, -0.010960432700812817
1.1063610315322876, 2.64751935005188, -0.014799782074987888
0.9691073298454285, 2.453204870223999, -0.014164413325488567
1.0492068529129028, 2.4103915691375732, -0.009664385579526424
1.1094727516174316, 2.469640016555786, -0.01407239306718111
1.127742052078247, 2.4898605346679688, -0.01413657795637846
1.1674284934997559, 2.6123831272125244, -0.012604432180523872
1.129231333732605, 2.4324119091033936, -0.012356990948319435
1.149517297744751, 2.4539647102355957, -0.01206803135573864
1.1070256233215332, 2.392367124557495, -0.013066986575722694
1.1682103872299194, 2.5144872665405273, -0.012452885508537292
1.1869280338287354, 2.6522114276885986, -0.012182612903416157
1.192309856414795, 2.6300253868103027, -0.011925570666790009
1.1883552074432373, 2.56961727142334, -0.012429628521203995
1.2066431045532227, 2.596524715423584, -0.01557515375316143
1.2122856378555298, 2.6280124187469482, -0.014336274936795235
1.1039788722991943, 2.732196807861328, -0.010491861030459404
1.128846287727356, 2.710902690887451, -0.015208001248538494
1.066192626953125, 2.7286570072174072, -0.015018351376056671
1.085228681564331, 2.6882424354553223, -0.014793924987316132
0.9919261932373047, 2.489981174468994, -0.013508707284927368
1.10630464553833, 2.3695807456970215, -0.013581955805420876
0.9471997022628784, 2.5083396434783936, -0.0096535449847579
1.0500972270965576, 2.4888153076171875, -0.022353440523147583
0.9733259081840515, 2.5117430686950684, -0.014896787703037262
1.1844449043273926, 2.6572318077087402, -0.02354789525270462
1.1087827682495117, 2.6572282314300537, -0.02039215713739395
1.0906269550323486, 2.4383435249328613, -0.02141750603914261
1.1087515354156494, 2.568358898162842, -0.01509910635650158
1.024104356765747, 2.6482434272766113, -0.027013249695301056
0.9731869697570801, 2.6336874961853027, -0.022873876616358757
1.0490041971206665, 2.4272043704986572, -0.012677297927439213
1.1102350950241089, 2.4018256664276123, -0.02205020561814308
1.1496468782424927, 2.6732356548309326, -0.02280903235077858
1.1233463287353516, 2.4263787269592285, -0.02443336322903633
1.1948106288909912, 2.5096569061279297, -0.014817630872130394
1.0460760593414307, 2.5077157020568848, -0.015606340020895004
0.9543688297271729, 2.554086208343506, -0.02210109680891037
1.0827856063842773, 2.503359317779541, -0.024027671664953232
1.2296420335769653, 2.5047404766082764, -0.022543419152498245
1.087955355644226, 2.5870301723480225, -0.024593956768512726
1.131535291671753, 2.533144474029541, -0.023221034556627274
1.1884129047393799, 2.590738296508789, -0.022654445841908455
1.0893423557281494, 2.6098406314849854, -0.015190915204584599
1.2453060150146484, 2.6169655323028564, -0.020871061831712723
1.0853221416473389, 2.415708065032959, -0.021889936178922653
1.0067646503448486, 2.664808750152588, -0.016010552644729614
1.2085459232330322, 2.5451667308807373, -0.0213289987295866
1.1256507635116577, 2.607813835144043, -0.014991252683103085
1.0843794345855713, 2.7087762355804443, -0.025103798136115074
0.9873631596565247, 2.5377309322357178, -0.020251885056495667
1.0693303346633911, 2.6856095790863037, -0.024267394095659256
1.0279327630996704, 2.554706335067749, -0.023135395720601082
1.0872224569320679, 2.412889003753662, -0.009897109121084213
1.1073269844055176, 2.633223295211792, -0.02223973348736763
0.9677183628082275, 2.607210159301758, -0.023336024954915047
1.0490847826004028, 2.7089011669158936, -0.017657030373811722
1.1511461734771729, 2.409816265106201, -0.011449983343482018
0.9313212633132935, 2.506554126739502, -0.012827619910240173
1.0699924230575562, 2.5573928356170654, -0.020210281014442444
1.1680625677108765, 2.5313966274261475, -0.01532165426760912
1.1814520359039307, 2.477346897125244, -0.023956920951604843
1.1914712190628052, 2.4987051486968994, -0.022892514243721962
1.1265099048614502, 2.502279758453369, -0.02106655389070511
1.1700563430786133, 2.451770782470703, -0.013045438565313816
1.0635967254638672, 2.452012300491333, -0.021471505984663963
1.1829135417938232, 2.5675463676452637, -0.024488452821969986
1.1486690044403076, 2.491990566253662, -0.021800212562084198
1.0092296600341797, 2.5907561779022217, -0.023164425045251846
1.0919709205627441, 2.733426094055176, -0.023597845807671547
1.1111928224563599, 2.588242769241333, -0.01571596786379814
1.0657627582550049, 2.372087001800537, -0.02169371396303177
1.06675386428833, 2.6519052982330322, -0.014530161395668983
1.134474277496338, 2.4675276279449463, -0.012422584928572178
1.2093887329101562, 2.6092681884765625, -0.02189217321574688
1.053213119506836, 2.5273900032043457, -0.013971736654639244
1.146342396736145, 2.5520448684692383, -0.021460067480802536
1.226599931716919, 2.5707576274871826, -0.012275369837880135
1.1443063020706177, 2.65061616897583, -0.02551322802901268
1.0505495071411133, 2.6124067306518555, -0.013721120543777943
1.0365370512008667, 2.6921558380126953, -0.02181631699204445
1.023637056350708, 2.4464735984802246, -0.022189585492014885
1.0301233530044556, 2.5655102729797363, -0.024685723707079887
1.0113664865493774, 2.6233835220336914, -0.025893155485391617
1.1520600318908691, 2.5829896926879883, -0.024041863158345222
0.969393789768219, 2.4940896034240723, -0.02109815552830696
1.08896005153656, 2.526944398880005, -0.023471103981137276
1.0443617105484009, 2.606153726577759, -0.024098897352814674
1.1682347059249878, 2.5920422077178955, -0.017430076375603676
0.9932623505592346, 2.57085919380188, -0.023627279326319695
1.2525137662887573, 2.547959089279175, -0.013302598148584366
1.2708098888397217, 2.5075063705444336, -0.021999310702085495
1.241991639137268, 2.5293898582458496, -0.023656493052840233
1.2281169891357422, 2.471609592437744, -0.02082197740674019
1.2686505317687988, 2.5733814239501953, -0.012681752443313599
1.2861354351043701, 2.5918219089508057, -0.01217033714056015
1.1708645820617676, 2.3876864910125732, -0.013384559191763401
1.2047123908996582, 2.4492950439453125, -0.024281078949570656
1.2932257652282715, 2.554853677749634, -0.021518826484680176
1.2454544305801392, 2.4500348567962646, -0.01450253464281559
1.2381682395935059, 2.4380078315734863, -0.022122222930192947
1.284106731414795, 2.451463222503662, -0.028993405401706696
1.3095004558563232, 2.578831672668457, -0.022159578278660774
1.3232316970825195, 2.6059422492980957, -0.023518938571214676
1.2036826610565186, 2.3725295066833496, -0.02156415581703186
1.1919900178909302, 2.3539540767669678, -0.023193206638097763
1.3292515277862549, 2.531259298324585, -0.013849047012627125
1.265825629234314, 2.4180238246917725, -0.021640697494149208
1.3322649002075195, 2.4689903259277344, -0.02810795046389103
1.3509457111358643, 2.585097551345825, -0.023076526820659637
1.2265604734420776, 2.349386692047119, -0.012778203003108501
1.2136852741241455, 2.329153299331665, -0.012071656994521618
1.3611735105514526, 2.514528512954712, -0.024692479521036148
1.2826905250549316, 2.3759872913360596, -0.021763872355222702
1.2894747257232666, 2.3918802738189697, -0.02678017131984234
1.2657779455184937, 2.348381280899048, -0.025768252089619637
1.2640841007232666, 2.3386781215667725, -0.0258339736610651
1.4092020988464355, 2.530022382736206, -0.011703508906066418
1.3910307884216309, 2.5083913803100586, -0.01290028728544712
1.3301323652267456, 2.372938394546509, -0.011584935709834099
1.42717707157135, 2.5607211589813232, -0.022129345685243607
1.4270671606063843, 2.494158983230591, -0.024124134331941605
1.4481151103973389, 2.53045916557312, -0.01386262010782957
1.3509976863861084, 2.3691182136535645, -0.01293368823826313
1.3285633325576782, 2.329618453979492, -0.012227463535964489
1.4369041919708252, 2.4451680183410645, -0.022265445441007614
1.3719916343688965, 2.3342032432556152, -0.02091897651553154
1.390791893005371, 2.370821475982666, -0.013327863067388535
1.3474537134170532, 2.2914178371429443, -0.020683281123638153
1.359997272491455, 2.3108019828796387, -0.02010238543152809
1.4238101243972778, 2.4131240844726562, -0.011313753202557564
1.4077486991882324, 2.3914413452148438, -0.012158254161477089
1.169067621231079, 2.3492672443389893, -0.013222838751971722
1.4073293209075928, 2.5120625495910645, -0.010291884653270245
1.4650074243545532, 2.55005145072937, -0.01576029323041439
1.3470617532730103, 2.352391481399536, -0.011077760718762875
1.288282871246338, 2.4487245082855225, -0.014978106133639812
1.2474966049194336, 2.372147798538208, -0.009869853034615517
1.3268407583236694, 2.3889076709747314, -0.014146373607218266
1.2893203496932983, 2.372140884399414, -0.01163586787879467
1.3084073066711426, 2.4919371604919434, -0.012142450548708439
1.42924165725708, 2.491222381591797, -0.010647323913872242
1.2277235984802246, 2.4903275966644287, -0.013888034038245678
1.268355369567871, 2.4941487312316895, -0.015027206391096115
1.3513643741607666, 2.391599416732788, -0.01153770461678505
1.3860187530517578, 2.413525104522705, -0.011329044587910175
1.3905245065689087, 2.4313902854919434, -0.014020087197422981
1.2886065244674683, 2.5078258514404297, -0.013048922643065453
1.3472856283187866, 2.5552549362182617, -0.010127697139978409
1.308024287223816, 2.3511056900024414, -0.01054446306079626
1.4684747457504272, 2.487473487854004, -0.01105743832886219
1.2485990524291992, 2.309601306915283, -0.016491811722517014
1.3285677433013916, 2.31108021736145, -0.010805660858750343
1.3505116701126099, 2.3283536434173584, -0.01146485935896635
1.369097352027893, 2.330343723297119, -0.011039632372558117
1.3291288614273071, 2.2678158283233643, -0.009854432195425034
1.2684738636016846, 2.3326516151428223, -0.011363771744072437
1.2499744892120361, 2.3476972579956055, -0.011835796758532524
1.3287832736968994, 2.5097007751464844, -0.012377789244055748
1.3478734493255615, 2.469857931137085, -0.015772134065628052
1.1881355047225952, 2.390554189682007, -0.01154166366904974
1.350945234298706, 2.4303207397460938, -0.012467622756958008
1.406618356704712, 2.4513981342315674, -0.013762291520833969
1.2902330160140991, 2.533768892288208, -0.011465919204056263
1.2854182720184326, 2.6112380027770996, -0.014684122987091541
1.1497554779052734, 2.3332839012145996, -0.013507162220776081
1.2273952960968018, 2.411386013031006, -0.01260026078671217
1.3904266357421875, 2.487837076187134, -0.01065522525459528
1.4436882734298706, 2.5122013092041016, -0.008158411830663681
1.2080366611480713, 2.4347620010375977, -0.01137855276465416
1.307626724243164, 2.3339297771453857, -0.011536000296473503
1.2690614461898804, 2.55224609375, -0.012865394353866577
1.2080734968185425, 2.3559763431549072, -0.013570566661655903
1.3865147829055786, 2.351365327835083, -0.012207962572574615
1.2919962406158447, 2.269054651260376, -0.012834902852773666
0.9699926376342773, 2.4727530479431152, -0.011225362308323383
1.1266521215438843, 2.3529655933380127, -0.012361094355583191
1.3705908060073853, 2.271087646484375, -0.012255014851689339
1.489004135131836, 2.4494073390960693, -0.012883835472166538
1.3465960025787354, 2.421572685241699, -0.022005882114171982
1.151444435119629, 2.3478384017944336, -0.013528798706829548
1.030533790588379, 2.4702281951904297, -0.022490911185741425
1.4671504497528076, 2.415097236633301, -0.013435069471597672
1.387020230293274, 2.2892446517944336, -0.012332179583609104
1.0067660808563232, 2.4099040031433105, -0.02314131148159504
1.1296751499176025, 2.3717141151428223, -0.011603697203099728
1.5284069776535034, 2.512160301208496, -0.01211549248546362
1.1071215867996216, 2.531655788421631, -0.01602064073085785
1.471193790435791, 2.430401086807251, -0.012154665775597095
1.3894762992858887, 2.3073244094848633, -0.012697702273726463
1.4456231594085693, 2.3702077865600586, -0.0313195139169693
1.2501800060272217, 2.391183853149414, -0.014889544807374477
1.4517556428909302, 2.468372106552124, -0.00955657847225666
1.3487982749938965, 2.356208086013794, -0.0221264511346817
1.4490145444869995, 2.3955864906311035, -0.021039670333266258
1.5117602348327637, 2.4896676540374756, -0.011707188561558723
1.4274158477783203, 2.350926160812378, -0.010462922975420952
1.4117958545684814, 2.270549774169922, -0.011453378945589066
1.4924852848052979, 2.3884153366088867, -0.0124089689925313
1.4281680583953857, 2.292739152908325, -0.0128489900380373
0.9617186188697815, 2.577296257019043, -0.02134235017001629
1.075113296508789, 2.3954877853393555, -0.02297232300043106
0.989257276058197, 2.448986053466797, -0.013072554022073746
0.967419445514679, 2.470552921295166, -0.022089801728725433
1.308876872062683, 2.4310803413391113, -0.028102925047278404
1.2703146934509277, 2.2940752506256104, -0.021488439291715622
0.9874129891395569, 2.508694648742676, -0.01176875177770853
1.4401816129684448, 2.512115478515625, -0.021224815398454666
1.4514639377593994, 2.3277316093444824, -0.011303923092782497
1.2704007625579834, 2.390965461730957, -0.010855313390493393
1.5042856931686401, 2.4731521606445312, -0.014366429299116135
0.927400529384613, 2.4503581523895264, -0.015256545506417751
1.0843364000320435, 2.493680000305176, -0.020265454426407814
1.1116178035736084, 2.6713666915893555, -0.012306613847613335
0.9868587851524353, 2.6526050567626953, -0.021913183853030205
1.1294326782226562, 2.5299386978149414, -0.012501521036028862
1.2296245098114014, 2.58601450920105, -0.014556231908500195
1.1628198623657227, 2.69551420211792, -0.02153998613357544
1.2237011194229126, 2.666008949279785, -0.023188859224319458
0.9883957505226135, 2.532224416732788, -0.012902656570076942
1.2470440864562988, 2.5315682888031006, -0.0113874776288867
0.9697695970535278, 2.5685510635375977, -0.014512588270008564
1.149778127670288, 2.4921789169311523, -0.013768103905022144
1.4254951477050781, 2.4696221351623535, -0.014106975868344307
1.00777268409729, 2.4703903198242188, -0.012295078486204147
1.0872929096221924, 2.3473448753356934, -0.014398090541362762
1.1887829303741455, 2.5468173027038574, -0.016030769795179367
1.0456640720367432, 2.4926552772521973, -0.009603383019566536
1.0021753311157227, 2.55877947807312, -0.020478779450058937
1.149664044380188, 2.6504552364349365, -0.011539052240550518
1.1305663585662842, 2.409440279006958, -0.013095340691506863
0.9290518164634705, 2.472106695175171, -0.014307587407529354
1.2293840646743774, 2.547989845275879, -0.013522777706384659
0.985878586769104, 2.6136515140533447, -0.01521533913910389
1.0884852409362793, 2.7105796337127686, -0.011219233274459839
1.1885144710540771, 2.4886374473571777, -0.014491451904177666
1.2686262130737305, 2.2724497318267822, -0.012652135454118252
1.1767549514770508, 2.6249098777770996, -0.02150585688650608
1.2878644466400146, 2.390955686569214, -0.014249383471906185
0.9693991541862488, 2.491068124771118, -0.01058567687869072
1.185497760772705, 2.4693286418914795, -0.012506515718996525
1.2304115295410156, 2.390726327896118, -0.01158056128770113
1.2461035251617432, 2.6089460849761963, -0.013950260356068611
1.3941442966461182, 2.390377998352051, -0.012598374858498573
0.9934726357460022, 2.4706602096557617, -0.012037462554872036
1.0916252136230469, 2.3703105449676514, -0.013693859800696373
1.1159127950668335, 2.344921350479126, -0.02242095023393631
1.2877211570739746, 2.4655773639678955, -0.02289891242980957
1.3682968616485596, 2.5309770107269287, -0.02213425561785698
1.049802303314209, 2.392021894454956, -0.013474635779857635
0.9848698377609253, 2.429922342300415, -0.014056459069252014
1.0062205791473389, 2.388888120651245, -0.014750923961400986
1.1513354778289795, 2.3678138256073, -0.012267320416867733
1.032842755317688, 2.489352226257324, -0.01664995588362217
1.1550925970077515, 2.6069555282592773, -0.02149007096886635
1.3949707746505737, 2.58736515045166, -0.023474860936403275
1.1069601774215698, 2.3125576972961426, -0.014444329775869846
1.191480278968811, 2.6079344749450684, -0.016406483948230743
1.0011316537857056, 2.4819352626800537, -0.02189210057258606
1.308813214302063, 2.369893789291382, -0.01220712810754776
1.131790041923523, 2.548577308654785, -0.01576424576342106
1.4238351583480835, 2.4225029945373535, -0.02213720791041851
1.3519234657287598, 2.3091330528259277, -0.012447313405573368
1.0501072406768799, 2.4303500652313232, -0.020518768578767776
1.0978877544403076, 2.37797474861145, -0.020055335015058517
1.3747961521148682, 2.551360607147217, -0.023932691663503647
1.093595266342163, 2.6353697776794434, -0.020710904151201248
1.014109492301941, 2.530224323272705, -0.021050160750746727
1.051253080368042, 2.6314783096313477, -0.02367366850376129
1.0503212213516235, 2.448549747467041, -0.012165072374045849
1.1721737384796143, 2.6500468254089355, -0.016537589952349663
1.1689550876617432, 2.6281814575195312, -0.013657348230481148
1.4080950021743774, 2.3332786560058594, -0.021287238225340843
1.1268407106399536, 2.7170395851135254, -0.022799203172326088
1.1575349569320679, 2.5147366523742676, -0.021294202655553818
1.2069438695907593, 2.461130142211914, -0.023890743032097816
1.2773233652114868, 2.5996906757354736, -0.021987393498420715
1.4315985441207886, 2.5089850425720215, -0.014349648728966713
1.2175716161727905, 2.4840543270111084, -0.024037731811404228
1.2509711980819702, 2.269019365310669, -0.011743834242224693
1.0653618574142456, 2.6567981243133545, -0.02510685846209526
0.9921815991401672, 2.4574954509735107, -0.02083241380751133
1.1342254877090454, 2.387082099914551, -0.010977338999509811
1.1870598793029785, 2.414245843887329, -0.0230071060359478
1.0921589136123657, 2.5518298149108887, -0.02204752340912819
1.069286584854126, 2.6720011234283447, -0.013516111299395561
1.0069383382797241, 2.507709503173828, -0.022500116378068924
1.1356258392333984, 2.647526741027832, -0.021746795624494553
1.4927767515182495, 2.4645583629608154, -0.021339016035199165
1.0964235067367554, 2.4627597332000732, -0.021469401195645332
1.4111859798431396, 2.4643750190734863, -0.020202988758683205
1.296290636062622, 2.483844757080078, -0.012864680029451847
1.2701137065887451, 2.4290871620178223, -0.012992670759558678
1.107467770576477, 2.487147331237793, -0.02256079949438572
1.2346668243408203, 2.526346206665039, -0.01706254482269287
1.2673299312591553, 2.4847259521484375, -0.025360437110066414
0.9322965741157532, 2.490713357925415, -0.010767129249870777
0.913438081741333, 2.4426426887512207, -0.023026585578918457
1.1485545635223389, 2.4062952995300293, -0.021535547450184822
1.3839409351348877, 2.489865779876709, -0.02174018695950508
1.4120829105377197, 2.3477165699005127, -0.013806214556097984
1.1911113262176514, 2.3491218090057373, -0.012150063179433346
1.3141252994537354, 2.308950424194336, -0.014841458760201931
1.0646611452102661, 2.565214157104492, -0.02256508357822895
1.3335344791412354, 2.3337466716766357, -0.020579073578119278
1.0304871797561646, 2.5694656372070312, -0.016247743740677834
1.3324772119522095, 2.3998677730560303, -0.021760744974017143
1.0295357704162598, 2.668821334838867, -0.023095738142728806
1.0459520816802979, 2.41092848777771, -0.022907579317688942
1.3093525171279907, 2.582078456878662, -0.023982319980859756
1.169905662536621, 2.474241256713867, -0.01496651116758585
1.077388048171997, 2.498063087463379, -0.020195696502923965
1.2648218870162964, 2.2681071758270264, -0.020458506420254707
1.2721316814422607, 2.3660759925842285, -0.0252869613468647
1.1040830612182617, 2.574012041091919, -0.0217641219496727
1.0824326276779175, 2.612051010131836, -0.02313607558608055
1.247521162033081, 2.465146064758301, -0.024378586560487747
1.390263557434082, 2.5717334747314453, -0.025211457163095474
1.3721888065338135, 2.2735390663146973, -0.02264992892742157
1.2883034944534302, 2.327457904815674, -0.011626792140305042
1.4300816059112549, 2.370685338973999, -0.01251975353807211
0.9040243625640869, 2.4926202297210693, -0.02177990972995758
1.3921700716018677, 2.5314877033233643, -0.012815311551094055
1.3584532737731934, 2.2511448860168457, -0.02093973569571972
1.1141680479049683, 2.4283859729766846, -0.022470803931355476
1.3687186241149902, 2.58724045753479, -0.014671320095658302
1.3326057195663452, 2.429321527481079, -0.021812662482261658
1.1493918895721436, 2.38549542427063, -0.01108408160507679
1.2900794744491577, 2.4680182933807373, -0.010050080716609955
1.347283124923706, 2.292174816131592, -0.009637154638767242
1.2317041158676147, 2.429028034210205, -0.014883317053318024
1.3321189880371094, 2.408724784851074, -0.012328913435339928
1.4489262104034424, 2.3906912803649902, -0.011272980831563473
1.0917459726333618, 2.5708250999450684, -0.016444120556116104
1.4299598932266235, 2.4286558628082275, -0.011704958975315094
1.0281929969787598, 2.449763774871826, -0.009628726169466972
1.2311346530914307, 2.636038064956665, -0.010923536494374275
1.4644749164581299, 2.4726829528808594, -0.009293890558183193
1.3456366062164307, 2.4925780296325684, -0.027320273220539093
1.123637080192566, 2.6811487674713135, -0.020176846534013748
1.2679123878479004, 2.3492298126220703, -0.01158449798822403
1.290391445159912, 2.2914981842041016, -0.013450688682496548
1.122956395149231, 2.418311834335327, -0.020162949338555336
1.3666939735412598, 2.2474021911621094, -0.007698809262365103
1.0900481939315796, 2.4892020225524902, -0.011545375920832157
1.3697642087936401, 2.21000599861145, -0.01168903149664402
0.9452207088470459, 2.5292608737945557, -0.020828496664762497
1.1878865957260132, 2.3250107765197754, -0.021279528737068176
1.0306665897369385, 2.669802665710449, -0.012301790527999401
1.0329651832580566, 2.3868894577026367, -0.02035943791270256
1.170253872871399, 2.541973352432251, -0.02333947643637657
1.071840524673462, 2.5905120372772217, -0.02214842103421688
1.151697039604187, 2.6911098957061768, -0.016042787581682205
1.0904046297073364, 2.628282308578491, -0.013512061908841133
1.1682461500167847, 2.3082940578460693, -0.020372014492750168
1.3595703840255737, 2.5241236686706543, -0.028613565489649773
0.9750630855560303, 2.5234012603759766, -0.023647621273994446
1.2412619590759277, 2.376422643661499, -0.022139037027955055
1.0458035469055176, 2.5885837078094482, -0.015456163324415684
1.144411563873291, 2.3284969329833984, -0.02220766618847847
1.3129947185516357, 2.5893361568450928, -0.013417047448456287
1.086646318435669, 2.431169033050537, -0.011776456609368324
1.0151160955429077, 2.645449161529541, -0.0227248165756464
1.009334921836853, 2.60807728767395, -0.01421988196671009
1.3460638523101807, 2.574634075164795, -0.015356757678091526
1.0521912574768066, 2.5438289642333984, -0.023002736270427704
1.0535317659378052, 2.630685567855835, -0.012835702858865261
1.3730133771896362, 2.350576877593994, -0.012303286232054234
1.1493866443634033, 2.5715696811676025, -0.013680754229426384
1.054351806640625, 2.7319869995117188, -0.014533656649291515
1.2680293321609497, 2.588416337966919, -0.013952589593827724
1.012129306793213, 2.428525924682617, -0.012551404535770416
1.454912543296814, 2.539590358734131, -0.02308858372271061
1.3728090524673462, 2.2853307723999023, -0.01031995564699173
0.9843823313713074, 2.548335552215576, -0.024688439443707466
1.3702749013900757, 2.409395694732666, -0.011950115673244
1.0303027629852295, 2.685561418533325, -0.013444649055600166
1.3129591941833496, 2.51236629486084, -0.022829340770840645
1.0315202474594116, 2.4084737300872803, -0.014577357098460197
1.4126133918762207, 2.5493979454040527, -0.01382434368133545
1.3251779079437256, 2.534679412841797, -0.021778449416160583
1.2410213947296143, 2.297018051147461, -0.025376584380865097
1.1892077922821045, 2.506757974624634, -0.026530705392360687
1.369441032409668, 2.464202404022217, -0.02024054527282715
1.2115859985351562, 2.3905720710754395, -0.011692461557686329
1.1524007320404053, 2.59255313873291, -0.013633915223181248
1.194860816001892, 2.5250487327575684, -0.022344784811139107
1.2948799133300781, 2.3340210914611816, -0.020785031840205193
1.2843245267868042, 2.2520601749420166, -0.02014218457043171
1.2124611139297485, 2.4716663360595703, -0.01447317935526371
1.1172142028808594, 2.5102477073669434, -0.022629961371421814
1.1940895318984985, 2.367842197418213, -0.01311106700450182
1.4074809551239014, 2.329977512359619, -0.0096348961815238
1.3036872148513794, 2.5677895545959473, -0.01339927688241005
1.0516849756240845, 2.7514488697052, -0.022872023284435272
1.3931068181991577, 2.5119693279266357, -0.020638378337025642
1.3346761465072632, 2.5585532188415527, -0.02150062471628189
1.4713420867919922, 2.375321865081787, -0.026491500437259674
1.2539761066436768, 2.6467764377593994, -0.022510405629873276
1.1500368118286133, 2.6703009605407715, -0.01163055282086134
1.26345956325531, 2.577355146408081, -0.022907979786396027
0.9754459857940674, 2.4272310733795166, -0.02337558940052986
1.124146819114685, 2.6113080978393555, -0.022967463359236717
1.0922012329101562, 2.451683759689331, -0.01270667091012001
1.466890811920166, 2.5592050552368164, -0.020325422286987305
0.9476691484451294, 2.4128353595733643, -0.013917282223701477
1.1638684272766113, 2.3708701133728027, -0.022495128214359283
1.1115537881851196, 2.332981586456299, -0.01476855855435133
0.9493222236633301, 2.4322526454925537, -0.01168491318821907
1.1102731227874756, 2.554750919342041, -0.027919352054595947
1.3968226909637451, 2.250614643096924, -0.02271267957985401
1.1308550834655762, 2.306795120239258, -0.014497305266559124
1.0708943605422974, 2.391406774520874, -0.013569992035627365
1.298030972480774, 2.274210214614868, -0.021767260506749153
1.1667213439941406, 2.286937952041626, -0.025654291734099388
1.2884517908096313, 2.312042713165283, -0.012217213399708271
1.1922529935836792, 2.670891523361206, -0.012107552029192448
0.951528012752533, 2.44885516166687, -0.012478595599532127
0.9895430207252502, 2.5538952350616455, -0.013582584448158741
1.1925787925720215, 2.5891480445861816, -0.01322456169873476
1.1238104104995728, 2.510171413421631, -0.009791424497961998
1.3023608922958374, 2.4114251136779785, -0.017327213659882545
1.191165804862976, 2.288616180419922, -0.01268072985112667
1.1305433511734009, 2.631444215774536, -0.012063873931765556
1.1894326210021973, 2.3330206871032715, -0.012272556312382221
1.2508516311645508, 2.470673084259033, -0.013125837780535221
1.0492204427719116, 2.6957626342773438, -0.012447194196283817
1.010314702987671, 2.5060722827911377, -0.007403852883726358
1.0290144681930542, 2.4706201553344727, -0.011792095378041267
1.0699294805526733, 2.5674591064453125, -0.009881854988634586
1.1241928339004517, 2.6939711570739746, -0.011521732434630394
1.348565697669983, 2.474776029586792, -0.02526312693953514
1.1128219366073608, 2.4133129119873047, -0.01240486465394497
1.1270443201065063, 2.368377923965454, -0.023695316165685654
1.3706438541412354, 2.4705889225006104, -0.009552931413054466
0.9064629077911377, 2.487840175628662, -0.015412668697535992
1.2643840312957764, 2.4134511947631836, -0.011920751072466373
1.1692076921463013, 2.431650161743164, -0.012266773730516434
1.4539663791656494, 2.344928503036499, -0.016258593648672104
1.0666598081588745, 2.7514395713806152, -0.011755833402276039
1.2115557193756104, 2.405708074569702, -0.01235908456146717
0.9872283935546875, 2.4351916313171387, -0.021104659885168076
1.3652267456054688, 2.5285141468048096, -0.01566038280725479
0.9934653043746948, 2.5885958671569824, -0.017582880333065987
1.1495184898376465, 2.579742670059204, -0.02165060117840767
1.1060912609100342, 2.6640090942382812, -0.021908042952418327
1.4124668836593628, 2.4083011150360107, -0.012571779079735279
1.1130872964859009, 2.4936604499816895, -0.012565115466713905
1.4253052473068237, 2.5564358234405518, -0.00888931006193161
0.9287027716636658, 2.427652359008789, -0.01377648115158081
1.112736463546753, 2.4251389503479004, -0.01249679271131754
1.1959543228149414, 2.4406917095184326, -0.024620462208986282
1.3984206914901733, 2.445028781890869, -0.02157956175506115
1.1339168548583984, 2.4724373817443848, -0.022212781012058258
1.2528702020645142, 2.4856810569763184, -0.020749352872371674
1.0906649827957153, 2.6430203914642334, -0.02248760499060154
1.3715593814849854, 2.546880006790161, -0.013583224266767502
1.4933981895446777, 2.536947727203369, -0.021252183243632317
1.006493330001831, 2.609560966491699, -0.02468932792544365
1.1264498233795166, 2.4505341053009033, -0.023538092151284218
0.9207636117935181, 2.4643936157226562, -0.02251056395471096
1.3348909616470337, 2.2893149852752686, -0.013097312301397324
1.2731070518493652, 2.5269362926483154, -0.013704533688724041
0.9495401382446289, 2.5511879920959473, -0.014746155589818954
0.9604785442352295, 2.5821640491485596, -0.02253527007997036
1.150037407875061, 2.5118987560272217, -0.014688573777675629
1.2548902034759521, 2.4015285968780518, -0.023964062333106995
1.1277198791503906, 2.6217551231384277, -0.02189866080880165
1.0356667041778564, 2.4922399520874023, -0.020381178706884384
1.3522388935089111, 2.510014057159424, -0.025622321292757988
1.0877015590667725, 2.3325002193450928, -0.014114078134298325
1.3534376621246338, 2.4447147846221924, -0.02110178954899311
0.9526134729385376, 2.47047758102417, -0.01658555306494236
1.1716610193252563, 2.329303741455078, -0.014532189816236496
1.256227970123291, 2.2672367095947266, -0.0232098288834095
0.9920541048049927, 2.384481906890869, -0.02599637769162655
1.411431908607483, 2.402289390563965, -0.022472046315670013
1.0307691097259521, 2.7301924228668213, -0.022453423589468002
1.048033595085144, 2.5971479415893555, -0.020075490698218346
1.1724611520767212, 2.5374326705932617, -0.021568134427070618
1.0714747905731201, 2.489671230316162, -0.012139502912759781
1.030432939529419, 2.389216423034668, -0.01473589800298214
1.1053321361541748, 2.554337501525879, -0.012661323882639408
1.1743062734603882, 2.5529963970184326, -0.015447914600372314
1.3290519714355469, 2.549172878265381, -0.01347348466515541
1.0845164060592651, 2.507960557937622, -0.012995020486414433
1.3169611692428589, 2.4482719898223877, -0.02488519996404648
1.1312122344970703, 2.2936108112335205, -0.014555387198925018
1.1538805961608887, 2.4299540519714355, -0.021247312426567078
1.1884896755218506, 2.409839630126953, -0.01167141180485487
1.2307730913162231, 2.610774517059326, -0.013824079185724258
1.2169427871704102, 2.570220947265625, -0.021383041515946388
1.1395633220672607, 2.327866792678833, -0.02125837467610836
1.2728240489959717, 2.602595567703247, -0.022747531533241272
1.0514817237854004, 2.3726017475128174, -0.017721587792038918
1.4518511295318604, 2.409442186355591, -0.012452833354473114
1.1865696907043457, 2.6716647148132324, -0.023822233080863953
1.2703583240509033, 2.5117177963256836, -0.012356401421129704
1.0113334655761719, 2.4470858573913574, -0.014469537883996964
0.9730812907218933, 2.519118309020996, -0.020999480038881302
1.4461995363235474, 2.451799154281616, -0.013463347218930721
1.0904196500778198, 2.4473326206207275, -0.026208421215415
1.0279862880706787, 2.58669376373291, -0.024284491315484047
1.251556158065796, 2.409271001815796, -0.013416028581559658
1.3152666091918945, 2.2532076835632324, -0.020280245691537857
1.305778980255127, 2.2960526943206787, -0.022310789674520493
1.1628392934799194, 2.4539906978607178, -0.021892430260777473
1.1720490455627441, 2.4049949645996094, -0.012142457067966461
0.9739195108413696, 2.429115056991577, -0.013948029838502407
1.1682612895965576, 2.290487766265869, -0.012766702100634575
1.4526835680007935, 2.55214262008667, -0.012820216827094555
0.9497998356819153, 2.491037607192993, -0.012783513404428959
1.316144585609436, 2.6080262660980225, -0.022497398778796196
1.3662703037261963, 2.3906569480895996, -0.012660781852900982
1.3161368370056152, 2.3153815269470215, -0.021308716386556625
1.2221895456314087, 2.416776180267334, -0.02198019251227379
1.3324627876281738, 2.2270538806915283, -0.015399222262203693
1.2718020677566528, 2.308837890625, -0.01431277021765709
1.5054072141647339, 2.490133285522461, -0.02253740467131138
0.9538949728012085, 2.4525959491729736, -0.02358531951904297
1.3524032831192017, 2.4487721920013428, -0.012397210113704205
1.095969319343567, 2.649789571762085, -0.012678592465817928
1.2104740142822266, 2.638047695159912, -0.021808523684740067
1.4533836841583252, 2.4872336387634277, -0.014661069959402084
1.3263295888900757, 2.4696052074432373, -0.011748799122869968
1.228539228439331, 2.3514671325683594, -0.020694013684988022
0.9864656329154968, 2.4617342948913574, -0.02116956189274788
1.0738601684570312, 2.7082080841064453, -0.02139429748058319
1.1989954710006714, 2.612783670425415, -0.021543417125940323
1.2304892539978027, 2.3301923274993896, -0.011073463596403599
1.3283755779266357, 2.2742960453033447, -0.021006954833865166
1.3231626749038696, 2.250365734100342, -0.00898650474846363
1.2653673887252808, 2.653109312057495, -0.013127199374139309
1.0882033109664917, 2.531773090362549, -0.012656940147280693
0.8913822174072266, 2.479402542114258, -0.025167685002088547
1.3448927402496338, 2.4925007820129395, -0.01105176005512476
1.1877241134643555, 2.687518358230591, -0.02309573069214821
1.213434100151062, 2.550027847290039, -0.010196593590080738
0.9111154675483704, 2.5321333408355713, -0.01494811661541462
1.086135983467102, 2.793172836303711, -0.024439793080091476
1.3102830648422241, 2.2897353172302246, -0.011399062350392342
1.4094493389129639, 2.591233253479004, -0.01602347008883953
1.0340572595596313, 2.7552266120910645, -0.021915171295404434
0.9101147055625916, 2.507342576980591, -0.01581479050219059
0.9699959754943848, 2.395983934402466, -0.025368038564920425
1.3494648933410645, 2.2478179931640625, -0.011274653486907482
1.287781834602356, 2.628429412841797, -0.0237645972520113
1.3901206254959106, 2.2448923587799072, -0.009856706485152245
0.9746736884117126, 2.647918224334717, -0.015224665403366089
1.291670799255371, 2.350335121154785, -0.013213541358709335
1.433355689048767, 2.373436689376831, -0.020967649295926094
1.536562204360962, 2.5364317893981934, -0.022938694804906845
1.1499624252319336, 2.3476407527923584, -0.021023746579885483
1.093851089477539, 2.3903396129608154, -0.01095571555197239
1.35407292842865, 2.5318105220794678, -0.014156118966639042
1.3837990760803223, 2.548868179321289, -0.017436247318983078
1.1890798807144165, 2.429556131362915, -0.012368259951472282
1.1378604173660278, 2.5570690631866455, -0.022790098562836647
1.2772212028503418, 2.3861632347106934, -0.026260407641530037
1.2527422904968262, 2.5690369606018066, -0.013967322185635567
1.2772247791290283, 2.319542646408081, -0.0231308713555336
1.1737219095230103, 2.477250099182129, -0.02232132852077484
1.240647315979004, 2.620820999145508, -0.022271307185292244
1.1175031661987305, 2.6017403602600098, -0.02495535835623741
1.4114760160446167, 2.48895001411438, -0.01342801097780466
1.010748028755188, 2.6331138610839844, -0.013677338138222694
1.1499693393707275, 2.2772512435913086, -0.013482949696481228
1.4162940979003906, 2.5632901191711426, -0.021111629903316498
1.3131436109542847, 2.529358386993408, -0.016689565032720566
1.2938240766525269, 2.4890682697296143, -0.021081965416669846
1.2334644794464111, 2.3682525157928467, -0.014011986553668976
1.3083056211471558, 2.5115795135498047, -0.013949929736554623
1.26572847366333, 2.4467220306396484, -0.021849865093827248
1.2917289733886719, 2.5524516105651855, -0.01170321088284254
1.4696482419967651, 2.3638083934783936, -0.010943980887532234
1.307902216911316, 2.4740304946899414, -0.015747781842947006
1.4069023132324219, 2.4667465686798096, -0.008878113701939583
0.9113712906837463, 2.546078681945801, -0.023082293570041656
1.3398988246917725, 2.3594188690185547, -0.022265702486038208
1.0579713582992554, 2.4553046226501465, -0.022010648623108864
1.0776782035827637, 2.416022777557373, -0.020873716101050377
1.253633737564087, 2.342039108276367, -0.02526315674185753
1.1321979761123657, 2.324732780456543, -0.014396509155631065
1.2697007656097412, 2.371333360671997, -0.012374946847558022
1.10603666305542, 2.313868761062622, -0.02393428236246109
1.0104269981384277, 2.5274486541748047, -0.013457851484417915
1.305859923362732, 2.431452989578247, -0.011085153557360172
1.207420825958252, 2.610471248626709, -0.010666662827134132
1.34275484085083, 2.2323975563049316, -0.022129982709884644
1.0688021183013916, 2.409419059753418, -0.011709813959896564
1.3259191513061523, 2.4504480361938477, -0.011265317909419537
1.1500416994094849, 2.4284679889678955, -0.011675326153635979
1.2018868923187256, 2.31371808052063, -0.02114274352788925
0.9212400913238525, 2.4538254737854004, -0.024554628878831863
1.0467078685760498, 2.7268905639648438, -0.025913292542099953
0.9330906271934509, 2.5890188217163086, -0.02131880447268486
1.3894901275634766, 2.4445431232452393, -0.010278983041644096
1.3137212991714478, 2.387639284133911, -0.010579436086118221
1.1783173084259033, 2.6612164974212646, -0.02406403422355652
0.9336855411529541, 2.5319254398345947, -0.018182797357439995
0.9514489769935608, 2.570427656173706, -0.013343430124223232
1.3789558410644531, 2.4232163429260254, -0.02171294018626213
1.3676223754882812, 2.3117008209228516, -0.010735792107880116
1.2302016019821167, 2.532160758972168, -0.021625127643346786
1.2892694473266602, 2.4070591926574707, -0.010980000719428062
0.9903120398521423, 2.6534323692321777, -0.01120749767869711
1.0352087020874023, 2.590715169906616, -0.013108464889228344
1.092452883720398, 2.6634867191314697, -0.015105265192687511
0.9863317012786865, 2.635416269302368, -0.012340426445007324
1.2258230447769165, 2.5979225635528564, -0.021722182631492615
1.1140589714050293, 2.6101701259613037, -0.011912751011550426
1.0583244562149048, 2.6625115871429443, -0.0260239839553833
1.3833494186401367, 2.5694358348846436, -0.012364774942398071
1.4904282093048096, 2.4715781211853027, -0.009712191298604012
1.0140938758850098, 2.550783395767212, -0.016769060865044594
1.209080457687378, 2.5682833194732666, -0.014255046844482422
0.9880420565605164, 2.5712027549743652, -0.014837101101875305
1.4497283697128296, 2.348109483718872, -0.024117739871144295
0.9934105277061462, 2.702402114868164, -0.016922352835536003
1.3725064992904663, 2.4896292686462402, -0.012213115580379963
1.3348777294158936, 2.4878876209259033, -0.020204173400998116
1.3117024898529053, 2.377619981765747, -0.020065058022737503
1.074202299118042, 2.6923036575317383, -0.013695409521460533
1.146601915359497, 2.6811869144439697, -0.0256635919213295
1.3298442363739014, 2.348654270172119, -0.010601886548101902
1.065504789352417, 2.4765937328338623, -0.010421261191368103
1.057142734527588, 2.461230754852295, -0.024478336796164513
1.3957555294036865, 2.2649316787719727, -0.014208425767719746
1.0750455856323242, 2.3497841358184814, -0.012027940712869167
0.9939242005348206, 2.4867420196533203, -0.022407295182347298
0.9928421378135681, 2.7142043113708496, -0.022781269624829292
1.1296430826187134, 2.6497509479522705, -0.011540377512574196
1.0895717144012451, 2.735966920852661, -0.011525984853506088
1.2912403345108032, 2.635206937789917, -0.012061621062457561
1.431538701057434, 2.4479565620422363, -0.007287436164915562
1.0536779165267944, 2.544773817062378, -0.011562938801944256
1.2290756702423096, 2.508941173553467, -0.009709651581943035
1.0921663045883179, 2.552800416946411, -0.012234202586114407
1.493411660194397, 2.5507631301879883, -0.009366223588585854
1.2472503185272217, 2.328951120376587, -0.009037068113684654
1.3713152408599854, 2.374389410018921, -0.011055050417780876
1.23322331905365, 2.3110861778259277, -0.013830358162522316
0.9252175092697144, 2.48909854888916, -0.022316033020615578
1.198824167251587, 2.291339874267578, -0.021677006036043167
1.1254231929779053, 2.4496521949768066, -0.007745388895273209
0.9982022047042847, 2.4054672718048096, -0.021835260093212128
1.2059217691421509, 2.3969483375549316, -0.021006913855671883
1.2748280763626099, 2.6243536472320557, -0.017101336270570755
1.3914556503295898, 2.589067220687866, -0.011150720529258251
1.3539786338806152, 2.616647243499756, -0.023838873952627182
1.332249641418457, 2.487786054611206, -0.011125665158033371
1.3107216358184814, 2.45013427734375, -0.01170850358903408
1.2989228963851929, 2.580355167388916, -0.02019287645816803
1.1349352598190308, 2.67051362991333, -0.01633274182677269
1.164732813835144, 2.640111207962036, -0.024889430031180382
1.4293581247329712, 2.3282997608184814, -0.012169416062533855
1.1710082292556763, 2.495786190032959, -0.015119346790015697
1.4045884609222412, 2.543276071548462, -0.02334585040807724
1.0346097946166992, 2.7115838527679443, -0.014361155219376087
1.1694852113723755, 2.567845344543457, -0.014319651760160923
0.9902933835983276, 2.689192295074463, -0.014889216981828213
1.4716203212738037, 2.5177786350250244, -0.021450132131576538
1.3548294305801392, 2.2671585083007812, -0.01052689366042614
1.246416449546814, 2.5612356662750244, -0.02515360154211521
1.4333133697509766, 2.308316469192505, -0.012396679259836674
1.1918113231658936, 2.449789047241211, -0.013597561977803707
1.5310925245285034, 2.535966157913208, -0.014570989646017551
1.1493651866912842, 2.706747055053711, -0.02242608740925789
1.2931314706802368, 2.4231951236724854, -0.01611674390733242
1.1192045211791992, 2.4545652866363525, -0.023192858323454857
1.0633912086486816, 2.7639636993408203, -0.015671996399760246
1.072471261024475, 2.61032772064209, -0.016649017110466957
1.3284786939620972, 2.639632225036621, -0.025563590228557587
1.1079957485198975, 2.509904623031616, -0.013875008560717106
1.15314781665802, 2.533785104751587, -0.013928676024079323
1.4985160827636719, 2.565739870071411, -0.020416496321558952
1.4572914838790894, 2.4945003986358643, -0.0215994231402874
1.2790961265563965, 2.4650537967681885, -0.020001092925667763
1.043479084968567, 2.5228965282440186, -0.02400279976427555
1.3939868211746216, 2.327821731567383, -0.01402234472334385
1.13556706905365, 2.5712225437164307, -0.01259755901992321
1.2314701080322266, 2.4470999240875244, -0.01228688657283783
1.1526286602020264, 2.3757011890411377, -0.021927610039711
1.4710739850997925, 2.5337088108062744, -0.012165132910013199
0.9779309034347534, 2.5443692207336426, -0.020256612449884415
1.2118456363677979, 2.6526522636413574, -0.012611466459929943
1.1466144323349, 2.552793502807617, -0.00786752812564373
1.0694977045059204, 2.5045363903045654, -0.012083789333701134
1.1669563055038452, 2.396902322769165, -0.022642700001597404
1.0554084777832031, 2.471118211746216, -0.010867934674024582
0.9954439997673035, 2.5946996212005615, -0.021430043503642082
1.2080981731414795, 2.5312654972076416, -0.014601600356400013
1.398392915725708, 2.466254234313965, -0.01706978678703308
1.2169313430786133, 2.418661117553711, -0.020906278863549232
1.0506482124328613, 2.6502485275268555, -0.014303693547844887
1.1463786363601685, 2.3090314865112305, -0.011725367978215218
1.216065526008606, 2.5030641555786133, -0.01718795672059059
1.4919685125350952, 2.5319933891296387, -0.014823772944509983
1.344218373298645, 2.566563606262207, -0.02717127650976181
1.5109772682189941, 2.5122647285461426, -0.0158674418926239
1.0899536609649658, 2.4668707847595215, -0.01081160083413124
1.1986058950424194, 2.436725616455078, -0.02343852072954178
1.247032642364502, 2.5083775520324707, -0.015079622156918049
1.4286922216415405, 2.5892701148986816, -0.01429783832281828
1.1267718076705933, 2.3929660320281982, -0.022348448634147644
1.0147546529769897, 2.4482600688934326, -0.020401811227202415
1.0695416927337646, 2.4775798320770264, -0.02191256545484066
0.913925051689148, 2.4693336486816406, -0.021994909271597862
0.9731389284133911, 2.635840892791748, -0.011436798609793186
1.194395661354065, 2.6959125995635986, -0.01252268347889185
1.2245678901672363, 2.29380202293396, -0.014886188320815563
1.2921329736709595, 2.402616500854492, -0.023837987333536148
1.1121351718902588, 2.6897530555725098, -0.020927639678120613
1.3515911102294922, 2.592880964279175, -0.011266489513218403
1.2736034393310547, 2.4495699405670166, -0.010433699935674667
1.2477511167526245, 2.4311845302581787, -0.00770164979621768
0.9892637729644775, 2.6676576137542725, -0.014272572472691536
1.194383978843689, 2.5285239219665527, -0.012666930444538593
1.4092432260513306, 2.2869999408721924, -0.010148962959647179
1.2441564798355103, 2.626007556915283, -0.008769769221544266
1.0687812566757202, 2.5877599716186523, -0.008538512513041496
1.1127984523773193, 2.71435809135437, -0.014053605496883392
1.2091706991195679, 2.48307728767395, -0.012688755057752132
1.17328941822052, 2.734618663787842, -0.02719840407371521
1.4450777769088745, 2.3151142597198486, -0.012709397822618484
1.4085772037506104, 2.314098358154297, -0.013759785331785679
1.148587703704834, 2.608412027359009, -0.009560367092490196
1.1533880233764648, 2.625723123550415, -0.013783875852823257
1.1733449697494507, 2.2653441429138184, -0.01381850615143776
1.2092385292053223, 2.666343927383423, -0.01762697845697403
1.2835917472839355, 2.529221534729004, -0.02120799571275711
1.4737646579742432, 2.5078892707824707, -0.014867475256323814
1.3384543657302856, 2.5804975032806396, -0.015851138159632683
1.2921719551086426, 2.570124626159668, -0.012417432852089405
1.441433310508728, 2.4449658393859863, -0.02297324687242508
1.1177603006362915, 2.538860559463501, -0.02013508602976799
1.4304783344268799, 2.529254198074341, -0.011410241015255451
0.9031118750572205, 2.542060375213623, -0.009623195044696331
1.3147681951522827, 2.5439581871032715, -0.023220524191856384
1.0949372053146362, 2.774707555770874, -0.026967421174049377
1.209652304649353, 2.2736282348632812, -0.016020741313695908
1.411691427230835, 2.561235189437866, -0.010154923424124718
0.9492371678352356, 2.568060874938965, -0.024353792890906334
1.368679165840149, 2.452845573425293, -0.01266707107424736
1.473037838935852, 2.4501428604125977, -0.010877106338739395
1.371705174446106, 2.565335273742676, -0.01207105815410614
1.377724051475525, 2.507676124572754, -0.013576087541878223
1.4314368963241577, 2.3907268047332764, -0.012249762192368507
0.9282802939414978, 2.411611795425415, -0.016073724254965782
1.3242384195327759, 2.6123814582824707, -0.012007704004645348
1.2837728261947632, 2.3245224952697754, 0.001451427349820733
0.9719513058662415, 2.544276237487793, -0.017361633479595184
1.0302774906158447, 2.60322904586792, -0.01722770184278488
1.4157540798187256, 2.426790952682495, -0.010667897760868073
1.310638427734375, 2.321280002593994, -0.020356250926852226
0.9550149440765381, 2.604945659637451, -0.017399417236447334
1.4259912967681885, 2.2313199043273926, -0.023447848856449127
1.0348918437957764, 2.4093658924102783, -0.025233522057533264
1.2272552251815796, 2.646932601928711, -0.014623096212744713
0.9935773015022278, 2.689314842224121, -0.025663072243332863
0.9935466051101685, 2.600080728530884, -0.021689994260668755
1.3955943584442139, 2.61480712890625, -0.019651833921670914
1.0108546018600464, 2.752307176589966, -0.013949752785265446
0.9888754487037659, 2.3875324726104736, -0.010189284570515156
1.2566696405410767, 2.6571483612060547, -0.011292892508208752
0.9719561338424683, 2.6109426021575928, -0.012526939623057842
0.9708248376846313, 2.5291216373443604, -0.009855450130999088
1.4861513376235962, 2.513103485107422, -0.008948705159127712
0.9525715112686157, 2.5863680839538574, -0.014592668041586876
1.3127660751342773, 2.6084702014923096, -0.011523989029228687
1.4204084873199463, 2.5656585693359375, -0.0074059972539544106
1.3723995685577393, 2.422705888748169, -0.009035219438374043
1.3329354524612427, 2.573091983795166, -0.012586956843733788
1.072741150856018, 2.8059494495391846, -0.021585293114185333
1.2247133255004883, 2.6738462448120117, -0.010912158526480198
1.1104207038879395, 2.7902090549468994, -0.026447825133800507
1.0132886171340942, 2.6521780490875244, -0.010014849714934826
1.3161911964416504, 2.684899091720581, -0.041637398302555084
1.124835729598999, 2.5647783279418945, -0.022052602842450142
1.2101924419403076, 2.5830609798431396, -0.024337081238627434
1.0738098621368408, 2.6229002475738525, -0.022972092032432556
1.1119221448898315, 2.4463675022125244, -0.01209088321775198
1.154099941253662, 2.4614598751068115, -0.02196432091295719
1.3228904008865356, 2.449185609817505, -0.02677302435040474
0.9113389849662781, 2.4685990810394287, -0.011961012147367
1.255251169204712, 2.591808795928955, -0.012435398995876312
1.1123930215835571, 2.6888649463653564, -0.010777575895190239
1.2544591426849365, 2.5529661178588867, -0.023345232009887695
1.0235562324523926, 2.7004401683807373, -0.02098887227475643
1.0171054601669312, 2.4752867221832275, -0.020349500700831413
0.9531384706497192, 2.3947536945343018, -0.017703572288155556
1.4076703786849976, 2.3712329864501953, -0.008801105432212353
1.3361088037490845, 2.4332997798919678, -0.010574470274150372
1.256975769996643, 2.5135467052459717, -0.02048768289387226
0.9451103210449219, 2.4610438346862793, -0.023072997108101845
1.0137778520584106, 2.562204122543335, -0.022067684680223465
1.0299417972564697, 2.7826571464538574, -0.02737315744161606
1.007273554801941, 2.707726001739502, -0.011563909240067005
1.4550080299377441, 2.567509174346924, -0.013466168195009232
0.9103893041610718, 2.575406789779663, -0.023062508553266525
1.454889178276062, 2.4267470836639404, -0.007800051476806402
1.0178704261779785, 2.800936222076416, -0.024657320231199265
1.3034346103668213, 2.3075132369995117, 8.980450802482665E-4
1.2548750638961792, 2.4932966232299805, -0.01072161365300417
1.2887027263641357, 2.5014727115631104, -0.02571127563714981
1.1423280239105225, 2.7814881801605225, -0.025236792862415314
0.9112328886985779, 2.4321115016937256, -0.014996306970715523
1.0744074583053589, 2.704942226409912, -0.004268325865268707
0.9334619045257568, 2.6511266231536865, -0.023169020190835
0.9231743812561035, 2.6112523078918457, -0.014798919670283794
0.9345797300338745, 2.637698173522949, -0.01627032645046711
1.1854701042175293, 2.7709460258483887, -0.029836347326636314
1.2711975574493408, 2.6165380477905273, -0.013572588562965393
1.18533194065094, 2.787259578704834, -0.0378134660422802
0.9441040754318237, 2.6843924522399902, -0.02685493603348732
0.8969138860702515, 2.5416154861450195, -0.01611548662185669
1.5212796926498413, 2.5126099586486816, -0.022964958101511
1.504001259803772, 2.536485195159912, -0.008640829473733902
1.153254747390747, 2.2844603061676025, -0.010683977045118809
1.0493993759155273, 2.3331196308135986, -0.02637392096221447
0.9109021425247192, 2.449662923812866, -0.01351418998092413
1.1943868398666382, 2.3134093284606934, -0.011670445092022419
0.8652742505073547, 2.5172958374023438, -0.024504048749804497
1.1419283151626587, 2.5243985652923584, -0.02186676859855652
1.23799729347229, 2.4798364639282227, -0.014512446708977222
0.9990282654762268, 2.740447759628296, -0.021161170676350594
1.226832628250122, 2.3835599422454834, -0.022385593503713608
1.4538377523422241, 2.333500623703003, -0.024229347705841064
1.2174813747406006, 2.5192158222198486, -0.02677958272397518
1.2066835165023804, 2.451336622238159, -0.01260656863451004
1.1380277872085571, 2.353738307952881, -0.020505603402853012
1.221962571144104, 2.449719190597534, -0.023979507386684418
0.9181050658226013, 2.4000635147094727, -0.026913313195109367
1.118569016456604, 2.3926351070404053, -0.020294005051255226
1.5088204145431519, 2.4091334342956543, -0.011165201663970947
1.0976810455322266, 2.6958327293395996, -0.02079022489488125
1.3210610151290894, 2.5623321533203125, -0.020002862438559532
1.3005352020263672, 2.5244011878967285, -0.025962848216295242
0.8903605341911316, 2.4898509979248047, -0.015596689656376839
1.3930937051773071, 2.4747111797332764, -0.02104596234858036
0.9715694785118103, 2.6623477935791016, -0.022036733105778694
0.997295618057251, 2.733096122741699, -0.017139989882707596
1.1689627170562744, 2.3687336444854736, -0.010109959170222282
1.207980990409851, 2.6740307807922363, -0.022660039365291595
1.2084804773330688, 2.422398090362549, -0.020799096673727036
1.1570603847503662, 2.4753921031951904, -0.01647227257490158
0.9675532579421997, 2.4466848373413086, -0.02228057198226452
1.0722987651824951, 2.5311663150787354, -0.021182753145694733
1.238104224205017, 2.651632785797119, -0.0205218568444252
1.0747041702270508, 2.7403624057769775, -0.022234708070755005
1.1735222339630127, 2.6803226470947266, -0.016691869124770164
1.3150748014450073, 2.3422646522521973, -0.020426522940397263
1.5161333084106445, 2.5261521339416504, 0.0022283040452748537
1.0278719663619995, 2.6120779514312744, -0.022737843915820122
0.851040244102478, 2.4876513481140137, -0.013041557744145393
1.0887513160705566, 2.352095127105713, -0.02682647295296192
1.2522132396697998, 2.3284189701080322, -0.02706455998122692
1.3927054405212402, 2.6160287857055664, -0.02141287736594677
1.0216615200042725, 2.7441084384918213, -0.014186176471412182
1.0779353380203247, 2.3040740489959717, -0.017191002145409584
1.0015156269073486, 2.694953441619873, -0.03165338188409805
1.3111646175384521, 2.2471885681152344, -0.012723878026008606
1.529342770576477, 2.5420660972595215, -0.022755127400159836
