0.5286506414413452, 2.009418249130249, -0.1670384705066681
0.5320691466331482, 2.0058646202087402, -0.14960405230522156
0.5057803392410278, 2.0534751415252686, -0.15303842723369598
0.5299123525619507, 2.006314754486084, -0.12681561708450317
0.5529587268829346, 1.9824992418289185, -0.16595417261123657
0.5538802742958069, 1.9863313436508179, -0.12975110113620758
0.5108279585838318, 2.0284264087677, -0.13018307089805603
0.5232873558998108, 2.040562391281128, -0.17061665654182434
0.5535515546798706, 1.9868813753128052, -0.10741493105888367
0.5027689933776855, 2.0187339782714844, -0.11778154969215393
0.5081372857093811, 2.0489892959594727, -0.12925493717193604
0.5085784196853638, 2.03049898147583, -0.10962729156017303
0.5425332188606262, 2.021566390991211, -0.10990439355373383
0.5487776398658752, 1.9744505882263184, -0.12941211462020874
0.5307034254074097, 2.007955312728882, -0.11036468297243118
0.48222488164901733, 2.0884265899658203, -0.15228885412216187
0.4939950108528137, 2.0650463104248047, -0.14888545870780945
0.4964020252227783, 2.064251184463501, -0.1319667547941208
0.4782458543777466, 2.0436830520629883, -0.13313576579093933
0.5178573131561279, 2.043374538421631, -0.11736935377120972
0.4955019950866699, 2.06533145904541, -0.11080137640237808
0.4886777698993683, 2.0520055294036865, -0.10973156243562698
0.5021041631698608, 2.066176414489746, -0.125718355178833
0.5098981857299805, 2.030484437942505, -0.08871141076087952
0.5400800704956055, 2.0136616230010986, -0.08336103707551956
0.5377659201622009, 2.0204524993896484, -0.08700794726610184
0.5618681311607361, 2.003157377243042, -0.10385134816169739
0.5505557060241699, 1.9851386547088623, -0.08874610811471939
0.5313515067100525, 2.0087890625, -0.09106520563364029
0.5722625851631165, 1.9652782678604126, -0.08970708400011063
0.5516250133514404, 1.987225890159607, -0.07143419235944748
0.5659817457199097, 1.955320954322815, -0.08970669656991959
0.5180111527442932, 2.0413074493408203, -0.06931104511022568
0.5362715125083923, 1.971310019493103, -0.08754733204841614
0.49486973881721497, 2.067817449569702, -0.06932662427425385
0.5200508832931519, 2.0400962829589844, -0.04970651865005493
0.5302600264549255, 2.007946014404297, -0.06967690587043762
0.5144176483154297, 2.0449631214141846, -0.049874383956193924
0.48562106490135193, 2.052797555923462, -0.05076894536614418
0.5275100469589233, 1.9932305812835693, -0.046056512743234634
0.5512430667877197, 1.9867221117019653, -0.048258744180202484
0.5555490851402283, 1.951982855796814, -0.07185336947441101
0.5717209577560425, 1.9667378664016724, -0.05232370272278786
0.5852776765823364, 1.9663009643554688, -0.11138824373483658
0.49274131655693054, 2.0662453174591064, -0.05303753539919853
0.4734656810760498, 2.105354070663452, -0.041588377207517624
0.4769447147846222, 2.051973342895508, -0.03176544979214668
0.5685935616493225, 1.9564552307128906, -0.06772582232952118
0.5135942697525024, 1.9956779479980469, -0.015579864382743835
0.5154759883880615, 2.0058984756469727, -0.033326081931591034
0.587502658367157, 1.9472436904907227, -0.149724081158638
0.496044784784317, 2.0176796913146973, -0.031106719747185707
0.5026018619537354, 2.0661721229553223, -0.15100005269050598
0.49464333057403564, 2.027503252029419, -0.04981480538845062
0.5105121731758118, 2.0317492485046387, -0.06802836060523987
0.4630367159843445, 2.07535982131958, -0.0727555900812149
0.5403544306755066, 2.011498212814331, -0.1481611579656601
0.46544206142425537, 2.0743227005004883, -0.11075329035520554
0.5107712745666504, 2.0304181575775146, -0.04880470782518387
