0.7008709907531738, 0.7750007510185242, -0.09827712923288345
0.6858763098716736, 0.7518396377563477, -0.1140967607498169
0.7004662156105042, 0.7611061334609985, -0.10695501416921616
0.6505991220474243, 0.6887458562850952, -0.11053279042243958
0.7053505182266235, 0.7901327013969421, -0.08925461024045944
0.7103208303451538, 0.7942844033241272, -0.04845539480447769
0.666703999042511, 0.7135237455368042, -0.09214504808187485
0.6912429332733154, 0.7698826789855957, -0.04739510640501976
0.6601243615150452, 0.6792213320732117, -0.07949637621641159
0.670394241809845, 0.7317777276039124, -0.049844782799482346
0.6823297739028931, 0.731743574142456, -0.022445321083068848
0.7442575097084045, 0.8490331172943115, -0.11641724407672882
0.7279987931251526, 0.8303540945053101, -0.04713742434978485
0.7420213222503662, 0.8548892736434937, -0.06459098309278488
0.7472195029258728, 0.8721837401390076, -0.06919699907302856
0.7705279588699341, 0.9278864860534668, -0.04913998767733574
0.6872697472572327, 0.7493879795074463, -0.02469044364988804
0.7676249146461487, 0.9299641847610474, -0.08940450847148895
0.6921172142028809, 0.7685150504112244, -0.007919945754110813
0.7638614177703857, 0.9084129929542542, -0.03191621974110603
0.707923173904419, 0.8085925579071045, -0.03085324354469776
0.6417896151542664, 0.6573020219802856, -0.1488802433013916
0.7627193927764893, 0.8988862037658691, -0.06342997401952744
0.6867132186889648, 0.7542343735694885, -0.06974997371435165
0.7100253105163574, 0.8090064525604248, -0.09213633835315704
0.7025562524795532, 0.7726926207542419, -0.124077707529068
0.7501028776168823, 0.8914101719856262, -0.1092122495174408
0.6874077320098877, 0.7722815871238708, -0.07046180963516235
0.7510955333709717, 0.8897806406021118, -0.05067175626754761
0.7122707366943359, 0.8095179796218872, -0.008674411103129387
0.6721150875091553, 0.7351411581039429, -0.09168770164251328
0.6648874878883362, 0.6935566067695618, -0.10931611806154251
0.7665051817893982, 0.9295681118965149, -0.07078816741704941
0.7054259181022644, 0.7893238663673401, -0.030260872095823288
0.7299889922142029, 0.8482304811477661, -0.009683167561888695
0.6843882203102112, 0.751377522945404, -0.1303987056016922
0.6875495910644531, 0.7738409042358398, -0.027227094396948814
0.7045080661773682, 0.7918711304664612, -0.07811705768108368
0.6896055340766907, 0.7710988521575928, -0.10858335345983505
0.6800581812858582, 0.7360298037528992, -0.07597385346889496
0.785403847694397, 0.9555914402008057, -0.04633425176143646
0.6450768709182739, 0.6667212843894958, -0.06880395859479904
0.7320392727851868, 0.8500334620475769, -0.08797946572303772
0.6698098182678223, 0.7332381010055542, -0.07067297399044037
0.7143856287002563, 0.8277216553688049, -0.009642302989959717
0.6945581436157227, 0.7880940437316895, -0.007453280501067638
0.6710881590843201, 0.7297204732894897, -0.029439307749271393
0.7101395726203918, 0.8106620907783508, -0.12981605529785156
0.7499266862869263, 0.8885542154312134, -0.1315571367740631
0.7685359716415405, 0.9291847348213196, -0.11051639914512634
0.725498616695404, 0.83967125415802, -0.07681027054786682
0.7071890234947205, 0.8164227604866028, -0.10922914743423462
0.7267253398895264, 0.8507561683654785, -0.10803522169589996
0.7063512206077576, 0.8112432360649109, -0.06928923726081848
0.7521424889564514, 0.9094735383987427, -0.0446929894387722
0.7824523448944092, 0.963276743888855, -0.0736127644777298
0.769993245601654, 0.9505360722541809, -0.0918494462966919
0.6317713856697083, 0.6504381895065308, -0.06981178373098373
0.7507955431938171, 0.9111655950546265, -0.029944511130452156
0.6905347108840942, 0.7915335893630981, -0.07043828815221786
0.7306421995162964, 0.8499738574028015, -0.12994539737701416
0.6745281219482422, 0.7487541437149048, -0.009001017548143864
0.6250623464584351, 0.6299352645874023, -0.0516466461122036
0.7620595693588257, 0.9138270616531372, -0.09825560450553894
0.7901341915130615, 0.989656388759613, -0.11066332459449768
0.7862740159034729, 0.9547697305679321, -0.14937156438827515
0.6726943850517273, 0.7530505657196045, -0.06991088390350342
0.7281920909881592, 0.852266788482666, -0.07696494460105896
0.7273389101028442, 0.828708827495575, -0.09258044511079788
0.8020053505897522, 0.9955925345420837, -0.09758841246366501
0.6722584962844849, 0.7283335328102112, -0.008073082193732262
0.688747763633728, 0.7698327898979187, -0.13024161756038666
0.6636543273925781, 0.7135471105575562, -0.0701533704996109
0.7027088403701782, 0.8095109462738037, -0.05485808104276657
0.6912676095962524, 0.768257200717926, 0.003786436514928937
0.7305544018745422, 0.8709079623222351, -0.11433190107345581
0.7666758894920349, 0.9118382930755615, -0.1288958489894867
0.7452738285064697, 0.8892846703529358, -0.027446595951914787
0.6715490221977234, 0.7505231499671936, -0.026340311393141747
0.6725091338157654, 0.7547569870948792, -0.05081021040678024
0.669494092464447, 0.733201265335083, 0.003237989963963628
0.6762716770172119, 0.7470381855964661, 0.0018713903846219182
0.6712480783462524, 0.7495980858802795, -0.1306477189064026
0.7302442789077759, 0.873670756816864, -0.07199801504611969
0.648882269859314, 0.6844084858894348, -0.0913141667842865
0.7274741530418396, 0.8522878885269165, -0.15133173763751984
0.7464370727539062, 0.8915398716926575, -0.1493934988975525
0.7663959264755249, 0.9318556189537048, -0.14896748960018158
0.7693613171577454, 0.9308340549468994, -0.12987267971038818
0.6686826348304749, 0.7314648628234863, -0.13009700179100037
0.7416343092918396, 0.8860200643539429, -0.09578515589237213
0.7677445411682129, 0.9532422423362732, -0.05139859393239021
0.7721956968307495, 0.9488152265548706, -0.13292375206947327
0.6694881916046143, 0.7521489858627319, -0.09038637578487396
0.7520889639854431, 0.9107449054718018, -0.1304771602153778
0.7805954813957214, 0.9731491804122925, -0.09773198515176773
0.7070348858833313, 0.8253458738327026, -0.04864262416958809
0.8082560300827026, 0.9908144474029541, -0.0559208057820797
0.6852290034294128, 0.7904847264289856, -0.09706494212150574
0.7537360787391663, 0.9281477332115173, -0.10936227440834045
0.7684733271598816, 0.9110729694366455, -0.11204558610916138
0.705615222454071, 0.7933745980262756, -0.1613643616437912
0.690907895565033, 0.7917163968086243, -0.02143426053225994
0.7176088094711304, 0.8500718474388123, -0.05393195152282715
0.7692462205886841, 0.968467116355896, -0.049747757613658905
0.6902154088020325, 0.7726143002510071, -0.09056363254785538
0.8044818639755249, 1.0079853534698486, -0.12804779410362244
0.7554526329040527, 0.9330865144729614, 0.004314430523663759
0.6724848747253418, 0.7756458520889282, -0.0699240192770958
0.6688051223754883, 0.7665809988975525, -0.09490802884101868
0.6714102029800415, 0.7780186533927917, -0.04109644517302513
0.6843414306640625, 0.8038741946220398, 6.27516710665077E-4
0.7914993762969971, 1.0029751062393188, -0.06442033499479294
0.6832256317138672, 0.7318495512008667, -0.13132290542125702
0.7652689814567566, 0.9323230981826782, -0.02518596686422825
0.6939868330955505, 0.8222576379776001, -0.04757428541779518
