0.9304561614990234, 1.4691046476364136, -0.010205945931375027
0.9306402206420898, 1.4518011808395386, -0.011108833365142345
0.9708887338638306, 1.4511669874191284, -0.01058972254395485
0.9313427805900574, 1.429904580116272, -0.009247124195098877
0.9490039348602295, 1.4702603816986084, -0.009599508717656136
0.9101296067237854, 1.4305258989334106, -0.00973794236779213
0.9493410587310791, 1.430505633354187, -0.010118863545358181
0.9100451469421387, 1.4500715732574463, -0.010140004567801952
0.8884585499763489, 1.4490580558776855, -0.010885905474424362
0.9705789685249329, 1.469859004020691, -0.009422793984413147
0.9519275426864624, 1.4497957229614258, -0.010497737675905228
0.9502871036529541, 1.4110782146453857, -0.01038445346057415
0.9702134728431702, 1.429991602897644, -0.009750571101903915
0.8906466960906982, 1.431074857711792, -0.009830218739807606
0.9873889684677124, 1.488014817237854, -0.010471038520336151
0.9902480840682983, 1.409416913986206, -0.01059861108660698
0.9907704591751099, 1.429386854171753, -0.00994928739964962
0.9887617826461792, 1.4486244916915894, -0.008991708047688007
0.9696486592292786, 1.4103429317474365, -0.00996134988963604
0.9306771159172058, 1.390628695487976, -0.009786752052605152
0.909259557723999, 1.389410138130188, -0.009298214688897133
0.8698049783706665, 1.4099448919296265, -0.009057304821908474
0.968833327293396, 1.390433669090271, -0.009886163286864758
0.9310550689697266, 1.369837760925293, -0.00881977565586567
0.9504871964454651, 1.3698129653930664, -0.00933915190398693
0.9887194037437439, 1.3900201320648193, -0.009982260875403881
0.970751166343689, 1.3708972930908203, -0.010913485661149025
1.009645938873291, 1.4105244874954224, -0.008684637024998665
0.9089038968086243, 1.3688240051269531, -0.008683674037456512
0.8691210746765137, 1.391413688659668, -0.009261047467589378
1.0291587114334106, 1.4319676160812378, -0.011097709648311138
0.9496207237243652, 1.350588083267212, -0.009300812147557735
0.951388955116272, 1.3292078971862793, -0.008699587546288967
0.9092358946800232, 1.3281681537628174, -0.008018196560442448
0.9309589266777039, 1.3101214170455933, -0.009257792495191097
0.9696664810180664, 1.3095455169677734, -0.008461144752800465
0.8699427247047424, 1.3304123878479004, -0.008954498916864395
0.9108499884605408, 1.309775471687317, -0.009692460298538208
0.8692070841789246, 1.3097490072250366, -0.009709791280329227
0.9496196508407593, 1.289675235748291, -0.008432149887084961
0.9105167388916016, 1.2887312173843384, -0.01059951912611723
0.89021235704422, 1.290456771850586, -0.010912555269896984
0.930281400680542, 1.2715179920196533, -0.00951392762362957
0.9103767275810242, 1.2688004970550537, -0.009277536533772945
0.8499515652656555, 1.2895002365112305, -0.009712444618344307
0.8285535573959351, 1.3104363679885864, -0.01089625246822834
0.8900699019432068, 1.2694960832595825, -0.009464059956371784
0.9493347406387329, 1.2488486766815186, -0.009942762553691864
0.9297226071357727, 1.2496532201766968, -0.00886221881955862
0.9100545048713684, 1.2510384321212769, -0.010106228291988373
0.9699432849884033, 1.250697374343872, -0.009801847860217094
0.8897122144699097, 1.2482490539550781, -0.009018425829708576
0.8700975775718689, 1.2499792575836182, -0.010434395633637905
0.8497933745384216, 1.2510813474655151, -0.021786382421851158
0.8489673733711243, 1.2492576837539673, -0.010749793611466885
0.9290207028388977, 1.230081558227539, -0.009659552946686745
0.9098813533782959, 1.2300033569335938, -0.009040439501404762
0.9488874673843384, 1.2300077676773071, -0.00991393718868494
0.8895545601844788, 1.2300512790679932, -0.010420676320791245
0.9700140953063965, 1.2689625024795532, -0.008274092338979244
0.9683956503868103, 1.228761911392212, -0.010842854157090187
0.8295124769210815, 1.2515171766281128, -0.010738763026893139
0.8104279041290283, 1.2696977853775024, -0.010065849870443344
0.8695214986801147, 1.2299227714538574, -0.009608017280697823
0.850441575050354, 1.229921579360962, -0.009502754546701908
0.8092178702354431, 1.2510533332824707, -0.009877147153019905
0.930267333984375, 1.2102528810501099, -0.010498044081032276
0.9100522994995117, 1.2097928524017334, -0.008375992998480797
0.8905344605445862, 1.2097868919372559, -0.009029758162796497
0.8696861267089844, 1.2102198600769043, -0.00957844965159893
0.849844217300415, 1.212406873703003, -0.009408737532794476
0.9487197995185852, 1.1910008192062378, -0.008471853099763393
0.9093292951583862, 1.191304326057434, -0.01019589975476265
0.8489294052124023, 1.1907000541687012, -0.00854768417775631
0.8702032566070557, 1.170925498008728, -0.008424912579357624
0.9503673911094666, 1.3100968599319458, -0.008155531249940395
0.8898250460624695, 1.4106364250183105, -0.009499123319983482
0.8701319694519043, 1.3495283126831055, -0.0098321083933115
0.8910449147224426, 1.3106249570846558, -0.01110239326953888
1.0085477828979492, 1.350371241569519, -0.011659519746899605
0.9113224148750305, 1.3499263525009155, -0.00978147890418768
0.9097069501876831, 1.4085772037506104, -0.007721658330410719
0.9280028343200684, 1.4214469194412231, -0.02151450701057911
0.8696181178092957, 1.3700705766677856, -0.00933104008436203
0.8097192049026489, 1.169601321220398, -0.009309184737503529
0.9303895831108093, 1.190587043762207, -0.008591167628765106
1.009085774421692, 1.3895946741104126, -0.009816096164286137
0.9505399465560913, 1.3886545896530151, -0.008533628657460213
0.9484396576881409, 1.4707887172698975, -0.021286096423864365
0.9587038159370422, 1.4271907806396484, -0.022971995174884796
0.9541289806365967, 1.2246261835098267, -0.022596344351768494
0.829820454120636, 1.2103759050369263, -0.009116998873651028
0.8469719290733337, 1.28593909740448, -0.020244482904672623
0.9030399322509766, 1.409354567527771, -0.020355021581053734
0.9357393383979797, 1.2666380405426025, -0.02048644796013832
0.8665227293968201, 1.390730857849121, -0.02131410501897335
0.9091836810112, 1.4718266725540161, -0.021496588364243507
0.9306368827819824, 1.4692641496658325, -0.021198447793722153
0.9032002091407776, 1.2030855417251587, -0.021387659013271332
0.8891412615776062, 1.4682581424713135, -0.009844698011875153
0.8294152617454529, 1.2346272468566895, -0.02202768437564373
0.930598795413971, 1.328574776649475, -0.0072570922784507275
0.9286864399909973, 1.1302759647369385, -0.008007748983800411
0.9893965721130371, 1.3502440452575684, -0.009367505088448524
0.8640499114990234, 1.2022937536239624, -0.02199813351035118
0.8952761292457581, 1.2478272914886475, -0.021900061517953873
0.8054229021072388, 1.2298330068588257, -0.022231385111808777
0.9539862871170044, 1.3088773488998413, -0.02119753509759903
0.912406325340271, 1.3687273263931274, -0.022102434188127518
0.8360940217971802, 1.289180874824524, -0.02181936427950859
0.928684413433075, 1.150927186012268, -0.009735324420034885
0.9938524961471558, 1.3679343461990356, -0.022466477006673813
0.8463966250419617, 1.1635407209396362, 0.0035797799937427044
0.9623883366584778, 1.438592553138733, -0.021758081391453743
0.8911299109458923, 1.1706485748291016, -0.021166617050766945
0.8532375693321228, 1.2705378532409668, -0.021958714351058006
0.9084085822105408, 1.4825018644332886, -0.023182248696684837
0.9086253046989441, 1.4692977666854858, -0.010305816307663918
0.8477084040641785, 1.3089635372161865, -0.009737067855894566
0.856540322303772, 1.3230512142181396, -0.020206820219755173
0.8571418523788452, 1.3572882413864136, -0.023153480142354965
0.9396227598190308, 1.3039807081222534, -0.02300897054374218
0.849916934967041, 1.268316626548767, -0.010033742524683475
0.8741892576217651, 1.3050048351287842, -0.020373472943902016
0.89558345079422, 1.3000236749649048, -0.02113327942788601
0.94577956199646, 1.408005952835083, -0.021355750039219856
0.9143370389938354, 1.2990678548812866, -0.023437578231096268
0.9322483539581299, 1.4520390033721924, -0.02260083705186844
0.8114984035491943, 1.310458779335022, -0.0115223852917552
0.8893925547599792, 1.331921100616455, -0.011202861554920673
0.9456594586372375, 1.1852617263793945, -0.021919040009379387
0.8911533355712891, 1.3905658721923828, -0.024270428344607353
1.0123564004898071, 1.3445465564727783, -0.027131734415888786
0.9443486332893372, 1.2926418781280518, -0.02157604694366455
0.9910112023353577, 1.3859370946884155, -0.02036627009510994
0.915131151676178, 1.277572512626648, -0.02183549851179123
0.8663478493690491, 1.2479116916656494, -0.02180192992091179
0.9041363000869751, 1.2448550462722778, -0.02647557109594345
1.0104074478149414, 1.4475520849227905, -0.02185671404004097
0.811163067817688, 1.2909964323043823, -0.01080873142927885
1.0253984928131104, 1.4539470672607422, -0.02120032161474228
0.8873392343521118, 1.1477198600769043, -0.02090402878820896
0.8680145144462585, 1.1469632387161255, -0.02024121768772602
0.8894128799438477, 1.3489776849746704, -0.009286756627261639
0.7709241509437561, 1.1894999742507935, -0.011788768693804741
0.8700333833694458, 1.2672741413116455, -0.02097129076719284
0.815546452999115, 1.2544052600860596, -0.022437386214733124
0.8701979517936707, 1.190177321434021, -0.0081876115873456
0.869154691696167, 1.2962262630462646, -0.022944556549191475
0.9667139649391174, 1.4490762948989868, 9.33754607103765E-4
0.8655571937561035, 1.1914255619049072, -0.022486554458737373
0.949930727481842, 1.4887559413909912, -0.010883083567023277
0.9318766593933105, 1.4843316078186035, -0.0210120752453804
0.8916804790496826, 1.2711620330810547, -0.0208518635481596
0.8934711217880249, 1.4922884702682495, -0.022150401026010513
0.9771558046340942, 1.4031665325164795, -0.02275872603058815
0.9904195070266724, 1.4999696016311646, -0.02027774043381214
0.911433756351471, 1.3486675024032593, -0.021106936037540436
0.9524316191673279, 1.320166826248169, -0.020502803847193718
1.0122084617614746, 1.3699296712875366, -0.02171209268271923
0.8672688603401184, 1.4561079740524292, -0.026712216436862946
0.8713703155517578, 1.2301417589187622, -0.023942314088344574
0.9084420800209045, 1.3924449682235718, -0.020970772951841354
0.9693486094474792, 1.490191102027893, -0.010182338766753674
0.9501386284828186, 1.2706691026687622, -0.010415291413664818
0.8655272126197815, 1.3649415969848633, -0.02134258672595024
0.9723284244537354, 1.5166610479354858, -0.02140820398926735
0.8881003260612488, 1.2094414234161377, -0.022325966507196426
0.8090696930885315, 1.2300505638122559, -0.008605355396866798
0.7899976968765259, 1.2282688617706299, 0.0018679454224184155
0.929207444190979, 1.290902018547058, -0.010541711933910847
0.8295810222625732, 1.1857624053955078, -0.021747533231973648
0.8722490072250366, 1.4671359062194824, -0.01000534649938345
0.9083242416381836, 1.3046406507492065, -0.020941846072673798
0.9400985240936279, 1.441407561302185, -0.022897128015756607
1.00996994972229, 1.4511276483535767, -0.009495661593973637
0.8924053311347961, 1.4569098949432373, -0.02097884565591812
0.8299573659896851, 1.3701229095458984, -0.008932237513363361
0.7712189555168152, 1.2114797830581665, -0.010355372913181782
0.8694197535514832, 1.4309087991714478, -0.009960761293768883
0.8413884043693542, 1.1460890769958496, -0.022625502198934555
0.8865761160850525, 1.5062462091445923, -0.021718423813581467
0.8475455045700073, 1.4356600046157837, -0.02467506192624569
0.8299145102500916, 1.2302701473236084, -0.00885225273668766
0.8310984969139099, 1.190208077430725, 0.0011990927159786224
0.9475548267364502, 1.5111851692199707, -0.014820676296949387
0.8283150792121887, 1.3315420150756836, -0.021161243319511414
0.9185278415679932, 1.3380299806594849, -0.0211977306753397
0.8112256526947021, 1.1955655813217163, 0.002060715341940522
0.9371597766876221, 1.3345673084259033, -0.021301794797182083
0.792400598526001, 1.2905017137527466, -0.010359130799770355
0.8290349245071411, 1.1691906452178955, -0.00838050339370966
0.8825878500938416, 1.4254176616668701, -0.02142077311873436
0.7842479348182678, 1.2541804313659668, -0.024298299103975296
0.8691611289978027, 1.450736165046692, -0.009847198612987995
1.0301504135131836, 1.4693408012390137, -0.011434007436037064
0.9108858108520508, 1.3079913854599, 0.005341670475900173
0.8310076594352722, 1.3286805152893066, -0.009508349001407623
0.8909649848937988, 1.489601969718933, -0.01275618840008974
0.8713864684104919, 1.4863442182540894, -0.011517925187945366
0.8482332229614258, 1.3686758279800415, -0.010153145529329777
0.9084702730178833, 1.1500089168548584, -0.007007361855357885
0.9304957389831543, 1.489540457725525, -0.010432646609842777
0.9495881199836731, 1.2937527894973755, 0.002218502340838313
0.812429666519165, 1.2077562808990479, -0.02248229831457138
0.8091608285903931, 1.1903424263000488, -0.0080399876460433
1.005062460899353, 1.4994747638702393, -0.020250821486115456
0.8546975255012512, 1.2237553596496582, -0.02084650844335556
0.8722984790802002, 1.335490107536316, -0.020767169073224068
0.8362821340560913, 1.26958429813385, -0.021699603646993637
0.9914401173591614, 1.4557390213012695, -0.020011894404888153
0.7686156034469604, 1.1852940320968628, 5.867326981388032E-4
0.8493648767471313, 1.3889639377593994, -0.010109745897352695
0.9364075064659119, 1.1853216886520386, -0.021157322451472282
0.8536369800567627, 1.4502793550491333, -0.00947267934679985
0.8318109512329102, 1.3889259099960327, -0.01005733385682106
0.9049553275108337, 1.2675831317901611, 0.001900402596220374
0.8473291993141174, 1.1882704496383667, 0.0029983059503138065
0.9094352126121521, 1.130030870437622, -0.007866756059229374
0.792535126209259, 1.2509844303131104, -0.00989449117332697
0.849014401435852, 1.3496404886245728, -0.00965220108628273
0.9155134558677673, 1.4449070692062378, -0.02142108604311943
0.7885003089904785, 1.170928716659546, -0.009716964326798916
0.9290041923522949, 1.3348363637924194, 0.0022259026300162077
0.7939721941947937, 1.1677849292755127, -0.021209832280874252
0.8737497925758362, 1.507492184638977, -0.011188343167304993
0.9117116928100586, 1.5349138975143433, -0.022878596559166908
0.9517799019813538, 1.5183318853378296, -0.022112280130386353
0.9286128282546997, 1.5092127323150635, -0.020602775737643242
0.78932785987854, 1.229880452156067, -0.009116139262914658
0.8912889957427979, 1.1499708890914917, 0.005478488281369209
0.8656883239746094, 1.127985954284668, 0.0030786171555519104
1.011944055557251, 1.4865190982818604, -0.010882393456995487
1.0100346803665161, 1.3681144714355469, -0.010423841886222363
0.9720568060874939, 1.481168508529663, -0.022035952657461166
0.7727905511856079, 1.2360217571258545, 0.0013147705467417836
0.9091539978981018, 1.1307321786880493, 0.0016252207569777966
0.9491321444511414, 1.210938811302185, -0.010106981731951237
0.954355001449585, 1.3310096263885498, 0.002084525302052498
0.8888692855834961, 1.3911960124969482, -0.009637496434152126
0.8299654722213745, 1.2107619047164917, -0.023293910548090935
0.9531779885292053, 1.311549425125122, 0.004103811923414469
0.7706442475318909, 1.2348378896713257, -0.02119411900639534
1.012005090713501, 1.4765338897705078, -0.021889887750148773
0.9879468083381653, 1.3293687105178833, -0.010049309581518173
0.8944690227508545, 1.3115822076797485, 0.003059996757656336
0.8555304408073425, 1.487553358078003, -0.01275568176060915
0.8469464778900146, 1.4308514595031738, -0.008666419424116611
0.9237543940544128, 1.3107422590255737, 0.00325432769022882
0.9286477565765381, 1.410796880722046, -0.008599875494837761
0.8338382244110107, 1.2079715728759766, 0.0012260724324733019
0.883855402469635, 1.442159652709961, 3.5755871795117855E-4
0.9692289233207703, 1.289835810661316, -0.00933021865785122
0.9435268044471741, 1.3822959661483765, 2.2348301718011498E-4
0.9129596948623657, 1.1702935695648193, 0.002390058944001794
0.7526625990867615, 1.1855847835540771, -0.008012788370251656
0.9705376625061035, 1.3497443199157715, -0.008951392956078053
0.8872648477554321, 1.250213861465454, 0.0027739591896533966
0.8155065178871155, 1.3717970848083496, -0.015492311678826809
0.8524367213249207, 1.408150553703308, -0.009883067570626736
0.888102650642395, 1.53031587600708, -0.013850400224328041
0.9880881905555725, 1.5092600584030151, -0.02046138048171997
0.9209756255149841, 1.2988948822021484, 0.001051920815370977
1.014073133468628, 1.4064189195632935, -0.020662259310483932
0.8798357248306274, 1.193233609199524, 2.0554292132146657E-4
0.830771803855896, 1.3488197326660156, -0.011421146802604198
0.8349089622497559, 1.14810049533844, 0.002049696631729603
0.8681650161743164, 1.2407459020614624, 0.0014550997875630856
0.8293966054916382, 1.4053125381469727, -0.010745672509074211
0.8914238810539246, 1.2949299812316895, -0.021276842802762985
0.7765874862670898, 1.266933798789978, -0.01732954941689968
0.8319545984268188, 1.3134517669677734, 4.229273763485253E-4
0.9485166072845459, 1.2008463144302368, -0.020192207768559456
0.9488198757171631, 1.1701585054397583, -0.011274927295744419
0.8715919852256775, 1.4197750091552734, 4.353700205683708E-4
0.9070290327072144, 1.5110011100769043, -0.021905217319726944
0.7947992086410522, 1.3297828435897827, -0.012572181411087513
0.7711925506591797, 1.2475197315216064, -0.008930100128054619
0.8495516777038574, 1.3294283151626587, -0.010131866671144962
