0.14885281026363373, 0.7678806185722351, -0.06938226521015167
0.16363465785980225, 0.7616741061210632, -0.13226452469825745
0.12835246324539185, 0.7875912189483643, -0.08912811428308487
0.16362076997756958, 0.7626913189888, -0.09048675000667572
0.1489296555519104, 0.7679533362388611, -0.09050387889146805
0.14815598726272583, 0.7675647735595703, -0.10913319140672684
0.14153465628623962, 0.7824696898460388, -0.07310635596513748
0.17062124609947205, 0.7500941157341003, -0.029252134263515472
0.1492299884557724, 0.768457293510437, -0.030311038717627525
0.1697041243314743, 0.7494709491729736, -0.06884703040122986
0.1636541783809662, 0.7631062865257263, -0.05043208226561546
0.14849328994750977, 0.7682616710662842, -0.04946990683674812
0.12920838594436646, 0.7869037985801697, -0.051000431180000305
0.1645430475473404, 0.7650712132453918, -0.027252251282334328
0.14265519380569458, 0.7821508049964905, -0.050486840307712555
0.18265371024608612, 0.7438106536865234, -0.04994792863726616
0.17007911205291748, 0.7495592832565308, -0.050004445016384125
0.18334463238716125, 0.7435590028762817, -0.08721312135457993
0.12942557036876678, 0.7886802554130554, -0.029121536761522293
0.1897250860929489, 0.7293686866760254, -0.13058175146579742
0.19038110971450806, 0.7299638986587524, -0.10957329720258713
0.19087465107440948, 0.7304074764251709, -0.09062270075082779
0.12774047255516052, 0.8117275238037109, -0.028987566009163857
0.20267558097839355, 0.7216386795043945, -0.12844504415988922
0.19149653613567352, 0.7296818494796753, -0.05092284083366394
0.17277741432189941, 0.7524938583374023, -0.010666961781680584
0.1521516889333725, 0.7720255851745605, -0.008592247031629086
0.14977696537971497, 0.7888143658638, -0.008279635570943356
0.19317172467708588, 0.7328479886054993, -0.010772095061838627
0.2057487517595291, 0.7267661094665527, -0.02680956944823265
0.191024512052536, 0.7301371097564697, -0.029839063063263893
0.21177414059638977, 0.7110508680343628, -0.09067725390195847
0.21214120090007782, 0.7118350267410278, -0.030358396470546722
0.23011496663093567, 0.709786057472229, -0.009068058803677559
0.23275907337665558, 0.6926190853118896, -0.0503590889275074
0.2459201067686081, 0.6842024922370911, -0.04932642728090286
0.24579009413719177, 0.6842161417007446, -0.0899750217795372
0.17009228467941284, 0.7488052248954773, -0.08951585739850998
0.12822487950325012, 0.7887325882911682, -0.07140786945819855
0.20320315659046173, 0.7230589389801025, -0.09041279554367065
0.21148882806301117, 0.7111021876335144, -0.11060608923435211
0.18240632116794586, 0.7430298924446106, -0.12804372608661652
0.21216429769992828, 0.7112236022949219, -0.07006759196519852
0.18404290080070496, 0.7422630190849304, -0.15012629330158234
0.12807756662368774, 0.7862529158592224, -0.1305890530347824
0.1334197223186493, 0.7911162376403809, -0.010046633891761303
0.1714254468679428, 0.7530380487442017, 0.00337809300981462
0.2244255244731903, 0.703655481338501, -0.050187624990940094
0.224020853638649, 0.7033772468566895, -0.1302652359008789
0.1623612493276596, 0.7626484036445618, -0.0686299204826355
0.1911974847316742, 0.7304126024246216, -0.06934064626693726
0.12737548351287842, 0.7882382273674011, -0.10922261327505112
0.1881209909915924, 0.7274353504180908, -0.14930902421474457
0.1692737638950348, 0.7496428489685059, -0.11054321378469467
0.2244463413953781, 0.7038418054580688, -0.1080683246254921
0.14625149965286255, 0.7656559944152832, -0.16231639683246613
0.16962160170078278, 0.7486141920089722, -0.13132448494434357
0.13572578132152557, 0.7756668925285339, -0.04843232035636902
0.14884331822395325, 0.7672475576400757, -0.13061653077602386
0.2331603318452835, 0.6925901174545288, -0.03103495016694069
0.13500884175300598, 0.7752740383148193, -0.10911338776350021
0.20212283730506897, 0.7249155640602112, -0.16373783349990845
0.13495740294456482, 0.7761629223823547, -0.0709124431014061
0.21343965828418732, 0.713760495185852, -0.009394525550305843
0.21202583611011505, 0.7113521695137024, -0.05044449865818024
0.272336483001709, 0.6687347292900085, -0.1635332852602005
0.25379154086112976, 0.6747046709060669, -0.030732132494449615
0.13499334454536438, 0.775486171245575, -0.08931612968444824
0.16277052462100983, 0.7627561092376709, -0.11253340542316437
0.18237538635730743, 0.7433032989501953, -0.11009714752435684
0.16747216880321503, 0.7464123964309692, -0.15010952949523926
0.1759563535451889, 0.7349882125854492, -0.1304774135351181
0.15543881058692932, 0.7573431134223938, -0.11095046997070312
0.23241223394870758, 0.6929598450660706, -0.09022315591573715
0.1844702959060669, 0.7421993613243103, -0.06771985441446304
0.11707225441932678, 0.7914739847183228, -0.09203597903251648
0.11306080222129822, 0.8084301352500916, -0.047890301793813705
0.23355312645435333, 0.6932288408279419, 0.0026046112179756165
0.11549118906259537, 0.8086428046226501, -0.03243757039308548
0.15593157708644867, 0.7559655904769897, -0.05157630518078804
0.1557682752609253, 0.7568186521530151, -0.030954835936427116
0.15588440001010895, 0.7568076252937317, -0.008927162736654282
0.1164233535528183, 0.793306827545166, -0.04938675835728645
0.17686417698860168, 0.7368724346160889, -0.11057127267122269
0.1670992374420166, 0.7482016682624817, -0.16336388885974884
0.11590436846017838, 0.7929307818412781, -0.071072056889534
0.15439827740192413, 0.7560818195343018, -0.06840753555297852
0.13520003855228424, 0.7749943137168884, -0.02947360649704933
0.1567830741405487, 0.7549045085906982, -0.08997447043657303
0.11342719942331314, 0.8087002038955688, -0.08947689086198807
0.1466096192598343, 0.7662853598594666, -0.14997729659080505
0.11769747734069824, 0.7910850644111633, -0.009839503094553947
0.25035521388053894, 0.6829199194908142, -0.16329868137836456
0.11509696394205093, 0.7927573919296265, -0.029335293918848038
0.2031114101409912, 0.7223740816116333, -0.1467779576778412
0.17607304453849792, 0.7361083030700684, -0.009098879992961884
0.11617722362279892, 0.7947704195976257, -0.13124117255210876
0.17684660851955414, 0.7370821237564087, -0.05210672318935394
0.13493166863918304, 0.775421142578125, -0.011724606156349182
0.17767608165740967, 0.7369456887245178, -0.09200206398963928
0.14615598320960999, 0.785624623298645, -0.026580892503261566
0.15514498949050903, 0.7535927295684814, -0.13450491428375244
0.10923684388399124, 0.8089392781257629, -0.06972245872020721
0.19681918621063232, 0.7181941866874695, -0.055342137813568115
0.17637784779071808, 0.736345648765564, -0.025129521265625954
0.19677068293094635, 0.716672956943512, -0.029339957982301712
0.19343793392181396, 0.7321954965591431, 0.002885261783376336
0.16341015696525574, 0.7623938322067261, -0.14830709993839264
0.19585742056369781, 0.7174009084701538, -0.10896474123001099
0.10767184942960739, 0.8092016577720642, -0.15009872615337372
0.24596139788627625, 0.6842827200889587, -0.07072701305150986
0.1742347627878189, 0.7372105717658997, -0.07535434514284134
0.12188998609781265, 0.8048661947250366, -0.06990707665681839
0.20395952463150024, 0.7227330207824707, -0.0695938840508461
0.2187482714653015, 0.6969201564788818, -0.08468382060527802
0.197459414601326, 0.7173458337783813, -0.09121035039424896
0.20324119925498962, 0.7226805686950684, -0.10960174351930618
0.2343554049730301, 0.6944226622581482, -0.009717065840959549
0.18649159371852875, 0.7445003390312195, -0.026557760313153267
0.20360969007015228, 0.7236797213554382, -0.04832463711500168
0.2537743151187897, 0.676317036151886, -0.010307111777365208
0.13388097286224365, 0.7743526697158813, -0.13032732903957367
0.1979580521583557, 0.7166022062301636, -0.07241759449243546
