0.009445799514651299, 0.22855187952518463, 0.6492167115211487
0.027099337428808212, 0.20938071608543396, 0.6673423647880554
0.06755711138248444, 0.2039162516593933, 0.6459938883781433
0.05186513066291809, 0.21566817164421082, 0.6330841183662415
-0.0036780834197998047, 0.23092320561408997, 0.6493868827819824
0.026151956990361214, 0.22294485569000244, 0.6474331021308899
0.04979802295565605, 0.20895561575889587, 0.6498507857322693
0.04930492118000984, 0.22468972206115723, 0.625832200050354
0.04801831394433975, 0.20501762628555298, 0.6635751724243164
0.031040992587804794, 0.21485047042369843, 0.6522718667984009
0.012495419941842556, 0.23491625487804413, 0.6324151754379272
0.029389768838882446, 0.22862790524959564, 0.6296034455299377
0.010048734955489635, 0.22192692756652832, 0.6652290225028992
0.03206460922956467, 0.23538877069950104, 0.6122591495513916
0.07125778496265411, 0.21152764558792114, 0.6300305724143982
0.07300369441509247, 0.2171143889427185, 0.6152331233024597
0.06931685656309128, 0.22806259989738464, 0.6083763837814331
0.0675564631819725, 0.22339700162410736, 0.6252025961875916
0.09099040180444717, 0.21391049027442932, 0.6113294959068298
0.08608505874872208, 0.2243068367242813, 0.6065558195114136
0.08758758008480072, 0.20772391557693481, 0.6277896165847778
0.05088679492473602, 0.2310871034860611, 0.6109635233879089
0.07101243734359741, 0.23499855399131775, 0.5912254452705383
0.054094523191452026, 0.23767106235027313, 0.5928208231925964
0.050074998289346695, 0.24456465244293213, 0.5889068841934204
0.029719315469264984, 0.2500087320804596, 0.5903782844543457
0.06530410796403885, 0.24295926094055176, 0.5858141779899597
0.0509285032749176, 0.25227323174476624, 0.5709721446037292
0.0334789864718914, 0.2552650272846222, 0.5741609334945679
0.08949761092662811, 0.2280334234237671, 0.589682936668396
0.09586634486913681, 0.21797052025794983, 0.5949534177780151
0.10484664142131805, 0.20937024056911469, 0.6080532073974609
0.10429367423057556, 0.22327809035778046, 0.5863122940063477
0.10865305364131927, 0.21491728723049164, 0.5919799208641052
0.09141989797353745, 0.23463168740272522, 0.5710911154747009
0.08395764976739883, 0.2418375313282013, 0.5671744346618652
0.06891259551048279, 0.24648959934711456, 0.5701658725738525
0.10770747810602188, 0.2273120880126953, 0.5692265033721924
0.12207241356372833, 0.21210309863090515, 0.5845317244529724
0.05430850386619568, 0.25723424553871155, 0.5559329986572266
0.09006082266569138, 0.24508938193321228, 0.550518810749054
0.07105644792318344, 0.25206607580184937, 0.5528225898742676
0.04911176487803459, 0.26345527172088623, 0.549839973449707
0.07758013904094696, 0.25758790969848633, 0.5377296209335327
0.12331918627023697, 0.21592599153518677, 0.5729120373725891
0.10835912823677063, 0.23433703184127808, 0.553700864315033
0.011833172291517258, 0.2561626434326172, 0.5920247435569763
0.09623190015554428, 0.23834984004497528, 0.5557869672775269
0.037573594599962234, 0.21852964162826538, 0.6369425654411316
0.11583882570266724, 0.21715670824050903, 0.5766781568527222
0.10904514789581299, 0.1975148618221283, 0.615778923034668
-0.0035126011352986097, 0.2371925264596939, 0.6357153654098511
0.025495406240224838, 0.24489924311637878, 0.6081174612045288
0.09293219447135925, 0.24953335523605347, 0.5364328622817993
0.12099085003137589, 0.1936381310224533, 0.6136772036552429
0.10294362157583237, 0.1943816840648651, 0.6280696988105774
0.01634298823773861, 0.23752067983150482, 0.6172938346862793
0.07490465044975281, 0.23886054754257202, 0.5748357772827148
0.05858147144317627, 0.21951672434806824, 0.617982029914856
-0.005631003528833389, 0.24953709542751312, 0.6146869659423828
0.011357428506016731, 0.21320179104804993, 0.6709645390510559
0.01542393583804369, 0.21775314211845398, 0.6555885076522827
0.08502815663814545, 0.19407884776592255, 0.6462967395782471
0.09108047187328339, 0.19711296260356903, 0.6333213448524475
0.006409061141312122, 0.20867910981178284, 0.687578022480011
0.05200871825218201, 0.2661692202091217, 0.5375297665596008
0.008055407553911209, 0.24258628487586975, 0.6274686455726624
0.01050830353051424, 0.24855874478816986, 0.6099703907966614
0.03431093692779541, 0.23909121751785278, 0.5967965126037598
0.015526890754699707, 0.26321879029273987, 0.572929322719574
0.016066623851656914, 0.2590576410293579, 0.5783151388168335
0.011391893960535526, 0.26069045066833496, 0.5851951837539673
-0.005706944968551397, 0.24419943988323212, 0.6277716159820557
0.022249529138207436, 0.2633959949016571, 0.5625213384628296
-0.0058554732240736485, 0.22071541845798492, 0.6764814257621765
0.03399293124675751, 0.26306062936782837, 0.5531405210494995
-0.0019976827315986156, 0.25719258189201355, 0.5992822051048279
