0.542352557182312, 1.3833916187286377, -0.07266294956207275
0.5312221050262451, 1.3744534254074097, -0.08923931419849396
0.5331227779388428, 1.373657464981079, -0.11102976649999619
0.5668860673904419, 1.3658463954925537, -0.08933375775814056
0.5328033566474915, 1.3744438886642456, -0.028217995539307594
0.531292200088501, 1.37455415725708, -0.06908700615167618
0.5273911356925964, 1.3843142986297607, -0.0892215147614479
0.5096324682235718, 1.3891072273254395, -0.04906260222196579
0.5307141542434692, 1.3746575117111206, -0.049085583537817
0.5049439072608948, 1.4044235944747925, -0.08925045281648636
0.5094015598297119, 1.4023544788360596, -0.04796689748764038
0.5090172290802002, 1.3883962631225586, -0.09036442637443542
0.5682446360588074, 1.3645801544189453, -0.10895706713199615
0.5403990149497986, 1.3807847499847412, -0.05632443353533745
0.5093467235565186, 1.3895044326782227, -0.06882170587778091
0.5269781351089478, 1.3834465742111206, -0.10816553235054016
0.5653523206710815, 1.3659924268722534, -0.04987572878599167
0.5271160006523132, 1.3856301307678223, -0.030572300776839256
0.5094308257102966, 1.3892734050750732, -0.10928467661142349
0.5273054838180542, 1.385050892829895, -0.12991400063037872
0.49204930663108826, 1.3945509195327759, -0.10998693108558655
0.5326359868049622, 1.3744556903839111, -0.13220061361789703
0.5277890563011169, 1.3841346502304077, -0.1497727632522583
0.5090029239654541, 1.3882153034210205, -0.14938414096832275
0.5330401062965393, 1.3762058019638062, -0.0130684245377779
0.5095937252044678, 1.3902734518051147, -0.028850652277469635
0.4891242980957031, 1.4049242734909058, -0.06897417455911636
0.48767396807670593, 1.4049865007400513, -0.11027371138334274
0.4876067340373993, 1.4041881561279297, -0.09070860594511032
0.4871453046798706, 1.405276894569397, -0.049019552767276764
0.4706244170665741, 1.4095866680145264, -0.05036863684654236
0.48611798882484436, 1.4048562049865723, -0.12841515243053436
0.4515986740589142, 1.4144911766052246, -0.08946217596530914
0.45170044898986816, 1.4150586128234863, -0.07125456631183624
0.44685614109039307, 1.4247416257858276, -0.05041900649666786
0.44833311438560486, 1.4234423637390137, -0.12969179451465607
0.4485112130641937, 1.42429780960083, -0.11065223067998886
0.4299314618110657, 1.430619239807129, -0.07016155868768692
0.42997363209724426, 1.4296554327011108, -0.08978834003210068
0.43044477701187134, 1.4292242527008057, -0.10911626368761063
0.42943644523620605, 1.441698670387268, -0.05192405730485916
0.42781737446784973, 1.4446585178375244, -0.029776696115732193
0.487068772315979, 1.4063595533370972, -0.15069326758384705
0.4882279634475708, 1.4061660766601562, -0.0274181105196476
0.4479649066925049, 1.4248675107955933, -0.07081900537014008
0.5495032072067261, 1.367522120475769, -0.08996163308620453
0.4695650041103363, 1.4086285829544067, -0.07022985816001892
0.4688557982444763, 1.407785177230835, -0.08898431807756424
0.48725664615631104, 1.4031875133514404, -0.16790859401226044
0.5277504920959473, 1.3846100568771362, -0.07260201871395111
0.509048342704773, 1.3898427486419678, -0.13081875443458557
0.5500296950340271, 1.3688634634017944, -0.06893022358417511
0.49218323826789856, 1.395379662513733, -0.09028557687997818
0.5512300729751587, 1.3671932220458984, -0.12886634469032288
0.430107444524765, 1.4303244352340698, -0.13003955781459808
0.44693318009376526, 1.4236053228378296, -0.0900416299700737
0.4524005651473999, 1.4153920412063599, -0.05089713633060455
0.44767650961875916, 1.4264318943023682, -0.031279973685741425
0.5495096445083618, 1.3689258098602295, -0.04958297684788704
0.5111955404281616, 1.3912242650985718, -0.00999730359762907
0.5485616326332092, 1.3689767122268677, -0.028943371027708054
0.4300960600376129, 1.4300605058670044, -0.05040781944990158
0.46979108452796936, 1.4098374843597412, -0.10969164967536926
0.4912564754486084, 1.3944770097732544, -0.029677141457796097
0.50421142578125, 1.4039719104766846, -0.06464925408363342
0.5504782795906067, 1.3708317279815674, -0.010446305386722088
0.5507380366325378, 1.3687294721603394, -0.1493140608072281
0.4700789451599121, 1.4102084636688232, -0.02934863604605198
0.4663670063018799, 1.4215301275253296, -0.1301240622997284
0.4689072072505951, 1.4096355438232422, -0.15075764060020447
0.4646654725074768, 1.4227709770202637, -0.06955134868621826
0.49243518710136414, 1.393709421157837, -0.0476016029715538
0.49127599596977234, 1.393113136291504, -0.06984969228506088
0.43100643157958984, 1.4306765794754028, -0.03060608170926571
0.46766912937164307, 1.4219236373901367, -0.09230121225118637
0.5513454079627991, 1.3831799030303955, -0.10183253139257431
0.47081100940704346, 1.4087773561477661, -0.13059546053409576
0.48101893067359924, 1.4215587377548218, -0.07234153896570206
0.45085474848747253, 1.4301608800888062, -0.011233314871788025
0.5294474959373474, 1.3886244297027588, -0.012141433544456959
0.5042145252227783, 1.402512788772583, -0.1275111734867096
0.46497392654418945, 1.4209537506103516, -0.047316811978816986
0.5701923370361328, 1.3654930591583252, -0.12970586121082306
0.4283512234687805, 1.4426376819610596, -0.060902517288923264
0.49069228768348694, 1.3940232992172241, -0.12977847456932068
0.5669395327568054, 1.3684663772583008, -0.028521521016955376
0.4649282991886139, 1.4212359189987183, -0.11095134168863297
0.5489087700843811, 1.3806977272033691, -0.09765353053808212
0.4358883798122406, 1.4160140752792358, -0.09062796086072922
0.4686061441898346, 1.4217278957366943, -0.15470805764198303
0.41024938225746155, 1.4450713396072388, -0.0704166442155838
0.5001224875450134, 1.401442527770996, -0.1053754985332489
0.529985249042511, 1.3841394186019897, -0.16609491407871246
0.4373384416103363, 1.4161152839660645, -0.07008585333824158
0.4308583736419678, 1.4317753314971924, -0.013195699080824852
0.4474303126335144, 1.4405354261398315, -0.10175003111362457
0.5265072584152222, 1.3849530220031738, -0.04979183152318001
0.5058931708335876, 1.3874746561050415, -0.16647003591060638
0.41169798374176025, 1.4356024265289307, -0.01082089263945818
0.47084206342697144, 1.4107919931411743, -0.01168755441904068
0.40663766860961914, 1.4466242790222168, -0.09229233115911484
0.5560554265975952, 1.357566475868225, -0.13240598142147064
0.45110929012298584, 1.4156311750411987, -0.011819927021861076
0.46825534105300903, 1.4073275327682495, -0.1657065749168396
0.4145742952823639, 1.4341601133346558, -0.12635290622711182
0.3946259915828705, 1.4450995922088623, -0.13125105202198029
0.5135442614555359, 1.3748245239257812, -0.028012830764055252
0.4740666449069977, 1.3966259956359863, -0.06977790594100952
0.46910905838012695, 1.393881916999817, -0.05284055322408676
0.5091195702552795, 1.3781956434249878, -0.06523089855909348
0.4384523928165436, 1.417858362197876, -0.016671819612383842
0.4368368983268738, 1.417490005493164, -0.044431090354919434
0.40926089882850647, 1.444352626800537, -0.11061281710863113
0.5501729249954224, 1.3573963642120361, -0.012929389253258705
0.4139801561832428, 1.4440306425094604, -0.13093878328800201
