0.3693445026874542, 0.45035573840141296, -0.008413933217525482
0.4736957848072052, 0.45612454414367676, -0.14604638516902924
0.5332837700843811, 0.4362587034702301, -0.14654624462127686
0.49123236536979675, 0.45337170362472534, -0.1488163024187088
0.4718032777309418, 0.4717242121696472, -0.14930680394172668
0.45036789774894714, 0.42814454436302185, -0.027328118681907654
0.3133615255355835, 0.5149530172348022, -0.06979848444461823
0.27105024456977844, 0.5357386469841003, -0.06605742871761322
0.3325524628162384, 0.511482834815979, -0.0897727757692337
0.4103027880191803, 0.40905463695526123, 0.003639284521341324
0.43484702706336975, 0.4755384624004364, -0.14527033269405365
0.3889939486980438, 0.49165043234825134, -0.11007385700941086
0.49025988578796387, 0.46983829140663147, -0.15075509250164032
0.5318561792373657, 0.45133036375045776, -0.1636301875114441
0.3090573251247406, 0.5319318175315857, -0.11061867326498032
0.2921278774738312, 0.5489909052848816, -0.1328243911266327
0.3111765384674072, 0.5357866287231445, -0.13021129369735718
0.330830454826355, 0.5298964977264404, -0.13227851688861847
0.2293207198381424, 0.567474365234375, -0.09162790328264236
0.22684426605701447, 0.5850355625152588, -0.1332898885011673
0.3490025997161865, 0.4901622235774994, -0.048899661749601364
0.4503069519996643, 0.46824270486831665, -0.1335107386112213
0.24805858731269836, 0.5644616484642029, -0.11022711545228958
0.4564446806907654, 0.4583500623703003, -0.14481908082962036
0.4888186752796173, 0.41660186648368835, -0.048068318516016006
0.5314273238182068, 0.43245548009872437, -0.1325569897890091
0.3913863003253937, 0.49220457673072815, -0.12940208613872528
0.3497543931007385, 0.47416195273399353, -0.024553673341870308
0.3721124827861786, 0.4936549961566925, -0.10932469367980957
0.35911279916763306, 0.4978894591331482, -0.10604465007781982
0.41012826561927795, 0.4887390434741974, -0.13291290402412415
0.49000754952430725, 0.4137856066226959, -0.02668331190943718
0.32952257990837097, 0.5157231688499451, -0.10673211514949799
0.4887561500072479, 0.446594774723053, -0.13464513421058655
0.18990877270698547, 0.5932555198669434, -0.10902625322341919
0.2908828556537628, 0.5367246270179749, -0.10921721160411835
0.24948543310165405, 0.5560120940208435, -0.08723478764295578
0.21087458729743958, 0.5918300151824951, -0.1327381581068039
0.3531695008277893, 0.5169855952262878, -0.14674513041973114
0.4705545902252197, 0.40806305408477783, -0.010687547735869884
0.3476676940917969, 0.5106377005577087, -0.11024308204650879
0.19118627905845642, 0.5862321257591248, -0.08915995061397552
0.39739149808883667, 0.4586638808250427, -0.043671779334545135
0.3925583064556122, 0.49670180678367615, -0.14758418500423431
0.42926299571990967, 0.47462189197540283, -0.1319875717163086
0.16950005292892456, 0.5911288261413574, -0.07055667787790298
0.20911937952041626, 0.5649772882461548, -0.05132543295621872
0.3317754864692688, 0.49483948945999146, -0.045802388340234756
0.4308549761772156, 0.4913954436779022, -0.14892739057540894
0.26905331015586853, 0.5682041645050049, -0.13745583593845367
0.23100976645946503, 0.5728179216384888, -0.11063724756240845
0.33552002906799316, 0.5181980133056641, -0.126774400472641
0.4513036012649536, 0.45274895429611206, -0.10861261188983917
0.5130970478057861, 0.4377491772174835, -0.14621153473854065
0.4098717272281647, 0.45088207721710205, -0.0294661745429039
0.5093934535980225, 0.4466117322444916, -0.13631728291511536
0.23340430855751038, 0.5567513108253479, -0.06580695509910583
0.29410070180892944, 0.5566173195838928, -0.16185040771961212
0.42818620800971985, 0.42740514874458313, -0.008562513627111912
0.49017590284347534, 0.47230884432792664, -0.1631471812725067
0.2963148355484009, 0.5188901424407959, -0.062323927879333496
0.4506429135799408, 0.4912307560443878, -0.15013769268989563
0.4297765791416168, 0.4099429249763489, 0.00400917511433363
0.3289150595664978, 0.5083038210868835, -0.06993604451417923
0.3093666136264801, 0.5112883448600769, -0.048394784331321716
0.38918837904930115, 0.47754284739494324, -0.08950888365507126
0.4738021492958069, 0.4133722186088562, -0.027731526643037796
0.31525617837905884, 0.517249584197998, -0.08819950371980667
0.5104262828826904, 0.4526163339614868, -0.14895682036876678
0.21017558872699738, 0.5759223103523254, -0.0876888632774353
0.15157684683799744, 0.5922786593437195, -0.048390764743089676
0.22823451459407806, 0.5540781617164612, -0.049551405012607574
0.493816077709198, 0.4353860914707184, -0.12864607572555542
0.5116378664970398, 0.43292757868766785, -0.11103196442127228
0.4123999774456024, 0.49687379598617554, -0.16238901019096375
0.35271963477134705, 0.5143209099769592, -0.1297137439250946
0.31809356808662415, 0.4989015460014343, -0.04227975383400917
0.4323396384716034, 0.4343302249908447, -0.025910155847668648
0.49734315276145935, 0.43900901079177856, -0.14573729038238525
0.5521137118339539, 0.43237972259521484, -0.14861410856246948
0.5469355583190918, 0.42852845788002014, -0.1350833773612976
0.4109887480735779, 0.4278249144554138, 0.0032556161750108004
0.4298591911792755, 0.4104810357093811, -0.007618967443704605
0.44800230860710144, 0.41363099217414856, -0.022856516763567924
0.4917907118797302, 0.4540348947048187, -0.1626511514186859
0.4495159089565277, 0.4095870852470398, -0.0074383909814059734
0.5176953077316284, 0.41648197174072266, -0.0825151801109314
0.47103598713874817, 0.4516558051109314, -0.1322292536497116
0.4489043951034546, 0.40636011958122253, 0.0035851160064339638
0.25709059834480286, 0.5589393973350525, -0.10364668071269989
0.2097001075744629, 0.5840100049972534, -0.11074553430080414
0.5103146433830261, 0.4537389576435089, -0.16181962192058563
0.35045894980430603, 0.49570325016975403, -0.06843066215515137
0.4756556451320648, 0.4171411395072937, -0.0426970012485981
0.37452346086502075, 0.49856895208358765, -0.12833917140960693
0.3553853929042816, 0.4950176775455475, -0.08810650557279587
0.37011104822158813, 0.490913063287735, -0.0899701863527298
0.47112882137298584, 0.4687625467777252, -0.1375715136528015
0.5556166172027588, 0.4186800718307495, -0.14522135257720947
0.28620415925979614, 0.5451104044914246, -0.11109805107116699
0.2931755483150482, 0.5254003405570984, -0.06826582551002502
0.4089815318584442, 0.4297041893005371, -0.007661334704607725
0.4338715076446533, 0.4585798978805542, -0.1067696064710617
0.5059736967086792, 0.43707898259162903, -0.1333693563938141
0.3145519495010376, 0.5379630923271179, -0.14597000181674957
0.5339807868003845, 0.4150027632713318, -0.10424339771270752
0.5478951930999756, 0.3900738060474396, -0.027032624930143356
0.24973352253437042, 0.5719102621078491, -0.13211999833583832
0.30804648995399475, 0.5466889142990112, -0.13483138382434845
0.32712551951408386, 0.48481613397598267, -0.012017830274999142
0.4128164052963257, 0.4364261031150818, -0.0238810908049345
0.3686301112174988, 0.5082642436027527, -0.1328282356262207
0.45463860034942627, 0.45539045333862305, -0.12872877717018127
0.21745020151138306, 0.5776067972183228, -0.10503243654966354
0.3068051040172577, 0.5063380002975464, -0.03186073154211044
0.4549098610877991, 0.47778475284576416, -0.1620103418827057
0.25587156414985657, 0.5373533964157104, -0.049402497708797455
0.32798612117767334, 0.5269666910171509, -0.11086717993021011
0.27584749460220337, 0.5379489660263062, -0.08630574494600296
0.5540270209312439, 0.4332287013530731, -0.16107594966888428
0.2672557830810547, 0.5220000147819519, -0.024675734341144562
0.45126593112945557, 0.47419509291648865, -0.14723902940750122
0.25188538432121277, 0.5484398603439331, -0.06838743388652802
0.19463896751403809, 0.5771054029464722, -0.0672503262758255
0.2325514703989029, 0.5346205234527588, -0.024049757048487663
0.3090270757675171, 0.4881787896156311, -0.009856421500444412
0.4070734977722168, 0.44476163387298584, -0.010758697055280209
0.4895716607570648, 0.40634143352508545, -0.01027553528547287
0.5301070213317871, 0.45035624504089355, -0.1495220810174942
0.4895475506782532, 0.43232008814811707, -0.1084260493516922
0.4467126131057739, 0.43614938855171204, -0.048683252185583115
0.553520679473877, 0.41443806886672974, -0.13250508904457092
0.430804044008255, 0.46423208713531494, -0.11016888916492462
0.4370894730091095, 0.4389497935771942, -0.04609216749668121
0.229177787899971, 0.5452394485473633, -0.02846299111843109
0.5089266300201416, 0.4696427583694458, -0.1627500057220459
0.4734104573726654, 0.4390113055706024, -0.10945437848567963
0.3277391791343689, 0.504433274269104, -0.0543069988489151
0.23824065923690796, 0.5594944953918457, -0.08889594674110413
0.29611414670944214, 0.5313453674316406, -0.0899915024638176
0.21595926582813263, 0.5577704906463623, -0.04469463229179382
0.39669960737228394, 0.4787891209125519, -0.10513265430927277
0.35932183265686035, 0.47856661677360535, -0.04309766739606857
0.47052791714668274, 0.4267655909061432, -0.048504218459129333
0.428143709897995, 0.44281402230262756, -0.027565093711018562
0.5061360597610474, 0.4049120843410492, -0.012848131358623505
0.40626999735832214, 0.45667195320129395, -0.04750340059399605
0.45959901809692383, 0.4391610026359558, -0.08945204317569733
0.33012083172798157, 0.46994051337242126, -0.008849368430674076
0.42811319231987, 0.4262220561504364, 0.0022629378363490105
0.3495204746723175, 0.46831443905830383, -0.009776081889867783
0.35093754529953003, 0.5297068357467651, -0.13589194416999817
0.17338907718658447, 0.598713219165802, -0.10539920628070831
0.41135868430137634, 0.47333255410194397, -0.1106761246919632
0.27773842215538025, 0.5470604300498962, -0.10794521123170853
0.18314522504806519, 0.5825382471084595, -0.06890250742435455
0.18886567652225494, 0.5660716891288757, -0.027806030586361885
0.41919735074043274, 0.47962087392807007, -0.14619609713554382
0.2778366506099701, 0.5592891573905945, -0.14316344261169434
0.2587888538837433, 0.5385868549346924, -0.06248999014496803
0.2075049728155136, 0.5700702667236328, -0.06859469413757324
0.18916238844394684, 0.5743895173072815, -0.04930246248841286
0.34689322113990784, 0.506591260433197, -0.08912315219640732
0.4118085503578186, 0.49465712904930115, -0.14837557077407837
0.2744801640510559, 0.5457178354263306, -0.09415709972381592
0.2851291298866272, 0.5240676999092102, -0.04927532374858856
0.4872336685657501, 0.40577566623687744, 0.0036641950719058514
0.4457554221153259, 0.42435184121131897, -0.013175430707633495
0.5344259738922119, 0.41205883026123047, -0.07038488239049911
0.4294673800468445, 0.4621120095252991, -0.09003466367721558
0.3697885274887085, 0.47131723165512085, -0.027825813740491867
0.3866536319255829, 0.5073715448379517, -0.1348513811826706
0.5136100053787231, 0.40897849202156067, -0.02960040234029293
0.29860666394233704, 0.5368435382843018, -0.1251080185174942
0.16939114034175873, 0.584439754486084, -0.05517592281103134
0.31110838055610657, 0.5262083411216736, -0.09502056241035461
0.16839012503623962, 0.5953037738800049, -0.0876903235912323
0.24940915405750275, 0.530808687210083, -0.02505292184650898
0.46658873558044434, 0.4247039556503296, -0.03509565815329552
0.5142180323600769, 0.41428351402282715, -0.047340378165245056
0.5367704033851624, 0.41517722606658936, -0.09675219655036926
0.2922883927822113, 0.5164880156517029, -0.04530364274978638
0.15447060763835907, 0.598910391330719, -0.08299523591995239
0.37115511298179626, 0.5045192241668701, -0.11096341162919998
0.152510866522789, 0.5963689684867859, -0.06871672719717026
0.5678040981292725, 0.39322128891944885, -0.06881412863731384
0.5729777812957764, 0.431631475687027, -0.16275960206985474
0.5642085671424866, 0.3981684148311615, -0.0822027176618576
0.47954845428466797, 0.4573248028755188, -0.16193433105945587
0.18880552053451538, 0.6055780649185181, -0.1359301209449768
0.2443343847990036, 0.542980432510376, -0.04997503012418747
0.13198919594287872, 0.6063171029090881, -0.07243067771196365
0.4362461268901825, 0.4544453024864197, -0.0906759575009346
0.14624972641468048, 0.600422739982605, -0.06893220543861389
0.37267017364501953, 0.47756126523017883, -0.052374862134456635
0.34719231724739075, 0.5060771107673645, -0.0784163847565651
0.30429044365882874, 0.5207952260971069, -0.05655213072896004
0.4244711399078369, 0.4427330791950226, -0.009426183067262173
0.3896850049495697, 0.47105568647384644, -0.04809051752090454
0.3082025945186615, 0.5255394577980042, -0.07676006108522415
0.5446562767028809, 0.4183550179004669, -0.1114138588309288
0.4955051839351654, 0.42695456743240356, -0.03993355855345726
0.34415003657341003, 0.4806912839412689, -0.01833733730018139
