0.3696240186691284, 0.5523476600646973, -0.1380711942911148
0.38842493295669556, 0.5712506175041199, -0.16358672082424164
0.3685130178928375, 0.5681810975074768, -0.13762956857681274
0.35156556963920593, 0.5868472456932068, -0.13756291568279266
0.35043230652809143, 0.5679349303245544, -0.13833840191364288
0.38859567046165466, 0.5723758935928345, -0.13659994304180145
0.4098483622074127, 0.5472767949104309, -0.13656482100486755
0.39236536622047424, 0.550368070602417, -0.13787658512592316
0.4306972920894623, 0.5501313209533691, -0.16278381645679474
0.3498792350292206, 0.5901334285736084, -0.16309480369091034
0.4055965542793274, 0.5897835493087769, -0.13818933069705963
0.40939122438430786, 0.5500638484954834, -0.16259248554706573
0.32698190212249756, 0.5923632383346558, -0.13754861056804657
0.3303748071193695, 0.6110552549362183, -0.13724806904792786
0.3119428753852844, 0.5896561741828918, -0.1370444893836975
0.32954317331314087, 0.6115188598632812, -0.16346615552902222
0.3299625813961029, 0.5909173488616943, -0.16273726522922516
0.4273357689380646, 0.5090704560279846, -0.13720010221004486
0.4481751024723053, 0.5310441851615906, -0.16311948001384735
0.4491692781448364, 0.5100661516189575, -0.1617865413427353
0.4705270528793335, 0.548940122127533, -0.16356448829174042
0.4699232578277588, 0.5694490671157837, -0.16315461695194244
0.45262181758880615, 0.5490789413452148, -0.163216695189476
0.4504697918891907, 0.5914011001586914, -0.16293400526046753
0.46925726532936096, 0.5305389165878296, -0.16238051652908325
0.4285956025123596, 0.6091929078102112, -0.1374247670173645
0.29021865129470825, 0.5897780656814575, -0.13746213912963867
0.2892935574054718, 0.606746256351471, -0.13773594796657562
0.3492763638496399, 0.6503422260284424, -0.13747742772102356
0.26924049854278564, 0.6100047826766968, -0.1380511224269867
0.5711893439292908, 0.4109840393066406, -0.13220974802970886
0.6229742765426636, 0.42207837104797363, -0.13416406512260437
0.589592456817627, 0.43008601665496826, -0.13792961835861206
0.499385803937912, 0.44681912660598755, -0.11756227165460587
0.4687125086784363, 0.5905621647834778, -0.16268134117126465
0.4892577826976776, 0.5711310505867004, -0.16345800459384918
0.47264423966407776, 0.6291057467460632, -0.16355526447296143
0.2492227852344513, 0.611047625541687, -0.137175515294075
0.2530324459075928, 0.5766458511352539, -0.14703994989395142
0.2765657305717468, 0.5564908981323242, -0.13458839058876038
0.25090041756629944, 0.6298426985740662, -0.1373419165611267
0.2507064640522003, 0.6299014687538147, -0.16333410143852234
0.23365120589733124, 0.6121302843093872, -0.13746853172779083
0.232797771692276, 0.631698489189148, -0.13768377900123596
0.6291267275810242, 0.4709317982196808, -0.16259044408798218
0.5841887593269348, 0.4879298210144043, -0.13793250918388367
0.5896258354187012, 0.4890064597129822, -0.16314122080802917
0.6089444756507874, 0.5101169347763062, -0.1631622314453125
0.5685477256774902, 0.5498356223106384, -0.1629323661327362
0.5707285404205322, 0.492209255695343, -0.16301065683364868
0.6499049663543701, 0.411484032869339, -0.13806353509426117
0.48975613713264465, 0.6080085039138794, -0.13833150267601013
0.5304924845695496, 0.5886666774749756, -0.1631792038679123
0.2385181039571762, 0.5790650844573975, -0.14170563220977783
0.23015472292900085, 0.6498735547065735, -0.16357411444187164
0.20932945609092712, 0.650332510471344, -0.16298486292362213
0.18899796903133392, 0.6517692804336548, -0.13812461495399475
0.5692201256752014, 0.6111211776733398, -0.16331304609775543
0.19106198847293854, 0.6903991103172302, -0.1634242832660675
0.14799457788467407, 0.6434255242347717, -0.1385328322649002
0.17250384390354156, 0.6160297393798828, -0.14753803610801697
0.16805770993232727, 0.7296128273010254, -0.1637335866689682
0.15618598461151123, 0.619034469127655, -0.14385627210140228
