1.3246917724609375, 2.203916072845459, -0.04893878847360611
1.315100073814392, 2.196702480316162, -0.050374217331409454
1.2669066190719604, 2.2323343753814697, -0.06989084184169769
1.3138401508331299, 2.207207679748535, -0.08837924897670746
1.292522668838501, 2.214487075805664, -0.03078855387866497
1.29194974899292, 2.2124598026275635, -0.06944172084331512
1.3115793466567993, 2.2073981761932373, -0.06974442303180695
1.3499996662139893, 2.1888206005096436, -0.07084816694259644
1.3337674140930176, 2.1897683143615723, -0.08846413344144821
1.289623498916626, 2.211721658706665, -0.04769383743405342
1.2681446075439453, 2.2305054664611816, -0.04843246936798096
1.3247209787368774, 2.20552134513855, -0.09141603112220764
1.3495378494262695, 2.1880440711975098, -0.05160994827747345
1.324156403541565, 2.2072389125823975, -0.06976654380559921
1.3276314735412598, 2.194864511489868, -0.06965942680835724
1.2899765968322754, 2.2126410007476807, -0.08927565068006516
1.349389910697937, 2.189708948135376, -0.08915781229734421
1.2879260778427124, 2.215672492980957, -0.11056867241859436
1.2660225629806519, 2.2281904220581055, -0.0895945355296135
1.3108927011489868, 2.2090137004852295, -0.10965648293495178
1.323730707168579, 2.2049765586853027, -0.11051687598228455
1.2687453031539917, 2.230736494064331, -0.10696034878492355
1.3332024812698364, 2.204702854156494, -0.13055208325386047
1.3485015630722046, 2.191063404083252, -0.10941047966480255
1.3111528158187866, 2.2070534229278564, -0.12903378903865814
1.3707770109176636, 2.175746440887451, -0.1323293149471283
1.3103679418563843, 2.2089903354644775, -0.1502997875213623
1.2333639860153198, 2.2465124130249023, -0.09295113384723663
1.3478978872299194, 2.1906797885894775, -0.14972525835037231
1.294823169708252, 2.212552785873413, -0.12555931508541107
1.328061580657959, 2.195579767227173, -0.032258450984954834
1.2688063383102417, 2.228332042694092, -0.03082793951034546
1.2440407276153564, 2.248624563217163, -0.08771228790283203
1.287379264831543, 2.2234413623809814, -0.07380408048629761
1.3480781316757202, 2.187990427017212, -0.13035990297794342
1.2488048076629639, 2.2464473247528076, -0.029538383707404137
1.2112436294555664, 2.2503304481506348, -0.09104492515325546
1.3113566637039185, 2.2104055881500244, -0.051667969673871994
1.277273178100586, 2.217747688293457, -0.08591129630804062
1.312697172164917, 2.1958794593811035, -0.10904934257268906
1.2566907405853271, 2.232978105545044, -0.015381949953734875
1.3293932676315308, 2.205488443374634, -0.027781281620264053
1.2324192523956299, 2.2481324672698975, -0.051368921995162964
1.2978577613830566, 2.210843086242676, -0.16483758389949799
1.3327645063400269, 2.188432216644287, -0.16579201817512512
1.254148244857788, 2.233241558074951, -0.05182880163192749
1.3324341773986816, 2.2031853199005127, -0.14993539452552795
1.2489171028137207, 2.246635675430298, -0.11156079918146133
1.231410264968872, 2.2474277019500732, -0.06910601258277893
1.3707984685897827, 2.187476634979248, -0.10959672927856445
1.2118674516677856, 2.2512364387512207, -0.06929712742567062
1.3757164478302002, 2.1882970333099365, -0.0688326507806778
1.3453052043914795, 2.2003955841064453, -0.10745567083358765
1.271583914756775, 2.2317323684692383, -0.014230910688638687
1.350541591644287, 2.1888577938079834, -0.028637563809752464
1.3156144618988037, 2.211134433746338, -0.015040920116007328
1.3150968551635742, 2.197726011276245, -0.07235584408044815
1.3703269958496094, 2.171191692352295, -0.1090153157711029
1.251429557800293, 2.2316927909851074, -0.0345219261944294
1.2125440835952759, 2.2668917179107666, -0.05170692130923271
1.2926613092422485, 2.226653814315796, -0.09468170255422592
1.2901006937026978, 2.224086046218872, -0.028899691998958588
1.3344072103500366, 2.1918959617614746, -0.10930563509464264
1.3006953001022339, 2.221381664276123, -0.15842153131961823
1.3718137741088867, 2.1702730655670166, -0.0882229432463646
1.3502347469329834, 2.2025294303894043, -0.05020199343562126
1.2696279287338257, 2.208872079849243, -0.038189757615327835
1.2713490724563599, 2.214479923248291, -0.0526125431060791
