0.011404437944293022, 1.0330865383148193, -0.0290262121707201
-0.011004701256752014, 1.0446345806121826, -0.06935369223356247
0.029429882764816284, 1.0302813053131104, -0.04939182475209236
0.02933839149773121, 1.0295571088790894, -0.07068722695112228
-0.010882158763706684, 1.0445281267166138, -0.04817647859454155
0.010765403509140015, 1.0336073637008667, -0.051049668341875076
-0.028829894959926605, 1.0478746891021729, -0.031049828976392746
0.04913148283958435, 1.028587818145752, -0.07069465517997742
-0.03145366907119751, 1.0478167533874512, -0.109581358730793
0.010403506457805634, 1.0420013666152954, -0.08829078078269958
-0.04925543814897537, 1.0508198738098145, -0.06942823529243469
0.009998197667300701, 1.0328495502471924, -0.08955419063568115
-0.0305920597165823, 1.0474534034729004, -0.09015250951051712
-0.012388915754854679, 1.044905185699463, -0.11224029958248138
0.02940584532916546, 1.0282118320465088, -0.0913160964846611
-0.01328950747847557, 1.0455408096313477, -0.09213756769895554
-0.05166857689619064, 1.063234567642212, -0.08890388906002045
-0.03836651146411896, 1.0615646839141846, -0.07863214612007141
-0.030040953308343887, 1.0475331544876099, -0.07014060020446777
-0.07322864979505539, 1.0638972520828247, -0.05079206824302673
0.04997994005680084, 1.0293357372283936, -0.09092830121517181
0.030092952772974968, 1.0280272960662842, -0.11046959459781647
-0.07240719348192215, 1.0646982192993164, -0.10863339155912399
-0.09255009144544601, 1.0655251741409302, -0.0708160549402237
-0.08983621746301651, 1.0660990476608276, -0.09032943099737167
-0.09208144247531891, 1.0665173530578613, -0.10856709629297256
-0.05000004917383194, 1.0508204698562622, -0.10922054946422577
-0.05788106843829155, 1.062302827835083, -0.10859137773513794
-0.07192528247833252, 1.062671184539795, -0.09110358357429504
0.008729896508157253, 1.0424811840057373, -0.1292329728603363
-0.011454783380031586, 1.0450643301010132, -0.12966831028461456
-0.10870080441236496, 1.0704425573349, -0.0488891676068306
-0.11080825328826904, 1.070676565170288, -0.070142962038517
-0.07151167094707489, 1.063172698020935, -0.06686919182538986
-0.028820648789405823, 1.0515497922897339, -0.009756992571055889
0.010325145907700062, 1.0336668491363525, -0.01112999115139246
-0.09099671989679337, 1.0662245750427246, -0.05054960399866104
-0.04930800944566727, 1.0518471002578735, -0.08883954584598541
-0.039222605526447296, 1.0608534812927246, -0.14775648713111877
-0.11014540493488312, 1.0702522993087769, -0.1109517365694046
-0.008225435391068459, 1.0353316068649292, -0.04842211678624153
-0.06990505754947662, 1.0632290840148926, -0.13081800937652588
-0.09019407629966736, 1.0664750337600708, -0.02984236739575863
-0.006787498481571674, 1.035569667816162, -0.011070395819842815
-0.1086408868432045, 1.0707987546920776, -0.029971690848469734
0.011923283338546753, 1.0333659648895264, -0.06975157558917999
0.005461453460156918, 1.0429320335388184, -0.11169160157442093
0.03078407049179077, 1.028201699256897, -0.13091012835502625
-0.05269536003470421, 1.062254548072815, -0.0465686172246933
-0.10890356451272964, 1.0685043334960938, -0.08954736590385437
0.009907077066600323, 1.0323227643966675, -0.10873875766992569
-0.0678824931383133, 1.0542950630187988, -0.06992721557617188
-0.011806925758719444, 1.0446017980575562, -0.15032003819942474
0.04949377477169037, 1.0292965173721313, -0.05008642375469208
0.03013821691274643, 1.0334080457687378, -0.010180401615798473
-0.030349820852279663, 1.0463743209838867, -0.151768296957016
-0.049201563000679016, 1.0522468090057373, -0.13071073591709137
-0.08930594474077225, 1.068198323249817, -0.1301625370979309
-0.05177798122167587, 1.0613763332366943, -0.13020239770412445
0.0064804088324308395, 1.0418994426727295, -0.14734013378620148
0.021564383059740067, 1.0426133871078491, -0.07855821400880814
-0.007648718077689409, 1.0350430011749268, -0.10865133255720139
-0.06877179443836212, 1.054496169090271, -0.04925661161541939
-0.03014860488474369, 1.047261118888855, -0.12884525954723358
-0.05520208925008774, 1.0629616975784302, -0.15016549825668335
-0.030086738988757133, 1.060312032699585, -0.10691186040639877
-0.0679967850446701, 1.052436113357544, -0.0894942581653595
-0.08750119805335999, 1.0573760271072388, -0.04865992069244385
0.03176704794168472, 1.0270267724990845, -0.16436432301998138
-0.1154179573059082, 1.0825910568237305, -0.11584940552711487
-0.008153341710567474, 1.0357019901275635, -0.06923948228359222
0.0489685945212841, 1.0263793468475342, -0.11079666763544083
-0.07288704812526703, 1.0643233060836792, -0.1511351466178894
0.006713413633406162, 1.042564034461975, -0.04887772351503372
-0.089717797935009, 1.055816888809204, -0.090286985039711
-0.08995269984006882, 1.0659242868423462, -0.16512654721736908
-0.0689803808927536, 1.054768443107605, -0.03101591393351555
0.00918947160243988, 1.0468817949295044, -0.02602566033601761
-0.12725426256656647, 1.0726070404052734, -0.07017404586076736
-0.024998772889375687, 1.0359693765640259, -0.04733821749687195
-0.02824433520436287, 1.0372282266616821, -0.031440868973731995
-0.1288890540599823, 1.0725784301757812, -0.03144053369760513
0.05106717720627785, 1.0280107259750366, -0.12976281344890594
-0.025705568492412567, 1.0351637601852417, -0.11238877475261688
0.031243422999978065, 1.029361605644226, -0.028894156217575073
-0.08499480783939362, 1.0568537712097168, -0.03415759652853012
-0.12632693350315094, 1.075601577758789, -0.01410661544650793
0.003681340953335166, 1.0429261922836304, -0.07121587544679642
-0.030826158821582794, 1.0369446277618408, -0.012446817010641098
-0.12673543393611908, 1.0728908777236938, -0.05286272615194321
-0.007537957280874252, 1.0353760719299316, -0.09065422415733337
-0.00950157456099987, 1.0363903045654297, -0.027483131736516953
-0.06718689203262329, 1.055341362953186, -0.011401795782148838
0.03100777603685856, 1.0177667140960693, -0.08447355777025223
-0.12744301557540894, 1.073334813117981, -0.12725430727005005
-0.10880740731954575, 1.0729528665542603, -0.012238778173923492
-0.04996554180979729, 1.053490400314331, -0.009180466644465923
-0.14612141251564026, 1.0869128704071045, -0.11356928199529648
-0.06991385668516159, 1.0551573038101196, -0.13094544410705566
-0.09981198608875275, 1.0811601877212524, -0.11129584163427353
-0.058251865208148956, 1.0634294748306274, -0.07083296775817871
-0.049579884856939316, 1.0514780282974243, -0.04904114082455635
