0.106904536485672, 0.5929327011108398, -0.09082876890897751
0.10768085718154907, 0.5720207691192627, -0.04940250143408775
0.08737601339817047, 0.5674600601196289, -0.11046808212995529
0.11115502566099167, 0.5874760746955872, -0.070940300822258
0.09041330963373184, 0.5499862432479858, -0.05054251104593277
0.08631034195423126, 0.5398949980735779, -0.09026440232992172
0.06961321085691452, 0.5129088163375854, -0.09272206574678421
0.060173943638801575, 0.4948704242706299, -0.0942298024892807
0.06667189300060272, 0.4937967360019684, -0.06758446991443634
0.04507369175553322, 0.4929073750972748, -0.12965087592601776
0.04693201184272766, 0.47156980633735657, -0.0869671031832695
0.04297635331749916, 0.4770972728729248, -0.12937451899051666
0.044433098286390305, 0.45394957065582275, -0.070264533162117
0.04283301159739494, 0.4540216326713562, -0.08301600068807602
0.027463067322969437, 0.43241363763809204, -0.09104825556278229
0.04079024866223335, 0.4368392527103424, -0.061210304498672485
0.024930698797106743, 0.4121076166629791, -0.04464290291070938
0.10145390033721924, 0.553037166595459, -0.04294333606958389
0.07019995898008347, 0.49117499589920044, -0.02804248407483101
0.08788274228572845, 0.5109524130821228, -0.0250741895288229
0.028519023209810257, 0.43788832426071167, -0.10593826323747635
0.024418417364358902, 0.4160381555557251, -0.0724688395857811
0.002967149019241333, 0.391685426235199, -0.10746303200721741
0.1094440445303917, 0.6091879606246948, -0.11182036995887756
0.049248404800891876, 0.46961510181427, -0.047923941165208817
0.08295221626758575, 0.5342884659767151, -0.0684647187590599
0.0656871423125267, 0.4895777106285095, -0.04820463806390762
0.025654414668679237, 0.4510716199874878, -0.13346660137176514
0.0318809449672699, 0.46998533606529236, -0.1100400909781456
0.0699358582496643, 0.5113763213157654, -0.05005691200494766
0.08409461379051208, 0.5327287912368774, -0.054902683943510056
0.004216070752590895, 0.36945319175720215, -0.04810948669910431
0.026740508154034615, 0.45258232951164246, -0.08593802899122238
0.0495033897459507, 0.48978349566459656, -0.08873682469129562
0.043389104306697845, 0.4703695774078369, -0.11105109751224518
0.08364801853895187, 0.5525950789451599, -0.10456018149852753
-0.030242659151554108, 0.35569465160369873, -0.12934516370296478
0.00672026677057147, 0.43230006098747253, -0.14747518301010132
0.04948458820581436, 0.511436939239502, -0.13237427175045013
0.07101155072450638, 0.5144171714782715, -0.06348992139101028
0.10990522056818008, 0.5708881616592407, -0.02805260196328163
-0.011532915756106377, 0.38771480321884155, -0.10657211393117905
0.008687611669301987, 0.37236908078193665, -0.025242632254958153
0.012089880183339119, 0.39173781871795654, -0.050857942551374435
0.0020763978827744722, 0.3748345375061035, -0.061374764889478683
0.03668747469782829, 0.4873066544532776, -0.09713698923587799
-0.013812264427542686, 0.39173057675361633, -0.14887814223766327
-0.018475422635674477, 0.3509857952594757, -0.11073251068592072
0.07095950841903687, 0.5259934663772583, -0.07034283131361008
0.031115777790546417, 0.45408087968826294, -0.11119630187749863
0.02158614806830883, 0.39709314703941345, -0.04703635722398758
0.010280871763825417, 0.41302749514579773, -0.10490862280130386
0.06071479246020317, 0.4939270615577698, -0.10855312645435333
0.0402640774846077, 0.46075475215911865, -0.07982391864061356
0.06980838626623154, 0.552525520324707, -0.13282063603401184
0.106468066573143, 0.5536714792251587, -0.02624390460550785
0.08879320323467255, 0.571121871471405, -0.07324879616498947
0.052535541355609894, 0.504043459892273, -0.11402519047260284
0.05322792008519173, 0.52790766954422, -0.13303102552890778
0.11206258833408356, 0.590254008769989, -0.05046400427818298
0.03381864354014397, 0.426763117313385, -0.024863682687282562
0.1110716462135315, 0.6085160374641418, -0.08719652891159058
0.07758286595344543, 0.5398366451263428, -0.0892280712723732
0.036677390336990356, 0.4519446790218353, -0.04907257482409477
0.051004473119974136, 0.48864707350730896, -0.11008153855800629
0.03458714485168457, 0.4678829312324524, -0.08934703469276428
0.0979151576757431, 0.578066885471344, -0.08104023337364197
0.08318901807069778, 0.5556355118751526, -0.1317150890827179
0.07618748396635056, 0.5224881768226624, -0.01904561184346676
0.08668088167905807, 0.5928599834442139, -0.10648941993713379
0.0571322925388813, 0.5205814242362976, -0.07963890582323074
0.015293171629309654, 0.43217796087265015, -0.08581733703613281
0.04695126786828041, 0.4835303723812103, -0.04759091138839722
0.09072050452232361, 0.5575688481330872, -0.06414185464382172
