0.7114496231079102, 2.190243721008301, -0.01228369027376175
0.7473322749137878, 2.1708366870880127, -0.011308939196169376
0.7092277407646179, 2.1492435932159424, -0.009132842533290386
0.6891692876815796, 2.170462131500244, -0.012562967836856842
0.6677539348602295, 2.169675588607788, -0.012276044115424156
0.7274205088615417, 2.1911275386810303, -0.012375768274068832
0.7299466729164124, 2.2104601860046387, -0.010666323825716972
0.6694141626358032, 2.1903347969055176, -0.011704657226800919
0.687964916229248, 2.149132251739502, -0.012507297098636627
0.6896745562553406, 2.2079017162323, -0.011757265776395798
0.7083092331886292, 2.21061635017395, -0.009224464185535908
0.7299665808677673, 2.2306220531463623, -0.012324820272624493
0.7842826247215271, 2.192854881286621, -0.010827086865901947
0.7707605361938477, 2.2106103897094727, -0.013114876113831997
0.7520421743392944, 2.127892017364502, -0.01157472189515829
0.730102002620697, 2.1282310485839844, -0.011231090873479843
0.7682842016220093, 2.129624843597412, -0.014170978218317032
0.6685805320739746, 2.1485400199890137, -0.012441973201930523
0.7084988355636597, 2.1286139488220215, -0.009519601240754128
0.7281016707420349, 2.1091148853302, -0.012264036573469639
0.6503707766532898, 2.1888415813446045, -0.009431952610611916
0.6505427956581116, 2.1700782775878906, -0.010885879397392273
0.6516463160514832, 2.129984140396118, -0.011729348450899124
0.7492523789405823, 2.2489964962005615, -0.01178091112524271
0.7681535482406616, 2.2300713062286377, -0.011543902568519115
0.6913132071495056, 2.24676251411438, -0.012792326509952545
0.7474808692932129, 2.268106460571289, -0.010156547650694847
0.7681285738945007, 2.2504234313964844, -0.010667920112609863
0.7909428477287292, 2.2317771911621094, -0.011899031698703766
0.8291265368461609, 2.1729893684387207, -0.013082868419587612
0.7900330424308777, 2.2103536128997803, -0.011751841753721237
0.7475986480712891, 2.090057849884033, -0.011538797989487648
0.7120396494865417, 2.0878775119781494, -0.010269383899867535
0.6281281113624573, 2.129542350769043, -0.013008528389036655
0.6504546999931335, 2.111207962036133, -0.012166444212198257
0.689423143863678, 2.0695266723632812, -0.013121101073920727
0.6482101082801819, 2.092097759246826, -0.011043128557503223
0.6288506388664246, 2.0883638858795166, -0.008782618679106236
0.8087573051452637, 2.252269983291626, -0.010670509189367294
0.7093878984451294, 2.049431324005127, -0.012538881041109562
0.5892257690429688, 2.1501927375793457, -0.014521987177431583
0.6308217644691467, 2.0698561668395996, -0.009688373655080795
0.6680749654769897, 2.052675724029541, -0.009627358987927437
0.6328995823860168, 2.051109790802002, -0.009998046793043613
0.6110168099403381, 2.068333387374878, -0.010249760933220387
0.6086804866790771, 2.0508711338043213, -0.011747431010007858
0.5688408017158508, 2.069425106048584, -0.009702647104859352
0.5689833164215088, 2.0298173427581787, -0.010525025427341461
0.5479075908660889, 2.071765899658203, -0.012082922272384167
0.6089019775390625, 2.0109634399414062, -0.01077387947589159
0.6260151267051697, 1.994247317314148, -0.012715384364128113
0.6688937544822693, 2.0918426513671875, -0.011611798778176308
0.6508294343948364, 2.050269365310669, -0.012053331360220909
0.6089924573898315, 2.030172348022461, -0.012119511142373085
0.5498632192611694, 2.0508649349212646, -0.010224029421806335
0.7270434498786926, 2.090249538421631, -0.013289963826537132
0.7919211387634277, 2.1705098152160645, -0.012065911665558815
0.5701801776885986, 2.090261936187744, -0.010496371425688267
0.5286120772361755, 2.1077895164489746, -0.011723356321454048
0.687766969203949, 2.0496127605438232, -0.011793469078838825
0.5931222438812256, 2.091121196746826, -0.02237541973590851
0.7129108309745789, 2.1704084873199463, -0.011921176686882973
0.6909666061401367, 2.190852642059326, -0.012546568177640438
0.7917739748954773, 2.2477614879608154, -0.010715479962527752
0.6045233011245728, 2.1284193992614746, -0.02205905318260193
0.7479270100593567, 2.1896378993988037, -0.010389555245637894
0.7912454605102539, 2.151153564453125, -0.011475766077637672
0.8107637166976929, 2.211862802505493, -0.013798813335597515
0.6089106798171997, 2.147757053375244, -0.012129632756114006
0.7214910984039307, 2.184422254562378, -0.020259099081158638
0.8088430166244507, 2.1901073455810547, -0.011819636449217796
0.811881959438324, 2.130699634552002, -0.01304884348064661
0.5447403788566589, 2.1101531982421875, -0.024131637066602707
0.6484412550926208, 2.1307334899902344, -0.02308591455221176
0.5910865068435669, 2.070831537246704, -0.01136424858123064
0.5981845855712891, 2.1200971603393555, -0.02437319979071617
0.6229562759399414, 2.114475965499878, -0.02310284785926342
0.6309909224510193, 2.169767379760742, -0.009608280844986439
0.6910176277160645, 2.0769217014312744, -0.023865850642323494
0.7708059549331665, 2.169294834136963, -0.009964706376194954
0.688739538192749, 2.1291589736938477, -0.0110156936571002
0.572842001914978, 2.1508944034576416, -0.012833017855882645
0.7512362003326416, 2.1093108654022217, -0.013255096971988678
0.728217601776123, 2.2084169387817383, -0.022632163017988205
0.6718642711639404, 2.1094064712524414, -0.011931548826396465
0.8034517765045166, 2.181178092956543, -0.020424731075763702
0.5675857663154602, 2.0508499145507812, -0.011351115070283413
0.7699463367462158, 2.1936964988708496, -0.020525425672531128
0.6101930737495422, 2.168079137802124, -0.011014627292752266
0.7326943874359131, 2.2506144046783447, -0.009382626041769981
0.7106850743293762, 2.068958282470703, -0.01252296008169651
0.6676530241966248, 2.088836193084717, -0.02385687083005905
0.6522588133811951, 2.0308284759521484, -0.012357705272734165
0.5883598327636719, 2.049185276031494, -0.01047313679009676
0.5899907946586609, 2.009803533554077, -0.013009429909288883
0.6179148554801941, 2.0950143337249756, -0.021907903254032135
0.7882073521614075, 2.1305789947509766, -0.009680040180683136
0.6282841563224792, 2.0274393558502197, -0.021017860621213913
0.5909833312034607, 1.9686415195465088, -0.012210438959300518
0.7318390607833862, 2.1084914207458496, -0.025556547567248344
0.7069449424743652, 2.1131386756896973, -0.02338958904147148
0.6642105579376221, 2.067819595336914, -0.021468376740813255
0.7744961977005005, 2.090701103210449, -0.013555164448916912
0.5909490585327148, 2.088895320892334, -0.010885761119425297
0.6704021692276001, 2.210745334625244, -0.01238405704498291
0.7318340539932251, 2.169320583343506, -0.009751376695930958
0.668709397315979, 2.070897102355957, -0.012216879986226559
0.692010760307312, 2.089946746826172, -0.012182159349322319
0.6102693676948547, 2.10731840133667, -0.0111494529992342
0.6082949638366699, 2.128798246383667, -0.010525518096983433
0.6986875534057617, 2.105044364929199, -0.025384193286299706
0.7100903987884521, 2.249521017074585, -0.013082190416753292
0.6309332251548767, 2.0120139122009277, -0.011496494524180889
0.8474349975585938, 2.2093043327331543, -0.010620545595884323
0.8089998960494995, 2.1687028408050537, -0.010226462967693806
0.6307841539382935, 2.1094908714294434, -0.010210014879703522
0.5715031623840332, 2.1116273403167725, -0.011355114169418812
0.6491557359695435, 2.210165023803711, -0.012702371925115585
0.5485633015632629, 2.1238014698028564, -0.021413743495941162
0.6776198148727417, 2.122058868408203, -0.02278164215385914
0.6544476747512817, 2.1510589122772217, -0.025386270135641098
0.5654026865959167, 2.0663976669311523, -0.020663386210799217
0.673430323600769, 2.10071063041687, -0.020530778914690018
0.6082587838172913, 2.176858425140381, -0.024389145895838737
0.6115331053733826, 2.089616060256958, -0.011997876688838005
0.6722589135169983, 2.218857765197754, -0.022330699488520622
0.8125587701797485, 2.2274770736694336, -0.01182778924703598
0.7544692158699036, 2.21327805519104, -0.02188446931540966
0.7319983839988708, 2.2254040241241455, -0.021954717114567757
0.7079426050186157, 2.2280771732330322, -0.012217097915709019
0.6693716049194336, 2.162935733795166, -0.02230774611234665
0.7738096714019775, 2.275761604309082, -0.02057425118982792
0.7322824001312256, 2.125977039337158, -0.022042132914066315
0.7362238168716431, 2.2467422485351562, -0.022511102259159088
0.602429211139679, 2.009474515914917, -0.02157018333673477
0.7729772925376892, 2.2894768714904785, -0.011820808053016663
0.8650740385055542, 2.1926798820495605, -0.013340022414922714
0.6710001230239868, 2.2314326763153076, -0.012391586787998676
0.7909888625144958, 2.146904468536377, -0.02176002226769924
0.572350263595581, 2.1287519931793213, -0.022522199898958206
0.589759886264801, 1.9911994934082031, -0.013083167374134064
0.8337078094482422, 2.1940927505493164, -0.02162841707468033
0.8115626573562622, 2.149013042449951, -0.011758205480873585
0.5558712482452393, 2.0340566635131836, -0.021817971020936966
0.7289116382598877, 2.2731008529663086, -0.014706944115459919
0.5484436750411987, 2.1321663856506348, -0.01209690049290657
0.6097683310508728, 2.1897308826446533, -0.01084509864449501
0.5303140878677368, 2.0483627319335938, -0.011682521551847458
0.5494977831840515, 2.0912258625030518, -0.010213001631200314
0.595529317855835, 2.11138653755188, -0.02289699763059616
0.7910910844802856, 2.2075116634368896, -0.020421387627720833
0.8081053495407104, 2.201979160308838, -0.020767681300640106
0.5923939943313599, 2.1274936199188232, -0.013410896994173527
0.6633001565933228, 2.180713653564453, -0.02113337256014347
0.5856596827507019, 2.173300266265869, -0.021692920476198196
0.8304111957550049, 2.1909592151641846, -0.008513666689395905
0.5714369416236877, 2.0095133781433105, -0.012715013697743416
0.6851829290390015, 2.1574389934539795, -0.021775323897600174
0.7721448540687561, 2.1078686714172363, -0.013067945837974548
0.7893165349960327, 2.2298285961151123, -0.021207574754953384
0.6856011748313904, 2.138779640197754, -0.020869210362434387
0.6527642011642456, 2.1500070095062256, -0.011929181404411793
0.7621533870697021, 2.23759126663208, -0.021343041211366653
0.7717991471290588, 2.269132375717163, -0.007270871661603451
0.6906307935714722, 2.2302358150482178, -0.009945548139512539
0.7527977824211121, 2.2222025394439697, -0.022221596911549568
0.5287590622901917, 2.0935676097869873, -0.02246217615902424
0.5034589171409607, 2.111670732498169, -0.02395891211926937
0.6328191161155701, 2.166910171508789, -0.020017560571432114
0.7504945993423462, 2.2098374366760254, -0.011311383917927742
0.6308267712593079, 2.1888389587402344, -0.00983473937958479
0.6128427386283875, 1.972437858581543, -0.01415731105953455
0.6717727184295654, 2.129523754119873, -0.012155110016465187
0.7528320550918579, 2.2318167686462402, -0.013413245789706707
0.5907807350158691, 2.108092784881592, -0.010750320740044117
0.7064275741577148, 2.1365766525268555, -0.023531589657068253
0.6282415390014648, 2.1509346961975098, -0.021518893539905548
0.7464998960494995, 2.286771059036255, -0.011195887811481953
0.8094276785850525, 2.2888331413269043, -0.012595932930707932
0.7727069854736328, 2.2902607917785645, -0.02164018526673317
0.707686722278595, 2.2703640460968018, -0.012429303489625454
0.770821750164032, 2.1900253295898438, -0.011432603001594543
0.552490234375, 2.1431632041931152, -0.022588929161429405
0.6123867034912109, 2.0459280014038086, -0.02151801437139511
0.7103286981582642, 2.0678231716156006, -0.02175445854663849
0.675602912902832, 2.2386257648468018, -0.020810065791010857
0.6564262509346008, 2.0530827045440674, -0.021425550803542137
0.5920213460922241, 2.170086145401001, -0.014299840666353703
0.5699160099029541, 2.131685733795166, -0.011809570714831352
0.5862866640090942, 2.0352094173431396, -0.02298005297780037
0.5533987283706665, 2.009550094604492, -0.021077584475278854
0.7313531637191772, 2.1473276615142822, -0.009345931932330132
0.7183207869529724, 2.1929452419281006, -0.023968836292624474
0.7949299216270447, 2.170057773590088, -0.024049248546361923
0.5743173360824585, 2.148207426071167, -0.022060323506593704
0.612079918384552, 2.107309103012085, -0.022408558055758476
0.651472806930542, 2.168616533279419, -0.022302519530057907
0.7932826280593872, 2.2689127922058105, -0.011593044735491276
0.6011887788772583, 2.028536558151245, -0.021323949098587036
0.6339573860168457, 2.0586705207824707, -0.02230740524828434
0.7113807797431946, 2.276413917541504, -0.023881733417510986
0.7138081789016724, 2.292628765106201, -0.020739275962114334
0.7720896005630493, 2.177138566970825, -0.02394714578986168
0.5897804498672485, 1.9927475452423096, -0.023708757013082504
0.8098321557044983, 2.1519672870635986, -0.024387884885072708
0.6305873990058899, 2.1903128623962402, -0.02065456658601761
0.5171530842781067, 2.095466136932373, -0.02317108027637005
0.5823636651039124, 2.0500452518463135, -0.02184956893324852
0.7517274618148804, 2.309361696243286, -0.024495666846632957
0.761582612991333, 2.244379758834839, -0.025255952030420303
0.6881574988365173, 2.2696800231933594, -0.015003548935055733
0.5094012022018433, 2.0512824058532715, -0.012887496501207352
0.5898038148880005, 2.1848602294921875, -0.012042287737131119
0.64919513463974, 2.2310142517089844, -0.010906418785452843
0.7107617259025574, 2.173513650894165, -0.02244357205927372
0.6873024106025696, 2.082712411880493, -0.021762298420071602
0.6332821846008301, 2.080308437347412, -0.024057988077402115
0.5802043080329895, 2.073422431945801, -0.025032518431544304
0.572215735912323, 2.1714396476745605, -0.012772774323821068
0.6320584416389465, 2.2073516845703125, -0.011013188399374485
0.8291440606117249, 2.2299647331237793, -0.01318552065640688
0.5248646140098572, 2.1330583095550537, -0.026115339249372482
0.7691235542297363, 2.148353099822998, -0.011926674284040928
0.5327432751655579, 2.1328718662261963, -0.0124468132853508
0.7094823122024536, 2.250312328338623, -0.021171433851122856
0.7545296549797058, 2.1215076446533203, -0.02269907481968403
0.7460520267486572, 2.3105595111846924, -0.00825607031583786
0.5475298762321472, 2.168443202972412, -0.012587364763021469
0.5496361255645752, 2.113065004348755, -0.012952521443367004
0.7341448664665222, 2.1656930446624756, -0.020828109234571457
0.6307790279388428, 2.1509287357330322, -0.012879345566034317
0.567888081073761, 2.1618833541870117, -0.020053410902619362
0.7587275505065918, 2.1594901084899902, -0.02162790670990944
0.5711259245872498, 1.970426321029663, -0.014548449777066708
0.5091922879219055, 2.0688114166259766, -0.01079487707465887
0.8316622972488403, 2.2154221534729004, -0.020264556631445885
0.5689016580581665, 2.014317035675049, -0.02148730680346489
0.5139199495315552, 2.076969623565674, -0.022354919463396072
0.5731322765350342, 1.9905831813812256, -0.02227027341723442
0.5508227944374084, 2.0404043197631836, -0.022477030754089355
0.4990421533584595, 2.084796667098999, -0.025438247248530388
0.8540972471237183, 2.1727237701416016, -0.011045973747968674
0.7248120307922363, 2.2878425121307373, -0.021498439833521843
0.5440807938575745, 2.149641752243042, -0.008577928878366947
0.5890615582466125, 1.9524450302124023, -0.014292605221271515
0.6676791310310364, 2.251589059829712, -0.009363385848701
0.7322003245353699, 2.285419225692749, -0.012123439460992813
0.5715017318725586, 2.1871089935302734, -0.013247360475361347
0.5917513966560364, 2.1457748413085938, -0.02293572574853897
0.8356903791427612, 2.238760232925415, -0.020840253680944443
0.5126342177391052, 2.1110339164733887, -0.011730230413377285
0.5007120370864868, 2.1355814933776855, -0.02558841183781624
0.5271593332290649, 2.150653123855591, -0.024767527356743813
0.4943304657936096, 2.113774061203003, -0.02266213484108448
0.6060810089111328, 2.2127959728240967, -0.009493440389633179
0.6114111542701721, 2.2167651653289795, -0.02444310486316681
0.8483545780181885, 2.2567765712738037, -0.0214200671762228
0.638129711151123, 2.2067246437072754, -0.021279919892549515
0.8022786378860474, 2.311634063720703, -0.01833917200565338
0.5302862524986267, 2.0131332874298096, -0.013901893049478531
0.8309499621391296, 2.204681873321533, -0.009329699911177158
0.4657047390937805, 2.088669776916504, -0.025767149403691292
0.5152639150619507, 2.152733325958252, -0.02134719491004944
0.5224817395210266, 2.173062562942505, -0.02315402217209339
0.7068042159080505, 2.2919974327087402, -0.008665615692734718
0.8120819330215454, 2.2729692459106445, -0.02447601780295372
0.875124990940094, 2.2272543907165527, -0.0254623182117939
0.5274471640586853, 2.0786659717559814, -0.020986253395676613
0.4727140963077545, 2.074235200881958, -0.01683313213288784
0.49293363094329834, 2.1350884437561035, -0.022037144750356674
0.5120677351951599, 2.1313252449035645, -0.011399821378290653
0.4869775176048279, 2.1444122791290283, -0.02714555338025093
0.7276001572608948, 2.2587952613830566, 7.213239441625774E-4
0.7714313864707947, 2.122682809829712, 5.714346771128476E-4
0.8229506015777588, 2.285726547241211, -0.02060510590672493
0.5717823505401611, 2.206838607788086, -0.02414708398282528
0.7021580934524536, 2.0674991607666016, 4.822557093575597E-4
0.6752366423606873, 2.0098814964294434, -0.010442310012876987
0.6698126196861267, 2.245048999786377, -0.023601185530424118
0.6402899026870728, 2.205040693283081, -0.022274810820817947
0.6353252530097961, 2.2306442260742188, -0.010738953948020935
0.8433489799499512, 2.253232717514038, -0.018744537606835365
0.699974775314331, 2.291442632675171, -0.015826867893338203
0.6122570037841797, 2.1422908306121826, -0.023762084543704987
0.7250845432281494, 2.312500238418579, -0.02148953638970852
0.5092535018920898, 2.090069532394409, -0.00912004616111517
0.5152448415756226, 2.1608059406280518, -0.014414666220545769
0.5435463190078735, 2.1905219554901123, -0.023949256166815758
0.6736091375350952, 2.2808046340942383, -0.005499999038875103
0.74515300989151, 2.329771041870117, -0.012618469074368477
0.5741295218467712, 2.21431303024292, -0.016630563884973526
