0.47029373049736023, 0.2298266738653183, 0.0034269525203853846
0.5285631418228149, 0.16947728395462036, 0.003243294544517994
0.610546350479126, 0.3091697692871094, -0.006911466363817453
0.5321317315101624, 0.26919466257095337, 0.003773265052586794
0.4494718611240387, 0.24973663687705994, -0.006953288801014423
0.4497314989566803, 0.24994328618049622, 0.004074398893862963
0.5486813187599182, 0.21155652403831482, 0.004081146791577339
0.5492100119590759, 0.15017838776111603, -0.00870033260434866
0.5102260708808899, 0.1079140454530716, 0.005331812426447868
0.47057539224624634, 0.18872694671154022, 0.0032063652761280537
0.5293390154838562, 0.2103392481803894, -0.00813130009919405
0.40878432989120483, 0.3115766942501068, 0.0035633393563330173
0.6091925501823425, 0.2899962067604065, -0.006800686940550804
0.549647867679596, 0.2301964908838272, -0.0071592205204069614
0.5701159834861755, 0.2471379041671753, 0.0036826040595769882
0.4892474114894867, 0.1503351628780365, -0.007922442629933357
0.4897443652153015, 0.27020564675331116, -0.007527852896600962
0.5108449459075928, 0.14972057938575745, 0.003956096712499857
0.5507206320762634, 0.3102559745311737, 0.004799398593604565
0.5088430047035217, 0.21023598313331604, 0.0025264224968850613
0.5309933423995972, 0.209426611661911, 0.0037431190721690655
0.5102570652961731, 0.11117561906576157, -0.008676165714859962
0.48963841795921326, 0.21024106442928314, -0.006766588427126408
0.5498250722885132, 0.19100816547870636, 0.0038079770747572184
0.5301636457443237, 0.29147613048553467, 0.0046485536731779575
0.490034282207489, 0.10816305875778198, 0.005306106060743332
0.6067609190940857, 0.25179868936538696, -0.008939648978412151
0.5097966194152832, 0.31056439876556396, -0.007765529677271843
0.46955543756484985, 0.27042707800865173, 0.0028442388866096735
0.43021073937416077, 0.3099718987941742, -0.008826818317174911
0.4501553773880005, 0.31024983525276184, -0.007414811756461859
0.5100958347320557, 0.16956879198551178, -0.007344911340624094
0.5893322825431824, 0.31174182891845703, 0.0033613138366490602
0.5106987357139587, 0.3087158501148224, 0.004307906609028578
0.4293431341648102, 0.2886882424354553, 0.003977423533797264
0.48965689539909363, 0.2713877260684967, 0.003561565186828375
0.5307971835136414, 0.3099576532840729, 0.004289396107196808
0.4895833134651184, 0.23060470819473267, -0.007169703487306833
0.5310167074203491, 0.3306824564933777, -0.008305560797452927
0.5089823603630066, 0.36995765566825867, 0.004333142656832933
0.48992952704429626, 0.36966273188591003, -0.0075134411454200745
0.4892870783805847, 0.3506010174751282, -0.007546681445091963
0.5092340707778931, 0.34942054748535156, -0.00701003335416317
0.4897812306880951, 0.3296125829219818, -0.0065719070844352245
0.5304465889930725, 0.3496806025505066, 0.003579729935154319
0.5102728009223938, 0.3521183431148529, 0.0036043012514710426
0.5293844938278198, 0.3866724371910095, -0.009328172542154789
0.5090840458869934, 0.33087730407714844, 0.003569683525711298
0.4507153630256653, 0.32972994446754456, 0.0030551597010344267
0.429596483707428, 0.3503477871417999, 0.0037600824143737555
0.4295145273208618, 0.3288915157318115, 0.003443695604801178
0.4709647297859192, 0.3297898769378662, 0.003226424800232053
0.47125524282455444, 0.3906678557395935, 0.004070999566465616
0.43162110447883606, 0.3688940107822418, 0.0037879603914916515
0.41079214215278625, 0.350590318441391, 0.0042312368750572205
0.47038424015045166, 0.3302546441555023, -0.007631579879671335
0.42972618341445923, 0.3898524045944214, -0.008346442133188248
0.3900466859340668, 0.3702644407749176, -0.0077567980624735355
0.450002521276474, 0.3904625475406647, -0.007971751503646374
0.4697488844394684, 0.3699715733528137, -0.0070418003015220165
0.4102315604686737, 0.3701958656311035, -0.007804917171597481
0.48978161811828613, 0.29077839851379395, -0.007916931994259357
0.3679463863372803, 0.16909143328666687, 0.004926844500005245
0.42925217747688293, 0.19142474234104156, 0.003405940718948841
0.41039741039276123, 0.1523362696170807, -0.007044939789921045
0.5495690107345581, 0.2290765643119812, 0.0038731535896658897
0.5109245777130127, 0.13027730584144592, 0.0031015025451779366
0.36957186460494995, 0.3703005313873291, -0.008370261639356613
0.3909844756126404, 0.15070700645446777, 0.006903341040015221
0.35046064853668213, 0.22969797253608704, 0.003886971389874816
0.4698367714881897, 0.2300429344177246, -0.007937278598546982
0.3498799502849579, 0.35002702474594116, -0.00788547471165657
0.3301510810852051, 0.21038027107715607, -0.007815969176590443
0.37046700716018677, 0.44964393973350525, 0.0034436997957527637
0.5905780792236328, 0.2708366811275482, -0.00710420124232769
0.390885591506958, 0.311084508895874, 0.005061037838459015
0.3900982141494751, 0.33009055256843567, -0.007568008732050657
0.40980735421180725, 0.3299431800842285, -0.007595425937324762
0.42924168705940247, 0.22988829016685486, -0.006952304393053055
0.33012980222702026, 0.3900989890098572, -0.008358160965144634
0.3302997648715973, 0.1735592633485794, -0.006653792690485716
0.37033432722091675, 0.20708762109279633, 0.0035609134938567877
0.3496513366699219, 0.4101298749446869, -0.007472502067685127
0.4285176694393158, 0.2701382637023926, 0.0036482703872025013
0.5296715497970581, 0.34997105598449707, -0.007440634071826935
0.4291040003299713, 0.16860069334506989, 0.004924112930893898
0.37048351764678955, 0.43080902099609375, 0.00408790772780776
0.4486835300922394, 0.16931204497814178, 0.0033941417932510376
0.4103260636329651, 0.3911709785461426, 0.0032499469816684723
0.4297765791416168, 0.29042690992355347, -0.007291358429938555
0.48941850662231445, 0.17144139111042023, 0.004149420186877251
0.5097202062606812, 0.19101370871067047, 0.004905716050416231
0.44921204447746277, 0.3703845739364624, 0.0034463880583643913
0.3916146755218506, 0.3697243630886078, 0.003457587445154786
0.5477678775787354, 0.25247588753700256, 0.0040725041180849075
0.4510461688041687, 0.13312506675720215, -0.005674430634826422
0.5703246593475342, 0.3286363184452057, 0.003954828716814518
0.3503207862377167, 0.18975567817687988, -0.00843016617000103
0.5292523503303528, 0.309922456741333, -0.006856265477836132
0.5099804997444153, 0.37020567059516907, -0.007054872810840607
0.5294885635375977, 0.22980426251888275, -0.007870997302234173
0.590179979801178, 0.3295632600784302, -0.006381139159202576
0.4104595482349396, 0.33020102977752686, 0.004572080913931131
0.3312333822250366, 0.20983101427555084, 0.003427177434787154
0.4694890081882477, 0.150299534201622, -0.0068498351611196995
0.33039093017578125, 0.38952553272247314, 0.003650054568424821
0.40819185972213745, 0.28963881731033325, 0.0032496503554284573
0.3899565041065216, 0.39019784331321716, -0.007826188579201698
0.34881287813186646, 0.21111451089382172, 0.004021394532173872
0.38968268036842346, 0.40986186265945435, -0.007711673155426979
0.32907605171203613, 0.32862594723701477, 0.0029044519178569317
0.4700527787208557, 0.29025086760520935, -0.007715930230915546
0.3516054153442383, 0.3503517210483551, 0.004231064580380917
0.3298783004283905, 0.4487987458705902, -0.02182178758084774
0.46992573142051697, 0.3494683802127838, 0.0033432168420404196
0.4295913279056549, 0.391014963388443, 0.003959504887461662
0.5094963312149048, 0.2700616121292114, -0.007423762232065201
0.32872873544692993, 0.17076610028743744, 0.0058615137822926044
0.470711886882782, 0.131165012717247, -0.0073236506432294846
0.3701469600200653, 0.19031041860580444, -0.00921429693698883
0.3713696002960205, 0.3293612599372864, 0.003863703226670623
0.4498378038406372, 0.29035237431526184, 0.004318638239055872
0.3505972623825073, 0.24991697072982788, -0.009790174663066864
0.509499728679657, 0.23015189170837402, -0.007585796527564526
0.45206373929977417, 0.2120368331670761, 0.004693617578595877
0.4100920259952545, 0.19022485613822937, -0.007562075741589069
0.48921895027160645, 0.18852008879184723, 0.004402979742735624
0.37080907821655273, 0.2698647975921631, 0.00336660910397768
0.349933922290802, 0.3907860219478607, -0.007849371992051601
0.35127177834510803, 0.17289802432060242, -0.007952106185257435
0.5497804284095764, 0.1704288125038147, -0.007479846011847258
0.4325806498527527, 0.13626988232135773, -0.0067718797363340855
0.4892294704914093, 0.15112578868865967, 0.004195115529000759
0.5035159587860107, 0.13123676180839539, -0.02258612960577011
0.4497094452381134, 0.34975874423980713, -0.007784078363329172
0.35058125853538513, 0.4294860363006592, 0.003336168359965086
0.550702691078186, 0.31106284260749817, -0.007308724336326122
0.3299908936023712, 0.4502809941768646, -0.008000660687685013
0.35038936138153076, 0.23104791343212128, -0.007752858567982912
0.49493810534477234, 0.3692624866962433, -0.021044617518782616
0.3700273334980011, 0.41080012917518616, -0.00745788961648941
0.4496413469314575, 0.3299855887889862, -0.007601638324558735
0.33014583587646484, 0.2499622106552124, -0.008654439821839333
0.32960087060928345, 0.2906167209148407, -0.007917165756225586
0.36647218465805054, 0.3652529716491699, -0.021498778834939003
0.32983291149139404, 0.18971294164657593, 0.004512510262429714
0.47056519985198975, 0.2083285003900528, -0.021033838391304016
0.3295758068561554, 0.30980199575424194, 0.0029529696330428123
0.3701605200767517, 0.2102382928133011, -0.008441276848316193
0.3904056251049042, 0.16893158853054047, 0.003797415178269148
0.569028377532959, 0.18998049199581146, -0.0071573927998542786
0.5900349020957947, 0.2903384864330292, -0.007552945055067539
0.3699091076850891, 0.391157329082489, 0.004074333235621452
0.46964332461357117, 0.35009244084358215, -0.007604904007166624
0.5499200224876404, 0.35022255778312683, -0.007015346083790064
0.3893411457538605, 0.19166086614131927, 0.003964508417993784
0.3703392744064331, 0.1711096167564392, -0.007755006197839975
0.350433886051178, 0.210105761885643, -0.0077766734175384045
0.3282996714115143, 0.2496936321258545, 0.0032480659428983927
0.39036059379577637, 0.4312291741371155, 0.003731031436473131
0.4889180660247803, 0.31029263138771057, 0.004124533850699663
0.330354243516922, 0.34993961453437805, -0.008600696921348572
0.33012107014656067, 0.33029475808143616, -0.008487312123179436
0.46902069449424744, 0.24954144656658173, -0.007179883774369955
0.5495365262031555, 0.2695787250995636, 0.003770713461562991
0.3876064419746399, 0.37317776679992676, -0.020644981414079666
0.3499985933303833, 0.19155798852443695, 0.0044420151971280575
0.44973742961883545, 0.14914365112781525, 0.0028166130650788546
0.45057445764541626, 0.3699517548084259, -0.007627999410033226
0.3666018545627594, 0.4655883014202118, -0.011558081954717636
0.5297911763191223, 0.28929948806762695, -0.006900276057422161
0.4711080491542816, 0.17249397933483124, 0.003278968622907996
0.47050103545188904, 0.37079092860221863, 0.0034911157563328743
0.33009073138237, 0.3706982731819153, -0.008065761998295784
0.3506765365600586, 0.41049468517303467, 0.0026029166765511036
0.4504867494106293, 0.14994890987873077, -0.008175095543265343
0.33035004138946533, 0.22938980162143707, -0.007978549227118492
0.510128378868103, 0.20973259210586548, -0.007445800583809614
0.3702266216278076, 0.31003686785697937, -0.007996185682713985
0.44888144731521606, 0.23153918981552124, 0.003971299156546593
0.4098820388317108, 0.2701566517353058, 0.0036925056483596563
0.32973888516426086, 0.27037039399147034, -0.009871141985058784
0.5093427896499634, 0.22928504645824432, 0.0028713722713291645
0.5100411176681519, 0.1297687441110611, -0.006836955901235342
0.4506223201751709, 0.3483200669288635, 0.0034873157273977995
0.3702129125595093, 0.34972214698791504, -0.008272886276245117
0.369888573884964, 0.2706735134124756, -0.007729499135166407
0.3907690942287445, 0.15382665395736694, -0.006571610923856497
0.34918126463890076, 0.4299505054950714, -0.008198226802051067
0.4496326446533203, 0.1301497220993042, 0.005494305398315191
0.34933802485466003, 0.36972883343696594, -0.00864181574434042
0.32901301980018616, 0.27074405550956726, 0.004917719401419163
0.6088140606880188, 0.33104777336120605, 0.0037473300471901894
0.36983564496040344, 0.25300952792167664, 0.003534203628078103
0.4516272246837616, 0.26859813928604126, 0.004207815043628216
0.3503744304180145, 0.4502682089805603, -0.007900564931333065
0.3899865746498108, 0.26913291215896606, -0.00835195742547512
0.37015053629875183, 0.42999446392059326, -0.007521966937929392
0.3899047374725342, 0.29019981622695923, -0.007674229331314564
0.34926310181617737, 0.2498970478773117, 0.0045880950056016445
0.33011317253112793, 0.429982990026474, -0.008405428379774094
0.46990686655044556, 0.1901145726442337, -0.008075163699686527
0.39057615399360657, 0.24994806945323944, -0.009077388793230057
0.3302145302295685, 0.19024425745010376, -0.008085747249424458
0.34941837191581726, 0.36942949891090393, 0.00371506717056036
0.48930060863494873, 0.16964979469776154, -0.00715230917558074
0.5294385552406311, 0.19025616347789764, -0.007840171456336975
0.5492762327194214, 0.3692452609539032, -0.007630655542016029
0.4903312623500824, 0.1296791136264801, 0.003959601279348135
0.4494476318359375, 0.289989173412323, -0.007886097766458988
0.5290332436561584, 0.3490441143512726, -0.02196897566318512
0.3496095836162567, 0.2896444797515869, 0.004116719122976065
0.3489060401916504, 0.17099720239639282, 0.0057415952906012535
0.3482515811920166, 0.265144944190979, -0.02221226692199707
0.35013270378112793, 0.270243763923645, -0.008553102612495422
0.30914774537086487, 0.16876572370529175, 0.005884140729904175
0.19396471977233887, 0.19123660027980804, -0.006432332098484039
0.27033060789108276, 0.2699592113494873, -0.008335628546774387
0.2530173659324646, 0.17406263947486877, -0.02354755625128746
0.30933886766433716, 0.27015766501426697, -0.01043493952602148
0.22996707260608673, 0.30928581953048706, -0.008933279663324356
0.2298513501882553, 0.2503924071788788, -0.00846225954592228
0.22994503378868103, 0.22917772829532623, 0.0033439109101891518
0.24858081340789795, 0.3113552927970886, -0.024882836267352104
0.21157988905906677, 0.16933441162109375, 0.003955553751438856
0.251040518283844, 0.20900480449199677, 0.0029046437703073025
0.15005062520503998, 0.309773713350296, -0.008536161854863167
0.20979852974414825, 0.2302567958831787, -0.007918648421764374
0.2498626559972763, 0.31083303689956665, -0.010981881991028786
0.30909839272499084, 0.17142771184444427, -0.006616258528083563
0.22949817776679993, 0.16976191103458405, -0.007182769943028688
0.30816569924354553, 0.25083616375923157, 0.004336758982390165
0.2496233731508255, 0.26861611008644104, 0.0047297244891524315
0.2690776288509369, 0.2689236104488373, 0.004469758830964565
0.30859482288360596, 0.2101384550333023, 0.00319054932333529
0.2294432520866394, 0.23060272634029388, -0.007717464119195938
0.2904406189918518, 0.170578271150589, -0.008076861500740051
0.25032609701156616, 0.2908150851726532, -0.008730498142540455
0.25152909755706787, 0.22879453003406525, 0.003123070579022169
0.2899250090122223, 0.23004956543445587, -0.008197725750505924
0.1499025672674179, 0.26666927337646484, 0.004347925540059805
0.25034230947494507, 0.18849097192287445, 0.0044540720991790295
0.30918970704078674, 0.19024837017059326, -0.008492455817759037
0.31113412976264954, 0.29177698493003845, 0.0036671916022896767
0.20991617441177368, 0.21036408841609955, -0.007478924002498388
0.23043058812618256, 0.289566308259964, -0.00880622398108244
0.29023006558418274, 0.2704273462295532, -0.008955401368439198
0.14983032643795013, 0.28920072317123413, -0.007343937177211046
0.18848541378974915, 0.22973664104938507, 0.0027152863331139088
0.2294306755065918, 0.2917383313179016, 0.0030338778160512447
0.2900870144367218, 0.2903456389904022, -0.010483779013156891
0.12996718287467957, 0.2907019257545471, -0.0074425493367016315
0.2504052221775055, 0.16985103487968445, 0.004890263080596924
0.22945046424865723, 0.18944686651229858, 0.0038395635783672333
0.25119051337242126, 0.2494037002325058, -0.007865906693041325
0.26979079842567444, 0.15302059054374695, 0.004794677719473839
0.1703672707080841, 0.25036606192588806, -0.007013559807091951
0.17008519172668457, 0.2704488933086395, -0.0080300597473979
0.21006658673286438, 0.19024088978767395, -0.008262679912149906
0.22998258471488953, 0.18984119594097137, -0.007436629384756088
0.26969367265701294, 0.16991686820983887, -0.007298990152776241
0.20984742045402527, 0.24983681738376617, -0.007875143550336361
0.24926871061325073, 0.1693412959575653, -0.008011618629097939
0.26977816224098206, 0.24983873963356018, -0.007301206700503826
0.2692946195602417, 0.18720772862434387, 0.005130941513925791
0.188845694065094, 0.3092966079711914, 0.002157737035304308
0.290230929851532, 0.2682853043079376, 0.0043968940153717995
0.33122971653938293, 0.29029300808906555, 0.004843233153223991
0.17254295945167542, 0.23326970636844635, -0.006105279549956322
0.2900785803794861, 0.31007829308509827, -0.008131340146064758
0.29017403721809387, 0.21080642938613892, -0.008180010132491589
0.24995093047618866, 0.21036438643932343, -0.007969023659825325
0.30966806411743164, 0.2302134782075882, -0.008793655782938004
0.24939443171024323, 0.19143925607204437, -0.006681874860078096
0.21106670796871185, 0.26998573541641235, -0.007886595092713833
0.28894752264022827, 0.15193621814250946, 0.006537760607898235
0.21020622551441193, 0.3098544478416443, -0.007879371754825115
0.3100421130657196, 0.2276422679424286, 0.003733385121449828
0.26954734325408936, 0.21124373376369476, 0.0036326958797872066
0.15095582604408264, 0.2708882689476013, -0.007616687100380659
0.28931331634521484, 0.167646586894989, 0.004117466509342194
0.2500077486038208, 0.22970876097679138, -0.007253751624375582
0.1904497742652893, 0.250023752450943, -0.008118839003145695
0.20989000797271729, 0.169887512922287, -0.007190292235463858
0.18997004628181458, 0.270621120929718, -0.007640537805855274
0.2697230577468872, 0.2894827425479889, -0.00993416178971529
0.2700369358062744, 0.23024646937847137, -0.007943213917315006
0.23161739110946655, 0.21188554167747498, 0.0029839070048183203
0.2899650037288666, 0.19029076397418976, -0.007534506730735302
0.2717401683330536, 0.3116757273674011, 0.003341790521517396
0.31000426411628723, 0.21032138168811798, -0.00717444671317935
0.26937490701675415, 0.1513587087392807, -0.00722503662109375
0.29035454988479614, 0.24995212256908417, -0.00805759523063898
0.1895947903394699, 0.2689224183559418, 0.0033904938027262688
0.2300814986228943, 0.25115883350372314, 0.0034728460013866425
0.19526049494743347, 0.17289212346076965, -0.006099641788750887
0.3066914677619934, 0.1563241183757782, 0.02698378823697567
0.18980130553245544, 0.2883346974849701, 0.003776246216148138
0.28761225938796997, 0.1521546095609665, -0.005977132823318243
0.2900635004043579, 0.2497478723526001, 0.004171444568783045
0.26990431547164917, 0.19082562625408173, -0.008346508257091045
0.22990266978740692, 0.27006688714027405, -0.008585170842707157
0.24958030879497528, 0.25074949860572815, 0.003321468597277999
0.23004132509231567, 0.2693306803703308, 0.0035708420909941196
0.21132536232471466, 0.2561143636703491, -0.02519655041396618
0.13016149401664734, 0.3100053668022156, 0.003571279812604189
0.20997324585914612, 0.18888089060783386, 0.003882372286170721
0.31014975905418396, 0.2670767903327942, 0.0033667089883238077
0.2696996331214905, 0.30981704592704773, -0.00910799391567707
0.30926966667175293, 0.28946453332901, -0.0082234563305974
0.20933160185813904, 0.2706012427806854, 0.004241323564201593
0.18994641304016113, 0.31016233563423157, -0.008877760730683804
0.20957784354686737, 0.2100616991519928, 0.0033050815109163523
0.304294615983963, 0.15517526865005493, -0.006126725114881992
0.2701844871044159, 0.20954033732414246, -0.008008133620023727
0.16881653666496277, 0.2877480387687683, 0.0038593492936342955
0.22958484292030334, 0.20945844054222107, -0.007525556720793247
0.1917472630739212, 0.17085078358650208, 0.00821987260133028
0.2892516255378723, 0.19041487574577332, 0.0030844390857964754
0.2504790127277374, 0.27036747336387634, -0.008006930351257324
0.17007558047771454, 0.29067525267601013, -0.008636729791760445
0.191827654838562, 0.21046732366085052, -0.007500012405216694
0.11269192397594452, 0.2923639118671417, -0.007113443687558174
0.31000402569770813, 0.2495904415845871, -0.007074051070958376
0.2900523245334625, 0.23050899803638458, 0.002953449496999383
0.26993316411972046, 0.1695396602153778, 0.00565722119063139
0.26616090536117554, 0.30669963359832764, -0.024506893008947372
0.26831763982772827, 0.23167449235916138, -0.022521227598190308
0.19012679159641266, 0.290569543838501, -0.008355841040611267
0.17051494121551514, 0.310181587934494, -0.008721006102859974
0.16907531023025513, 0.25046056509017944, 0.004329971969127655
0.30950435996055603, 0.3102865517139435, -0.008262155577540398
0.18897880613803864, 0.18962761759757996, 0.00810262281447649
0.30481818318367004, 0.15583516657352448, 0.009885401464998722
0.3117602467536926, 0.30852800607681274, 0.0029518899973481894
0.19058439135551453, 0.2301488220691681, -0.007296968251466751
0.1693151444196701, 0.269783616065979, 0.002854837104678154
0.28951960802078247, 0.31041568517684937, 0.002782490337267518
0.36969298124313354, 0.2291652113199234, -0.009476286359131336
0.31007149815559387, 0.41031304001808167, -0.00793261919170618
0.270477831363678, 0.4299659729003906, -0.00856130849570036
0.2507849633693695, 0.4685501456260681, 0.0028363605961203575
0.27020135521888733, 0.4100588858127594, -0.008388922549784184
0.31023895740509033, 0.43009302020072937, -0.008211808279156685
0.2910613715648651, 0.4501471221446991, 0.004027239046990871
0.3100008964538574, 0.4710621237754822, -0.009179540909826756
0.25033268332481384, 0.4515889883041382, 0.003727142233401537
0.309395432472229, 0.4311971962451935, 0.003032029140740633
0.3106009066104889, 0.4503900408744812, -0.00787079893052578
0.24996428191661835, 0.4302668869495392, -0.008323455229401588
0.28961828351020813, 0.43062278628349304, 0.0034093542490154505
0.2498639076948166, 0.4103648066520691, -0.008050610311329365
0.2503747045993805, 0.4499106705188751, -0.00819308590143919
0.27041658759117126, 0.3676082193851471, 0.004336391109973192
0.25009843707084656, 0.39065489172935486, -0.009031263180077076
0.21158090233802795, 0.3501078486442566, 0.004034026991575956
0.19039447605609894, 0.3710068166255951, 0.003006790531799197
0.3101024329662323, 0.3298929035663605, -0.007507289759814739
0.2503814697265625, 0.34948357939720154, -0.008909635245800018
0.18585504591464996, 0.34504348039627075, -0.025956574827432632
0.21011921763420105, 0.3901287019252777, -0.009123360738158226
0.23430319130420685, 0.37151458859443665, -0.021433766931295395
0.26988542079925537, 0.3307248651981354, -0.008532370440661907
0.20974048972129822, 0.3697400391101837, -0.007756534963846207
0.22987177968025208, 0.3500073254108429, -0.008582225069403648
0.26924851536750793, 0.3302653729915619, 0.0026899054646492004
0.20984798669815063, 0.34975069761276245, -0.008631804026663303
0.17006641626358032, 0.36959031224250793, -0.009012145921587944
0.16998137533664703, 0.3503880202770233, -0.01124610099941492
0.2305445820093155, 0.32989242672920227, -0.00952301174402237
0.22962848842144012, 0.3510713279247284, 0.0038154900539666414
0.31041091680526733, 0.3696402311325073, 0.004837228450924158
0.1906535029411316, 0.35231348872184753, 0.0036806853022426367
0.2300487905740738, 0.4502185881137848, -0.008258286863565445
0.2708229124546051, 0.350563108921051, 0.004651844501495361
0.2707074284553528, 0.37026330828666687, -0.008342728950083256
0.29218238592147827, 0.33177709579467773, 0.0031576096080243587
0.24934826791286469, 0.36888834834098816, 0.004889040719717741
0.2104155719280243, 0.36951202154159546, 0.004153599962592125
0.18981057405471802, 0.3295791447162628, -0.010172164998948574
0.29414868354797363, 0.3294829726219177, -0.021649133414030075
0.23079073429107666, 0.4491579532623291, 0.0032344418577849865
0.27034392952919006, 0.39014509320259094, -0.007701826747506857
0.1904202699661255, 0.3509923815727234, -0.009277538396418095
0.27011579275131226, 0.3499036431312561, -0.0079588508233428
0.16996629536151886, 0.3303743898868561, -0.009175852872431278
0.2102901190519333, 0.3297669589519501, -0.010448414832353592
0.2896658182144165, 0.329947292804718, -0.00848171766847372
0.20975174009799957, 0.4306798577308655, -0.008969403803348541
0.22971536219120026, 0.3710239827632904, -0.00909733772277832
0.3094911277294159, 0.3905657231807709, -0.008313142694532871
0.24953660368919373, 0.350717157125473, 0.003907409030944109
0.20995041728019714, 0.45077964663505554, -0.008605308830738068
0.29007139801979065, 0.3700825273990631, -0.008386415429413319
0.30978161096572876, 0.370619535446167, -0.008470353670418262
0.29054245352745056, 0.38981494307518005, -0.008303242735564709
0.24990488588809967, 0.3299594223499298, -0.007453614845871925
0.2501818537712097, 0.36978283524513245, -0.008247911930084229
0.1709577590227127, 0.32936009764671326, 0.0029961157124489546
0.25105446577072144, 0.34659820795059204, -0.021650224924087524
0.22937807440757751, 0.4701390564441681, -0.007630596868693829
0.26882368326187134, 0.3507041335105896, -0.020715804770588875
0.34830722212791443, 0.2694796621799469, 0.004720569588243961
0.2903813421726227, 0.3495562672615051, -0.007652003318071365
0.33040302991867065, 0.31062155961990356, -0.007771225646138191
0.36947178840637207, 0.24985942244529724, -0.008254621177911758
0.3896728754043579, 0.18950672447681427, -0.00795211922377348
0.2714279294013977, 0.4903113543987274, 0.0031307952012866735
0.30919355154037476, 0.33040720224380493, 0.0031426632776856422
0.18979349732398987, 0.41000795364379883, -0.009078960865736008
0.3896981179714203, 0.17007514834403992, -0.008216505870223045
0.549447774887085, 0.17027470469474792, 0.0033975185360759497
0.43018338084220886, 0.2503923773765564, -0.007571004331111908
0.3498048782348633, 0.2900436818599701, -0.0076749566942453384
0.13004735112190247, 0.35008159279823303, -0.009988718666136265
0.14974477887153625, 0.3488426208496094, -0.010596218518912792
0.15044862031936646, 0.33030372858047485, 0.0020673591643571854
0.3905683159828186, 0.2308126986026764, -0.009276757948100567
0.39016756415367126, 0.2108965367078781, -0.008226726204156876
0.34967437386512756, 0.3100407123565674, -0.008464809507131577
0.38848596811294556, 0.25107815861701965, 0.003928550519049168
0.36965706944465637, 0.29020971059799194, -0.008398300968110561
0.3731625974178314, 0.15504767000675201, -0.007597583811730146
0.3495350778102875, 0.3101762533187866, 0.0032181437127292156
0.15246666967868805, 0.3741159439086914, 0.0029709211084991693
0.29091963171958923, 0.3509426414966583, 0.0038173154462128878
0.4096320867538452, 0.169718399643898, 0.0035370069090276957
0.15101198852062225, 0.3707506060600281, -0.010117062367498875
0.309945285320282, 0.35029324889183044, -0.008443610742688179
0.4104599952697754, 0.16996265947818756, -0.008126241154968739
0.3712315261363983, 0.2899910807609558, 0.0035578960087150335
0.2698752284049988, 0.49029096961021423, -0.009097385220229626
0.230382040143013, 0.4906076192855835, -0.008851993829011917
0.23024344444274902, 0.5101462006568909, -0.009012741968035698
0.38942620158195496, 0.2711843252182007, 0.003618712769821286
0.4091622233390808, 0.14866723120212555, 0.005396561231464148
0.4092143774032593, 0.23011842370033264, -0.00817657820880413
0.4098368287086487, 0.21063360571861267, 0.002681076293811202
0.2101195603609085, 0.28977885842323303, -0.008305618539452553
0.4091857075691223, 0.19225190579891205, 0.003706906922161579
0.4298913776874542, 0.15010161697864532, -0.007689531892538071
0.472039133310318, 0.1120438501238823, 0.008597824722528458
0.19106528162956238, 0.4302508533000946, 0.0022461845073848963
0.36899200081825256, 0.36943548917770386, 0.0025279363617300987
0.3889261484146118, 0.390184611082077, 0.0030861685518175364
0.2500194311141968, 0.4903790056705475, -0.008282769471406937
0.18786269426345825, 0.20970751345157623, 0.004611170385032892
0.5508098006248474, 0.35049018263816833, 0.0028340532444417477
0.15023913979530334, 0.431405633687973, 0.002759394934400916
0.19035795331001282, 0.429590106010437, -0.008854671381413937
0.35037291049957275, 0.3304233253002167, -0.00809735432267189
0.11157318949699402, 0.3470689356327057, -0.022607171908020973
0.3309856951236725, 0.36965689063072205, 0.004105542786419392
0.5878585577011108, 0.23177877068519592, 0.004999337252229452
0.5508154630661011, 0.24990956485271454, -0.007960529066622257
0.3888930380344391, 0.4291756749153137, -0.00784122571349144
0.5701014995574951, 0.21018549799919128, -0.007418911438435316
0.5696122050285339, 0.3098474442958832, -0.007408193778246641
0.551379919052124, 0.28955790400505066, 0.004324976820498705
0.4700416922569275, 0.20906774699687958, -0.007348803803324699
0.1701347380876541, 0.45035648345947266, -0.009063059464097023
0.310055136680603, 0.4502165913581848, 0.00386264780536294
0.2896679937839508, 0.3696323037147522, 0.0035306205973029137
0.4705851078033447, 0.2501647472381592, 0.004743451252579689
0.27000510692596436, 0.44995173811912537, -0.008261339738965034
0.2898501455783844, 0.4103374481201172, -0.008576848544180393
0.48964840173721313, 0.3486217260360718, 0.003926435019820929
0.15013164281845093, 0.42993006110191345, -0.00862826220691204
0.490704745054245, 0.3901989758014679, -0.006958525162190199
0.4105910360813141, 0.30980193614959717, -0.007305807434022427
0.5250692367553711, 0.371379554271698, -0.02192290499806404
0.5705136060714722, 0.271916002035141, 0.004329275339841843
0.2677789628505707, 0.3901517391204834, -0.022884683683514595
0.12845921516418457, 0.4100990295410156, 0.005042391363531351
0.5301818251609802, 0.16999299824237823, -0.0072438642382621765
0.5698366165161133, 0.3499007523059845, -0.006696532014757395
0.35004183650016785, 0.3304803669452667, 0.0031516109593212605
0.1708187460899353, 0.46857646107673645, 0.0026261049788445234
0.07062489539384842, 0.330342561006546, -0.008576160296797752
0.46896323561668396, 0.38958242535591125, -0.008112393319606781
0.529696524143219, 0.24950063228607178, -0.007585798390209675
0.40947118401527405, 0.34969568252563477, -0.007989728823304176
0.2894449234008789, 0.3903888463973999, 0.0032920902594923973
0.3696199357509613, 0.3299053907394409, -0.007824169471859932
0.3700680434703827, 0.39006829261779785, -0.007611543405801058
0.48989298939704895, 0.19104312360286713, -0.008161631412804127
0.5504142642021179, 0.2902800440788269, -0.007453684229403734
0.44968533515930176, 0.2704935669898987, -0.007764706388115883
0.28977787494659424, 0.4686858654022217, 0.003781387582421303
0.45033183693885803, 0.23004424571990967, -0.0078811626881361
0.43511319160461426, 0.1381077915430069, -0.021502681076526642
0.29002273082733154, 0.4302719831466675, -0.008399227634072304
0.10836899280548096, 0.34952402114868164, 0.0023223250173032284
0.3879387080669403, 0.4088720679283142, 0.003819784615188837
0.4301658868789673, 0.13122685253620148, 0.008411260321736336
0.4294900894165039, 0.3503302335739136, -0.007320248056203127
0.09041941910982132, 0.32999059557914734, -0.009165260940790176
0.16883805394172668, 0.40734732151031494, 0.002876728307455778
0.26935943961143494, 0.40923142433166504, 0.003091053571552038
0.1299184262752533, 0.3699274957180023, -0.011315258219838142
0.16966204345226288, 0.47023308277130127, -0.008503703400492668
0.39034950733184814, 0.3499175012111664, -0.007865270599722862
0.23243960738182068, 0.38999810814857483, 0.00303770718164742
0.4898577928543091, 0.2495034784078598, -0.007339386269450188
0.6276113986968994, 0.2910832166671753, -0.008982865139842033
0.18995216488838196, 0.3904663026332855, -0.00836944580078125
0.40948665142059326, 0.39014720916748047, -0.008482520468533039
0.5732205510139465, 0.17087778449058533, -0.02620617114007473
0.4919203519821167, 0.22987663745880127, 0.0031967784743756056
0.45091575384140015, 0.19178426265716553, 0.003971893806010485
0.5316731929779053, 0.33025476336479187, 0.0036123478785157204
0.5098057985305786, 0.3899683654308319, -0.007929664105176926
0.5704286098480225, 0.2508947253227234, -0.00752816628664732
0.5504827499389648, 0.2103508859872818, -0.007330056745558977
0.570783257484436, 0.2902192175388336, -0.006418521516025066
0.4498036801815033, 0.19007979333400726, -0.00723153306171298
0.5300353169441223, 0.3699466288089752, -0.007303350605070591
0.10953091084957123, 0.36890584230422974, -0.010578785091638565
0.29017549753189087, 0.4700060188770294, -0.0082845538854599
0.2300020009279251, 0.38987961411476135, -0.008692627772688866
0.48989138007164, 0.12959785759449005, -0.007660763803869486
0.10994209349155426, 0.3502623438835144, -0.009909848682582378
0.5492963790893555, 0.33006367087364197, -0.007259023375809193
0.1513417661190033, 0.2917001247406006, -0.021069467067718506
0.4684906601905823, 0.15108127892017365, 0.004184857476502657
0.21174708008766174, 0.4488688111305237, 0.003282672492787242
0.4706903398036957, 0.27081936597824097, -0.0077835628762841225
0.07007680833339691, 0.3697614073753357, -0.0105598671361804
0.0697053000330925, 0.3893546164035797, -0.010009375400841236
0.10919244587421417, 0.41014745831489563, -0.008380557410418987
0.1304122805595398, 0.449852854013443, -0.008827312849462032
0.13171140849590302, 0.47066530585289, 0.0028157096821814775
0.12972284853458405, 0.4701441824436188, -0.00886921864002943
0.40952032804489136, 0.2095847874879837, -0.007835318334400654
0.16918903589248657, 0.510516881942749, 0.004211589694023132
0.09005915373563766, 0.4100099205970764, -0.008658615872263908
0.14962607622146606, 0.5100054740905762, -0.00834376085549593
0.13015465438365936, 0.4898361563682556, -0.008452177979052067
0.13043254613876343, 0.4920331537723541, 0.002087523229420185
0.06817296892404556, 0.4285886883735657, 0.0027726381085813046
0.11289853602647781, 0.5096931457519531, 0.003140475135296583
0.15027901530265808, 0.5298071503639221, -0.008646635338664055
0.17046554386615753, 0.5500137209892273, -0.008482848294079304
0.17166800796985626, 0.38994112610816956, 0.003908289130777121
0.3282999098300934, 0.34718382358551025, -0.020924001932144165
0.2093675434589386, 0.38965311646461487, 0.0034001762978732586
0.15014442801475525, 0.39024460315704346, 0.003953320439904928
0.31026121973991394, 0.34993433952331543, 0.0037151675205677748
0.2318480759859085, 0.47116148471832275, 0.0036608364898711443
0.2711959183216095, 0.3887631297111511, 0.0026967842131853104
0.4920518100261688, 0.11377798020839691, -0.006984037812799215
0.5294479131698608, 0.2506863474845886, 0.004157655872404575
0.22999531030654907, 0.32539427280426025, -0.02369503304362297
0.4497227072715759, 0.210260808467865, -0.008470027707517147
0.2505156993865967, 0.48896700143814087, 0.0022902542259544134
0.4045359492301941, 0.33104148507118225, -0.022620847448706627
0.5868372321128845, 0.20979367196559906, -0.010267052799463272
0.38894152641296387, 0.2871330678462982, 0.003871711203828454
0.14957018196582794, 0.4677724242210388, 0.002291865414008498
0.5103428363800049, 0.18983207643032074, -0.00763193191960454
0.33038753271102905, 0.41039928793907166, -0.008100452832877636
0.46882545948028564, 0.29005974531173706, 0.0034091356210410595
0.6098923683166504, 0.3114257752895355, 0.003746189409866929
0.1302272230386734, 0.4305860698223114, -0.00896263588219881
0.46951931715011597, 0.30959850549697876, -0.007861483842134476
0.5285568237304688, 0.11098186671733856, -0.008325912058353424
0.33130618929862976, 0.4507814347743988, 0.003513582283630967
0.3291676640510559, 0.4110068082809448, 0.003374888328835368
0.6098706126213074, 0.28963780403137207, 0.0035831811837852
0.23042607307434082, 0.40982547402381897, -0.008429843932390213
0.19005520641803741, 0.3705500364303589, -0.008555513806641102
0.5690107345581055, 0.3485868275165558, 0.004294572398066521
0.12941974401474, 0.39054667949676514, -0.00902204867452383
0.62944495677948, 0.6103293299674988, -0.007561676204204559
0.149600088596344, 0.4904650151729584, -0.008005814626812935
0.2700599431991577, 0.47021833062171936, -0.00854139868170023
0.09176140278577805, 0.509649395942688, -0.009043875150382519
0.5094705820083618, 0.149591863155365, -0.008728696033358574
0.19018298387527466, 0.490100234746933, -0.008272343315184116
0.13026773929595947, 0.5098111033439636, -0.007995308376848698
0.43047547340393066, 0.17079369723796844, -0.008314325474202633
0.11024641245603561, 0.49009808897972107, -0.007903911173343658
0.5294704437255859, 0.23088473081588745, 0.0035067368298768997
0.5104584097862244, 0.25054284930229187, 0.003619512775912881
0.6098743677139282, 0.2706170976161957, -0.007616359740495682
0.43031129240989685, 0.18957597017288208, -0.007831096649169922
0.43021848797798157, 0.30969804525375366, 0.0025877212174236774
0.26925671100616455, 0.5086866021156311, -0.010135268792510033
0.11171904951334, 0.49025198817253113, 0.002792383311316371
0.5098530650138855, 0.1705021858215332, 0.0031570226419717073
0.1700441688299179, 0.38966476917266846, -0.008258070796728134
0.3896300494670868, 0.3094252943992615, -0.007181485649198294
0.5097845196723938, 0.3296094536781311, -0.006940713617950678
0.46987834572792053, 0.12827515602111816, 0.004242182709276676
0.5695960521697998, 0.3114708960056305, 0.0036236916203051805
0.2713513970375061, 0.42966386675834656, 0.0026383516378700733
0.07034889608621597, 0.4107024073600769, -0.009626289829611778
0.4105512797832489, 0.2506783604621887, -0.007565604057163
0.3693636357784271, 0.3113624155521393, 0.003692022757604718
0.1504533588886261, 0.4082977771759033, 0.004168411251157522
0.5499240756034851, 0.27005696296691895, -0.006054362282156944
0.3306596875190735, 0.35208478569984436, 0.0042678420431911945
0.1100357323884964, 0.45090121030807495, -0.009058176539838314
0.1692219227552414, 0.431586891412735, 0.002873016754165292
0.050594352185726166, 0.37002405524253845, -0.009474538266658783
0.5899333953857422, 0.24931494891643524, -0.008027036674320698
0.14984050393104553, 0.3906685709953308, -0.009262332692742348
0.6891663670539856, 0.6110879182815552, 0.0032425587996840477
0.6699380278587341, 0.589119553565979, -0.007125027943402529
0.6709471940994263, 0.623253583908081, -0.021038413047790527
0.6494585275650024, 0.6300899386405945, -0.00578401330858469
0.7104413509368896, 0.5689005255699158, 0.0035403594374656677
0.7899300456047058, 0.7700543403625488, -0.0070382398553192616
0.7306413650512695, 0.7698606252670288, -0.00801593717187643
0.7708508372306824, 0.7292700409889221, 0.002871384844183922
0.7696185111999512, 0.7095285654067993, -0.006055617704987526
0.7504796385765076, 0.7890915870666504, -0.007581328973174095
0.8298012614250183, 0.7900565266609192, -0.007646237034350634
0.8493421077728271, 0.7698574066162109, -0.007492469158023596
0.8308073878288269, 0.8093239665031433, -0.007057524751871824
0.8500027656555176, 0.8304814100265503, -0.008400298655033112
0.7717350125312805, 0.8295435905456543, -0.008016625419259071
0.8293318748474121, 0.6908790469169617, -0.0063593219965696335
0.8307185769081116, 0.7499538660049438, -0.006487037055194378
0.8308355212211609, 0.7701290249824524, -0.008304892107844353
0.8099496364593506, 0.728655219078064, -0.006597650703042746
0.8701725602149963, 0.8692803382873535, 0.0031196819618344307
0.7903257012367249, 0.8485968708992004, 0.0025234899949282408
0.8694614171981812, 0.8289728164672852, 0.0037306728772819042
0.9092007279396057, 0.8698217868804932, -0.005518476478755474
0.8284522891044617, 0.9097726941108704, -0.007532881107181311
0.8495125770568848, 0.9092017412185669, -0.006825622171163559
0.8288087248802185, 0.928611695766449, -0.009874721057713032
0.7694516181945801, 0.8892136216163635, -0.00781601294875145
0.2701553702354431, 0.46882060170173645, 0.003989559132605791
0.7503994703292847, 0.7506057024002075, 0.002974520204588771
0.8496631979942322, 0.8102302551269531, -0.007138105574995279
0.7893998622894287, 0.7101262211799622, -0.006061980035156012
0.8096455931663513, 0.9298754930496216, -0.007925428450107574
0.8495904803276062, 0.7906344532966614, -0.006680672522634268
0.8498419523239136, 0.7313385605812073, 0.004318842664361
0.8099648952484131, 0.829652726650238, -0.006337082479149103
0.7875497937202454, 0.7315296530723572, 0.0033144771587103605
0.9103556871414185, 0.8502482771873474, -0.006748529151082039
0.11096504330635071, 0.39118731021881104, -0.010811946354806423
0.7697188854217529, 0.8495677709579468, -0.007927426137030125
0.868553638458252, 0.730100154876709, -0.008045562542974949
0.74984210729599, 0.8297716379165649, -0.007351266220211983
0.8703936338424683, 0.7902141809463501, -0.006549124605953693
0.8293553590774536, 0.7292302250862122, -0.006605538539588451
0.810170590877533, 0.9096369743347168, -0.00758031802251935
0.8308315277099609, 0.7279635667800903, 0.0037914812564849854
0.7899549603462219, 0.8099244832992554, -0.007892711088061333
0.7692251205444336, 0.8701797723770142, -0.007338722702115774
0.8093817234039307, 0.7897900342941284, -0.007322728168219328
0.7894401550292969, 0.8306078910827637, -0.007093439344316721
0.7328894138336182, 0.7912502884864807, 0.002653537318110466
0.8696481585502625, 0.7509148120880127, -0.007755444385111332
0.8677595853805542, 0.8526151180267334, 0.004954589065164328
0.7896266579627991, 0.8696722984313965, -0.0077574593015015125
0.7308853268623352, 0.829754650592804, -0.007617640774697065
0.8101775050163269, 0.8904521465301514, -0.008490392006933689
0.889703631401062, 0.8516749739646912, -0.006936556193977594
0.7294461131095886, 0.7897818088531494, -0.008802269585430622
0.9294201135635376, 0.8704866170883179, -0.008674242533743382
0.8696222901344299, 0.889079213142395, -0.006160106975585222
0.828849196434021, 0.7491263151168823, 0.0027976161800324917
0.8489478826522827, 0.8509907126426697, -0.007548321504145861
0.7700057029724121, 0.7711026668548584, -0.006285952869802713
0.7501254081726074, 0.8506079316139221, -0.007964503951370716
0.8308714628219604, 0.8302735686302185, -0.007587085943669081
0.7905704379081726, 0.9100444316864014, -0.00731821870431304
0.8699332475662231, 0.8701013922691345, -0.006412848364561796
0.7113684415817261, 0.7099847793579102, 0.002867070958018303
0.730404257774353, 0.767704963684082, 0.002793620340526104
0.7910395860671997, 0.8502430319786072, -0.006918155588209629
0.7295733094215393, 0.730030357837677, -0.0076677268370985985
0.8097098469734192, 0.8700874447822571, -0.007627586368471384
0.7891494035720825, 0.889958918094635, -0.00739181786775589
0.7900516986846924, 0.7303422689437866, -0.006955302320420742
0.8290815949440002, 0.8888394236564636, -0.00771721638739109
0.7490288615226746, 0.7501571774482727, -0.007030376698821783
0.8892511129379272, 0.7904224395751953, -0.007875527255237103
0.8294271230697632, 0.870464026927948, -0.007854396477341652
0.8495694398880005, 0.8708250522613525, -0.00780890416353941
0.7497663497924805, 0.6499576568603516, -0.006019324529916048
0.7898335456848145, 0.6692869067192078, 0.004003847483545542
0.08943600207567215, 0.4300645887851715, -0.00904593151062727
0.5706282258033752, 0.2908746600151062, 0.0041530542075634
0.8687825202941895, 0.8094425797462463, -0.007289448287338018
0.41023239493370056, 0.2905738949775696, -0.00804505031555891
0.8693520426750183, 0.9074258208274841, -0.009427778422832489
0.9082713723182678, 0.8111942410469055, -0.008950503543019295
0.16974730789661407, 0.44873565435409546, 0.001990656601265073
0.5690921545028687, 0.32990899682044983, -0.006527857854962349
0.3904173672199249, 0.32975494861602783, 0.004099211655557156
0.5284738540649414, 0.15084470808506012, 0.003929120488464832
0.7496079206466675, 0.8094596862792969, 0.003508729627355933
0.4310532212257385, 0.2483876645565033, 0.004636277910321951
0.8499269485473633, 0.7499473690986633, -0.008109735324978828
0.5904565453529358, 0.3095121383666992, -0.007826121523976326
0.43025562167167664, 0.37057095766067505, -0.007658075075596571
0.8105101585388184, 0.7105380296707153, -0.006477918475866318
0.7499465346336365, 0.7300522327423096, -0.007294695358723402
0.4102581739425659, 0.2700486481189728, -0.00821648444980383
0.7489686608314514, 0.5898332595825195, -0.006446634419262409
0.869401752948761, 0.8498777151107788, -0.005683450028300285
0.4498322308063507, 0.3902381658554077, 0.0033111106604337692
0.3501834571361542, 0.45111045241355896, 0.002679819241166115
0.509797990322113, 0.2495594024658203, -0.006887551862746477
0.5092641711235046, 0.2903784215450287, -0.007416326552629471
0.13057462871074677, 0.5302830934524536, -0.008733288384974003
0.5502614378929138, 0.18964962661266327, -0.006913086399435997
0.8495073914527893, 0.8906895518302917, -0.00703491410240531
0.2903035581111908, 0.4899224638938904, -0.00864004623144865
0.09003181010484695, 0.39036768674850464, -0.011413974687457085
0.40939491987228394, 0.36886993050575256, 0.0033896679524332285
0.7898450493812561, 0.7499293088912964, -0.006828060373663902
0.7693449854850769, 0.7494601607322693, 0.003601004369556904
0.4293381869792938, 0.2090642750263214, -0.007959633134305477
0.5896090269088745, 0.2896139323711395, 0.003415135433897376
0.4899224042892456, 0.28922224044799805, 0.004755881614983082
0.43017926812171936, 0.21102069318294525, 0.004989884793758392
0.8498814105987549, 0.7700565457344055, 0.0040349955670535564
0.8105663061141968, 0.8102189898490906, -0.006743147503584623
0.608737587928772, 0.3467662036418915, -0.010320667177438736
0.5318933725357056, 0.1289764940738678, 0.0029282760806381702
0.8096306324005127, 0.6702710390090942, -0.006852814927697182
0.13123424351215363, 0.4098328948020935, -0.008119051344692707
0.48946690559387207, 0.39211270213127136, 0.0030399751849472523
0.790399432182312, 0.8099676966667175, 0.0023223573807626963
0.5089097023010254, 0.38894936442375183, 0.003915318753570318
0.48991894721984863, 0.30978748202323914, -0.007749555632472038
0.5305337905883789, 0.1498829573392868, -0.0069971405901014805
0.24751679599285126, 0.43095654249191284, 0.0024571476969867945
0.36985647678375244, 0.3508486747741699, 0.003348730504512787
0.7104227542877197, 0.7306309938430786, -0.006669390946626663
0.5904662013053894, 0.26975587010383606, 0.003325871890410781
0.8697879314422607, 0.8298280835151672, -0.00698781618848443
0.5305206775665283, 0.2702566087245941, -0.0073127844370901585
0.5697595477104187, 0.22968584299087524, -0.0068952287547290325
0.330836683511734, 0.4316098690032959, 0.003267706371843815
0.8295934200286865, 0.8494419455528259, -0.007458603009581566
0.6896308064460754, 0.5697622895240784, -0.007716340012848377
0.870241641998291, 0.7699468731880188, 0.0034294540528208017
0.6510187387466431, 0.6098304390907288, 0.004459140822291374
0.8102796077728271, 0.7495461106300354, -0.007280152291059494
0.769718587398529, 0.6696577072143555, 0.003742816625162959
0.2900574505329132, 0.45010480284690857, -0.008170678280293941
0.8306840658187866, 0.789811909198761, 0.002584518399089575
0.810285747051239, 0.7707731127738953, -0.007618873380124569
0.8087651133537292, 0.6298559308052063, -0.006488251034170389
0.09174856543540955, 0.41078925132751465, 0.002910257549956441
0.8099277019500732, 0.8498120307922363, -0.006996124982833862
0.7098845839500427, 0.7500723004341125, -0.007340320851653814
0.7888453006744385, 0.5913172364234924, 0.003949079196900129
0.21027787029743195, 0.29041147232055664, 0.0029057625215500593
0.18809925019741058, 0.3902454078197479, -0.022143667563796043
0.38930195569992065, 0.23446998000144958, -0.04426698386669159
0.7298876047134399, 0.7500025629997253, -0.007297246251255274
0.16926108300685883, 0.3717893660068512, 0.003908799961209297
0.749647319316864, 0.6097728610038757, -0.007071346510201693
0.41092661023139954, 0.1718364953994751, -0.022263959050178528
0.22972455620765686, 0.390787273645401, -0.022623440250754356
0.3670801818370819, 0.1858069747686386, -0.02345028705894947
0.3975623548030853, 0.1391175091266632, -0.00434210104867816
0.3286186158657074, 0.268344908952713, -0.023634744808077812
0.9089950323104858, 0.8295964002609253, -0.006859646178781986
0.31011056900024414, 0.273171991109848, -0.022765271365642548
0.1700223982334137, 0.3124798536300659, 0.0036904229782521725
0.20824751257896423, 0.5464457273483276, -0.01135109644383192
0.4119184613227844, 0.13630004227161407, -0.004902786109596491
0.23106801509857178, 0.33183833956718445, 0.0031691144686192274
0.2899921238422394, 0.36882227659225464, -0.021974246948957443
0.6912201046943665, 0.7129063010215759, 0.0030312025919556618
0.19065436720848083, 0.24993817508220673, 0.002462649019435048
0.6281753182411194, 0.3103093206882477, 0.003721203887835145
0.3419555723667145, 0.32952407002449036, -0.020405486226081848
0.251173734664917, 0.4321325421333313, -0.021443568170070648
0.2932335436344147, 0.4303969740867615, -0.021131034940481186
0.2517094016075134, 0.4721754789352417, -0.022478047758340836
0.1904371827840805, 0.5098112225532532, -0.008403460495173931
0.30994632840156555, 0.36748379468917847, -0.022115247324109077
0.4111940264701843, 0.24976366758346558, -0.021803269162774086
0.17732061445713043, 0.1910492181777954, 0.012225407175719738
0.6900987029075623, 0.5918318629264832, 0.0036681152414530516
0.310838520526886, 0.4691939949989319, -0.022910460829734802
0.25035029649734497, 0.3286249041557312, 0.00313909281976521
0.7890157103538513, 0.6508356928825378, -0.007092790678143501
0.5685418844223022, 0.3670606017112732, -0.00930849276483059
0.2912037670612335, 0.3091542422771454, -0.021746914833784103
0.7710404396057129, 0.7896022796630859, -0.007251353934407234
0.21113425493240356, 0.2086673080921173, -0.02128537930548191
0.3098362684249878, 0.40863558650016785, 0.003660164074972272
0.7698302268981934, 0.8111761808395386, -0.0075407614931464195
0.07016066461801529, 0.4301888644695282, -0.0086315693333745
0.31344401836395264, 0.31435900926589966, -0.021127354353666306
0.24741804599761963, 0.2906911373138428, 0.004093698225915432
0.2107069492340088, 0.46930941939353943, 0.004012778867036104
0.34330007433891296, 0.2933807969093323, -0.027098650112748146
0.37273791432380676, 0.15349262952804565, 0.006429821252822876
0.2871197760105133, 0.35158050060272217, -0.022632388398051262
0.6492273211479187, 0.6090871691703796, -0.006088371854275465
0.3899531066417694, 0.2492215931415558, -0.024646464735269547
0.33022528886795044, 0.388477087020874, -0.021454758942127228
0.2520354092121124, 0.39013466238975525, -0.02261904999613762
0.769217848777771, 0.629769504070282, -0.006488601211458445
0.309666246175766, 0.3873777985572815, -0.022923151031136513
0.6508315801620483, 0.648346483707428, 0.003865492297336459
0.250733345746994, 0.23046888411045074, -0.021679965779185295
0.509522557258606, 0.2897908091545105, 0.004593260120600462
0.13031525909900665, 0.32993459701538086, -0.009785173460841179
0.34843966364860535, 0.2534742057323456, -0.02451440319418907
0.13331905007362366, 0.2749345600605011, -0.006437576841562986
0.15171973407268524, 0.2893787622451782, 0.003229191992431879
0.11038689315319061, 0.470013827085495, -0.00867326557636261
0.15319551527500153, 0.5113016963005066, 0.0029904302209615707
0.22992898523807526, 0.42951953411102295, -0.00860698614269495
0.1539282649755478, 0.2497696429491043, -0.00698664179071784
0.4696451425552368, 0.3134528696537018, 0.0039029393810778856
0.5697214007377625, 0.22925938665866852, 0.004262566100805998
0.8900959491729736, 0.870518684387207, -0.008172541856765747
0.43105143308639526, 0.22977763414382935, 0.004373434465378523
0.4500581920146942, 0.30991846323013306, 0.0037123721558600664
0.7695264220237732, 0.7305291891098022, -0.00671718455851078
0.38359296321868896, 0.21525824069976807, -0.025406714528799057
0.7101696729660034, 0.6911247372627258, 0.0036905119195580482
0.14960093796253204, 0.4507179260253906, -0.008526644669473171
0.4500892460346222, 0.16978873312473297, -0.008200420066714287
0.37345874309539795, 0.20827148854732513, -0.023754477500915527
0.2542567253112793, 0.27293309569358826, -0.021862437948584557
0.23061181604862213, 0.1720055490732193, 0.005010593216866255
0.2710537612438202, 0.2514360249042511, 0.004383341409265995
0.21012479066848755, 0.5101651549339294, -0.008552901446819305
0.7699529528617859, 0.589556872844696, 0.003930618986487389
0.37064534425735474, 0.30722832679748535, -0.02205021120607853
0.5892454981803894, 0.34938961267471313, -0.007492349483072758
0.3279220759868622, 0.3720599114894867, -0.02166696824133396
0.4115959107875824, 0.13420873880386353, 0.029279889538884163
0.411446213722229, 0.2301294505596161, 0.005333153996616602
0.20881295204162598, 0.39192116260528564, -0.021985283121466637
0.35422372817993164, 0.15852507948875427, 0.005627206992357969
0.2502079904079437, 0.19032929837703705, -0.021815666928887367
0.8089014291763306, 0.9110079407691956, 0.002870244439691305
0.8898674845695496, 0.7709940671920776, -0.008852960541844368
0.1134728193283081, 0.364284873008728, 0.0021828366443514824
0.9283212423324585, 0.8520457148551941, -0.008247880265116692
0.4688522219657898, 0.2126203030347824, 0.004500322975218296
0.48764893412590027, 0.36952295899391174, 0.0048540690913796425
0.7697113156318665, 0.6907831430435181, -0.007222519256174564
0.8909282684326172, 0.888454794883728, -0.008284389041364193
0.6975919008255005, 0.6357117891311646, -0.02097141742706299
0.4756039083003998, 0.3903311789035797, -0.022256912663578987
0.6290062069892883, 0.3291108310222626, -0.007546675857156515
0.8087013959884644, 0.7899190187454224, 0.0025645815767347813
0.7672926187515259, 0.8084040284156799, 0.002459891140460968
0.3858411908149719, 0.4041363596916199, -0.021924620494246483
0.49014562368392944, 0.2099330872297287, 0.003915014211088419
0.3886681795120239, 0.44771644473075867, -0.0076796989887952805
0.08795582503080368, 0.3656482696533203, -0.02210259810090065
0.7893946766853333, 0.6900017857551575, 0.0025035887956619263
0.21009474992752075, 0.47029292583465576, -0.00896129384636879
0.6703110337257385, 0.649583637714386, -0.0073682586662471294
0.48952677845954895, 0.33199959993362427, 0.003922635689377785
0.7298175096511841, 0.6487221717834473, 0.0027427533641457558
0.30891889333724976, 0.4319790303707123, -0.021373817697167397
0.8705319762229919, 0.7688160538673401, -0.0072751352563500404
0.4901883602142334, 0.350184828042984, -0.020459754392504692
0.1502077430486679, 0.38824141025543213, -0.02207695133984089
0.09172189235687256, 0.3269115388393402, -0.022331587970256805
0.35014182329177856, 0.3687681257724762, -0.022371120750904083
0.6106114983558655, 0.33034786581993103, -0.007262240629643202
0.48656782507896423, 0.14828738570213318, -0.02199113927781582
0.7087607383728027, 0.7505543231964111, 0.00235289940610528
0.42636656761169434, 0.252116322517395, -0.020927751436829567
0.8694458603858948, 0.8094935417175293, 0.0035307840444147587
0.4478195011615753, 0.11317086964845657, 0.027939513325691223
0.8097904324531555, 0.6684740781784058, 0.0026092424523085356
0.7085007429122925, 0.7287987470626831, 0.0028740563429892063
0.4723866879940033, 0.11574185639619827, -0.005883173551410437
0.7704213857650757, 0.6102248430252075, -0.00656081922352314
0.8499161601066589, 0.7303858995437622, -0.008378843776881695
0.7473598718643188, 0.8290623426437378, 0.005082617048174143
0.669352114200592, 0.6897926926612854, 0.0027662094216793776
0.7695885896682739, 0.5896739959716797, -0.007034453563392162
0.8506524562835693, 0.8307099342346191, 0.0025736631359905005
0.7708232402801514, 0.9097148180007935, -0.00871654599905014
0.412854939699173, 0.13497675955295563, 0.0097280228510499
0.32637643814086914, 0.22963178157806396, -0.022128496319055557
0.38397401571273804, 0.2696991562843323, -0.021603448316454887
0.3889518976211548, 0.3507577180862427, 0.0031098960898816586
0.5170813798904419, 0.37399202585220337, -0.02041608653962612
0.40567731857299805, 0.23408547043800354, -0.0213326308876276
0.4097483158111572, 0.2707032263278961, -0.02177177183330059
0.4292742609977722, 0.15056727826595306, 0.0036773730535060167
0.8895031809806824, 0.8104130029678345, -0.00715347845107317
0.7698479294776917, 0.7511031627655029, -0.006493047811090946
0.3292818069458008, 0.32974520325660706, -0.021961523219943047
0.5501574277877808, 0.3288998603820801, 0.004263195209205151
0.39523783326148987, 0.1384199559688568, 0.011108322069048882
0.6544290781021118, 0.5774524211883545, -0.009244970977306366
0.34984371066093445, 0.2279442399740219, -0.021981537342071533
0.35101622343063354, 0.38823163509368896, 0.003250895766541362
0.7897524237632751, 0.7896344065666199, -0.007319169584661722
0.3725908696651459, 0.19059792160987854, 0.00433151563629508
0.5703392028808594, 0.2698841094970703, -0.0069638388231396675
0.36474326252937317, 0.1741744726896286, -0.021909251809120178
0.19167460501194, 0.33488762378692627, -0.024457378312945366
0.41096991300582886, 0.3483717441558838, -0.021884605288505554
0.4994591772556305, 0.22685933113098145, -0.021765325218439102
0.3666648268699646, 0.23075105249881744, 0.0032608164474368095
0.710445761680603, 0.7098684310913086, -0.006888977717608213
0.510351300239563, 0.27035990357398987, 0.0039441329427063465
0.7892263531684875, 0.6106502413749695, 0.0038663186132907867
0.21262706816196442, 0.26923131942749023, -0.022082824259996414
0.46978169679641724, 0.16961225867271423, -0.007850412279367447
0.21127313375473022, 0.2884661555290222, -0.022241828963160515
0.43682530522346497, 0.34282219409942627, -0.020273881033062935
0.6699944734573364, 0.6090452075004578, 0.0038749079685658216
0.5297497510910034, 0.3685474395751953, 0.0033652924466878176
0.1702955663204193, 0.4104141891002655, -0.008827977813780308
0.7498972415924072, 0.8091909885406494, -0.0073514967225492
0.46747198700904846, 0.37198129296302795, -0.021715911105275154
0.13011176884174347, 0.3100217282772064, -0.009339316748082638
0.2893596887588501, 0.27085036039352417, -0.02474050037562847
0.1707008332014084, 0.4891088604927063, -0.00933541264384985
0.25064903497695923, 0.4105188250541687, 0.002944500418379903
0.21291552484035492, 0.16873516142368317, -0.02092200517654419
0.7313223481178284, 0.7280903458595276, 0.004171859938651323
0.2313116490840912, 0.3678845763206482, 0.0050627547316253185
0.2713436782360077, 0.2874560058116913, 0.0024800885003060102
0.5658491849899292, 0.17145685851573944, -0.010241094045341015
0.28974267840385437, 0.24727730453014374, -0.02192763239145279
0.3493652641773224, 0.40860021114349365, -0.022276539355516434
0.7887786030769348, 0.6315402388572693, 0.0028946930542588234
0.15046218037605286, 0.46970370411872864, -0.008996162563562393
0.7468671202659607, 0.873352587223053, -0.029601456597447395
0.7523691654205322, 0.732795000076294, 0.0016058527398854494
0.8109001517295837, 0.750561535358429, 0.0022679795511066914
0.8114299774169922, 0.729304313659668, 0.0035068790894001722
0.7886910438537598, 0.6492935419082642, 0.0032516156788915396
0.6699926853179932, 0.610310435295105, -0.007040321361273527
0.588814914226532, 0.3312176465988159, 0.0034162278752774
0.17293214797973633, 0.4920977056026459, 0.002755319932475686
0.8286340236663818, 0.6499101519584656, -0.009023623540997505
0.7701297998428345, 0.5705344080924988, -0.0060978783294558525
0.8879076242446899, 0.790908932685852, 0.0023285215720534325
0.7298169732093811, 0.6706439852714539, -0.006744878366589546
0.3087596595287323, 0.4532628655433655, -0.022306598722934723
0.7916662693023682, 0.8894912004470825, 0.0019098760094493628
0.7899718284606934, 0.670111358165741, -0.007265317253768444
0.4300451874732971, 0.27073776721954346, -0.007524378132075071
0.7133355736732483, 0.5530971884727478, 0.003796580247581005
0.729716956615448, 0.6121151447296143, 0.0029160520061850548
0.7482883334159851, 0.8675593137741089, 0.0031710336916148663
0.8533952832221985, 0.8699650764465332, 0.0026396382600069046
0.3513107895851135, 0.18912971019744873, -0.022009409964084625
0.19274157285690308, 0.46950024366378784, -0.02132933773100376
0.2487066090106964, 0.3699916899204254, -0.023610040545463562
0.8307271003723145, 0.8903887271881104, 0.0028487329836934805
0.42994892597198486, 0.330728679895401, -0.007754687685519457
0.710044264793396, 0.6286806464195251, 0.0030847936868667603
0.5506076812744141, 0.3376196026802063, -0.02080417424440384
0.710800051689148, 0.6499353647232056, 0.0029893950559198856
0.1117253303527832, 0.4315432608127594, -0.021489877253770828
0.7296835780143738, 0.7515673041343689, 0.002450781175866723
0.36885303258895874, 0.4327864944934845, -0.022495772689580917
0.3094820976257324, 0.2859385907649994, -0.0242761243134737
0.7700956463813782, 0.6097739934921265, 0.00518465880304575
0.20990146696567535, 0.4103717803955078, -0.007705824915319681
0.4306625723838806, 0.369350790977478, -0.020980995148420334
0.43376168608665466, 0.14796370267868042, -0.022255681455135345
0.8710179328918457, 0.7890968918800354, 0.0044913035817444324
0.3315025866031647, 0.3109578490257263, -0.022137336432933807
0.3706203103065491, 0.29100775718688965, -0.02072875201702118
0.11024367064237595, 0.5298269987106323, -0.00906550046056509
0.5881583094596863, 0.3320908844470978, -0.021896271035075188
0.7294072508811951, 0.6502031087875366, -0.0068425340577960014
0.3129872977733612, 0.2342558205127716, -0.021260231733322144
0.7495750188827515, 0.6303023099899292, -0.006915611680597067
0.13019034266471863, 0.31377488374710083, -0.02183653600513935
0.37013283371925354, 0.33211594820022583, -0.021455543115735054
0.8089604377746582, 0.7698144912719727, 0.0025997436605393887
0.7490779161453247, 0.7888007760047913, 0.005660567432641983
0.6720811128616333, 0.5742460489273071, 0.003734789788722992
0.4532245099544525, 0.3881184756755829, -0.02335907146334648
0.1901220828294754, 0.3894081711769104, 0.003684084862470627
0.2707826495170593, 0.2745307981967926, -0.021998587995767593
0.7904487252235413, 0.6893365979194641, -0.007241423707455397
0.27090275287628174, 0.37334883213043213, -0.022158971056342125
0.2517469823360443, 0.3118378520011902, 0.003043197561055422
0.6703715920448303, 0.5895682573318481, 0.004061349667608738
0.0889078825712204, 0.3073630928993225, 0.004313081968575716
0.7495719790458679, 0.6696425676345825, -0.007262026891112328
0.5738829374313354, 0.20669829845428467, -0.020683493465185165
0.7099862694740295, 0.6701433062553406, -0.006510141305625439
0.24751216173171997, 0.32702890038490295, -0.022005891427397728
0.5895280241966248, 0.2514950633049011, 0.0040711695328354836
0.4672517478466034, 0.10916643589735031, 0.027080804109573364
0.21175473928451538, 0.251870334148407, 0.0027069244533777237
0.22965975105762482, 0.43162164092063904, 0.004654275253415108
0.6100691556930542, 0.2713726758956909, 0.003455874277278781
0.1899707317352295, 0.4697096645832062, -0.008795215748250484
0.24971115589141846, 0.2499903291463852, -0.021872706711292267
0.11624372005462646, 0.2918175458908081, -0.02258615754544735
0.25223734974861145, 0.2923774719238281, -0.02336617186665535
0.2490842640399933, 0.3913816809654236, 0.003514067502692342
0.26992374658584595, 0.4514162242412567, 0.0038921120576560497
0.11052106320858002, 0.3289169669151306, 0.002257061190903187
0.5335578918457031, 0.3076414465904236, -0.020168397575616837
0.19028446078300476, 0.44951361417770386, -0.009244583547115326
0.7830309867858887, 0.8546968102455139, -0.020488278940320015
0.769520103931427, 0.8510968089103699, 0.0024537097197026014
0.7683697938919067, 0.6485910415649414, 0.0044583044946193695
0.030888251960277557, 0.38958680629730225, -0.009440312162041664
0.7490970492362976, 0.691404402256012, 0.0032894876785576344
0.6706555485725403, 0.6902682185173035, -0.007401334121823311
0.5315918922424316, 0.1905461698770523, 0.0037202611565589905
0.750154435634613, 0.7694483399391174, -0.007250823546200991
0.15018415451049805, 0.4098708927631378, -0.008038557134568691
0.6890971660614014, 0.6325201392173767, 0.003044583136215806
0.8303741812705994, 0.7713269591331482, 0.0033889974001795053
0.4306589663028717, 0.3896116316318512, -0.022905541583895683
0.6699989438056946, 0.6701268553733826, -0.007198019418865442
0.7498332858085632, 0.7099614143371582, -0.007247384637594223
0.7097222208976746, 0.6094303131103516, 0.004288782365620136
0.7489074468612671, 0.770039975643158, 0.0031303006689995527
0.17251650989055634, 0.2541837692260742, -0.02177952229976654
0.7705636024475098, 0.6304502487182617, 0.0046996548771858215
0.7099787592887878, 0.5880424976348877, 0.003060784889385104
0.8730077743530273, 0.8530275821685791, -0.021104907616972923
0.5055979490280151, 0.32982081174850464, -0.022869018837809563
0.109823077917099, 0.42990273237228394, -0.008348843082785606
0.7499012351036072, 0.5705676674842834, -0.0055340551771223545
0.8085901141166687, 0.6105344295501709, -0.008249206468462944
0.6888806223869324, 0.687088668346405, -0.0206705704331398
0.1892537921667099, 0.3271903395652771, 0.0020469436421990395
0.21255093812942505, 0.3324083685874939, 0.0024744614493101835
0.17676645517349243, 0.27022525668144226, -0.021479740738868713
0.7503098845481873, 0.5687171816825867, 0.004460139200091362
0.02933211252093315, 0.369962602853775, 0.002978180767968297
0.8094524145126343, 0.8115351796150208, 0.0023585795424878597
0.3274117410182953, 0.2908211946487427, -0.022374004125595093
0.8483707904815674, 0.6907359957695007, -0.007368625607341528
0.5301265716552734, 0.3950524926185608, -0.028549203649163246
0.26575732231140137, 0.15296652913093567, -0.020487908273935318
0.42221736907958984, 0.18726161122322083, -0.022804558277130127
0.5300082564353943, 0.1305188238620758, -0.007467749994248152
0.09320957213640213, 0.4316574037075043, 0.002739975694566965
0.8478694558143616, 0.9240589141845703, -0.011781711131334305
0.23045819997787476, 0.42974618077278137, -0.021689966320991516
0.6145257949829102, 0.24716900289058685, -0.028332114219665527
0.36797627806663513, 0.3896610140800476, -0.022140944376587868
0.6901680827140808, 0.6501001715660095, -0.007434348575770855
0.8108367919921875, 0.6896558403968811, 0.003903268836438656
0.4261600971221924, 0.29182928800582886, -0.021604124456644058
0.2495395839214325, 0.44974154233932495, -0.022185582667589188
0.7888356447219849, 0.7498867511749268, 0.003093018429353833
0.34652870893478394, 0.4521847367286682, -0.022239087149500847
0.2310969978570938, 0.4093976318836212, 0.0031212512403726578
0.2706488072872162, 0.3299752175807953, -0.022200224921107292
0.6448879241943359, 0.32635048031806946, -0.01112959161400795
0.08728475868701935, 0.4725744128227234, -0.0221487358212471
0.7304182052612305, 0.8093329071998596, -0.00846906565129757
0.1681329309940338, 0.3080486059188843, -0.021916205063462257
0.710483193397522, 0.6696551442146301, 0.003622965654358268
0.02988496795296669, 0.3498763144016266, -0.009556281380355358
0.3913942575454712, 0.389228880405426, -0.022762279957532883
0.2902631461620331, 0.2904791831970215, -0.02410947158932686
0.4905204474925995, 0.25149863958358765, 0.003965543583035469
0.8528366088867188, 0.7510924935340881, 0.0037105618976056576
0.7901235222816467, 0.5911623239517212, -0.005282547324895859
0.8282588124275208, 0.8118811249732971, 0.0022759754210710526
0.3905003070831299, 0.4557211399078369, -0.026137201115489006
0.5496134757995605, 0.3684860169887543, 0.0036942383740097284
0.15050388872623444, 0.45209282636642456, 0.0023136110976338387
0.7909729480743408, 0.8291819095611572, 0.0022854874841868877
0.26995253562927246, 0.17195002734661102, -0.021403426304459572
0.17191389203071594, 0.29141509532928467, -0.0222624558955431
0.35398033261299133, 0.15832407772541046, -0.0024904960300773382
0.3305839002132416, 0.2497694343328476, -0.021012479439377785
0.2688419818878174, 0.21494154632091522, -0.021289950236678123
0.2508426010608673, 0.21202842891216278, -0.023516051471233368
0.0877847671508789, 0.45097362995147705, -0.02144358493387699
0.5711743831634521, 0.30929428339004517, -0.02214404195547104
0.7300896048545837, 0.5894543528556824, -0.006059400271624327
0.29138773679733276, 0.3908974230289459, -0.022351523861289024
0.3091146647930145, 0.1898883879184723, -0.020677004009485245
0.2697126567363739, 0.29475128650665283, -0.02391233667731285
0.7504105567932129, 0.6510390043258667, 0.0031793678645044565
0.3166116178035736, 0.25421595573425293, -0.026021666824817657
0.5557550191879272, 0.14513567090034485, -0.02288089506328106
0.3465093970298767, 0.21087607741355896, -0.02089768275618553
0.7697222828865051, 0.6500595808029175, -0.00764577928930521
0.19243435561656952, 0.2479674220085144, -0.02105824463069439
0.17579863965511322, 0.21095125377178192, -0.004342667758464813
0.5083868503570557, 0.14999988675117493, -0.02144807204604149
0.19183847308158875, 0.3686586618423462, -0.020755106583237648
0.20997799932956696, 0.49057310819625854, -0.00850119348615408
0.22725199162960052, 0.30701303482055664, 0.002606080612167716
0.6500165462493896, 0.6494371891021729, -0.0073018609546124935
0.12953345477581024, 0.3705082833766937, 0.0029756571166217327
0.6908499598503113, 0.647979199886322, 0.0025191144086420536
0.3097836971282959, 0.34774377942085266, -0.02286381833255291
0.3504689037799835, 0.38949108123779297, -0.022871065884828568
0.4330126643180847, 0.26765042543411255, -0.022241931408643723
0.9278329610824585, 0.8870387077331543, -0.01310003362596035
0.487896203994751, 0.19133324921131134, -0.021484697237610817
0.39191320538520813, 0.3355632722377777, -0.022775188088417053
0.6098560094833374, 0.28798872232437134, -0.020840328186750412
0.3112495243549347, 0.3898700773715973, 0.004421234130859375
0.8116868138313293, 0.8894037008285522, 0.0024835066869854927
0.8104297518730164, 0.7088185548782349, 0.003514922922477126
0.7321843504905701, 0.831653892993927, 0.0037847410421818495
0.6920766234397888, 0.6449469327926636, -0.020652301609516144
0.7101672291755676, 0.5696012377738953, -0.006182268261909485
0.6896815896034241, 0.6100638508796692, -0.006492292508482933
0.7497217059135437, 0.6285686492919922, 0.0028851768001914024
0.809637725353241, 0.6897950768470764, -0.007408433128148317
0.16643747687339783, 0.3289414942264557, -0.02301371656358242
0.26895564794540405, 0.4318739175796509, -0.022182736545801163
0.7103435397148132, 0.5900624394416809, -0.006957474630326033
0.5870893001556396, 0.2708420753479004, -0.02072983607649803
0.614165723323822, 0.6088157892227173, -0.009271575137972832
0.22374695539474487, 0.2707987129688263, -0.022352682426571846
0.8706543445587158, 0.7712152600288391, -0.02105836197733879
0.6548162698745728, 0.6323403716087341, -0.02137032151222229
0.4664134383201599, 0.2664681673049927, -0.021660158410668373
0.47143685817718506, 0.18359701335430145, -0.022877855226397514
0.5461570620536804, 0.20921330153942108, -0.022368906065821648
0.7290325164794922, 0.7843522429466248, -0.022052964195609093
0.8296496868133545, 0.7100475430488586, -0.006636785343289375
0.6913803815841675, 0.6898151636123657, 0.003799199592322111
0.4889924228191376, 0.1618930846452713, -0.023616090416908264
0.8095458745956421, 0.6501557230949402, -0.006048289593309164
0.8098335266113281, 0.829016387462616, 0.0028772458899766207
0.4915461242198944, 0.38737964630126953, -0.02189496159553528
0.4675219655036926, 0.29199695587158203, -0.023961856961250305
0.7121543288230896, 0.5816890597343445, -0.02402953989803791
0.6932141184806824, 0.7320480942726135, 0.00290757161565125
0.6498880982398987, 0.5884294509887695, -0.007992840372025967
0.829245924949646, 0.6893435716629028, 0.0032821104396134615
0.29090583324432373, 0.29103079438209534, 0.0034419845324009657
0.6895850300788879, 0.6699190735816956, -0.007032293826341629
0.7499510645866394, 0.7125242948532104, 0.0030582877807319164
0.4520820081233978, 0.3066982328891754, -0.021714191883802414
0.15140172839164734, 0.48931682109832764, 0.00214434415102005
0.16995356976985931, 0.35054099559783936, -0.02682250179350376
0.11014311015605927, 0.52862948179245, -0.021296797320246696
0.31138160824775696, 0.18879124522209167, 0.0034589802380651236
0.7507998943328857, 0.8703394532203674, -0.008683575317263603
0.50690096616745, 0.27390000224113464, -0.022783886641263962
0.9104028344154358, 0.889182984828949, -0.009761620312929153
0.5874086022377014, 0.2910518944263458, -0.022811464965343475
0.7302680611610413, 0.6096600890159607, -0.007073175627738237
0.6512779593467712, 0.66968834400177, -0.00733262998983264
0.36663079261779785, 0.3500334322452545, -0.021788502112030983
0.44403907656669617, 0.2106914073228836, -0.020228799432516098
0.4511617124080658, 0.29018014669418335, -0.021866442635655403
0.7106466293334961, 0.7904281616210938, -0.008105541579425335
0.17020530998706818, 0.4298570156097412, -0.009566297754645348
0.7508442997932434, 0.5896809101104736, 0.003770905314013362
0.3751978874206543, 0.24700959026813507, -0.022235697135329247
0.4089381694793701, 0.21319898962974548, -0.023914946243166924
0.20901279151439667, 0.2296694666147232, 0.003249656641855836
0.5496606826782227, 0.19220907986164093, -0.023745372891426086
0.38605308532714844, 0.15686216950416565, -0.022432107478380203
0.47294294834136963, 0.12765157222747803, -0.021133985370397568
0.38908883929252625, 0.29087626934051514, -0.02360910177230835
0.41244271397590637, 0.37275606393814087, -0.023017991334199905
0.5494000315666199, 0.358418732881546, -0.020710552111268044
0.3271116316318512, 0.19247911870479584, -0.022954126819968224
0.1708533614873886, 0.5299085378646851, -0.007788410875946283
0.7709312438964844, 0.7097288966178894, 0.003144396934658289
0.17160719633102417, 0.35420697927474976, 0.003608705708757043
0.6751471757888794, 0.6177279949188232, -0.021228395402431488
0.46901705861091614, 0.3324040174484253, -0.02190644107758999
0.5699690580368042, 0.329723060131073, -0.023821057751774788
0.7100560665130615, 0.6298073530197144, -0.006538231857120991
0.7906615138053894, 0.8700702786445618, 0.0017428428400307894
0.5344817042350769, 0.27288806438446045, -0.0228907261043787
0.729473352432251, 0.6322943568229675, 0.002702519530430436
0.1698378324508667, 0.5098695755004883, -0.00870083924382925
0.29155614972114563, 0.47136709094047546, -0.02296028472483158
0.25047075748443604, 0.4703112840652466, -0.008029410615563393
0.7679427266120911, 0.7908731698989868, 0.004204297438263893
0.24796265363693237, 0.5256384611129761, -0.012314263731241226
0.7307270169258118, 0.5900112390518188, 0.0034523282665759325
0.6706464886665344, 0.6292054057121277, -0.0075703151524066925
0.43246766924858093, 0.22846798598766327, -0.02122846059501171
0.848392903804779, 0.7114878296852112, 0.0015864386223256588
0.1701018512248993, 0.38771989941596985, -0.022594476118683815
0.45154109597206116, 0.26712507009506226, -0.02227809652686119
0.07016655802726746, 0.45127785205841064, 0.0028045051731169224
0.27265167236328125, 0.5160564184188843, -0.023985031992197037
0.04681025817990303, 0.3685230016708374, 0.0037425579503178596
0.8537448644638062, 0.8475357890129089, -0.021548336371779442
0.7294949293136597, 0.670233964920044, 0.004093294031918049
0.387434184551239, 0.4453640282154083, 0.0033265426754951477
0.17022918164730072, 0.5494924783706665, 0.0036480692215263844
0.8100132346153259, 0.6497781872749329, 0.0032608879264444113
0.7501063942909241, 0.6085856556892395, 0.0038550265599042177
0.12951768934726715, 0.3286875784397125, 0.0025570823345333338
0.19141338765621185, 0.4098283648490906, 0.0022566192783415318
0.5060393810272217, 0.11505302041769028, -0.020361661911010742
0.351727694272995, 0.3101836144924164, -0.021527942270040512
0.40718263387680054, 0.24927754700183868, 0.004019252955913544
0.2864830195903778, 0.22884729504585266, -0.02235475927591324
0.8481705784797668, 0.8328121304512024, -0.020470401272177696
0.19059377908706665, 0.21129697561264038, -0.022702721878886223
0.6706207990646362, 0.5728697776794434, -0.009274864569306374
0.03237420693039894, 0.3886543810367584, 0.0036886953748762608
0.7099381685256958, 0.649746835231781, -0.0071417298167943954
0.3515772223472595, 0.17280684411525726, -0.021246083080768585
0.7483834028244019, 0.7941372394561768, -0.020710859447717667
0.2645043730735779, 0.2522059679031372, -0.02117600105702877
0.7104839086532593, 0.5540974736213684, -0.009851131588220596
0.5083235502243042, 0.18546022474765778, -0.021022673696279526
0.7655021548271179, 0.8706934452056885, -0.020418260246515274
0.5325692892074585, 0.2059297263622284, -0.023143548518419266
0.8527047634124756, 0.8040303587913513, -0.02028270810842514
0.7895510792732239, 0.7094451785087585, 0.002723206300288439
0.811261773109436, 0.8501204252243042, 0.0018903521122410893
0.43342602252960205, 0.31459298729896545, -0.021502148360013962
0.7878532409667969, 0.7704163789749146, 0.0021757041104137897
0.516028881072998, 0.2547890543937683, -0.02061016857624054
0.2881692349910736, 0.5047651529312134, -0.011960224248468876
0.15158027410507202, 0.413983553647995, -0.02205231599509716
0.14863497018814087, 0.309026300907135, 0.003550486406311393
0.6919857263565063, 0.7498154044151306, 0.0031557062175124884
0.5410985350608826, 0.25164076685905457, -0.021468203514814377
0.40580734610557556, 0.19021904468536377, -0.02094755880534649
0.09105904400348663, 0.4701613783836365, -0.007947735488414764
0.35041019320487976, 0.34975674748420715, -0.021121414378285408
0.44569411873817444, 0.19055679440498352, -0.021269582211971283
0.1922367960214615, 0.3123001158237457, -0.02236213907599449
0.15859968960285187, 0.23449543118476868, -0.002310272306203842
0.3660094141960144, 0.2730054259300232, -0.020899927243590355
0.2827206254005432, 0.1519865244626999, -0.02145298197865486
0.4490494728088379, 0.15165165066719055, -0.021071605384349823
0.4421987533569336, 0.13544850051403046, -0.02938562072813511
0.03078807331621647, 0.3507641553878784, 0.002881549531593919
0.21455657482147217, 0.23045402765274048, -0.02180340141057968
0.3914763927459717, 0.3121645152568817, -0.0208028145134449
0.36887240409851074, 0.45036622881889343, -0.022142622619867325
0.8536174893379211, 0.7892956733703613, 0.003681183559820056
0.15011705458164215, 0.5506213903427124, -0.008468585088849068
0.28980153799057007, 0.48811817169189453, 0.002296650782227516
0.20863771438598633, 0.3490374684333801, -0.02489256113767624
0.0984962210059166, 0.39086243510246277, -0.043879300355911255
0.7698773145675659, 0.7688676714897156, 0.0033769519068300724
0.03200677037239075, 0.3342931866645813, -0.007407330442219973
0.8748236298561096, 0.7271614670753479, -0.024930866435170174
0.11090004444122314, 0.5286418795585632, 0.002310281153768301
0.6085875034332275, 0.3202316164970398, -0.0213070847094059
0.4878396689891815, 0.29496896266937256, -0.02132989466190338
0.41346555948257446, 0.2885541617870331, -0.021740978583693504
0.31053197383880615, 0.46867409348487854, 0.0036088922061026096
0.20947837829589844, 0.37511977553367615, -0.023818301036953926
0.5703315138816833, 0.18642151355743408, -0.021681271493434906
0.5575813055038452, 0.3769863545894623, -0.022191748023033142
0.3955444395542145, 0.17442990839481354, -0.02132813073694706
0.09424595534801483, 0.5267446041107178, -0.010168509557843208
0.8448467254638672, 0.8797260522842407, -0.025436654686927795
0.3325132131576538, 0.20513319969177246, -0.023362796753644943
0.7703455090522766, 0.6708989143371582, -0.007966660894453526
0.40901970863342285, 0.30919620394706726, -0.025383353233337402
0.650570273399353, 0.6693147420883179, 0.003750758245587349
0.2316282093524933, 0.16698148846626282, -0.023100215941667557
0.5095245242118835, 0.20623525977134705, -0.021721281111240387
0.6334140300750732, 0.2867969870567322, -0.026509124785661697
0.7902008891105652, 0.5715680122375488, -0.008099268190562725
0.7712494134902954, 0.9075162410736084, 0.003753488650545478
0.7712813019752502, 0.7879619002342224, -0.021041711792349815
0.22973252832889557, 0.35159534215927124, -0.0219887625426054
0.22867482900619507, 0.2912348508834839, -0.021813642233610153
0.6337817311286926, 0.5914745330810547, 0.003528687171638012
0.8316648006439209, 0.9092985987663269, 0.0024243518710136414
0.6310207843780518, 0.5925407409667969, -0.0085896085947752
0.6906200647354126, 0.6714557409286499, 0.004281545057892799
0.5544163584709167, 0.12990103662014008, -0.029742537066340446
0.7712912559509277, 0.8691753149032593, 0.0017162311123684049
0.7309002876281738, 0.7072903513908386, 0.0029715867713093758
0.5338388681411743, 0.10695463418960571, -0.023996789008378983
0.25004449486732483, 0.5081194043159485, 0.0028655175119638443
0.4482409656047821, 0.3513796329498291, -0.022162718698382378
0.32854682207107544, 0.4689263701438904, 0.002873917343094945
0.710034966468811, 0.7671840190887451, 0.0018047387711703777
0.30616387724876404, 0.21343939006328583, -0.021066706627607346
0.1703336536884308, 0.368649959564209, -0.023523906245827675
0.15104828774929047, 0.5494751334190369, 0.004634400829672813
0.7313463091850281, 0.8496060371398926, 0.003274841932579875
0.8134368658065796, 0.8208832144737244, -0.02036619745194912
0.3880499005317688, 0.430904358625412, -0.02398129180073738
0.21039851009845734, 0.4091716408729553, 0.0031819769646972418
0.5564765334129333, 0.27075713872909546, -0.021645018830895424
0.16874156892299652, 0.5510333180427551, -0.0218658447265625
0.11016591638326645, 0.47083035111427307, 0.0023406376130878925
0.7330054044723511, 0.8101000189781189, 0.005409131292253733
0.9097411036491394, 0.8684479594230652, 0.003107124473899603
0.13004781305789948, 0.3511832356452942, -0.022120565176010132
0.4862293303012848, 0.25672397017478943, -0.020395126193761826
0.26989269256591797, 0.47314026951789856, -0.023162253201007843
0.5486525893211365, 0.2358396202325821, -0.02040201425552368
0.30541613698005676, 0.3306875228881836, -0.021724512800574303
0.5280207991600037, 0.11061491817235947, 0.0014449189184233546
0.1709774285554886, 0.4526304006576538, -0.022214973345398903
0.054474446922540665, 0.4471108913421631, -0.010238300077617168
0.690754771232605, 0.6296258568763733, -0.0065577975474298
0.4439832270145416, 0.22387754917144775, -0.02286452241241932
0.5855503082275391, 0.3119432032108307, -0.0216569472104311
0.23336432874202728, 0.23045359551906586, -0.021116016432642937
0.8312755823135376, 0.7758059501647949, -0.022488290444016457
0.8517454266548157, 0.8516324162483215, 0.003079660702496767
0.07259190827608109, 0.4870612323284149, -0.01077566109597683
0.6707345843315125, 0.6306500434875488, 0.004111449234187603
0.12827683985233307, 0.3504839241504669, 0.003349389648064971
0.11118820309638977, 0.39196231961250305, 0.002719153417274356
0.6152811646461487, 0.5971119403839111, -0.011120153591036797
0.7682651281356812, 0.8044877648353577, -0.02158844843506813
0.6631698608398438, 0.5814443230628967, -0.029392655938863754
0.46731701493263245, 0.24492788314819336, -0.02163628302514553
0.2886378765106201, 0.17766809463500977, -0.021524492651224136
0.11014781892299652, 0.3103610873222351, -0.008475596085190773
0.11178751289844513, 0.3110462725162506, -0.021418847143650055
0.19426099956035614, 0.2700262665748596, -0.023795118555426598
0.4603419303894043, 0.15020617842674255, -0.020143700763583183
0.3250496983528137, 0.17417868971824646, -0.022317858412861824
0.8125917911529541, 0.6753764748573303, -0.0214782003313303
0.7308806777000427, 0.8664751052856445, 0.002825904870405793
0.8413059711456299, 0.7391079664230347, -0.02167425863444805
0.5720499157905579, 0.3742912709712982, -0.024355005472898483
0.5208470225334167, 0.2217545211315155, -0.02502414397895336
0.6107432246208191, 0.2650389075279236, -0.02215917967259884
0.7706716656684875, 0.8328472375869751, 0.0022636628709733486
0.7311702966690063, 0.8689001202583313, -0.007129681762307882
0.4507131576538086, 0.11476796120405197, 0.012335431762039661
0.5469356179237366, 0.38382500410079956, -0.010706283152103424
0.772165834903717, 0.8855229020118713, 0.002542880829423666
0.1543833315372467, 0.568193793296814, -0.021836506202816963
0.7475487589836121, 0.8878065347671509, 0.001158490078523755
0.45379331707954407, 0.11664602160453796, -0.0071184043772518635
0.4885966181755066, 0.11927857995033264, -0.02153271622955799
0.5133898258209229, 0.3923546075820923, -0.021097589284181595
0.7518752813339233, 0.9099740982055664, -0.007967058569192886
0.5403516292572021, 0.1611488163471222, -0.026327969506382942
0.46670404076576233, 0.16755780577659607, -0.020908081904053688
0.11227843910455704, 0.49162232875823975, -0.02138323336839676
0.8918920159339905, 0.8692686557769775, 0.003901900490745902
0.09400518983602524, 0.29754960536956787, -0.004820176400244236
0.888585090637207, 0.9068436026573181, -0.013349363580346107
0.5257298350334167, 0.3220866620540619, -0.022739730775356293
0.409675657749176, 0.38743579387664795, -0.021197078749537468
0.0713033601641655, 0.46893560886383057, -0.009801032021641731
0.6891978979110718, 0.5894762873649597, -0.006161344237625599
0.17748618125915527, 0.1897255927324295, -0.004334866069257259
0.28835374116897583, 0.1888422816991806, -0.02136077731847763
0.05144410580396652, 0.4126068651676178, 0.0029106067959219217
0.6892648339271545, 0.69089275598526, -0.006565711926668882
0.763085126876831, 0.7223867177963257, -0.021990811452269554
0.6139807105064392, 0.6105215549468994, 0.002127434127032757
0.6501381397247314, 0.590933620929718, 0.004182511009275913
0.4454828202724457, 0.37705928087234497, -0.023462284356355667
0.4946613907814026, 0.2157711237668991, -0.022015031427145004
0.46779385209083557, 0.3114613890647888, -0.021385304629802704
0.7947061061859131, 0.8962160348892212, -0.023270798847079277
0.5889546871185303, 0.3631490468978882, -0.011033013463020325
0.7506077289581299, 0.669533908367157, 0.0032015552278608084
0.7899696826934814, 0.6091606616973877, -0.007083107717335224
0.0390266478061676, 0.33367401361465454, -0.021220099180936813
0.0898054838180542, 0.3506118655204773, -0.009012117050588131
0.5561588406562805, 0.12624511122703552, -0.04243169724941254
0.22133004665374756, 0.2507269084453583, -0.020708899945020676
0.5702933073043823, 0.2345004379749298, -0.02157783694565296
0.7903620004653931, 0.6291131973266602, -0.006725165527313948
0.1485651135444641, 0.34686264395713806, 0.0020311111584305763
0.6895782351493835, 0.7304908633232117, -0.0071352701634168625
0.8295773267745972, 0.828464150428772, 0.0023241261951625347
0.6297212243080139, 0.6295193433761597, -0.007780418731272221
0.83802330493927, 0.9377341866493225, -0.02134733647108078
0.5892210602760315, 0.2295876443386078, -0.007937797345221043
0.40545400977134705, 0.1573239117860794, -0.025809142738580704
0.05498810112476349, 0.3159049153327942, 0.005326386541128159
0.7101051211357117, 0.7703507542610168, -0.007172888144850731
0.08736567199230194, 0.37008655071258545, 0.0033139002043753862
0.19006890058517456, 0.5303180813789368, -0.008440544828772545
0.5911893248558044, 0.34804147481918335, 0.002713274210691452
0.5284014940261841, 0.12186761200428009, -0.020700111985206604
0.7172225117683411, 0.8104443550109863, 0.0020226615015417337
0.8511544466018677, 0.8104021549224854, 0.002761884592473507
0.6903526782989502, 0.7501400709152222, -0.007466251961886883
0.33166682720184326, 0.469736784696579, -0.022426679730415344
0.7871572971343994, 0.9072738885879517, 0.002876605372875929
0.2902278006076813, 0.41005760431289673, 0.0027573273982852697
0.7333770990371704, 0.8850524425506592, -0.00935619231313467
0.7685866355895996, 0.5690849423408508, 0.00409275945276022
0.4807266294956207, 0.3042880594730377, -0.020238088443875313
0.18964678049087524, 0.4499208629131317, 0.003013885347172618
0.6700816750526428, 0.6707659959793091, 0.002747748978435993
0.39479774236679077, 0.3557795286178589, -0.024860527366399765
0.7121003866195679, 0.7506073713302612, -0.020343219861388206
0.8701125383377075, 0.9214177131652832, -0.014708231203258038
0.5236064791679382, 0.38755375146865845, 0.004539080895483494
0.13406965136528015, 0.5498313903808594, -0.021353797987103462
0.8751946687698364, 0.8888334631919861, 0.0028035256545990705
0.034537091851234436, 0.4059639871120453, -0.011601741425693035
0.7911691069602966, 0.9295704960823059, 0.0024654269218444824
0.6380618810653687, 0.3398694097995758, -0.029030242934823036
0.7882420420646667, 0.7879247069358826, 0.0020870836451649666
0.833372175693512, 0.8467839956283569, 0.003015572903677821
0.10983181744813919, 0.33010491728782654, -0.008991067297756672
0.6368330717086792, 0.6708929538726807, 0.004087431356310844
0.6169230341911316, 0.2405184954404831, -0.041588298976421356
0.7494300007820129, 0.8451687097549438, 0.002356948796659708
0.6896923184394836, 0.5712347626686096, 0.003772165859118104
0.7765156030654907, 0.8431409001350403, -0.020641621202230453
0.07003078609704971, 0.4500880837440491, -0.009379422292113304
0.4623563289642334, 0.35337159037590027, -0.022928288206458092
0.2091594934463501, 0.43155723810195923, -0.022966166958212852
0.6967130899429321, 0.8077570796012878, -0.011122054420411587
0.0472390279173851, 0.3302077353000641, -0.02169187366962433
0.6552478075027466, 0.7280617356300354, -0.011158718727529049
0.7716799974441528, 0.9282135367393494, -0.008143194019794464
0.8409003019332886, 0.751706600189209, -0.022583378478884697
0.12804704904556274, 0.3282228410243988, -0.02161443792283535
0.829674243927002, 0.6695419549942017, -0.0061471471562981606
0.05107753351330757, 0.4312700629234314, 0.0018069891957566142
0.8426290154457092, 0.9142541885375977, 0.005776053294539452
0.5934159755706787, 0.21443448960781097, -0.028047166764736176
0.6296388506889343, 0.5919373035430908, -0.030630335211753845
0.8660087585449219, 0.9356811046600342, -0.026061370968818665
0.3483869731426239, 0.4668731093406677, 0.002692424925044179
0.6291618943214417, 0.32732105255126953, 0.0030573601834475994
0.6918445825576782, 0.7904187440872192, 7.844014908187091E-4
0.48846155405044556, 0.13009615242481232, -0.021704673767089844
0.7119033932685852, 0.7891359329223633, 0.0024054020177572966
0.7462698221206665, 0.6622967720031738, -0.02004927396774292
0.7112767696380615, 0.832364559173584, 0.001765253022313118
0.5957652926445007, 0.34465476870536804, -0.023029781877994537
0.8285210132598877, 0.8737307786941528, 0.004206596873700619
0.7810211181640625, 0.8049951791763306, -0.021628960967063904
0.2105327695608139, 0.5300955772399902, -0.021991951391100883
0.36955392360687256, 0.4107087552547455, 0.0038699668366461992
0.8679437637329102, 0.9043050408363342, 4.921430954709649E-4
0.6738600730895996, 0.7670013904571533, -0.010258507914841175
0.07653269916772842, 0.48566508293151855, 0.003290200373157859
0.5656864047050476, 0.2467508465051651, -0.021031199023127556
0.09101904183626175, 0.49008217453956604, -0.008781615644693375
0.7495723366737366, 0.9180804491043091, 0.002983198966830969
0.1489315629005432, 0.26596376299858093, -0.021235637366771698
0.752522885799408, 0.888760507106781, -0.009050572291016579
0.6702183485031128, 0.5720570683479309, -0.030441084876656532
0.808014452457428, 0.8638124465942383, 0.00179157848469913
0.17869700491428375, 0.2349051982164383, -0.02152853086590767
0.49977999925613403, 0.33338049054145813, -0.020511893555521965
0.7847763895988464, 0.941279947757721, 0.004623036831617355
0.32982581853866577, 0.43273279070854187, -0.02089902013540268
0.7188047766685486, 0.8672299981117249, 0.002025109715759754
0.47097718715667725, 0.4228961765766144, -0.01771846041083336
0.500766932964325, 0.2819277048110962, -0.021520119160413742
0.5422536134719849, 0.11626589298248291, -0.029714267700910568
0.735939085483551, 0.887533962726593, 0.0033394205383956432
0.5910361409187317, 0.36887186765670776, -0.027386344969272614
0.9008251428604126, 0.8456601500511169, 5.446594441309571E-4
0.2816879451274872, 0.5085952877998352, 6.788624450564384E-4
0.3213493525981903, 0.48407891392707825, 0.002621715422719717
0.8909851908683777, 0.841277539730072, 0.0035812584683299065
