1.3232243061065674, 2.9435853958129883, -0.14240474998950958
1.3405259847640991, 2.930392026901245, -0.14274929463863373
1.295211672782898, 2.95393443107605, -0.1419638991355896
1.3334016799926758, 2.9359731674194336, -0.14387977123260498
1.28888738155365, 2.96779465675354, -0.14537601172924042
1.3016374111175537, 2.9570152759552, -0.1452336609363556
1.3725863695144653, 2.914912700653076, -0.14438247680664062
1.3942443132400513, 2.9498372077941895, -0.14831674098968506
1.392481803894043, 2.9364471435546875, -0.14339831471443176
1.2574094533920288, 2.9701972007751465, -0.1402210295200348
1.2892732620239258, 2.9945316314697266, -0.1423889696598053
1.2513303756713867, 2.984663963317871, -0.1440524160861969
1.2881667613983154, 3.00911545753479, -0.14850369095802307
1.27634596824646, 3.0143234729766846, -0.14662322402000427
1.390987515449524, 2.8878605365753174, -0.1368800699710846
1.4072883129119873, 2.8888134956359863, -0.14173048734664917
1.430750846862793, 2.9147627353668213, -0.1440897285938263
1.2283518314361572, 2.9868922233581543, -0.14189738035202026
1.253625512123108, 3.0190622806549072, -0.14552044868469238
1.2231649160385132, 3.004373073577881, -0.14858554303646088
1.215750813484192, 3.0083014965057373, -0.1470012366771698
1.432931661605835, 2.8660268783569336, -0.1400374323129654
1.4224238395690918, 2.864931106567383, -0.13662469387054443
1.4327952861785889, 2.8517298698425293, -0.13351988792419434
1.4437694549560547, 2.8632960319519043, -0.14145402610301971
1.1836642026901245, 2.979097843170166, -0.12885884940624237
1.2115763425827026, 3.0338430404663086, -0.14326046407222748
1.182733416557312, 2.9912543296813965, -0.13365256786346436
1.2057750225067139, 3.0478873252868652, -0.14686572551727295
1.1747593879699707, 2.993718385696411, -0.1323675662279129
1.475272297859192, 2.8408358097076416, -0.14138704538345337
1.4743976593017578, 2.876119613647461, -0.14075493812561035
1.4912025928497314, 2.8754916191101074, -0.14447131752967834
1.4807569980621338, 2.8541605472564697, -0.13219772279262543
1.2588294744491577, 3.061537981033325, -0.16671785712242126
1.1542445421218872, 3.0367140769958496, -0.13004104793071747
1.5045807361602783, 2.8709185123443604, -0.14647118747234344
1.5320117473602295, 2.843977928161621, -0.14329679310321808
1.5355082750320435, 2.834397077560425, -0.1411418616771698
1.4653812646865845, 2.817913293838501, -0.12775994837284088
1.550179362297058, 2.8733837604522705, -0.1464737057685852
1.5409893989562988, 2.8634541034698486, -0.13981571793556213
1.5610140562057495, 2.819180965423584, -0.12687386572360992
1.585362195968628, 2.834977388381958, -0.1419719010591507
1.2341333627700806, 3.0249857902526855, -0.14230981469154358
1.19562828540802, 3.038745880126953, -0.1403340846300125
1.4529889822006226, 2.897172689437866, -0.14268261194229126
1.4183790683746338, 2.9205081462860107, -0.1425763964653015
1.3162959814071655, 2.9912853240966797, -0.14558877050876617
1.175206184387207, 3.0446181297302246, -0.14124234020709991
1.3517283201217651, 2.9124655723571777, -0.137412428855896
1.2631924152374268, 2.9737982749938965, -0.14324188232421875
1.350229263305664, 2.9707584381103516, -0.14535142481327057
1.6325947046279907, 2.8511853218078613, -0.14793023467063904
1.2076787948608398, 2.998974561691284, -0.14206115901470184
1.5918587446212769, 2.871767997741699, -0.15043120086193085
1.5813795328140259, 2.858426570892334, -0.14884686470031738
1.1700248718261719, 3.016904592514038, -0.1424197107553482
