0.5911794900894165, 1.469986915588379, -0.010779572650790215
0.5494036078453064, 1.4491726160049438, -0.01027185283601284
0.5510168671607971, 1.4911490678787231, -0.01177953090518713
0.5504864454269409, 1.4696917533874512, -0.011082070879638195
0.6294474005699158, 1.4890999794006348, -0.012309837155044079
0.5698758363723755, 1.4688987731933594, -0.011971571482717991
0.6099175810813904, 1.5101006031036377, -0.010503407567739487
0.6103472113609314, 1.4704550504684448, -0.011768316850066185
0.5708735585212708, 1.5102763175964355, -0.010563627816736698
0.6094315052032471, 1.4509884119033813, -0.011662431992590427
0.5900768041610718, 1.429339051246643, -0.010995172895491123
0.589440107345581, 1.4497849941253662, -0.01019868440926075
0.5306824445724487, 1.4705095291137695, -0.010488627478480339
0.5097792744636536, 1.4294657707214355, -0.009144099429249763
0.5305653214454651, 1.4898003339767456, -0.010838805697858334
0.5297974944114685, 1.5099445581436157, -0.021340183913707733
0.5303635597229004, 1.5105713605880737, -0.011896342970430851
0.5096175074577332, 1.4893691539764404, -0.010762347839772701
0.5503230094909668, 1.530132532119751, -0.011050282046198845
0.5897825956344604, 1.530566930770874, -0.011659887619316578
0.6307975649833679, 1.5493381023406982, -0.012219228781759739
0.571099042892456, 1.5505924224853516, -0.01034592930227518
0.5503271222114563, 1.5493028163909912, -0.009062577970325947
0.4897870123386383, 1.469797134399414, -0.011162912473082542
0.4895177483558655, 1.489918828010559, -0.010274037718772888
0.5112630724906921, 1.5301977396011353, -0.0115999486297369
0.46875277161598206, 1.5110262632369995, -0.011764276772737503
0.4908258318901062, 1.50873863697052, -0.011732806451618671
0.5488649606704712, 1.5698155164718628, -0.011360103264451027
0.5702688097953796, 1.5687915086746216, -0.01104515977203846
0.590161144733429, 1.5686867237091064, -0.010332859121263027
0.6691984534263611, 1.5709599256515503, -0.011740689165890217
0.6302356719970703, 1.5705622434616089, -0.011347100138664246
0.6093692183494568, 1.5891709327697754, -0.011189516633749008
0.5495636463165283, 1.5897274017333984, -0.011729221791028976
0.5694125890731812, 1.5910720825195312, -0.010195950046181679
0.5907989740371704, 1.5891724824905396, -0.010104033164680004
0.530921995639801, 1.5904356241226196, -0.00980693381279707
0.5113659501075745, 1.5711801052093506, -0.01104128360748291
0.4868590235710144, 1.490220546722412, -0.02222200110554695
0.6719022989273071, 1.592374563217163, -0.011653801426291466
0.5512848496437073, 1.6092289686203003, -0.010207898914813995
0.5710511803627014, 1.6097338199615479, -0.009688562713563442
0.5883762240409851, 1.6081167459487915, -0.00994521751999855
0.6090723276138306, 1.6101096868515015, -0.012661732733249664
0.6685452461242676, 1.610546588897705, -0.011370633728802204
0.6895313262939453, 1.6102358102798462, -0.011290175840258598
0.5914309620857239, 1.6297158002853394, -0.01123666949570179
0.54971843957901, 1.6309093236923218, -0.011447708122432232
0.5710694193840027, 1.630086064338684, -0.010555432178080082
0.5286082029342651, 1.6294281482696533, -0.010663732886314392
0.6706585884094238, 1.630391001701355, -0.013259783387184143
0.5489943027496338, 1.6507600545883179, -0.011737771332263947
0.5896817445755005, 1.6503204107284546, -0.012764177285134792
0.6098438501358032, 1.649778962135315, -0.011830015107989311
0.6311935782432556, 1.6498774290084839, -0.011987733654677868
0.6913818120956421, 1.64958655834198, -0.012159422039985657
0.5895172953605652, 1.669736385345459, -0.012198557145893574
0.6091434359550476, 1.6698529720306396, -0.01236979104578495
0.629846453666687, 1.6691625118255615, -0.011613301001489162
0.5506458282470703, 1.6706256866455078, -0.010791502892971039
0.6696179509162903, 1.6702930927276611, -0.011838223785161972
0.6899572014808655, 1.6699731349945068, -0.011416790075600147
0.552453339099884, 1.6906309127807617, -0.012741686776280403
0.611005425453186, 1.6869940757751465, -0.02197570912539959
0.6108499765396118, 1.690937876701355, -0.013020060956478119
0.590650737285614, 1.689970850944519, -0.012576945126056671
0.6296740770339966, 1.688545823097229, -0.012024404481053352
0.670116662979126, 1.6911258697509766, -0.010925032198429108
0.6900333166122437, 1.6899617910385132, -0.011270567774772644
0.5905041098594666, 1.7087870836257935, -0.010606848634779453
0.5719934105873108, 1.7062501907348633, -0.021722886711359024
0.6711304783821106, 1.7099817991256714, -0.01018060278147459
0.6922469735145569, 1.7093151807785034, -0.01122390665113926
0.6295745968818665, 1.7295585870742798, -0.011454484425485134
0.610538899898529, 1.7276800870895386, -0.010668467730283737
0.6490297913551331, 1.730871558189392, -0.013166502118110657
0.6117451786994934, 1.7080732583999634, -0.011198082007467747
0.5300910472869873, 1.5308969020843506, -0.01137183140963316
0.5705289840698242, 1.4899405241012573, -0.01157323643565178
0.5691009163856506, 1.530508279800415, -0.011428826488554478
0.6511983871459961, 1.708375334739685, -0.011399292387068272
0.5696384310722351, 1.669952154159546, -0.011855370365083218
0.5875122547149658, 1.7301154136657715, -0.010773448273539543
0.6108530759811401, 1.4898319244384766, -0.012270461767911911
0.5100700259208679, 1.4515249729156494, -0.011371592991054058
0.7088111639022827, 1.6498373746871948, -0.011569096706807613
0.5284925103187561, 1.5693135261535645, -0.01130610890686512
0.6700912714004517, 1.550886631011963, -0.012278096750378609
0.6507738828659058, 1.5891772508621216, -0.011052745394408703
0.531238853931427, 1.4495413303375244, -0.010248695500195026
0.45018064975738525, 1.4711039066314697, -0.01146084163337946
0.4704165756702423, 1.530519962310791, -0.011847157962620258
0.5096043348312378, 1.4705605506896973, -0.011303327046334743
0.5713936686515808, 1.6902780532836914, -0.012569017708301544
0.5908371806144714, 1.5500047206878662, -0.011944882571697235
0.6297138333320618, 1.510102391242981, -0.010771295987069607
0.4903269410133362, 1.4488052129745483, -0.010957862250506878
0.4903702437877655, 1.430085301399231, -0.00978058110922575
0.6895041465759277, 1.6319164037704468, -0.013054591603577137
0.5135782361030579, 1.5073902606964111, -0.023689646273851395
0.6113830208778381, 1.6507766246795654, -0.02019091509282589
0.6228475570678711, 1.5508732795715332, -0.022575920447707176
0.6159740090370178, 1.6354202032089233, -0.020036183297634125
0.630669891834259, 1.62953519821167, -0.021943634375929832
0.6581061482429504, 1.5949950218200684, -0.02159033715724945
0.6260320544242859, 1.5050865411758423, -0.023082753643393517
0.6317494511604309, 1.7092323303222656, -0.012223332189023495
0.6291412115097046, 1.6112183332443237, -0.011821499094367027
0.5913134217262268, 1.508697748184204, -0.010732049122452736
0.6093860864639282, 1.571874976158142, -0.02088051475584507
0.551150381565094, 1.4709882736206055, -0.02160910703241825
0.5887125134468079, 1.4893128871917725, -0.010450479574501514
0.5911198854446411, 1.473807692527771, -0.022431114688515663
0.5976392030715942, 1.6927704811096191, -0.020920798182487488
0.6531504392623901, 1.7295440435409546, -0.024330345913767815
0.5507752895355225, 1.5108760595321655, -0.012415984645485878
0.6345317363739014, 1.6456730365753174, -0.021571893244981766
0.6088389158248901, 1.5493956804275513, -0.010270310565829277
0.6306108832359314, 1.488312840461731, -0.024551501497626305
0.527005672454834, 1.4912930727005005, -0.02250869944691658
0.6513040661811829, 1.6273235082626343, -0.022521784529089928
0.6559182405471802, 1.6417930126190186, -0.024090483784675598
0.5706396698951721, 1.509537696838379, -0.021965155377984047
0.491066575050354, 1.5707651376724243, -0.011225561611354351
0.6506282687187195, 1.688389539718628, -0.011671719141304493
0.6253143548965454, 1.669784665107727, -0.021764591336250305
0.5931187868118286, 1.5772273540496826, -0.021197613328695297
0.6292635202407837, 1.5911582708358765, -0.009687617421150208
0.6918073892593384, 1.6683255434036255, -0.022134896367788315
0.5693964958190918, 1.4286295175552368, -0.010775265283882618
0.5891163349151611, 1.50486159324646, -0.02147371508181095
0.6493374705314636, 1.6709582805633545, -0.01262427493929863
0.5323657393455505, 1.5306525230407715, -0.02217140421271324
0.5695555210113525, 1.5908440351486206, -0.022401966154575348
0.5046613812446594, 1.5315430164337158, -0.021721353754401207
0.6505005359649658, 1.650001883506775, -0.012387684546411037
0.564749538898468, 1.5250484943389893, -0.022223370149731636
0.5888960361480713, 1.4267802238464355, -0.02033551037311554
0.511909008026123, 1.4335308074951172, -0.02255880832672119
0.4894424080848694, 1.5498923063278198, -0.010894880630075932
0.7097742557525635, 1.6701759099960327, -0.013269362039864063
0.5305757522583008, 1.549363374710083, -0.010748595930635929
0.5811529159545898, 1.7164900302886963, -0.02148544415831566
0.488830029964447, 1.530700445175171, -0.01190083660185337
0.4667412042617798, 1.4890758991241455, -0.022278249263763428
0.5691632032394409, 1.6506359577178955, -0.01206048484891653
0.5281245708465576, 1.5722812414169312, -0.022432927042245865
0.6296687126159668, 1.7488442659378052, -0.01093367300927639
0.5118892788887024, 1.6082141399383545, -0.010947405360639095
0.5480864644050598, 1.6465003490447998, -0.022312551736831665
0.46876126527786255, 1.4889951944351196, -0.010508555918931961
0.5711464881896973, 1.7097362279891968, -0.011311136186122894
0.46962684392929077, 1.4683475494384766, -0.02183377370238304
0.4480278193950653, 1.4902511835098267, -0.021117214113473892
0.5950826406478882, 1.6255369186401367, -0.02570009045302868
0.5111234784126282, 1.5089353322982788, -0.010913640260696411
0.6490018367767334, 1.6292539834976196, -0.01105918176472187
0.5084261894226074, 1.5558693408966064, -0.02166231907904148
0.6734738349914551, 1.609707236289978, -0.02469009906053543
0.6108910441398621, 1.6295682191848755, -0.010748005472123623
0.6310046315193176, 1.6282908916473389, -0.01063456665724516
0.5309070348739624, 1.610334873199463, -0.010011523962020874
0.6889941096305847, 1.7272604703903198, -0.012037521228194237
0.6113218665122986, 1.767654538154602, -0.013552101328969002
0.5881664156913757, 1.7513467073440552, -0.021155444905161858
0.46989718079566956, 1.449792742729187, -0.01067381538450718
0.5114313960075378, 1.5909265279769897, -0.01134819258004427
0.6091676950454712, 1.5084564685821533, -0.022855086252093315
0.5741577744483948, 1.5504555702209473, -0.021580368280410767
0.5311501026153564, 1.4100087881088257, -0.009129276499152184
0.5533716082572937, 1.60057532787323, -0.021731095388531685
0.5865775346755981, 1.669231653213501, -0.021481813862919807
0.5890381932258606, 1.6566616296768188, -0.022152991965413094
0.6054592728614807, 1.6683546304702759, -0.021098008379340172
0.5702564716339111, 1.6893848180770874, -0.021969160065054893
0.572391152381897, 1.4916095733642578, -0.02524411678314209
0.5845961570739746, 1.485835075378418, -0.022957269102334976
0.6116125583648682, 1.4860546588897705, -0.022887559607625008
0.6895761489868164, 1.631327748298645, -0.025003666058182716
0.5312001705169678, 1.5479140281677246, -0.02302352339029312
0.5698179602622986, 1.633598804473877, -0.02222549170255661
0.5453388094902039, 1.5081801414489746, -0.021663427352905273
0.6257401704788208, 1.734297513961792, -0.020308922976255417
0.5027883648872375, 1.4454225301742554, -0.02150113880634308
0.5307199358940125, 1.472851276397705, -0.02373635396361351
0.6756500005722046, 1.5900721549987793, -0.02225801721215248
0.5145108699798584, 1.4693119525909424, -0.022589843720197678
0.567771852016449, 1.5711517333984375, -0.02122552879154682
0.5498654842376709, 1.4484907388687134, -0.022817373275756836
0.6746410727500916, 1.707768440246582, -0.024951118975877762
0.5533406734466553, 1.4265518188476562, -0.02085752598941326
0.5904408693313599, 1.4483565092086792, -0.022176828235387802
0.6271703243255615, 1.5937880277633667, -0.021948358044028282
0.4849654734134674, 1.514916181564331, -0.023066086694598198
0.5496699810028076, 1.630918264389038, -0.023042140528559685
0.6735602617263794, 1.6525170803070068, -0.02100612409412861
0.5273515582084656, 1.6094368696212769, -0.02322695590555668
0.6134482026100159, 1.4732798337936401, -0.026652347296476364
0.5499716997146606, 1.6683409214019775, -0.02296977862715721
0.5110281109809875, 1.490537166595459, -0.023373918607831
0.6721128225326538, 1.736109972000122, -0.02364402450621128
0.5890042781829834, 1.750952124595642, -0.012218207120895386
0.4925391972064972, 1.5900276899337769, -0.011767708696424961
0.48819276690483093, 1.4686509370803833, -0.023971814662218094
0.6501660943031311, 1.668631911277771, -0.020654672756791115
0.5703964829444885, 1.4485784769058228, -0.01115249004215002
0.669001042842865, 1.729470133781433, -0.010336394421756268
0.5520744919776917, 1.4103355407714844, -0.022008875384926796
0.6093364953994751, 1.7511165142059326, -0.013062875717878342
0.6744523048400879, 1.6909810304641724, -0.022538557648658752
0.650745153427124, 1.6119354963302612, -0.02314501814544201
0.6953637003898621, 1.7103685140609741, -0.024674294516444206
0.5527775883674622, 1.4934284687042236, -0.02053036168217659
0.45091813802719116, 1.5110293626785278, -0.013335909694433212
0.6092981696128845, 1.7254835367202759, -0.022052064538002014
0.6498439311981201, 1.551379919052124, -0.012158685363829136
0.6908800601959229, 1.652359962463379, -0.02015237882733345
0.5737953186035156, 1.4539189338684082, -0.022021453827619553
0.6338920593261719, 1.5280299186706543, -0.021926721557974815
0.5688603520393372, 1.393086314201355, -0.021559782326221466
0.47011491656303406, 1.4691499471664429, -0.010405711829662323
0.6541617512702942, 1.5507586002349854, -0.021898645907640457
0.5283001065254211, 1.453252911567688, -0.023285936564207077
0.4474094808101654, 1.468163251876831, -0.021649058908224106
0.4703516662120819, 1.550898790359497, -0.010758977383375168
0.549604594707489, 1.3894667625427246, -0.010737691074609756
0.6700687408447266, 1.7498297691345215, -0.015363141894340515
0.5618098378181458, 1.6526246070861816, -0.02090449258685112
0.5302093625068665, 1.6683156490325928, -0.012498214840888977
0.5514106750488281, 1.7094025611877441, -0.012969664297997952
0.4891669750213623, 1.565380334854126, -0.022042639553546906
0.523623526096344, 1.4289220571517944, -0.021927738562226295
0.6341108083724976, 1.7033480405807495, -0.021261364221572876
0.5698153376579285, 1.3900362253189087, -0.011301960796117783
0.5660965442657471, 1.6670230627059937, -0.021705884486436844
0.709458589553833, 1.676342487335205, -0.021722696721553802
0.7078169584274292, 1.6947176456451416, -0.024111071601510048
0.5896266102790833, 1.409908652305603, -0.011687517166137695
0.49162739515304565, 1.5518784523010254, -0.020705653354525566
0.6086604595184326, 1.7487952709197998, -0.021744918078184128
0.6122559309005737, 1.4507646560668945, -0.025487162172794342
0.6480995416641235, 1.750580072402954, -0.012943782843649387
0.511297345161438, 1.6289830207824707, -0.011950118467211723
0.4671633839607239, 1.4451124668121338, -0.023822013288736343
0.49192047119140625, 1.5273487567901611, -0.02205367013812065
0.5554348826408386, 1.5619930028915405, -0.02100171521306038
0.5482397079467773, 1.6876349449157715, -0.02154008112847805
0.4503500461578369, 1.5282964706420898, -0.01284143328666687
0.5902119874954224, 1.7327091693878174, -0.023591820150613785
0.5852193236351013, 1.6091372966766357, -0.02376484125852585
0.5889278054237366, 1.5921460390090942, -0.023627545684576035
0.5433083772659302, 1.5809677839279175, -0.023944951593875885
0.5714371204376221, 1.730756402015686, -0.013152267783880234
0.5959504842758179, 1.5329744815826416, -0.023368652909994125
0.49322301149368286, 1.6112267971038818, -0.011299812234938145
0.5092208385467529, 1.627327561378479, -0.02167561836540699
0.6525118947029114, 1.5700451135635376, -0.021456435322761536
0.5644014477729797, 1.7280080318450928, -0.024808842688798904
0.6489214897155762, 1.5296052694320679, -0.010554496198892593
0.529335081577301, 1.6545794010162354, -0.021945592015981674
0.4504723846912384, 1.4495481252670288, -0.010084595531225204
0.6620676517486572, 1.624056100845337, -0.023491835221648216
0.6303588151931763, 1.6120212078094482, -0.0226259957998991
0.6888178586959839, 1.6910303831100464, -0.020899392664432526
0.612672746181488, 1.5291028022766113, -0.022509995847940445
0.47011229395866394, 1.5718392133712769, -0.01280839554965496
0.549902081489563, 1.5236380100250244, -0.02410687878727913
0.7083549499511719, 1.7333091497421265, -0.022564515471458435
0.5305192470550537, 1.650884985923767, -0.011135248467326164
0.4301547408103943, 1.4698388576507568, -0.011725074611604214
0.45089206099510193, 1.5319136381149292, -0.02202979288995266
0.5307098627090454, 1.4292534589767456, -0.010550657287240028
0.5515990853309631, 1.7116037607192993, -0.02151210606098175
0.5091972351074219, 1.5998119115829468, -0.02194756455719471
0.5662295818328857, 1.6138402223587036, -0.022749945521354675
0.6440463066101074, 1.708536148071289, -0.02122698724269867
0.5633510947227478, 1.4013175964355469, -0.021374160423874855
0.630301833152771, 1.6853039264678955, -0.022845806553959846
0.5509037971496582, 1.3821139335632324, -0.021981131285429
0.6045711040496826, 1.7723749876022339, -0.021190261468291283
0.5342364311218262, 1.6278411149978638, -0.023506080731749535
0.6744379997253418, 1.6695785522460938, -0.023033414036035538
0.5290747880935669, 1.5905771255493164, -0.022310353815555573
0.6301512718200684, 1.5293680429458618, -0.009786966256797314
0.5736413598060608, 1.7480418682098389, -0.01187925972044468
0.5709230303764343, 1.4643690586090088, -0.023463882505893707
0.5485791563987732, 1.4304558038711548, -0.010912224650382996
0.608832597732544, 1.711403727531433, -0.020773446187376976
0.5367221832275391, 1.6791205406188965, -0.042450450360774994
0.6117990612983704, 1.5463391542434692, -0.0217683557420969
0.6455323100090027, 1.7418100833892822, -0.020068153738975525
0.6667864918708801, 1.7508167028427124, -0.02051180601119995
0.4937628507614136, 1.4556052684783936, -0.020810944959521294
0.6283725500106812, 1.7670103311538696, -0.01251266710460186
0.5254422426223755, 1.4136790037155151, -0.0210626982152462
0.5146239399909973, 1.6481298208236694, -0.011133099906146526
0.5555418133735657, 1.751276969909668, -0.011609652079641819
0.4735014736652374, 1.5955379009246826, -0.023365896195173264
0.710448682308197, 1.69046950340271, -0.011947011575102806
0.6497217416763306, 1.5704107284545898, -0.011180832050740719
0.5271203517913818, 1.6700440645217896, -0.02330639958381653
0.5097665190696716, 1.5708484649658203, -0.02333119511604309
0.44978100061416626, 1.5505015850067139, -0.015487645752727985
0.551408052444458, 1.7269200086593628, -0.020064912736415863
0.5284314155578613, 1.687443494796753, -0.009597077034413815
0.5095748901367188, 1.6082298755645752, 0.002575320890173316
0.5172433257102966, 1.6691243648529053, -0.011094029061496258
0.659006655216217, 1.6956740617752075, -0.02036348544061184
0.5374263525009155, 1.4709968566894531, 0.0020391151774674654
0.42935124039649963, 1.5101189613342285, -0.01538838166743517
0.5657269358634949, 1.7877006530761719, -0.02531755343079567
0.5413399934768677, 1.5422054529190063, -0.020522618666291237
0.5254029035568237, 1.7120318412780762, -0.01686255820095539
0.4421424865722656, 1.517789602279663, -0.025698509067296982
0.6302533745765686, 1.765140175819397, -0.022889774292707443
0.5939231514930725, 1.7919528484344482, -0.024356087669730186
0.4729131758213043, 1.5508003234863281, -0.024054041132330894
0.5299780368804932, 1.691349744796753, -0.024435240775346756
0.4501365125179291, 1.4897335767745972, -0.010968384332954884
0.7053525447845459, 1.666489601135254, 2.9990272014401853E-4
0.7122790813446045, 1.7095509767532349, -0.013036266900599003
0.49245408177375793, 1.6310844421386719, -0.010790931060910225
0.47083356976509094, 1.4298948049545288, -0.010367345996201038
0.5700448751449585, 1.568655014038086, 0.0010941664222627878
0.5086508393287659, 1.5508995056152344, -0.010121076367795467
0.671290397644043, 1.650151252746582, -0.011549410410225391
0.5757030248641968, 1.7657972574234009, -0.012471412308514118
0.5505257248878479, 1.744653582572937, -0.023500947281718254
0.4243764281272888, 1.5034050941467285, -0.020735807716846466
0.6834654808044434, 1.6162973642349243, -0.02358045056462288
0.5706351399421692, 1.4096499681472778, -0.01072776410728693
0.5185165405273438, 1.6827387809753418, -0.009582843631505966
0.4393935799598694, 1.5334372520446777, -0.010974684730172157
0.5588296055793762, 1.7775737047195435, -0.016068655997514725
0.4591256380081177, 1.562340497970581, -0.005990366917103529
0.5252516865730286, 1.559828519821167, 0.0023219601716846228
0.6108335256576538, 1.7954952716827393, -0.02626277133822441
0.42706307768821716, 1.4592026472091675, 9.528956725262105E-4
0.4959806501865387, 1.6567730903625488, -0.02196323312819004
0.49076375365257263, 1.4831546545028687, 0.0010025415103882551
0.6120513081550598, 1.5706993341445923, -0.010090958327054977
0.6878495812416077, 1.7323251962661743, -0.024000095203518867
0.5666428804397583, 1.427720308303833, -0.02357557602226734
