1.3674076795578003, 1.3896299600601196, -0.009919342584908009
1.3669090270996094, 1.411659836769104, -0.009694460779428482
1.3487274646759033, 1.4085355997085571, -0.00850269477814436
1.3694998025894165, 1.4492172002792358, -0.007822802290320396
1.3494882583618164, 1.4504506587982178, -0.008774745278060436
1.3705785274505615, 1.4693896770477295, -0.007909283973276615
1.310932993888855, 1.4289438724517822, -0.01043991930782795
1.3306180238723755, 1.44844388961792, -0.00932326726615429
1.2924094200134277, 1.410057783126831, -0.010729853063821793
1.2887924909591675, 1.4318848848342896, -0.010650127194821835
1.307283878326416, 1.4495712518692017, -0.009266802109777927
1.351131796836853, 1.488135814666748, -0.009496891871094704
1.3298954963684082, 1.4701863527297974, -0.008789482526481152
1.3862346410751343, 1.5113701820373535, -0.007723046932369471
1.3711148500442505, 1.5098124742507935, -0.009837985038757324
1.3296055793762207, 1.5306452512741089, -0.00970978382974863
1.3089524507522583, 1.511056900024414, -0.01135560218244791
1.3509358167648315, 1.549027442932129, -0.007973182015120983
1.3302239179611206, 1.5683395862579346, -0.007184786256402731
1.3112910985946655, 1.529728651046753, -0.010795526206493378
1.328987956047058, 1.5501911640167236, -0.006585883907973766
1.2871472835540771, 1.5512021780014038, -0.009703189134597778
1.3877472877502441, 1.571393609046936, -0.012063772417604923
1.3694988489151, 1.5899369716644287, -0.010705886408686638
1.3506395816802979, 1.588371992111206, -0.009320816956460476
1.3282803297042847, 1.5917999744415283, -0.010534411296248436
1.4069770574569702, 1.5924094915390015, -0.010592910461127758
1.3475149869918823, 1.6106066703796387, -0.010043181478977203
1.3118820190429688, 1.590533971786499, -0.009216221049427986
1.3906183242797852, 1.6111599206924438, -0.011651372537016869
1.3717384338378906, 1.6092370748519897, -0.009929881431162357
1.4097434282302856, 1.6070476770401, -0.010349277406930923
1.3654993772506714, 1.6310175657272339, -0.010217529721558094
1.3067606687545776, 1.6324100494384766, -0.008316967636346817
1.4080359935760498, 1.6304481029510498, -0.010337218642234802
1.348482608795166, 1.6504602432250977, -0.01144825853407383
1.372201919555664, 1.651056170463562, -0.012064449489116669
1.3890585899353027, 1.6504120826721191, -0.010255650617182255
1.368980050086975, 1.6690564155578613, -0.010150988586246967
1.350542664527893, 1.6720445156097412, -0.010902042500674725
1.3078666925430298, 1.6709632873535156, -0.01131628081202507
1.3318482637405396, 1.6695005893707275, -0.010262074880301952
1.4078829288482666, 1.668383240699768, -0.010322324000298977
1.3503986597061157, 1.689727783203125, -0.009568397887051105
1.388762354850769, 1.6900285482406616, -0.011218330822885036
1.4101030826568604, 1.6884278059005737, -0.010612091980874538
1.3704206943511963, 1.707920789718628, -0.010220751166343689
1.4290302991867065, 1.691676378250122, -0.011312655173242092
1.3281954526901245, 1.6303659677505493, -0.010061003267765045
1.370219111442566, 1.431132197380066, -0.00916613545268774
1.288583517074585, 1.4920257329940796, -0.010571877472102642
1.3910716772079468, 1.4887117147445679, -0.00933894608169794
1.3110601902008057, 1.6117595434188843, -0.010346140712499619
1.3604099750518799, 1.6507089138031006, -0.02013300731778145
1.3681312799453735, 1.5318565368652344, -0.00913967750966549
1.3901410102844238, 1.6692636013031006, -0.010104752145707607
1.3376516103744507, 1.672445297241211, -0.022319307550787926
1.331528663635254, 1.5091246366500854, -0.009143817238509655
1.351189136505127, 1.6289598941802979, -0.010899831540882587
1.3495442867279053, 1.5296322107315063, -0.008671311661601067
1.3317863941192627, 1.609116792678833, -0.010233263485133648
1.3910508155822754, 1.589483380317688, -0.009346207603812218
1.4106134176254272, 1.5698881149291992, -0.01152498833835125
1.3293499946594238, 1.4911071062088013, -0.008614984340965748
1.3512071371078491, 1.4307130575180054, -0.011592414230108261
1.3102076053619385, 1.488676905632019, -0.00986655056476593
1.410491704940796, 1.7070988416671753, -0.011041556484997272
1.2514249086380005, 1.4248614311218262, -0.020744189620018005
1.272882103919983, 1.472289800643921, -0.02066723257303238
1.369781255722046, 1.6913245916366577, -0.011016909033060074
1.3477782011032104, 1.5105693340301514, -0.007812727242708206
1.3527499437332153, 1.5755891799926758, -0.021827293559908867
1.2893332242965698, 1.4499592781066895, -0.010392901487648487
1.2692627906799316, 1.471171259880066, -0.011059306561946869
1.3100444078445435, 1.4693193435668945, -0.008696080185472965
1.3881442546844482, 1.5427407026290894, -0.021122915670275688
1.4318974018096924, 1.6691737174987793, -0.012002900242805481
1.3111333847045898, 1.6508088111877441, -0.010100157000124454
1.3474516868591309, 1.3494017124176025, -0.006434545386582613
1.328102707862854, 1.6918566226959229, -0.009790846146643162
1.2903962135314941, 1.4710477590560913, -0.010562462732195854
1.3290539979934692, 1.4309601783752441, -0.008715017698705196
1.3904744386672974, 1.5283873081207275, -0.009671883657574654
1.3708423376083374, 1.56918466091156, -0.011053106747567654
1.2309784889221191, 1.4498276710510254, -0.01011029351502657
1.3288618326187134, 1.73094642162323, -0.011417077854275703
1.3506286144256592, 1.5706778764724731, -0.009518874809145927
1.2985289096832275, 1.6565462350845337, -0.020733065903186798
1.282194972038269, 1.5740755796432495, -0.022825974971055984
1.2494055032730103, 1.4496345520019531, -0.009329299442470074
1.3120996952056885, 1.6870168447494507, -0.009221903048455715
1.2719802856445312, 1.6492141485214233, -0.009540984407067299
1.2315958738327026, 1.4695334434509277, -0.011477291584014893
1.293806552886963, 1.5229711532592773, -0.021397506818175316
1.3720417022705078, 1.5972751379013062, -0.02130616083741188
1.352271556854248, 1.4872207641601562, -0.02119465544819832
1.3290956020355225, 1.6522780656814575, -0.011555686593055725
1.3086901903152466, 1.4711143970489502, -0.02141040563583374
1.3361448049545288, 1.629867434501648, -0.02130720391869545
1.3517098426818848, 1.4695476293563843, -0.009315536357462406
1.3027396202087402, 1.5072922706604004, -0.022057393565773964
1.309800386428833, 1.7093430757522583, -0.010463765822350979
1.3489315509796143, 1.7277705669403076, -0.009336763061583042
1.209049940109253, 1.4515656232833862, -0.00924889650195837
1.375160574913025, 1.5666981935501099, -0.0227145217359066
1.2855901718139648, 1.4275333881378174, -0.02553948573768139
1.429335355758667, 1.6272872686386108, -0.010402725078165531
1.248861312866211, 1.5505003929138184, -0.00890360027551651
1.3718544244766235, 1.5483102798461914, -0.009769721888005733
1.2241262197494507, 1.4931108951568604, -0.021444201469421387
1.2697833776474, 1.630139946937561, -0.009978991001844406
1.4060310125350952, 1.6317939758300781, -0.020674992352724075
1.3495880365371704, 1.6452231407165527, -0.024769745767116547
1.2803972959518433, 1.6793982982635498, -0.02078743278980255
1.2871568202972412, 1.6495622396469116, -0.010026221163570881
1.2290949821472168, 1.430458426475525, -0.010764368809759617
1.3573899269104004, 1.431333303451538, -0.023900410160422325
1.3861980438232422, 1.6141884326934814, -0.020649101585149765
1.3465631008148193, 1.610887050628662, -0.02063722163438797
1.291435956954956, 1.627888798713684, -0.009644947946071625
1.4126994609832764, 1.6462492942810059, -0.010029410012066364
1.376570463180542, 1.6060795783996582, -0.023692093789577484
1.3343629837036133, 1.7077105045318604, -0.00957134272903204
1.2875151634216309, 1.6907097101211548, -0.010059514082968235
1.4295746088027954, 1.6903877258300781, -0.021814705803990364
1.2895678281784058, 1.5110876560211182, -0.010005269199609756
1.3638243675231934, 1.6973873376846313, -0.020776208490133286
1.352156639099121, 1.6855716705322266, -0.021154044196009636
1.391329050064087, 1.7099785804748535, -0.00943189300596714
1.2712388038635254, 1.6723873615264893, -0.013435207307338715
1.295811653137207, 1.5954008102416992, -0.02091071382164955
1.229923963546753, 1.4903671741485596, -0.00976079236716032
1.2481908798217773, 1.6503827571868896, -0.010997002944350243
1.4200209379196167, 1.7125375270843506, -0.02008797787129879
1.2858870029449463, 1.5531777143478394, -0.020806312561035156
1.3680684566497803, 1.7298498153686523, -0.020167233422398567
1.33240807056427, 1.5028373003005981, -0.021125750616192818
1.3555668592453003, 1.6203386783599854, -0.02217107266187668
1.376676321029663, 1.6768137216567993, -0.021039064973592758
1.2304356098175049, 1.5314964056015015, -0.010174738243222237
1.2894470691680908, 1.7308197021484375, -0.010941945016384125
1.3450274467468262, 1.7555129528045654, -0.02156563103199005
1.3907201290130615, 1.5509213209152222, -0.011327101849019527
1.330090880393982, 1.5674958229064941, -0.021131906658411026
1.446976900100708, 1.6704462766647339, -0.013264759443700314
1.3857406377792358, 1.6914982795715332, -0.02035410888493061
1.2895488739013672, 1.5901963710784912, -0.010207747109234333
1.2332489490509033, 1.6096272468566895, 0.0010099284118041396
1.2531462907791138, 1.6282854080200195, -0.010474242269992828
1.2939456701278687, 1.6679514646530151, -0.010211175307631493
1.3078787326812744, 1.5717074871063232, -0.009218571707606316
1.4121118783950806, 1.5504062175750732, -0.010112283751368523
1.2541813850402832, 1.6649850606918335, -0.009340004064142704
1.3260235786437988, 1.4518688917160034, 0.0014450247399508953
1.3486477136611938, 1.7121529579162598, -0.00979132205247879
1.310184121131897, 1.5488420724868774, -0.009508022107183933
1.3688876628875732, 1.49103844165802, -0.009091267362236977
1.292025089263916, 1.566298246383667, -0.007312383037060499
1.305611491203308, 1.688539743423462, -0.020692449063062668
1.1768478155136108, 1.4061533212661743, -0.007861519232392311
1.4260412454605103, 1.7018154859542847, -0.011302710510790348
1.3358420133590698, 1.7415659427642822, -0.02063719555735588
1.3090602159500122, 1.3899229764938354, -0.008924327790737152
1.3694055080413818, 1.7294079065322876, -0.011992293410003185
1.240026831626892, 1.5769963264465332, -0.022700849920511246
1.2702138423919678, 1.489963173866272, -0.010628449730575085
1.2720409631729126, 1.6860986948013306, -0.010344119742512703
1.2441152334213257, 1.735656499862671, -0.03129427880048752
1.3489625453948975, 1.390767216682434, -0.009998023509979248
1.3021708726882935, 1.434391975402832, 9.928569197654724E-4
1.389620304107666, 1.6282628774642944, -0.011785997077822685
1.3299909830093384, 1.7497676610946655, -0.012332425452768803
1.2512565851211548, 1.431104063987732, -0.010579046793282032
1.2516478300094604, 1.527621865272522, -0.008197727613151073
1.2357406616210938, 1.6472790241241455, -0.010560276918113232
1.2709146738052368, 1.4499250650405884, -0.009076538495719433
1.2562131881713867, 1.6273455619812012, -0.020960627123713493
1.2879644632339478, 1.6113073825836182, -0.010493092238903046
1.3126916885375977, 1.7279844284057617, -0.011723551899194717
1.2222929000854492, 1.5552935600280762, -0.0264586191624403
1.2455096244812012, 1.5285836458206177, 0.004352775402367115
1.4144445657730103, 1.7265084981918335, -0.013072527945041656
1.21087646484375, 1.4298588037490845, -0.011059433221817017
1.2255980968475342, 1.6360291242599487, -0.009302155114710331
1.266501784324646, 1.6110485792160034, 8.550769416615367E-4
1.3275688886642456, 1.5691602230072021, 0.0023790898267179728
1.2501941919326782, 1.6927071809768677, -0.024332348257303238
1.2100069522857666, 1.4882010221481323, -0.023963384330272675
1.2318847179412842, 1.5874300003051758, -0.008164639584720135
1.1935447454452515, 1.4709224700927734, -0.012408999726176262
1.3895467519760132, 1.7312196493148804, -0.012857872992753983
1.246858835220337, 1.6137373447418213, -0.023014657199382782
1.2227534055709839, 1.6354814767837524, -0.020006492733955383
1.3202369213104248, 1.3941668272018433, 0.0019101218786090612
1.2369091510772705, 1.3821079730987549, 1.9217044609831646E-5
1.3168107271194458, 1.751320242881775, -0.02448013238608837
1.4075666666030884, 1.7002454996109009, -0.02019614726305008
