0.44980907440185547, 0.9500749707221985, -0.009226026013493538
0.3895764946937561, 0.9295963048934937, -0.009652460925281048
0.38974326848983765, 0.9094263315200806, -0.009709772653877735
0.4100956916809082, 0.9498201608657837, -0.010412146337330341
0.42979490756988525, 0.9902585744857788, -0.009226007387042046
0.44990113377571106, 0.9895702004432678, -0.009372390806674957
0.38980817794799805, 0.9502879977226257, -0.009261082857847214
0.38959842920303345, 0.9698352217674255, -0.009053935296833515
0.4102137088775635, 0.9893484711647034, -0.008151791989803314
0.40998852252960205, 0.9693212509155273, -0.008546628057956696
0.43006807565689087, 1.0096077919006348, -0.009150935336947441
0.3695710301399231, 0.8698372840881348, -0.008090841583907604
0.38994044065475464, 0.8694010972976685, -0.008045812137424946
0.38827618956565857, 0.8510429263114929, 0.002323937602341175
0.369503915309906, 0.9303250908851624, -0.010163871571421623
0.3500211238861084, 0.9297435283660889, -0.009374825283885002
0.369528591632843, 0.9498676657676697, -0.009577224031090736
0.34992074966430664, 0.8900476694107056, -0.008846377022564411
0.39009732007980347, 0.9897266626358032, -0.009124331176280975
0.3504905104637146, 0.8697444796562195, -0.008731354959309101
0.35007062554359436, 0.9699456691741943, -0.008583182469010353
0.3501295745372772, 0.9899802207946777, -0.008628652431070805
0.33002573251724243, 0.9098606109619141, -0.009136637672781944
0.330262154340744, 0.8898767232894897, -0.008731010369956493
0.3498447835445404, 0.8495565056800842, -0.009157306514680386
0.3299781084060669, 0.8699824810028076, -0.00902966782450676
0.389371395111084, 0.8302810192108154, -0.00793202593922615
0.3307989537715912, 0.9298614859580994, -0.00972321629524231
0.33007779717445374, 0.8497627377510071, -0.008961176499724388
0.3297785818576813, 0.9702022671699524, -0.010031381621956825
0.3102039694786072, 0.9296382665634155, -0.009238296188414097
0.30998119711875916, 0.9101264476776123, -0.009634428657591343
0.3097037672996521, 0.8699654936790466, -0.008663199841976166
0.31088268756866455, 0.8701550364494324, 0.002761488314718008
0.3696354925632477, 1.0295162200927734, -0.008470158092677593
0.39030101895332336, 1.0496681928634644, -0.009299343451857567
0.3499378561973572, 1.0296803712844849, -0.009404055774211884
0.33073797821998596, 1.0100613832473755, -0.008398096077144146
0.28834068775177, 0.8686361312866211, 0.002451819134876132
0.28945258259773254, 0.9097521305084229, -0.00975202675908804
0.2897719442844391, 0.8699848055839539, -0.008690178394317627
0.28985852003097534, 0.890174388885498, -0.009128883481025696
0.30967748165130615, 0.8302924036979675, -0.009105000644922256
0.28974542021751404, 0.850002646446228, -0.009392386302351952
0.2905506491661072, 0.8299270272254944, -0.008741320110857487
0.27017781138420105, 0.9097887873649597, -0.009132380597293377
0.270052433013916, 0.8705730438232422, -0.008998173289000988
0.27047210931777954, 0.8895419239997864, -0.008800470270216465
0.2702270746231079, 0.850396454334259, -0.008511727675795555
0.3697427809238434, 0.9897531270980835, -0.009367391467094421
0.3099006414413452, 0.789115846157074, 0.003371579572558403
0.29063880443573, 0.8100545406341553, -0.008136657066643238
0.2703155279159546, 0.8299897313117981, -0.008891156874597073
0.2498677372932434, 0.849835216999054, 0.0031424742192029953
0.2497400939464569, 0.8493619561195374, -0.009244125336408615
0.2504582703113556, 0.9097009897232056, -0.00908843893557787
0.2911267876625061, 0.7887830138206482, 0.002837309380993247
0.2703014314174652, 0.8096253275871277, -0.008203803561627865
0.29149630665779114, 0.7896726727485657, -0.008227907121181488
0.249454528093338, 0.8293429613113403, -0.008958760648965836
0.3100898265838623, 0.7694556713104248, 0.0035552815534174442
0.24940051138401031, 0.8092706203460693, -0.008477257564663887
0.23022550344467163, 0.8498737812042236, -0.008795240893959999
0.2505168318748474, 0.789535641670227, -0.00872498843818903
0.26953741908073425, 0.7695226073265076, -0.008558469824492931
0.29154732823371887, 0.7509591579437256, 0.003262760816141963
0.21048855781555176, 0.8499709367752075, -0.008788356557488441
0.22976703941822052, 0.7895432114601135, -0.008247770369052887
0.25069424510002136, 0.7701383829116821, -0.008126636035740376
0.21103964745998383, 0.8082523345947266, 0.0036346055567264557
0.24924913048744202, 0.7498621940612793, 0.0025565819814801216
0.19089186191558838, 0.8496275544166565, -0.009313744492828846
0.2496209293603897, 0.727891206741333, 0.0028499318286776543
0.18898525834083557, 0.7884548902511597, -0.008273887448012829
0.1895802617073059, 0.7491230368614197, 0.0033835144713521004
0.3299277424812317, 0.7899357080459595, -0.0082781370729208
0.4895098805427551, 0.950298547744751, -0.008504753932356834
0.37013280391693115, 0.9696356654167175, -0.009242799133062363
0.18995939195156097, 0.8101779222488403, -0.00841023214161396
0.3306303024291992, 0.9494863152503967, -0.009194762445986271
0.2092898190021515, 0.7513225674629211, 0.002703522564843297
0.29104968905448914, 0.7298721075057983, -0.008608869276940823
0.22984658181667328, 0.8900261521339417, -0.00985878799110651
0.2502105236053467, 0.8095270991325378, 0.0034937469754368067
0.3679278492927551, 0.9315726161003113, 0.0024712136946618557
0.3099541962146759, 0.9492489695549011, -0.00936969742178917
0.21066875755786896, 0.7698513269424438, 0.002166986232623458
0.3502485454082489, 1.0097253322601318, -0.00778745673596859
0.3098628520965576, 0.8498671650886536, -0.008774681016802788
0.410002738237381, 0.8704127669334412, -0.008536131121218204
0.390434592962265, 0.8499520421028137, -0.00890098512172699
0.42986825108528137, 0.9295154809951782, -0.00918358750641346
0.30985569953918457, 0.7898492217063904, -0.008108413778245449
0.28987136483192444, 0.7298362851142883, 0.002911953954026103
0.31012651324272156, 0.9693379998207092, -0.00975998118519783
0.42977744340896606, 1.0291378498077393, -0.01014037523418665
0.2100108563899994, 0.830055296421051, -0.009304195642471313
0.19058141112327576, 0.7688980102539062, 0.0026300845202058554
0.24915076792240143, 0.8276110291481018, 0.00283642066642642
0.4305076003074646, 0.9696575999259949, -0.00871680025011301
0.26993054151535034, 0.7896589040756226, -0.00868168193846941
0.23213039338588715, 0.7873095273971558, 0.0024842238053679466
0.17003127932548523, 0.7894744277000427, -0.008232955820858479
0.25036850571632385, 0.889643132686615, -0.00956412497907877
0.34955042600631714, 0.80997633934021, -0.00879626628011465
0.17119520902633667, 0.8086299300193787, 0.002487010322511196
0.3489621877670288, 0.97044837474823, -0.02214501053094864
0.25058290362358093, 0.788780152797699, 0.00346968462690711
0.27112483978271484, 0.9497610330581665, -0.010561103001236916
0.2898538112640381, 0.9688788652420044, -0.009881231002509594
0.29224735498428345, 0.8902828097343445, 0.0025240678805857897
0.35067105293273926, 0.847443163394928, -0.021581947803497314
0.33223676681518555, 1.027353048324585, -0.011001169681549072
0.23050597310066223, 0.8298141956329346, -0.0081587890163064
0.2895108461380005, 0.949800968170166, -0.009842203930020332
0.2512810230255127, 0.850064218044281, -0.02249409817159176
0.1899043768644333, 0.8298490047454834, -0.00873642135411501
0.3480631113052368, 1.0333434343338013, -0.02211936190724373
0.24432609975337982, 0.890177845954895, -0.021047286689281464
0.2909180819988251, 0.7497971653938293, -0.008574459701776505
0.20982345938682556, 0.789829432964325, -0.007666746620088816
0.3109690845012665, 0.9090287685394287, -0.022006481885910034
0.3291257917881012, 0.8727901577949524, 0.0030179396271705627
0.16953922808170319, 0.7684388160705566, -0.00909059215337038
0.3506300747394562, 0.8306021690368652, -0.0213899165391922
0.3315066695213318, 0.9095787405967712, -0.022616960108280182
0.33001217246055603, 0.9288162589073181, -0.0223538875579834
0.26453185081481934, 0.8680343627929688, -0.02193879894912243
0.2102648764848709, 0.7700114250183105, -0.008410206995904446
0.18934842944145203, 0.7487311959266663, -0.009424334391951561
0.2876211404800415, 0.9718341827392578, -0.022046204656362534
0.18771986663341522, 0.7713462114334106, -0.021697279065847397
0.13398876786231995, 0.808487057685852, -0.012212760746479034
0.46953263878822327, 0.9301900267601013, -0.009164955466985703
0.23050689697265625, 0.8095065355300903, -0.007613352034240961
0.36949461698532104, 0.8906530141830444, -0.008339428342878819
0.3698872923851013, 0.8503325581550598, -0.009071857668459415
0.3510640263557434, 0.8705962896347046, 0.00408373586833477
0.3496701419353485, 0.8296353816986084, -0.009635011665523052
0.41102489829063416, 0.9890791177749634, -0.023127015680074692
0.4316732585430145, 0.9299173355102539, 0.0026770094409585
0.34985825419425964, 0.8115384578704834, 0.0022147968411445618
0.4107643961906433, 0.928313136100769, 0.002510204678401351
0.21242894232273102, 0.888630211353302, -0.011556758545339108
0.46942591667175293, 0.9502893090248108, -0.008541563525795937
0.41222167015075684, 0.8703529834747314, 0.00252434890717268
0.4104939103126526, 0.9103095531463623, -0.009694574400782585
0.23246751725673676, 0.8094444870948792, -0.022256949916481972
0.4093751609325409, 0.8502073287963867, -0.008121584542095661
0.38679763674736023, 1.008085012435913, -0.020513363182544708
0.309057354927063, 0.8688607215881348, -0.022653520107269287
0.2884265184402466, 0.7130835056304932, 0.0031800977885723114
0.2693452835083008, 0.7491229772567749, -0.009204793721437454
0.32945874333381653, 0.8298560380935669, -0.020693058148026466
0.3085303008556366, 0.7504783272743225, 0.003428887343034148
0.3094692528247833, 0.8928588032722473, -0.022027945145964622
0.48817014694213867, 0.9882506728172302, -0.01256127841770649
0.30998772382736206, 0.8897297382354736, -0.009255384095013142
0.25099021196365356, 0.688838541507721, 0.0027636676095426083
0.23090535402297974, 0.7305481433868408, 0.0032860201317816973
0.34665587544441223, 0.9339125752449036, -0.02189725823700428
0.24937571585178375, 0.9125876426696777, -0.021939897909760475
0.31195271015167236, 0.8285927176475525, 0.0023056152276694775
0.3302026093006134, 0.7700563669204712, 0.003414779668673873
0.2507815361022949, 0.7086982727050781, 0.003269084496423602
0.4301453232765198, 0.8897768259048462, -0.009121311828494072
0.3095437288284302, 0.8115619421005249, 0.0023859802167862654
0.2903003990650177, 0.7690602540969849, 0.0027098204009234905
0.3737175762653351, 1.0056387186050415, -0.02228204347193241
0.36516043543815613, 1.030534267425537, -0.022116951644420624
0.4112047255039215, 0.968722939491272, 0.0029345762450248003
0.2928936779499054, 0.889653205871582, -0.02150695025920868
0.30969396233558655, 0.749376654624939, -0.008725856430828571
0.3896406292915344, 1.0715947151184082, -0.02257547341287136
0.3918069005012512, 0.8675763607025146, 0.0018903345335274935
0.4111984968185425, 0.9539235830307007, -0.020592529326677322
0.43042609095573425, 0.9695820808410645, 0.0031105009838938713
0.40961208939552307, 1.0297625064849854, -0.009601792320609093
0.37116262316703796, 0.9927923679351807, -0.020892586559057236
0.26822054386138916, 0.8315637111663818, -0.021605215966701508
0.270429402589798, 0.9300746321678162, -0.00958237238228321
0.34921544790267944, 0.8493051528930664, 0.0018510282970964909
0.28943854570388794, 0.9103555679321289, -0.02151424065232277
0.20985399186611176, 0.8129562735557556, -0.022076644003391266
0.36963707208633423, 0.8104398250579834, -0.009049457497894764
0.32957372069358826, 0.9896364212036133, -0.021823279559612274
0.3675844073295593, 0.9085314273834229, 0.0020902056712657213
0.4301512837409973, 0.9101129770278931, -0.009787498973309994
0.4495159685611725, 0.9271038770675659, -0.021550633013248444
0.25035080313682556, 0.7300829291343689, -0.00841225404292345
0.2297171801328659, 0.7293479442596436, -0.008328060619533062
0.47056275606155396, 0.9495063424110413, 0.0020818207412958145
0.32955271005630493, 0.829786479473114, -0.008696158416569233
0.2301976978778839, 0.7501466274261475, -0.008262909017503262
0.35028985142707825, 0.910086989402771, -0.008390150032937527
0.3493320941925049, 0.8274863362312317, 0.002404274418950081
0.16655132174491882, 0.8112752437591553, -0.022644467651844025
0.3886605501174927, 0.9295857548713684, -0.022597461938858032
0.47001275420188904, 0.989791214466095, -0.009066269733011723
0.22797635197639465, 0.7307547926902771, -0.02185104228556156
0.2696147561073303, 0.7296851277351379, -0.008071653544902802
0.30748817324638367, 0.9886977672576904, -0.021923484280705452
0.3702179193496704, 1.0103520154953003, -0.008643285371363163
0.2894820272922516, 0.9300851225852966, -0.009631914086639881
0.3497716784477234, 0.9099725484848022, 0.002413103822618723
0.24887287616729736, 0.7689495086669922, 0.0019709025509655476
0.2501155734062195, 0.7502169609069824, -0.009126292541623116
0.3306504189968109, 0.9527745842933655, 0.0016405157512053847
0.4525201916694641, 0.9639314413070679, -0.021201882511377335
0.3311944603919983, 0.8305526375770569, 0.0024232552386820316
0.16950136423110962, 0.8317052721977234, -0.02203206717967987
0.231407031416893, 0.8894833922386169, 0.002424953505396843
0.4098062515258789, 0.9296939373016357, -0.009513801895081997
0.3096606433391571, 0.9102959632873535, 0.0019555133767426014
0.3901565968990326, 0.8497005105018616, -0.021375618875026703
0.34587225317955017, 0.8950480818748474, -0.023640260100364685
0.23039290308952332, 0.8267414569854736, -0.02232137694954872
0.25158220529556274, 0.708946704864502, -0.021808238700032234
0.32945704460144043, 0.8481062054634094, 0.002084940206259489
0.3683687150478363, 0.8655760288238525, -0.021134028211236
0.30963751673698425, 0.7694060206413269, -0.007549117784947157
0.42705026268959045, 0.9082698225975037, 0.0025794957764446735
0.2511667311191559, 0.9291117787361145, -0.010543952696025372
0.2304089367389679, 0.8298150300979614, 0.002678321674466133
0.2902867794036865, 0.7695269584655762, -0.008135488256812096
0.4468455910682678, 0.9891757965087891, -0.021539391949772835
0.33002257347106934, 0.9271516799926758, 0.0020328345708549023
0.2694965600967407, 0.8690527677536011, 0.0032697704154998064
0.4125002920627594, 1.0507293939590454, -0.022260479629039764
0.3305109739303589, 0.9908137917518616, -0.008922451175749302
0.2688973546028137, 0.8291783928871155, 0.0027053183875977993
0.21044540405273438, 0.7500044703483582, -0.008681265637278557
0.3897677958011627, 1.0095070600509644, -0.00871217530220747
0.4287591874599457, 0.8705934882164001, -0.009026536718010902
0.24782559275627136, 0.8908700942993164, 0.0019042410422116518
0.32922065258026123, 0.7699269652366638, -0.008101578801870346
0.5068930387496948, 0.9515548944473267, -0.00955185666680336
0.390266090631485, 1.046993613243103, -0.02243642881512642
0.2707148790359497, 0.7106223702430725, 0.002891050186008215
0.292833149433136, 0.987362265586853, -0.011120207607746124
0.46732911467552185, 1.008692741394043, -0.014096824452280998
0.33085381984710693, 0.8908796906471252, 0.0037220243830233812
0.28982365131378174, 0.8489102125167847, -0.021668920293450356
0.21083153784275055, 0.7899006009101868, 0.002460586139932275
0.4497830271720886, 0.9100304841995239, -0.00919981487095356
0.30727922916412354, 0.9509747624397278, -0.02126247249543667
0.4499448537826538, 1.0096431970596313, -0.011121310293674469
0.34867894649505615, 0.9297466278076172, 0.002105363644659519
0.20978601276874542, 0.8707162141799927, -0.02230983041226864
0.2500248849391937, 0.7308459281921387, -0.021872790530323982
0.2713848948478699, 0.710242509841919, -0.0083715058863163
0.35140296816825867, 0.8086838126182556, -0.02084813453257084
0.4891449213027954, 0.950190007686615, 0.0029835018794983625
0.3871454894542694, 1.0083197355270386, 0.0033311531879007816
0.42878812551498413, 1.0310742855072021, -0.02170848473906517
0.3478160798549652, 0.9103701114654541, -0.02289712429046631
0.25080573558807373, 0.8319965600967407, -0.022746767848730087
0.14961478114128113, 0.8092484474182129, -0.010453648865222931
0.2723093628883362, 0.852522075176239, 0.0026063336990773678
0.26930662989616394, 0.7497990131378174, 0.0027129552327096462
0.2695586383342743, 0.8099303841590881, 0.0034931793343275785
0.39100295305252075, 0.9775794148445129, -0.022157371044158936
0.4314545691013336, 0.9110459089279175, -0.021486276760697365
0.3694445788860321, 0.9103842377662659, -0.00928683951497078
0.4067268669605255, 1.0264451503753662, -0.02150213159620762
0.20960555970668793, 0.7487406134605408, -0.021806860342621803
0.3497087061405182, 0.7917830348014832, 0.0023797054309397936
0.4897763133049011, 0.9735073447227478, -0.022078461945056915
0.2915404140949249, 0.8278944492340088, 0.0028550371062010527
0.17001456022262573, 0.7706530094146729, 0.002348709385842085
0.3709962069988251, 0.953789234161377, -0.022220784798264503
0.3892292380332947, 0.9294210076332092, 0.0026319564785808325
0.3912823796272278, 0.9900831580162048, -0.023030109703540802
0.47356975078582764, 0.9931524991989136, -0.02134101092815399
0.45034879446029663, 0.969496488571167, -0.0083139818161726
0.38692691922187805, 0.9460506439208984, 0.0017413077875971794
0.37182220816612244, 0.9722831845283508, 0.0013174611376598477
0.3298536241054535, 0.7898383736610413, 0.002722793025895953
0.34574538469314575, 0.948624312877655, 0.0010978877544403076
0.3500775098800659, 0.9503135085105896, -0.009403576143085957
0.24868005514144897, 0.9082028269767761, 0.003152277320623398
0.44820258021354675, 0.8912432789802551, -0.00875663012266159
0.25367698073387146, 0.9462112784385681, -0.011845380999147892
0.4675980806350708, 0.946273148059845, -0.020175281912088394
0.3666499853134155, 1.0739487409591675, -0.02338247001171112
0.3706294894218445, 0.8121590614318848, 0.002484445460140705
0.20990696549415588, 0.8272453546524048, 0.002923601074144244
0.3714010417461395, 0.9927327632904053, 0.00295783719047904
0.3306156098842621, 0.7910640239715576, -0.021659553050994873
0.29098042845726013, 0.9292689561843872, 8.676765719428658E-4
0.35103094577789307, 1.0486376285552979, -0.011120195500552654
0.4102019667625427, 1.0103682279586792, -0.009377113543450832
0.3719888925552368, 0.8285470604896545, 0.00292566092684865
0.3497130870819092, 1.0478724241256714, -0.024326371029019356
0.190475195646286, 0.7697953581809998, -0.008335922844707966
0.44897156953811646, 0.9110620617866516, 0.0031557451002299786
0.2676791548728943, 0.6902552247047424, 0.0034422241151332855
0.3298260271549225, 0.809014618396759, 0.0024301924277096987
0.4697134494781494, 0.9699258804321289, -0.008218207396566868
0.31301555037498474, 0.9301281571388245, 0.0028388509526848793
0.20731250941753387, 0.8744205236434937, 0.0012952325632795691
0.4477650225162506, 0.9896606206893921, 0.003061941359192133
0.44805702567100525, 0.9469536542892456, 0.0011667727958410978
0.3303510248661041, 0.9498694539070129, -0.021885544061660767
0.40948501229286194, 0.8888948559761047, 0.0024007719475775957
0.21038146317005157, 0.8096494078636169, -0.008339131250977516
0.32340261340141296, 0.7572696208953857, -0.012400968000292778
0.3499332666397095, 0.890143096446991, 0.0041018384508788586
0.3330456614494324, 1.049127459526062, 2.7135720301885158E-5
0.3266105651855469, 0.7596859931945801, 0.004500876180827618
0.17489208281040192, 0.8641165494918823, -0.013673336245119572
0.3705183267593384, 1.007315754890442, 0.0031853646505624056
