1.3122271299362183, 1.3470054864883423, -0.09048508107662201
1.2921632528305054, 1.3496458530426025, -0.06897031515836716
1.2890454530715942, 1.3499356508255005, -0.09091990441083908
1.2678996324539185, 1.3519495725631714, -0.09068098664283752
1.307389497756958, 1.3485798835754395, -0.13054126501083374
1.266752004623413, 1.3515149354934692, -0.06921809166669846
1.3109476566314697, 1.34699285030365, -0.109010249376297
1.2700800895690918, 1.3513996601104736, -0.11171337217092514
1.2699223756790161, 1.3517396450042725, -0.0510936938226223
1.3081780672073364, 1.3472336530685425, -0.027356280013918877
1.2706791162490845, 1.3533844947814941, -0.028696592897176743
1.2317471504211426, 1.3681340217590332, -0.08993543684482574
1.2295324802398682, 1.3678193092346191, -0.06940557807683945
1.2286347150802612, 1.3687045574188232, -0.050994955003261566
1.2538602352142334, 1.3556257486343384, -0.012599114328622818
1.2084933519363403, 1.3701388835906982, -0.10818929970264435
1.2114490270614624, 1.37041437625885, -0.09188919514417648
1.2491950988769531, 1.3641036748886108, -0.11228268593549728
1.2282687425613403, 1.3581470251083374, -0.03130198270082474
1.2086292505264282, 1.3710097074508667, -0.06986935436725616
1.2684047222137451, 1.3656586408615112, -0.0708019956946373
1.270365834236145, 1.353776454925537, -0.013113186694681644
1.2502732276916504, 1.3658945560455322, -0.13072574138641357
1.247874140739441, 1.3647090196609497, -0.089851014316082
1.305877685546875, 1.3482218980789185, -0.1504373550415039
1.2902244329452515, 1.3514975309371948, -0.04790274053812027
1.2491157054901123, 1.3662148714065552, -0.07042627036571503
1.193693995475769, 1.3714675903320312, -0.07109809666872025
1.2504665851593018, 1.354336142539978, -0.1085590273141861
1.2868787050247192, 1.3508546352386475, -0.12836775183677673
1.3288030624389648, 1.3466498851776123, -0.09036682546138763
1.3110312223434448, 1.3468108177185059, -0.06996594369411469
1.2497918605804443, 1.3678185939788818, -0.1643121838569641
1.2640488147735596, 1.365554928779602, -0.11251268535852432
1.232285499572754, 1.3689368963241577, -0.10870806872844696
1.1911073923110962, 1.376936912536621, -0.11035513132810593
1.327958345413208, 1.347533106803894, -0.06682771444320679
1.2493003606796265, 1.367474913597107, -0.15171727538108826
1.2497470378875732, 1.366126298904419, -0.04874398186802864
1.274910807609558, 1.365387201309204, -0.16596226394176483
1.2931833267211914, 1.3489269018173218, -0.15327847003936768
1.2654649019241333, 1.365903377532959, -0.08854088932275772
1.2856258153915405, 1.3510900735855103, -0.1081550344824791
1.3289183378219604, 1.345482349395752, -0.04918144643306732
1.191115140914917, 1.3729711771011353, -0.0498574934899807
1.306739330291748, 1.3492623567581177, -0.048215292394161224
1.3316830396652222, 1.346337080001831, -0.13159117102622986
1.2504425048828125, 1.3533761501312256, -0.09064385294914246
1.270682454109192, 1.3650431632995605, -0.1321595162153244
1.2279144525527954, 1.3700826168060303, -0.1512504369020462
1.2722128629684448, 1.36258065700531, -0.1504518985748291
1.284915804862976, 1.3605414628982544, -0.1499635875225067
1.2887338399887085, 1.3620914220809937, -0.08804084360599518
1.3042718172073364, 1.3609468936920166, -0.09917011857032776
1.2736704349517822, 1.3644953966140747, -0.05004303157329559
1.2866182327270508, 1.3628802299499512, -0.0690077394247055
1.208025336265564, 1.3718632459640503, -0.13051152229309082
1.3301447629928589, 1.3438456058502197, -0.1102440282702446
1.2895598411560059, 1.3639668226242065, -0.1097441017627716
1.2914966344833374, 1.352308988571167, -0.03062652237713337
1.2299500703811646, 1.3692549467086792, -0.030615441501140594
1.350813627243042, 1.3462939262390137, -0.04992389306426048
1.2297511100769043, 1.3683897256851196, -0.12941201031208038
1.1723895072937012, 1.3862526416778564, -0.08727577328681946
1.2220944166183472, 1.3805874586105347, -0.17044945061206818
1.2848607301712036, 1.3646867275238037, -0.12472900748252869
1.2708940505981445, 1.3510231971740723, -0.12779638171195984
1.345348596572876, 1.3463045358657837, -0.126829132437706
1.3291858434677124, 1.3479743003845215, -0.14980527758598328
1.2500568628311157, 1.3690851926803589, -0.030645690858364105
1.3478198051452637, 1.3487706184387207, -0.029892897233366966
1.3128501176834106, 1.336319088935852, -0.049906060099601746
