0.9696275591850281, 1.769326090812683, -0.01129169762134552
0.9313980340957642, 1.7896939516067505, -0.01176349725574255
0.9896730184555054, 1.789983868598938, -0.01159609854221344
1.0094730854034424, 1.7910701036453247, -0.008554704487323761
1.008838415145874, 1.7685400247573853, -0.01155393011868
0.9518117308616638, 1.78850519657135, -0.011187391355633736
0.9688215255737305, 1.8109469413757324, -0.01146053709089756
0.9512966871261597, 1.8292045593261719, -0.011107861064374447
1.00864839553833, 1.8314772844314575, -0.01196192018687725
1.0096186399459839, 1.8107635974884033, -0.010390356183052063
1.0292946100234985, 1.8113079071044922, -0.01257940661162138
0.9897873401641846, 1.8308792114257812, -0.011216969229280949
0.9487662315368652, 1.8507887125015259, -0.011144584976136684
0.9289377331733704, 1.8721251487731934, -0.01309643778949976
1.0078402757644653, 1.8697893619537354, -0.011491378769278526
1.0483014583587646, 1.812380075454712, -0.010580142959952354
0.9907552003860474, 1.869728446006775, -0.010453124530613422
0.9303551912307739, 1.8899110555648804, -0.011999267153441906
0.9901070594787598, 1.849021077156067, -0.012118796817958355
0.969501256942749, 1.8894500732421875, -0.011524475179612637
0.9470045566558838, 1.9109572172164917, -0.009280981495976448
1.0318173170089722, 1.8909056186676025, -0.01013282872736454
1.0107723474502563, 1.8892309665679932, -0.010477520525455475
1.0486284494400024, 1.890788197517395, -0.00994820799678564
1.0279358625411987, 1.9120513200759888, -0.009299228899180889
0.9956276416778564, 1.9053277969360352, -0.021301817148923874
1.0110061168670654, 1.9102333784103394, -0.009328709915280342
0.991943895816803, 1.9092142581939697, -0.010702929459512234
1.0706613063812256, 1.8513542413711548, -0.011183326132595539
0.9693156480789185, 1.9111815690994263, -0.011750412173569202
1.0695983171463013, 1.870660424232483, -0.01000550389289856
1.0461138486862183, 1.8507585525512695, -0.012575443834066391
0.9515396952629089, 1.9341976642608643, -0.01146820280700922
0.989734947681427, 1.93240487575531, -0.009486681781709194
0.969807505607605, 1.851274847984314, -0.013136910274624825
0.9661538600921631, 1.951562523841858, -0.01088988408446312
1.0698400735855103, 1.8918581008911133, -0.012027407065033913
1.0504039525985718, 1.9296420812606812, -0.009572235867381096
1.0506449937820435, 1.9083573818206787, -0.009970993734896183
1.030876874923706, 1.928109884262085, -0.011692136526107788
1.0689823627471924, 1.9299131631851196, -0.010281270369887352
1.0885850191116333, 1.9097754955291748, -0.0113214747980237
1.0290273427963257, 1.95045804977417, -0.011142888106405735
1.0492676496505737, 1.9493681192398071, -0.010547012090682983
0.9911929368972778, 1.9672107696533203, -0.00860164500772953
1.0051236152648926, 1.9709484577178955, -0.009083611890673637
1.0896387100219727, 1.9283407926559448, -0.012422465719282627
1.0910365581512451, 1.9480395317077637, -0.01000326219946146
1.067500114440918, 1.9699490070343018, -0.011451135389506817
1.0291154384613037, 1.9697527885437012, -0.010440900921821594
1.1068824529647827, 1.9512847661972046, -0.013018066994845867
1.0099412202835083, 1.9914528131484985, -0.011929158121347427
1.0478583574295044, 1.9888619184494019, -0.011079405434429646
1.0681588649749756, 1.989387035369873, -0.011621899902820587
1.1084758043289185, 1.9893901348114014, -0.011402623727917671
1.092419147491455, 1.989093542098999, -0.011863529682159424
1.1286343336105347, 1.971147060394287, -0.011775894090533257
1.0884301662445068, 2.0104124546051025, -0.010665199719369411
1.0484157800674438, 2.0108840465545654, -0.011853624135255814
1.1476094722747803, 1.97179114818573, -0.011781030334532261
1.0698975324630737, 2.031555414199829, -0.01238064281642437
1.110832929611206, 2.0104637145996094, -0.011214574798941612
1.0892925262451172, 2.028418779373169, -0.01121891476213932
1.148536205291748, 2.011749267578125, -0.009646686725318432
1.1088744401931763, 2.052595376968384, -0.00992103386670351
1.168988823890686, 2.0088582038879395, -0.009927998296916485
1.0515925884246826, 2.0300447940826416, -0.011889821849763393
1.0869041681289673, 2.0693576335906982, -0.010351964272558689
1.0477784872055054, 2.0521838665008545, -0.011388332583010197
0.968353271484375, 1.8068161010742188, -0.021489055827260017
0.9290338754653931, 1.8302775621414185, -0.010376826860010624
0.9093812108039856, 1.8280973434448242, -0.008820917457342148
0.9909272193908691, 1.7681471109390259, -0.011231795884668827
0.9291470050811768, 1.8872582912445068, -0.021886071190238
0.959740161895752, 1.8884284496307373, -0.021689245477318764
1.045904278755188, 1.8909255266189575, -0.02126000076532364
1.0072801113128662, 2.031195640563965, -0.011180595494806767
0.9703636169433594, 1.829384446144104, -0.013062753714621067
1.0885804891586304, 2.0200207233428955, -0.024049781262874603
1.022976279258728, 2.0130879878997803, -0.0204976387321949
0.9698265194892883, 1.8693592548370361, -0.012708771973848343
1.0764293670654297, 2.0021233558654785, -0.02186463214457035
1.089034914970398, 1.9712368249893188, -0.011819018051028252
1.1381127834320068, 2.0014939308166504, -0.021153714507818222
1.0657988786697388, 1.873468279838562, -0.025945842266082764
1.0925220251083374, 1.8883384466171265, -0.012352323159575462
1.1305456161499023, 1.9493738412857056, -0.012518246658146381
0.9340676665306091, 1.843977689743042, -0.020867332816123962
1.0300354957580566, 1.8299132585525513, -0.012586190365254879
1.0084691047668457, 1.9396710395812988, -0.022719942033290863
1.0723851919174194, 1.9501068592071533, -0.013013187795877457
1.0273950099945068, 1.8498128652572632, -0.011865327134728432
0.9482064247131348, 1.8660194873809814, -0.021579425781965256
1.0280795097351074, 1.8705389499664307, -0.01042846404016018
0.9081671833992004, 1.8899130821228027, -0.014158603735268116
1.0077165365219116, 2.0504181385040283, -0.011588777415454388
0.9895270466804504, 1.8909791707992554, -0.012327964417636395
1.1115922927856445, 2.0098633766174316, -0.021064050495624542
1.0107790231704712, 1.9493374824523926, -0.009000257588922977
0.985021710395813, 1.997185468673706, -0.02272043563425541
0.9276659488677979, 1.9332555532455444, -0.025801464915275574
0.9320530295372009, 1.9466320276260376, -0.021928315982222557
0.8893540501594543, 1.850684642791748, -0.012613199651241302
1.1297554969787598, 2.049109697341919, -0.010450473986566067
1.1515110731124878, 1.9879183769226074, -0.010738631710410118
0.9899033904075623, 2.0089008808135986, -0.010436579585075378
0.9129945039749146, 1.9122471809387207, -0.023538414388895035
0.909905195236206, 1.8687160015106201, -0.012312793172895908
0.9697268009185791, 1.9708130359649658, -0.01173525769263506
0.9489551186561584, 1.8091634511947632, -0.009845513850450516
0.9487360715866089, 1.8731019496917725, -0.012584119103848934
1.0316709280014038, 1.9917229413986206, -0.011289378628134727
0.9702501893043518, 1.7891669273376465, -0.01137804426252842
0.9132504463195801, 1.8493173122406006, -0.02182670496404171
1.009031891822815, 1.929903268814087, -0.009390591643750668
1.0135786533355713, 1.869278907775879, -0.020489545539021492
1.111051082611084, 1.96689772605896, -0.012937268242239952
0.8943005800247192, 1.8144853115081787, -0.022326361387968063
1.091684103012085, 2.088715076446533, -0.01157208438962698
1.0512075424194336, 1.8701322078704834, -0.010723790153861046
1.0291801691055298, 2.0316615104675293, -0.012158437632024288
1.0286232233047485, 2.011690139770508, -0.010307123884558678
0.9044838547706604, 1.8254808187484741, -0.02149098552763462
0.9979361295700073, 1.861707091331482, -0.020707793533802032
0.9896519184112549, 1.8465334177017212, -0.02023174799978733
0.9096282720565796, 1.8503144979476929, -0.013132776133716106
1.039794921875, 2.046774387359619, -0.020561659708619118
0.9729161262512207, 1.9288357496261597, -0.008734412491321564
1.0713186264038086, 2.007528781890869, -0.01131385751068592
0.9885786175727844, 1.9487051963806152, -0.009226488880813122
0.9312216639518738, 1.8511877059936523, -0.010991024784743786
1.0557537078857422, 1.9743332862854004, -0.024184424430131912
1.1276025772094727, 1.9914714097976685, -0.010578322224318981
1.1516623497009277, 2.0112857818603516, -0.02434169128537178
0.9906741380691528, 1.8083192110061646, -0.009337833151221275
1.0362097024917603, 1.881788730621338, -0.024415457621216774
1.0911623239517212, 2.046078681945801, -0.01209191232919693
0.9470627307891846, 1.8125722408294678, -0.02078131213784218
0.9452648162841797, 1.7663824558258057, -0.020817197859287262
1.1269949674606323, 2.0312042236328125, -0.010223321616649628
1.0324870347976685, 1.7895578145980835, -0.010477351024746895
1.0523395538330078, 1.8265712261199951, -0.010588284581899643
0.9514153003692627, 1.8904553651809692, -0.01234669890254736
0.9905468225479126, 1.7483943700790405, -0.022219590842723846
0.8927956223487854, 1.8717894554138184, -0.010952500626444817
1.011420726776123, 1.849920630455017, -0.012575764209032059
1.0666327476501465, 2.0501255989074707, -0.020220071077346802
1.0466989278793335, 1.9530916213989258, -0.02034570463001728
0.9514811038970947, 1.9118895530700684, -0.021123116835951805
0.91031414270401, 1.7919639348983765, -0.013797111809253693
1.064219355583191, 1.9861356019973755, -0.02145177498459816
0.9302561283111572, 1.95200777053833, -0.0127714853733778
1.0471515655517578, 2.064619302749634, -0.020634666085243225
1.0865803956985474, 1.969986915588379, -0.021012071520090103
1.0516271591186523, 1.969386100769043, -0.010944684967398643
1.0312213897705078, 2.047351598739624, -0.01011663768440485
0.9286587834358215, 1.929866909980774, -0.010819640941917896
0.986102819442749, 1.7937719821929932, -0.022958355024456978
0.9538584351539612, 1.9345176219940186, -0.02337956801056862
1.1145163774490356, 1.926941156387329, -0.009829477407038212
0.965514063835144, 1.7497073411941528, -0.023603929206728935
0.9043754935264587, 1.8814327716827393, -0.02096746303141117
0.9482687711715698, 1.7691103219985962, -0.011419625952839851
0.9936013221740723, 1.8105792999267578, -0.021846406161785126
1.0604060888290405, 2.033031940460205, -0.02006128802895546
1.0470936298370361, 2.0086417198181152, -0.020908862352371216
1.0155518054962158, 1.8083035945892334, -0.021711314097046852
1.0563576221466064, 1.8291840553283691, -0.021647978574037552
1.1099432706832886, 2.028240203857422, -0.0102201197296381
0.9329982995986938, 1.9070820808410645, -0.01042303629219532
1.0723639726638794, 2.068201780319214, -0.008849172852933407
0.9733089208602905, 1.869370460510254, -0.021705135703086853
0.9923700094223022, 2.0276877880096436, -0.01066067349165678
0.9393696188926697, 1.8042161464691162, -0.02113831602036953
0.9278284907341003, 1.7927093505859375, -0.021013502031564713
1.1103705167770386, 1.949070692062378, -0.027433643117547035
1.0123382806777954, 1.7918736934661865, -0.022279763594269753
1.029541254043579, 1.9217554330825806, -0.0205063559114933
1.0654571056365967, 2.109287977218628, -0.013476166874170303
0.884799063205719, 1.8396729230880737, -0.023117046803236008
1.050818920135498, 2.0870494842529297, -0.008952068164944649
1.0493621826171875, 2.070621967315674, -0.010803698562085629
1.013039469718933, 2.0683846473693848, -0.010796034708619118
0.9709390997886658, 1.919434666633606, -0.021144922822713852
0.9726998805999756, 1.9903286695480347, -0.012929247692227364
1.0934066772460938, 1.9408257007598877, -0.02152511663734913
0.9127457737922668, 1.911047339439392, -0.01380147971212864
1.0643013715744019, 1.9408341646194458, -0.021725893020629883
1.0138863325119019, 2.008859634399414, -0.011813695542514324
0.9138447046279907, 1.812541127204895, -0.0212277639657259
1.1322953701019287, 1.9870336055755615, -0.02612360194325447
1.0338184833526611, 1.9843159914016724, -0.021478865295648575
0.9722939729690552, 1.9826741218566895, -0.022774742916226387
1.072222352027893, 1.9095122814178467, -0.010270961560308933
0.88853520154953, 1.7879266738891602, -0.012270268984138966
0.9276425242424011, 1.8082600831985474, -0.011168699711561203
1.1500190496444702, 2.0305473804473877, -0.012369304895401001
1.1195045709609985, 1.9871180057525635, -0.020164676010608673
1.0952428579330444, 2.0531630516052246, -0.0205930657684803
1.0106725692749023, 1.8509547710418701, -0.02111475169658661
0.9677060842514038, 1.8204259872436523, -0.020566947758197784
1.1093800067901611, 1.9117928743362427, -0.011843577958643436
0.9571491479873657, 1.8475090265274048, -0.02082030102610588
0.9868649244308472, 1.7273610830307007, -0.026178544387221336
1.0489002466201782, 2.1135451793670654, -0.010734879411756992
0.951974093914032, 1.9497240781784058, -0.0076218778267502785
0.8789054751396179, 1.8379992246627808, -0.020508134737610817
1.0628273487091064, 1.8545901775360107, -0.02165607549250126
1.0216243267059326, 1.9696927070617676, -0.021062929183244705
1.076866626739502, 1.974265217781067, -0.020615186542272568
1.012747049331665, 1.9527435302734375, -0.020185096189379692
0.9311084747314453, 1.904673457145691, -0.021582435816526413
0.9781172275543213, 1.7937077283859253, -0.02070135623216629
1.0877076387405396, 2.106377601623535, -0.020373357459902763
1.069457769393921, 2.049938678741455, -0.010469122789800167
1.0168906450271606, 1.9072678089141846, -0.02037208341062069
0.9131348729133606, 1.931234359741211, -0.012453066185116768
0.8924210071563721, 1.888066053390503, -0.012435263954102993
0.9125675559043884, 1.8102378845214844, -0.011016818694770336
1.103981614112854, 2.070986270904541, -0.02039424329996109
1.022892713546753, 2.0356879234313965, -0.021513598039746284
1.0375006198883057, 1.8558146953582764, -0.023525485768914223
0.9410211443901062, 1.8247175216674805, -0.024057118222117424
1.0797333717346191, 1.9264700412750244, -0.02019202895462513
0.8925722241401672, 1.8095155954360962, -0.0124285276979208
0.8673580288887024, 1.8027958869934082, -0.025686319917440414
0.8701730966567993, 1.811759352684021, -0.013034908100962639
1.004801630973816, 2.0265231132507324, -0.022004418075084686
0.8495603203773499, 1.846218228340149, -0.022827783599495888
1.1500823497772217, 2.050192356109619, -0.012361668981611729
1.1697659492492676, 2.030700922012329, -0.012060939334332943
0.9673610925674438, 2.0509796142578125, -0.015203909017145634
0.9806361794471741, 2.0015668869018555, -0.024538500234484673
0.9941676259040833, 2.0468859672546387, -0.01335928775370121
0.8724695444107056, 1.884552240371704, -0.02441735379397869
1.044603943824768, 1.8723753690719604, -0.022837888449430466
0.9189196228981018, 1.9307090044021606, -0.02126632072031498
0.8660085201263428, 1.8906391859054565, -0.013998954556882381
0.8738170862197876, 1.9081835746765137, -0.014587816782295704
0.935600757598877, 1.7280168533325195, -0.00688716396689415
1.0143578052520752, 2.085631847381592, -0.012340344488620758
1.0286093950271606, 2.0919971466064453, -0.014194165356457233
1.1111791133880615, 2.069154977798462, -0.011333229020237923
1.098503589630127, 1.9252104759216309, -0.03553515300154686
0.9611619114875793, 1.9272016286849976, -0.02193293161690235
1.105474591255188, 1.930304765701294, -0.02491910569369793
1.12673819065094, 1.9696731567382812, -0.027580849826335907
1.0730140209197998, 2.1197433471679688, -0.02234167605638504
0.8774402141571045, 1.8626176118850708, -0.010534562170505524
0.9154447913169861, 1.947946548461914, -0.01491622719913721
0.9183818697929382, 1.8358793258666992, 0.0031185199040919542
0.8516029119491577, 1.850815773010254, -0.014771943911910057
0.8942527770996094, 1.8715399503707886, -0.023610837757587433
0.9448673129081726, 2.016294479370117, -0.02094603143632412
1.0825704336166382, 1.996224284172058, -0.023643866181373596
0.9968763589859009, 2.060521364212036, -0.014192831702530384
1.0198861360549927, 2.107482671737671, -0.010336651466786861
1.0397980213165283, 1.833240032196045, -0.03816858306527138
1.0279598236083984, 2.072314500808716, -0.011166650801897049
0.886036217212677, 1.9444479942321777, -0.01854279637336731
0.8768332004547119, 1.9084765911102295, -0.02257881686091423
0.9196152687072754, 1.874230146408081, -0.022744789719581604
