0.4076598286628723, 0.8326514959335327, -0.10963432490825653
0.39451175928115845, 0.8251340389251709, -0.14942865073680878
0.4158550500869751, 0.865529477596283, -0.09204503893852234
0.39755263924598694, 0.8445510864257812, -0.11039316654205322
0.41008514165878296, 0.8097423315048218, -0.1515493541955948
0.4114263355731964, 0.8494455218315125, -0.09232763200998306
0.4120888411998749, 0.8479591012001038, -0.11263101547956467
0.3939485549926758, 0.826414167881012, -0.09247902035713196
0.41532132029533386, 0.8660215735435486, -0.12560056149959564
0.3864123225212097, 0.8111556768417358, -0.10987014323472977
0.3882679343223572, 0.7938578724861145, -0.13361528515815735
0.3746890425682068, 0.8067355155944824, -0.09149761497974396
0.372881144285202, 0.8051496148109436, -0.10969565063714981
0.374447762966156, 0.8061649203300476, -0.12719270586967468
0.36728593707084656, 0.7930014133453369, -0.11078909784555435
0.3720799684524536, 0.7868006825447083, -0.16338631510734558
0.4376295804977417, 0.889178991317749, -0.07352389395236969
0.4132319688796997, 0.8509277701377869, -0.048899516463279724
0.4358823895454407, 0.8861179351806641, -0.09094393253326416
0.4500088095664978, 0.889377236366272, -0.11415471136569977
0.4512917995452881, 0.9031596183776855, -0.09271153807640076
0.46906065940856934, 0.9105786085128784, -0.11462278664112091
0.35379162430763245, 0.7864956855773926, -0.11174587905406952
0.35229411721229553, 0.7869601845741272, -0.090370774269104
0.3483803868293762, 0.7708414196968079, -0.12869831919670105
0.34816470742225647, 0.7723938226699829, -0.11360033601522446
0.33404672145843506, 0.7656593918800354, -0.12635235488414764
0.3533373177051544, 0.7858918309211731, -0.06898552179336548
0.3544972240924835, 0.7871716618537903, -0.05017683655023575
0.3333972692489624, 0.7664758563041687, -0.091042660176754
0.48924389481544495, 0.92938631772995, -0.12809325754642487
0.46972209215164185, 0.9252757430076599, -0.09283934533596039
0.4876386225223541, 0.9306244850158691, -0.11397132277488708
0.4727601110935211, 0.9322782158851624, -0.07314275205135345
0.4125368297100067, 0.8507022857666016, -0.028348922729492188
0.4936438798904419, 0.9450418949127197, -0.09023381024599075
0.3286418914794922, 0.750669538974762, -0.12835122644901276
0.3274771571159363, 0.7525131106376648, -0.11404982954263687
0.3137739896774292, 0.7480308413505554, -0.09118451923131943
0.30814453959465027, 0.7313886880874634, -0.11422330886125565
0.31065452098846436, 0.7295149564743042, -0.1294415444135666
0.2992088198661804, 0.7421844601631165, -0.11435151100158691
0.3326738774776459, 0.766129732131958, -0.026216989383101463
0.34682682156562805, 0.7729193568229675, -0.00852258037775755
0.5125232934951782, 0.964094340801239, -0.11099663376808167
0.5078786611557007, 0.9492708444595337, -0.12985309958457947
0.294314444065094, 0.7249369025230408, -0.09390293061733246
0.2962219715118408, 0.7259229421615601, -0.0705515593290329
0.2893694043159485, 0.7087746858596802, -0.0893385261297226
0.2733706831932068, 0.6864292025566101, -0.04993052780628204
0.3087468445301056, 0.7320165038108826, -0.06923827528953552
0.4776473939418793, 0.9272415041923523, -0.05157998204231262
0.3154461085796356, 0.746579647064209, -0.07116388529539108
0.5293667912483215, 0.969253659248352, -0.13038894534111023
0.27716273069381714, 0.7029083967208862, -0.06875590980052948
0.31745147705078125, 0.7610510587692261, -0.12427858263254166
0.3473625183105469, 0.7697864770889282, -0.04947756603360176
0.392835408449173, 0.825380802154541, -0.0685117244720459
0.4161679744720459, 0.8660973906517029, -0.11349252611398697
0.31603142619132996, 0.7445745468139648, -0.04913730174303055
0.2727481722831726, 0.6863632798194885, -0.08849242329597473
0.29086121916770935, 0.708124577999115, -0.04964630678296089
0.4680105149745941, 0.9088605642318726, -0.026080306619405746
0.4894808828830719, 0.9313213229179382, -0.026739388704299927
0.3489929735660553, 0.7711365222930908, -0.029252471402287483
0.2968072295188904, 0.7242680788040161, -0.04635562002658844
0.44584617018699646, 0.8964324593544006, -0.045332349836826324
0.2944471836090088, 0.7248402833938599, -0.11385850608348846
0.42911630868911743, 0.8697671294212341, -0.07182181626558304
0.2966609299182892, 0.7250558137893677, -0.12722203135490417
0.29119670391082764, 0.7104241847991943, -0.11201854795217514
0.50795978307724, 0.9492051005363464, -0.07066281139850616
0.49353986978530884, 0.9448453783988953, -0.06969432532787323
0.4362597167491913, 0.8848260045051575, -0.05289866402745247
0.37469905614852905, 0.8066705465316772, -0.07073088735342026
0.33358436822891235, 0.7647724151611328, -0.050803594291210175
0.35688185691833496, 0.8033666610717773, -0.11132420599460602
0.4104306399822235, 0.8480750322341919, -0.07041721045970917
0.33340439200401306, 0.7667811512947083, -0.07068902254104614
0.2900364100933075, 0.7091953158378601, -0.07082366198301315
0.44873103499412537, 0.9070161581039429, -0.0756421834230423
0.5126645565032959, 0.9648025035858154, -0.06979350745677948
0.27715644240379333, 0.7024205327033997, -0.12654154002666473
0.25298255681991577, 0.6753394603729248, -0.049647461622953415
0.4157402217388153, 0.8623003959655762, -0.0773022323846817
0.41095995903015137, 0.8626071810722351, -0.057432424277067184
0.36651626229286194, 0.7934190034866333, -0.008795211091637611
0.4741279184818268, 0.9443588852882385, -0.12412689626216888
0.29153379797935486, 0.7076204419136047, -0.02851725183427334
0.3571375906467438, 0.7839556932449341, -0.1494293510913849
0.3146713674068451, 0.7452086806297302, -0.12571951746940613
0.27852970361709595, 0.7057139277458191, -0.04984796419739723
0.41439923644065857, 0.8477309942245483, -0.12887346744537354
