0.8911543488502502, 1.7713929414749146, -0.09068583697080612
0.8519830107688904, 1.7944601774215698, -0.0908869281411171
0.8905229568481445, 1.7712327241897583, -0.10971951484680176
0.9126555323600769, 1.7524056434631348, -0.04854322969913483
0.9079389572143555, 1.764880657196045, -0.13227291405200958
0.9287071824073792, 1.747186541557312, -0.10826802253723145
0.90838623046875, 1.764077067375183, -0.05235090106725693
0.8512188196182251, 1.7933180332183838, -0.11002737283706665
0.8830159902572632, 1.7864139080047607, -0.06855770945549011
0.9112115502357483, 1.7540688514709473, -0.11199533939361572
0.9097644090652466, 1.7653217315673828, -0.08804327994585037
0.9301962852478027, 1.7485930919647217, -0.06964713335037231
0.8845969438552856, 1.7853971719741821, -0.08477361500263214
0.9108684659004211, 1.764919638633728, -0.06899010390043259
0.9114254117012024, 1.753669261932373, -0.0896567702293396
0.928774893283844, 1.7494362592697144, -0.0902327448129654
0.8920777440071106, 1.7703708410263062, -0.050784721970558167
0.8911272287368774, 1.771588921546936, -0.13053937256336212
0.8728577494621277, 1.77721107006073, -0.0710325539112091
0.9486376047134399, 1.7425929307937622, -0.11037836968898773
0.9297734498977661, 1.747887372970581, -0.12819574773311615
0.9283335208892822, 1.7481036186218262, -0.1500624567270279
0.9447176456451416, 1.7422577142715454, -0.129097118973732
0.9500641822814941, 1.7328242063522339, -0.03040212392807007
0.9505816698074341, 1.730994462966919, -0.0711735412478447
0.9115756750106812, 1.7529782056808472, -0.028717465698719025
0.9497109055519104, 1.7309434413909912, -0.05014179274439812
0.9135499000549316, 1.7516067028045654, -0.013005995191633701
0.9291568994522095, 1.7475214004516602, -0.04805755615234375
0.9303759336471558, 1.7476810216903687, -0.0280420184135437
0.9497327208518982, 1.7300952672958374, -0.08994501084089279
0.9513811469078064, 1.727914571762085, -0.15134477615356445
0.9641011953353882, 1.7271064519882202, -0.1298922747373581
0.9487301707267761, 1.731693983078003, -0.10951440781354904
0.8846184611320496, 1.7868067026138306, -0.025045042857527733
0.9102884531021118, 1.7545009851455688, -0.06836481392383575
0.9723685383796692, 1.7114636898040771, -0.06919729709625244
0.9291264414787292, 1.7618757486343384, -0.14957749843597412
0.9083636403083801, 1.767860770225525, -0.10893486440181732
0.8707724809646606, 1.7864629030227661, -0.07069314271211624
0.8749852180480957, 1.7752169370651245, -0.03295917063951492
0.8762302398681641, 1.7791190147399902, -0.015531009063124657
0.892150342464447, 1.7694319486618042, -0.03036036714911461
0.9674389958381653, 1.724792242050171, -0.0504118949174881
0.8724132776260376, 1.7753328084945679, -0.0498061329126358
0.9107598662376404, 1.749600887298584, -0.1282203197479248
0.9513005018234253, 1.7306292057037354, -0.13073191046714783
0.8464726209640503, 1.8061459064483643, -0.047313135117292404
0.9716313481330872, 1.7149664163589478, -0.11178522557020187
0.9732575416564941, 1.7146283388137817, -0.08936531841754913
0.8695328831672668, 1.7901201248168945, -0.013230904936790466
0.869160532951355, 1.7871301174163818, -0.08987467736005783
0.9457757472991943, 1.7428936958312988, -0.08935536444187164
0.8517881035804749, 1.7917107343673706, -0.050046563148498535
0.8488861918449402, 1.8078069686889648, -0.06906429678201675
0.9748732447624207, 1.711236596107483, -0.052328575402498245
0.851818323135376, 1.7939599752426147, -0.029593735933303833
0.9004044532775879, 1.7859936952590942, -0.08335563540458679
0.8310084342956543, 1.8101729154586792, -0.11109860241413116
0.8714779615402222, 1.7870373725891113, -0.10968374460935593
0.8605763912200928, 1.8024805784225464, -0.06500373035669327
0.942182183265686, 1.741281270980835, -0.16410420835018158
0.848240315914154, 1.8030097484588623, -0.13404197990894318
0.9289819598197937, 1.7487884759902954, -0.16473475098609924
0.9328691959381104, 1.73540198802948, -0.09039511531591415
0.8535407185554504, 1.7914292812347412, -0.0694197565317154
0.9353039264678955, 1.7328277826309204, -0.04872981086373329
0.847160279750824, 1.807501196861267, -0.03002101741731167
0.9159863591194153, 1.7375088930130005, -0.05239078402519226
0.8604749441146851, 1.8080394268035889, -0.1282532513141632
0.8886615037918091, 1.784133791923523, -0.10845079272985458
0.8837100863456726, 1.7876195907592773, -0.04914161562919617
0.9082424640655518, 1.765402913093567, -0.15169283747673035
0.8869045972824097, 1.7837629318237305, -0.1276596635580063
0.9348467588424683, 1.7375408411026, -0.07322316616773605
0.9108150601387024, 1.7658392190933228, -0.16601458191871643
0.8896166086196899, 1.7567651271820068, -0.04703538864850998
0.9735996127128601, 1.7161049842834473, -0.13034632802009583
0.8932336568832397, 1.7557079792022705, -0.09608405083417892
0.8308925628662109, 1.8106569051742554, -0.1299913078546524
0.8920340538024902, 1.7557448148727417, -0.10878737270832062
0.8977048993110657, 1.7536200284957886, -0.026060372591018677
0.8338672518730164, 1.8092104196548462, -0.01099808607250452
0.9298390746116638, 1.7384145259857178, -0.11040117591619492
0.8934637308120728, 1.756016731262207, -0.06479708850383759
0.8761478066444397, 1.7741857767105103, -0.11178750544786453
0.8875917196273804, 1.7827774286270142, -0.1479804962873459
0.9205648303031921, 1.7604159116744995, -0.07440689206123352
0.9479613304138184, 1.7262369394302368, -0.16597263514995575
0.8054131269454956, 1.8209000825881958, -0.08268563449382782
0.9661662578582764, 1.7265690565109253, -0.09223103523254395
0.8808258771896362, 1.7860532999038696, -0.16821223497390747
0.812354564666748, 1.830127239227295, -0.04639481008052826
0.808333158493042, 1.8244210481643677, -0.06041937321424484
0.8393933773040771, 1.7995238304138184, -0.09309040009975433
0.8712167143821716, 1.7868543863296509, -0.13060185313224792
0.8989328145980835, 1.7575832605361938, -0.011464934796094894
