0.6463303565979004, 0.5843685865402222, -0.13072863221168518
0.6868465542793274, 0.564843475818634, -0.14881643652915955
0.6221698522567749, 0.6053222417831421, -0.09088269621133804
0.70334392786026, 0.562684178352356, -0.13356338441371918
0.6547833681106567, 0.5772602558135986, -0.09058971703052521
0.6879763007164001, 0.5642825961112976, -0.08954465389251709
0.6166911125183105, 0.5964375734329224, -0.07215176522731781
0.6168148517608643, 0.596979558467865, -0.04977656900882721
0.6470652222633362, 0.5843026041984558, -0.0889757052063942
0.6122514605522156, 0.605556070804596, -0.06892270594835281
0.6605892181396484, 0.5818719267845154, -0.09027297794818878
0.6486953496932983, 0.5835626721382141, -0.11014148592948914
0.6112069487571716, 0.6075846552848816, -0.08919690549373627
0.687418520450592, 0.5649462342262268, -0.10975627601146698
0.6889290809631348, 0.5669001340866089, -0.1631595939397812
0.64574134349823, 0.5838990211486816, -0.1488994061946869
0.6686736941337585, 0.571089506149292, -0.11008652299642563
0.6876761317253113, 0.5649535059928894, -0.12780673801898956
0.6544803977012634, 0.5769118666648865, -0.1085587590932846
0.6699485778808594, 0.5713496208190918, -0.07025850564241409
0.6540317535400391, 0.5762016177177429, -0.13013149797916412
0.6304524540901184, 0.5906991958618164, -0.08949604630470276
0.6704995632171631, 0.5699095726013184, -0.12975750863552094
0.6304383277893066, 0.5906034708023071, -0.070103220641613
0.6106059551239014, 0.6063480377197266, -0.11111107468605042
0.6467094421386719, 0.5844529867172241, -0.04983731731772423
0.6293317079544067, 0.591995358467102, -0.04956049099564552
0.6629598140716553, 0.5803165435791016, -0.14979270100593567
0.7280653119087219, 0.5439677834510803, -0.09102681279182434
0.7897996306419373, 0.5275938510894775, -0.09072619676589966
0.7330900430679321, 0.5370785593986511, -0.08891607820987701
0.7278878092765808, 0.5460990071296692, -0.10902799665927887
0.7499343156814575, 0.5323004722595215, -0.11084836721420288
0.7278258800506592, 0.5442011952400208, -0.07037866115570068
0.7306630611419678, 0.5500761270523071, -0.006933483760803938
0.7509055137634277, 0.5318620800971985, -0.0693814679980278
0.7677299976348877, 0.527521550655365, -0.049293987452983856
0.7514423727989197, 0.5334125757217407, -0.007451268844306469
0.7684858441352844, 0.5319482684135437, -0.00954995397478342
0.7299869656562805, 0.5508057475090027, 0.0044515314511954784
0.6223664283752441, 0.6017060279846191, -0.032442495226860046
0.6172704696655273, 0.5968366265296936, -0.028742341324687004
0.644213080406189, 0.5878669023513794, -0.16454164683818817
0.6149705648422241, 0.5941295027732849, -0.13273607194423676
0.7401317358016968, 0.5404618978500366, -0.09880995005369186
0.6205081939697266, 0.6015932559967041, -0.10699232667684555
0.7027488350868225, 0.5628544688224792, -0.06547432392835617
0.7458206415176392, 0.5418387055397034, -0.02744179591536522
0.7025759220123291, 0.5606515407562256, -0.1478928029537201
0.6110876798629761, 0.6071293950080872, -0.029129886999726295
0.74275803565979, 0.5415743589401245, -0.0705965906381607
0.6229379177093506, 0.6066173911094666, -0.13051985204219818
0.7692257761955261, 0.5496866703033447, -0.006860100664198399
0.6102653741836548, 0.6302062273025513, -0.053143247961997986
0.6464834213256836, 0.5843213796615601, -0.07046660035848618
0.6563706994056702, 0.5777478814125061, -0.06888014823198318
0.7003849148750305, 0.5609663724899292, -0.10475940257310867
0.6652331948280334, 0.5822926759719849, -0.0659971833229065
0.765408456325531, 0.5384268760681152, 9.301419486291707E-4
0.6217312812805176, 0.6093982458114624, -0.046117134392261505
0.7497249841690063, 0.5362085700035095, 0.0032598909456282854
0.6159866452217102, 0.5965193510055542, -0.09226447343826294
0.6497738361358643, 0.5707046985626221, -0.14944496750831604
0.5967154502868652, 0.614173173904419, -0.05106077343225479
0.5973662734031677, 0.6151924133300781, -0.010524272918701172
0.6292552947998047, 0.5917767882347107, -0.10947917401790619
