0.22573891282081604, 0.9325777888298035, -0.048411548137664795
0.24338161945343018, 0.9779133796691895, -0.07384765148162842
0.2467329204082489, 0.9526828527450562, -0.04621805623173714
0.24039587378501892, 0.9762376546859741, -0.0974564328789711
0.20222461223602295, 0.9154450297355652, -0.06434278190135956
0.22004707157611847, 0.9389325380325317, -0.07785510271787643
0.20779049396514893, 0.9524409770965576, -0.08996963500976562
0.1863986849784851, 0.9105270504951477, -0.06846089661121368
0.1924949735403061, 0.9091578722000122, -0.050650566816329956
0.26344093680381775, 0.9939126372337341, -0.06465932726860046
0.24853812158107758, 0.9955442547798157, -0.11183547973632812
0.2418636679649353, 0.9775546789169312, -0.10161097347736359
0.18214336037635803, 0.8975568413734436, -0.0686681941151619
0.1722950041294098, 0.8887728452682495, -0.051209915429353714
0.16500914096832275, 0.9133997559547424, -0.10716327279806137
0.18007686734199524, 0.9180201292037964, -0.10249843448400497
0.16316355764865875, 0.8927327990531921, -0.08983884751796722
0.22862564027309418, 0.9782934188842773, -0.13018763065338135
0.2646586298942566, 1.0079373121261597, -0.10929493606090546
0.16554783284664154, 0.8968344330787659, -0.10724949836730957
0.2813904285430908, 1.0325148105621338, -0.09042007476091385
0.282699853181839, 1.016143798828125, -0.09161394834518433
0.2866312563419342, 1.0358082056045532, -0.10631401091814041
0.15404631197452545, 0.8980159759521484, -0.10983705520629883
0.12999513745307922, 0.8487913012504578, -0.0696035623550415
0.30552250146865845, 1.0490974187850952, -0.09103801846504211
0.3283773362636566, 1.0533881187438965, -0.0662931576371193
0.32288116216659546, 1.0930986404418945, -0.11423474550247192
0.34939345717430115, 1.0756856203079224, -0.05023767426609993
0.34750792384147644, 1.0922596454620361, -0.10227838903665543
0.323269248008728, 1.0939626693725586, -0.1290561556816101
0.28854379057884216, 1.0111795663833618, -0.046761419624090195
0.1483752280473709, 0.9093958735466003, -0.13438411056995392
0.36890366673469543, 1.0933947563171387, -0.04811820387840271
0.18204468488693237, 0.9128237366676331, -0.0820082351565361
0.22059513628482819, 0.958604633808136, -0.08326681703329086
0.18711383640766144, 0.9450170993804932, -0.11285590380430222
0.19536244869232178, 0.9672918319702148, -0.13425090909004211
0.22655098140239716, 0.9872638583183289, -0.11045976728200912
0.26912426948547363, 1.0304306745529175, -0.11113850772380829
0.2081831693649292, 0.9525465369224548, -0.11242703348398209
0.2106829285621643, 0.9333199262619019, -0.0696745365858078
0.22736595571041107, 0.9514728784561157, -0.04930964112281799
0.29232046008110046, 1.070415735244751, -0.13126568496227264
0.27276238799095154, 1.050016164779663, -0.13027095794677734
0.1648479849100113, 0.9135646820068359, -0.12801499664783478
0.3649667501449585, 1.0967302322387695, -0.06982234120368958
0.18860219419002533, 0.8914543986320496, -0.04369305819272995
0.28343358635902405, 1.056435465812683, -0.1492883414030075
0.3454481363296509, 1.0760632753372192, -0.0663352906703949
0.270241916179657, 0.9925858378410339, -0.04965724050998688
0.1729004830121994, 0.9222651720046997, -0.1050209105014801
0.20761272311210632, 0.970218300819397, -0.1295406073331833
0.14513249695301056, 0.8959166407585144, -0.13189595937728882
0.17238712310791016, 0.9063842296600342, -0.07163287699222565
0.17555253207683563, 0.8848432302474976, -0.030344553291797638
0.19073911011219025, 0.9276095032691956, -0.07194023579359055
0.36543595790863037, 1.1341722011566162, -0.10535544902086258
0.15448710322380066, 0.9105770587921143, -0.11334782093763351
0.33224397897720337, 1.1135215759277344, -0.1280270665884018
0.1306539922952652, 0.8251122832298279, -0.027261584997177124
0.2635953426361084, 0.972821831703186, -0.04765968769788742
0.11338400840759277, 0.8642715215682983, -0.11323938518762589
0.2628183364868164, 1.0181583166122437, -0.08548954129219055
0.2540625035762787, 1.0253280401229858, -0.11864044517278671
0.22515586018562317, 0.9695847034454346, -0.10940539091825485
0.2115224301815033, 0.9251886010169983, -0.03058907389640808
0.1637852042913437, 0.8931751847267151, -0.06751968711614609
0.31263262033462524, 1.0680314302444458, -0.07215242087841034
0.24709510803222656, 1.0134265422821045, -0.1328577995300293
0.2841714024543762, 1.0533841848373413, -0.10710261762142181
0.15315677225589752, 0.925510823726654, -0.13583460450172424
0.13045455515384674, 0.8926314115524292, -0.13483712077140808
0.33102571964263916, 1.107585072517395, -0.10930189490318298
0.16950498521327972, 0.927528977394104, -0.13245107233524323
0.3289382755756378, 1.0535495281219482, -0.05053182318806648
0.32184723019599915, 1.0386576652526855, -0.047484248876571655
0.1747991293668747, 0.9474555253982544, -0.12988623976707458
0.20837469398975372, 0.9750716686248779, -0.11452296376228333
0.34711629152297974, 1.1162798404693604, -0.09112250804901123
0.3627743721008301, 1.1146061420440674, -0.06614648550748825
0.23544326424598694, 0.9679892063140869, -0.05289012938737869
0.34947669506073, 1.1103312969207764, -0.07334298640489578
0.18978251516819, 0.9472969174385071, -0.13144047558307648
0.32286787033081055, 1.0923763513565063, -0.09357515722513199
0.19672395288944244, 0.9613511562347412, -0.11752785742282867
0.27333053946495056, 1.011451005935669, -0.0556921623647213
0.12875404953956604, 0.8510974049568176, -0.08734156936407089
0.2074921727180481, 0.9137401580810547, -0.047658201307058334
0.12323715537786484, 0.8518809080123901, -0.1068696528673172
0.30563679337501526, 1.0552515983581543, -0.067302405834198
0.33071261644363403, 1.1009423732757568, -0.09031148254871368
0.2452789843082428, 1.0082733631134033, -0.09652368724346161
0.17052628099918365, 0.8711177110671997, -0.04352160915732384
0.20182272791862488, 0.8979187607765198, -0.04311540722846985
0.34948277473449707, 1.1308104991912842, -0.12794578075408936
0.11545875668525696, 0.8646198511123657, -0.09708660840988159
0.12557873129844666, 0.8662431240081787, -0.10657519102096558
0.22066554427146912, 0.9807787537574768, -0.09897001832723618
0.17762547731399536, 0.9335269331932068, -0.09658794105052948
0.2361140251159668, 0.9432534575462341, -0.018257752060890198
0.2573776841163635, 1.0296440124511719, -0.12866337597370148
