0.8510006666183472, 1.1262246370315552, -0.06928399950265884
0.8701133728027344, 1.1149178743362427, -0.05044093728065491
0.8898624777793884, 1.111961007118225, -0.06871794164180756
0.8115851879119873, 1.1357284784317017, -0.069310262799263
0.8692702651023865, 1.1152383089065552, -0.07113729417324066
0.8494643568992615, 1.1272344589233398, -0.08850182592868805
0.890343964099884, 1.1120352745056152, -0.05053255334496498
0.8307238817214966, 1.1312508583068848, -0.07042471319437027
0.8302676677703857, 1.131642460823059, -0.08944264054298401
0.8674856424331665, 1.1245052814483643, -0.02751060202717781
0.8055953979492188, 1.144244909286499, -0.09107723087072372
0.8301149606704712, 1.1316250562667847, -0.04870851710438728
0.8102913498878479, 1.1357167959213257, -0.0910002663731575
0.8894690275192261, 1.1125292778015137, -0.09040037542581558
0.8499149084091187, 1.1270884275436401, -0.11026614904403687
0.8698621988296509, 1.1255712509155273, -0.04885263741016388
0.8729019165039062, 1.1152615547180176, -0.09310632944107056
0.8305133581161499, 1.131818413734436, -0.1111803650856018
0.9095622301101685, 1.107017159461975, -0.050870057195425034
0.9100101590156555, 1.107228398323059, -0.06952547281980515
0.9085155725479126, 1.106934905052185, -0.02992684580385685
0.8903390169143677, 1.111203670501709, -0.03028119169175625
0.9076747298240662, 1.1070247888565063, -0.10980924963951111
0.8899644017219543, 1.1111788749694824, -0.10939832031726837
0.7894077301025391, 1.1470606327056885, -0.029307736083865166
0.7890491485595703, 1.1465085744857788, -0.08926823735237122
0.8077998161315918, 1.1435669660568237, -0.11000500619411469
0.8910014033317566, 1.1125184297561646, -0.13121066987514496
0.8724916577339172, 1.1152031421661377, -0.1313941925764084
0.9089657068252563, 1.1077474355697632, -0.1303357183933258
0.8483886122703552, 1.124678134918213, -0.1484537422657013
0.8133440613746643, 1.1353518962860107, -0.13090655207633972
0.8301951289176941, 1.1323813199996948, -0.029966844245791435
0.9094273447990417, 1.1078569889068604, -0.09131626039743423
0.8107497692108154, 1.135134220123291, -0.11015243828296661
0.8721620440483093, 1.1165214776992798, -0.030276786535978317
0.8109573721885681, 1.1354485750198364, -0.048395443707704544
0.8693272471427917, 1.124424934387207, -0.09174773097038269
0.7891070246696472, 1.1471256017684937, -0.05039418116211891
0.8496785759925842, 1.126692771911621, -0.02893163450062275
0.8684686422348022, 1.1233789920806885, -0.067959263920784
0.8670281171798706, 1.1234742403030396, -0.10737928748130798
0.8498721718788147, 1.1264657974243164, -0.04979882016777992
0.8501881957054138, 1.1266658306121826, -0.12958844006061554
0.8673288822174072, 1.123952865600586, -0.1301886886358261
0.8705848455429077, 1.115606427192688, -0.011279157362878323
0.8057830333709717, 1.1437046527862549, -0.1304951310157776
0.9257128238677979, 1.1065813302993774, -0.050342001020908356
0.8082039952278137, 1.1429520845413208, -0.06978283822536469
0.7920346260070801, 1.1362985372543335, -0.11225800216197968
0.7946105003356934, 1.1378724575042725, -0.04747432470321655
0.9105565547943115, 1.110726237297058, -0.010407155379652977
0.8077980875968933, 1.1436551809310913, -0.02909419685602188
0.8306494951248169, 1.1328374147415161, -0.0120471753180027
0.790051281452179, 1.1511220932006836, -0.01002245768904686
0.8240163326263428, 1.1431708335876465, -0.06840042024850845
0.8079061508178711, 1.1432443857192993, -0.05056096985936165
0.8869360685348511, 1.1230006217956543, -0.029442917555570602
0.7874436974525452, 1.1468958854675293, -0.16427001357078552
0.770114004611969, 1.151552438735962, -0.07040860503911972
0.7713635563850403, 1.151918649673462, -0.0915519967675209
0.8885890245437622, 1.1223132610321045, -0.06930983066558838
0.8076459765434265, 1.1439263820648193, -0.1484001725912094
0.8244695663452148, 1.1421935558319092, -0.04786819592118263
0.8863257765769958, 1.1232178211212158, -0.11671090126037598
0.8457090258598328, 1.1274701356887817, -0.16419707238674164
0.7705118656158447, 1.1525343656539917, -0.031272705644369125
0.8324132561683655, 1.1400551795959473, -0.16281108558177948
0.8272107839584351, 1.1426985263824463, -0.130482017993927
0.8104614615440369, 1.1357377767562866, -0.029965126886963844
0.7700028419494629, 1.150637149810791, -0.10883601009845734
0.7663102746009827, 1.163320779800415, -0.02848658338189125
0.8911112546920776, 1.1205940246582031, -0.12562231719493866
0.7550605535507202, 1.1553720235824585, -0.08703245222568512
0.8226295113563538, 1.1428089141845703, -0.08964774757623672
0.8898106217384338, 1.1217727661132812, -0.08573058247566223
0.8911449313163757, 1.1137934923171997, -0.010946265421807766
0.8669752478599548, 1.1243047714233398, -0.15179848670959473
0.7507645487785339, 1.1642259359359741, -0.048206645995378494
0.8899953365325928, 1.1225444078445435, -0.05662580952048302
0.7520865797996521, 1.1638944149017334, -0.028368618339300156
0.8434184193611145, 1.141883134841919, -0.13650213181972504
0.7893461585044861, 1.146782398223877, -0.06897646188735962
0.7571650743484497, 1.1549290418624878, -0.051214054226875305
0.8680903315544128, 1.1236251592636108, -0.165446475148201
0.7882482409477234, 1.146520733833313, -0.13042861223220825
0.8593875765800476, 1.1190533638000488, -0.0688224583864212
0.7384739518165588, 1.1634608507156372, -0.05242012441158295
0.8906400799751282, 1.1101514101028442, -0.15140272676944733
0.7841389179229736, 1.1387358903884888, -0.09733866900205612
0.9250482320785522, 1.1200600862503052, -0.0634499341249466
