regionId: 40348435, origin: 6.6827097, 6.347498, 0.5996239, normal: -0.0010413316, 1.5294812E-4, 0.99999946
regionId: 1120243081, origin: 6.391139, 6.124563, 0.44966167, normal: -0.007610005, 0.003331306, 0.9999655
regionId: 615925732, origin: 6.115454, 6.182584, 0.29999983, normal: -0.005132941, 3.2020922E-4, 0.99998677
regionId: 1841435624, origin: 8.833934, 8.489731, 0.42718402, normal: -0.7147812, -0.6993204, -0.006233261
regionId: 1330767729, origin: 6.3970504, 5.268265, 0.45136333, normal: -0.7084967, -0.70570016, 0.004446242
regionId: 2119544604, origin: 6.117514, 6.113309, 0.30120337, normal: -0.7073326, -0.7068799, 0.0011757967
regionId: 1677373882, origin: 5.895089, 5.0034595, 0.15458271, normal: -0.040240474, 0.040927924, 0.99835145
regionId: 1612900319, origin: 8.832834, 7.938974, 0.4765055, normal: -0.73261714, -0.6689876, 0.12541015
regionId: 806602939, origin: 6.394884, 6.4015656, 0.45086086, normal: -0.70892364, -0.7052353, 0.008394812
regionId: 932274716, origin: 6.4089475, 5.538976, 0.45247483, normal: -0.029135618, 0.033419497, 0.99901664
regionId: 1381641742, origin: 5.145139, 7.0558157, -1.7721959E-5, normal: -2.9078808E-5, 6.273049E-5, 1.0
regionId: 1741315654, origin: 5.81974, 6.6945825, 0.14987993, normal: -4.0619163E-4, -1.0693671E-4, 0.99999994
regionId: 118799374, origin: 5.824064, 5.827557, 0.1506574, normal: -0.012256006, 0.004184471, 0.99991614
regionId: 318600405, origin: 6.3911934, 7.5366087, 0.45780498, normal: -0.70937365, -0.70477134, 0.009293404
regionId: 384323859, origin: 6.396784, 6.6819644, 0.4498926, normal: -2.3441551E-4, 5.019813E-4, 0.9999998
regionId: 1833150684, origin: 6.267553, 7.0943723, 0.3853459, normal: -0.7085982, -0.7055802, 0.006727088
regionId: 1777766401, origin: 5.82029, 6.9760814, 0.1532899, normal: -0.7084745, -0.7057233, 0.0042963787
regionId: 557372125, origin: 6.670709, 7.8421965, 0.5994063, normal: 0.0021906183, -2.0191737E-4, 0.99999756
regionId: 232106949, origin: 5.8291802, 5.8359814, 0.1500781, normal: -0.70674324, -0.7074686, -0.0014748895
regionId: 1166942602, origin: 6.3733935, 7.2579927, 0.4498728, normal: 7.457783E-5, -5.855102E-4, 0.9999998
regionId: 1827922658, origin: 8.605671, 8.868712, 0.3260785, normal: -0.18197809, -0.18273641, 0.9661736
regionId: 767266373, origin: 5.80182, 7.2650576, 0.14985311, normal: 9.4143226E-4, 4.2149946E-4, 0.99999946
regionId: 1916560179, origin: 6.116478, 4.982559, 0.2900711, normal: -0.7073285, -0.7068759, 0.0035801998
regionId: 1867900764, origin: 6.5070796, 7.9860005, 0.5224526, normal: -0.70650995, -0.70761955, 0.010876282
regionId: 790871401, origin: 5.692444, 5.40716, 0.08482368, normal: -0.7062873, -0.70792514, -4.43489E-4
regionId: 163396771, origin: 6.3792553, 7.8177805, 0.44988894, normal: 2.4452745E-5, -1.6684085E-4, 1.0
regionId: 1548820478, origin: 6.400327, 4.969337, 0.44979015, normal: -3.5638598E-4, -1.6910219E-4, 0.99999994
regionId: 341978617, origin: 8.650086, 7.8092513, 0.34780952, normal: -0.18524688, -0.18079174, 0.9659182
regionId: 1138870570, origin: 8.536239, 8.788293, 0.24480034, normal: -0.6837993, -0.691275, -0.23357524
regionId: 463147464, origin: 8.527057, 7.6671343, 0.2389726, normal: -0.68185693, -0.70107603, -0.20871879
regionId: 1110467170, origin: 8.814238, 7.377312, 0.41502848, normal: -0.7074854, -0.70672464, 0.0021688987
regionId: 203089479, origin: 9.109573, 8.2182455, 0.5358603, normal: -0.6810547, -0.690886, -0.2425717
regionId: 551521711, origin: 8.408699, 6.9195724, 0.21455012, normal: -0.18579982, 0.18243924, 0.96550214
regionId: 1690328153, origin: 8.531818, 7.1026425, 0.29591915, normal: -0.65560406, -0.6595374, 0.36768705
regionId: 1747364799, origin: 8.396936, 8.058301, 0.211438, normal: -0.18415645, 0.18563055, 0.96520865
regionId: 1690344794, origin: 6.693399, 5.2627773, 0.5997478, normal: -9.5649326E-4, -5.6950626E-4, 0.9999994
regionId: 578597615, origin: 9.141407, 8.3045845, 0.62057245, normal: -0.18566616, -0.18454435, 0.9651277
regionId: 1510635100, origin: 8.922929, 7.5440345, 0.4936094, normal: -0.18816404, 0.18624769, 0.96431637
regionId: 646195456, origin: 8.5131, 8.250438, 0.29142734, normal: -0.6415075, -0.64593387, 0.41380864
regionId: 1165903085, origin: 8.886918, 8.638643, 0.49364674, normal: -0.18187883, 0.18339522, 0.96606743
regionId: 162622557, origin: 5.802154, 5.2360783, 0.15123071, normal: -0.69914925, 0.71472746, -0.018841904
regionId: 1174073243, origin: 8.534184, 7.1248693, 0.36752635, normal: -0.70585126, -0.6955302, 0.11812937
