8.546762, 8.221402, 0.29005206
8.586858, 8.191818, 0.31781498
8.583143, 8.185635, 0.2917326
8.563777, 8.212705, 0.3119885
8.524342, 8.222912, 0.2731399
8.512615, 8.237534, 0.28083238
8.545233, 8.20344, 0.27689677
8.525977, 8.242424, 0.2846995
8.592884, 8.171804, 0.2819812
8.604288, 8.166422, 0.29692972
8.614467, 8.152754, 0.2873696
8.630637, 8.145414, 0.31066164
8.6217785, 8.149223, 0.29734138
8.509187, 8.266541, 0.30999354
8.5045595, 8.260538, 0.28255242
8.622951, 8.121075, 0.26450366
8.632741, 8.134999, 0.28911427
8.65164, 8.1172085, 0.2917311
8.481304, 8.289972, 0.29835498
8.664703, 8.102354, 0.2860282
8.653311, 8.093906, 0.2527819
8.668029, 8.11002, 0.31481135
8.454108, 8.313545, 0.28849685
8.442774, 8.3012085, 0.26462105
8.463164, 8.308385, 0.29876387
8.458923, 8.318875, 0.31542513
8.458308, 8.292234, 0.2819147
8.453325, 8.294293, 0.27418718
8.44342, 8.327702, 0.29779938
8.431522, 8.315464, 0.2722026
8.437811, 8.338914, 0.31282783
8.423679, 8.347141, 0.29726052
8.430949, 8.333251, 0.28561577
8.409753, 8.3366785, 0.27090445
8.421469, 8.321844, 0.26247036
8.401319, 8.341796, 0.26215446
8.407536, 8.351434, 0.28458986
8.402347, 8.367903, 0.29529214
8.381721, 8.36155, 0.26283795
8.38945, 8.356764, 0.27060765
8.391559, 8.372205, 0.28601995
8.396214, 8.379358, 0.30967999
8.580905, 8.167993, 0.2776076
8.530521, 8.219618, 0.28074467
8.494186, 8.255911, 0.28046894
8.570765, 8.200526, 0.2983157
8.575023, 8.198392, 0.30391237
8.482305, 8.262496, 0.2665754
8.611634, 8.164851, 0.31216446
8.391747, 8.382316, 0.30483332
8.506871, 8.275533, 0.32769263
8.530606, 8.247484, 0.31376582
8.49038, 8.285416, 0.3102583
8.463086, 8.281479, 0.2660174
8.475374, 8.274507, 0.2800513
8.652744, 8.098286, 0.28166044
8.378005, 8.372093, 0.27904713
8.662523, 8.130722, 0.35597178
8.5777025, 8.205823, 0.3305733
8.431807, 8.343406, 0.3087838
8.543662, 8.240133, 0.33127114
8.470237, 8.304828, 0.30806214
8.637431, 8.115204, 0.28292462
8.542871, 8.231939, 0.30760765
8.514597, 8.255286, 0.29452094
8.532862, 8.237146, 0.29494846
8.456755, 8.285129, 0.25893664
8.398641, 8.351142, 0.280005
8.494043, 8.274742, 0.2916752
8.5791855, 8.187622, 0.2865346
