6.5267916, 7.966853, 0.51057
6.5577154, 7.9353046, 0.50780094
6.4966764, 7.9963007, 0.51196176
6.527581, 7.965469, 0.4699339
6.5452123, 7.9486213, 0.4691374
6.5470304, 7.9465313, 0.5485102
6.5370665, 7.956597, 0.55320454
6.506135, 7.986762, 0.49035284
6.527291, 7.9666696, 0.52929413
6.50563, 7.987872, 0.47136185
6.537319, 7.9562583, 0.53438354
6.526437, 7.966591, 0.5499656
6.547461, 7.946502, 0.48765513
6.498238, 7.995065, 0.5337357
6.526928, 7.966396, 0.48953208
6.5166173, 7.977028, 0.5265847
6.557756, 7.9356203, 0.5255768
6.5167875, 7.975998, 0.4657646
6.5377665, 7.956143, 0.49430704
6.5477815, 7.945813, 0.50611
6.506551, 7.986605, 0.5090835
6.5157394, 7.977596, 0.50732356
6.5577793, 7.9357724, 0.5466098
6.585925, 7.907405, 0.5115348
6.575865, 7.9174066, 0.49542826
6.587084, 7.906417, 0.49182633
6.576135, 7.9167175, 0.53478825
6.566948, 7.925959, 0.55068564
6.566158, 7.9269123, 0.49031025
6.566543, 7.926768, 0.50993747
6.577371, 7.9159317, 0.5522279
6.568011, 7.925925, 0.47077283
6.5672536, 7.9264197, 0.52992827
6.4764924, 8.016277, 0.5304292
6.488487, 8.004544, 0.53032804
6.4675603, 8.026265, 0.5291974
6.4659963, 8.02793, 0.50931025
6.48664, 8.007239, 0.470613
6.477699, 8.016189, 0.48547578
6.48736, 8.005896, 0.5496623
6.496363, 7.997688, 0.47376385
6.4760375, 8.017002, 0.5540601
6.4973984, 7.9961324, 0.55139875
6.4936085, 7.995324, 0.45451346
6.543943, 7.9476604, 0.45291832
6.5655637, 7.9280753, 0.457045
6.576897, 7.916872, 0.57256913
6.537805, 7.955986, 0.5950298
6.546714, 7.9467974, 0.5674839
6.566531, 7.927816, 0.5914498
6.5663424, 7.927032, 0.5720801
6.5560718, 7.9368134, 0.566831
6.5276003, 7.9656873, 0.56926817
6.5279303, 7.9660125, 0.5887144
6.5168056, 7.9765167, 0.5908652
6.507019, 7.9866996, 0.5700515
6.485007, 8.008495, 0.45317912
6.496716, 7.997018, 0.5667299
6.5065947, 7.9873343, 0.5926969
6.4866996, 8.006835, 0.5716221
6.4647875, 8.027977, 0.5522975
6.5862255, 7.907394, 0.5525151
6.5768847, 7.9161396, 0.59217566
6.5861874, 7.907042, 0.5724074
6.6024466, 7.8913155, 0.5362218
6.5960703, 7.897601, 0.5470326
6.5960784, 7.8972507, 0.47317028
6.588111, 7.9048834, 0.46688527
6.5960836, 7.897221, 0.5262994
6.600775, 7.892942, 0.48512387
6.6054354, 7.887611, 0.55071837
6.5845485, 7.909951, 0.45374548
6.5867987, 7.906731, 0.59205127
6.6060815, 7.887387, 0.5698041
6.5957108, 7.897696, 0.5866251
6.456905, 8.035859, 0.5679813
6.456652, 8.037442, 0.5453071
6.4440227, 8.049921, 0.55174565
6.4464045, 8.047422, 0.5323387
6.467153, 8.025883, 0.5714681
6.44776, 8.045921, 0.5094209
6.457465, 8.036353, 0.5108265
6.448082, 8.045476, 0.4892402
6.436461, 8.057115, 0.5135126
6.445949, 8.047928, 0.5709194
6.436652, 8.056804, 0.49009418
6.4662743, 8.027356, 0.4700123
6.4709215, 8.02301, 0.4535269
6.4544683, 8.035991, 0.45485738
6.4859285, 8.007937, 0.59188306
6.475467, 8.018457, 0.588451
6.466762, 8.026541, 0.5915907
6.457196, 8.035838, 0.5922619
6.6062136, 7.887887, 0.5901385
6.4471855, 8.046484, 0.59044445
6.435386, 8.058514, 0.56410336
6.6157827, 7.877752, 0.55473185
6.4252486, 8.068218, 0.51330847
6.4271703, 8.0662155, 0.4894036
6.437349, 8.05602, 0.46646535
6.425555, 8.067771, 0.4716747
6.4299564, 8.063761, 0.54938227
6.4369793, 8.057124, 0.5862649
6.426492, 8.067084, 0.532974
6.4179826, 8.075745, 0.57641566
6.417284, 8.076293, 0.55202484
6.4162683, 8.07719, 0.5290807
6.4160633, 8.077303, 0.505231
6.4173646, 8.075936, 0.4727195
6.4059563, 8.08734, 0.49286148
6.406002, 8.087373, 0.5276086
6.416481, 8.070761, 0.45374316
6.4075456, 8.085913, 0.54737663
6.399275, 8.094684, 0.51452065
6.4055634, 8.087483, 0.4545764
6.5773983, 7.915704, 0.475367
6.5257144, 7.9672847, 0.45333764
6.4878025, 8.006271, 0.4892405
6.4083147, 8.084965, 0.47003424
6.5963945, 7.8964667, 0.5077948
6.5158415, 7.977089, 0.57018864
6.547264, 7.9460206, 0.58994514
6.6155477, 7.8778906, 0.59170216
6.5560546, 7.9375844, 0.46913528
6.506645, 7.9870734, 0.54793936
6.5561676, 7.937797, 0.48765063
6.537499, 7.9563317, 0.575588
6.429121, 8.064643, 0.45457387
6.4974604, 7.995447, 0.4929425
6.477232, 8.016485, 0.46522754
6.5105195, 7.983554, 0.4556612
6.5069747, 7.9864697, 0.52895874
6.537619, 7.9564924, 0.51416194
6.515713, 7.9773364, 0.48713413
6.4963074, 7.9976797, 0.58481294
6.486443, 8.00644, 0.5113473
6.4767566, 8.017331, 0.508557
6.407228, 8.08632, 0.56764966
6.585653, 7.907454, 0.53212464
6.6152205, 7.8776736, 0.57340854
6.595096, 7.897965, 0.56566346
6.515663, 7.978315, 0.54936713
6.5475683, 7.945552, 0.5277252
6.5568213, 7.93648, 0.58443177
6.6276207, 7.865314, 0.55609244
6.596405, 7.896005, 0.45434466
6.4451714, 8.048605, 0.45348722
6.447362, 8.046095, 0.47140035
6.4652705, 8.028506, 0.49189103
6.4273877, 8.066425, 0.5685888
6.5369368, 7.9568734, 0.47078294
6.57565, 7.9180346, 0.5151702
6.5715065, 7.9114857, 0.4534135
6.6007004, 7.8922577, 0.4506376
6.5971284, 7.8965917, 0.4894907
6.4565163, 8.037406, 0.52557826
6.456793, 8.036781, 0.47722933
6.438703, 8.055018, 0.5328108
6.406246, 8.087085, 0.5099125
6.4778943, 8.01544, 0.5738874
6.55546, 7.9333615, 0.45017397
6.6001735, 7.8926888, 0.503097
6.4560266, 8.037621, 0.4894834
6.635782, 7.8575788, 0.5669109
6.415451, 8.077857, 0.48281237
6.418088, 8.076104, 0.5943014
6.5110235, 7.970392, 0.45070028
6.3993244, 8.094027, 0.4660138
6.3886633, 8.074627, 0.44970733
6.437371, 8.056469, 0.5516726
6.3991537, 8.094944, 0.49039268
6.426028, 8.067905, 0.5886543
6.3995605, 8.094847, 0.59294385
