6.0107975, 5.6489477, 0.1516671
6.0230494, 5.6420016, 0.16970672
5.991891, 5.672653, 0.17032938
6.0221434, 5.6426997, 0.21021362
6.042637, 5.62192, 0.21448976
6.002645, 5.6627493, 0.20826714
6.0139294, 5.650545, 0.19158284
6.012307, 5.652964, 0.21073592
5.9721913, 5.693268, 0.16977996
5.991742, 5.6728816, 0.21040638
5.982669, 5.6825414, 0.1897995
5.982667, 5.6820035, 0.21121737
5.972665, 5.6926217, 0.20912728
5.973674, 5.6911783, 0.1913014
5.993686, 5.6712527, 0.23009966
6.013499, 5.651257, 0.23188518
5.970454, 5.694532, 0.22949332
6.003202, 5.662178, 0.25336397
6.0431347, 5.6223516, 0.25282586
6.050263, 5.615046, 0.20758848
6.0353394, 5.6296864, 0.23044296
6.022483, 5.6421585, 0.2537362
6.0521827, 5.612361, 0.23087734
6.063253, 5.601968, 0.17445059
6.062341, 5.6028714, 0.22801813
5.991216, 5.6737823, 0.24822104
5.982578, 5.681855, 0.2529651
5.952025, 5.712919, 0.20936266
5.9536085, 5.711331, 0.19051585
5.9523897, 5.7122607, 0.22948802
5.9328146, 5.73178, 0.2102129
5.942851, 5.722157, 0.23111546
5.9314165, 5.733464, 0.16947134
5.9621344, 5.7022395, 0.23070614
5.973733, 5.6911726, 0.24948384
5.953706, 5.711607, 0.25060707
5.993241, 5.6713467, 0.26908535
5.9634194, 5.7013044, 0.2745542
6.0731335, 5.5915914, 0.25268525
6.0817213, 5.5828667, 0.22900248
5.932684, 5.731922, 0.25113508
5.9224453, 5.742116, 0.1914641
5.932375, 5.732898, 0.22963664
5.9224234, 5.7428904, 0.22802657
5.92251, 5.7420835, 0.24984932
5.913782, 5.751359, 0.20990361
5.911216, 5.7535534, 0.22997531
5.9536033, 5.7117376, 0.29080164
5.903574, 5.7615886, 0.25164056
5.8923182, 5.772429, 0.22997208
5.891809, 5.7733855, 0.25049743
5.882554, 5.7820997, 0.21065922
5.87313, 5.791424, 0.21024367
5.8722763, 5.792916, 0.18949918
5.883036, 5.7818513, 0.25027514
5.8732786, 5.791668, 0.2707444
5.863353, 5.801846, 0.2717097
5.8528876, 5.8119707, 0.2300563
5.842572, 5.821847, 0.23091279
5.842307, 5.8229647, 0.21112937
5.8518686, 5.8128734, 0.24942437
5.852558, 5.8131266, 0.29209358
5.8363333, 5.8288455, 0.23200639
5.811535, 5.8531637, 0.13013549
5.8101206, 5.869262, 0.14911743
5.794053, 5.871225, 0.09030806
5.813217, 5.8516717, 0.09024342
5.7740746, 5.8912935, 0.13020082
5.7818427, 5.8828125, 0.069533706
5.7615414, 5.90361, 0.086566664
5.763012, 5.902045, 0.071266025
5.76236, 5.9024067, 0.10944413
5.801793, 5.8625574, 0.071581215
5.7830625, 5.8820996, 0.050193805
5.812685, 5.8522487, 0.06989824
5.782316, 5.8831005, 0.088344455
5.8028336, 5.8624477, 0.04967816
5.822006, 5.842837, 0.049509354
5.751521, 5.913508, 0.1302521
5.7422476, 5.9220934, 0.09111869
5.731949, 5.9334545, 0.06834498
5.7309422, 5.933477, 0.08935901
5.743112, 5.9221444, 0.06859477
5.731901, 5.933292, 0.10948393
5.7434564, 5.921031, 0.05032159
5.732338, 5.932317, 0.050496798
5.7334766, 5.93133, 0.12998557
5.723266, 5.94196, 0.06981219
5.7113204, 5.953355, 0.08978137
5.7223353, 5.9422503, 0.090737
5.7118306, 5.9530354, 0.049087547
5.7308536, 5.9343233, 0.02976252
5.702487, 5.962075, 0.13090315
5.6916914, 5.973196, 0.0893101
5.6908226, 5.973869, 0.070554726
5.6907387, 5.9743853, 0.109720014
5.6721964, 5.9928694, 0.09045934
5.672061, 5.9927177, 0.13007575
5.6711764, 5.993092, 0.07019465
5.652409, 6.013026, 0.049253788
5.652392, 6.012477, 0.12934513
5.652372, 6.012023, 0.07010018
5.6531153, 6.012062, 0.089975156
5.6326594, 6.0318108, 0.06935029
5.632893, 6.03241, 0.090514675
5.6344743, 6.0324636, 0.14677556
5.600993, 6.0645, 0.093017295
5.6114273, 6.0539446, 0.09041975
5.6133, 6.051754, 0.13059619
5.592692, 6.0718985, 0.06949196
5.5908856, 6.074067, 0.03130946
5.5818872, 6.0827446, 0.07034427
5.591673, 6.07266, 0.11047237
5.5632086, 6.1021347, 0.08893923
5.562464, 6.102125, 0.06953516
5.556386, 6.1113358, 0.14726903
6.0118675, 5.653383, 0.16911279
5.772955, 5.89166, 0.10989812
5.593821, 6.073509, 0.146808
5.5922194, 6.0728307, 0.12986119
5.961828, 5.70308, 0.24613494
6.0141563, 5.6511035, 0.27024668
6.0731974, 5.5921564, 0.19001448
5.9427385, 5.722556, 0.19043595
6.022112, 5.642944, 0.2654453
5.5721593, 6.093224, 0.089733765
5.891691, 5.772805, 0.17038606
5.6717105, 5.9931383, 0.11100314
5.8917427, 5.773274, 0.18913926
5.5722365, 6.09248, 0.052900057
5.991707, 5.674161, 0.289733
5.7918262, 5.8732314, 0.12988803
5.7529197, 5.9124656, 0.030291215
5.770305, 5.8946495, 0.049346846
6.0102663, 5.654677, 0.24841186
5.652147, 6.0125117, 0.030750284
5.612262, 6.0520825, 0.1113786
6.0708556, 5.5937657, 0.16838777
6.0327654, 5.631889, 0.17087598
5.69223, 5.9723487, 0.12887834
5.8522615, 5.813084, 0.2688227
5.794121, 5.870361, 0.07101746
5.573385, 6.0937905, 0.14670381
6.0534964, 5.6127877, 0.29221395
5.712479, 5.9523563, 0.07093382
5.9325128, 5.7324615, 0.2706743
5.912209, 5.7526565, 0.24948823
5.592643, 6.072731, 0.08961177
5.6110215, 6.0535836, 0.07074771
5.7029376, 5.961917, 0.09207287
5.552655, 6.112179, 0.111826055
5.951255, 5.713369, 0.26958704
5.913443, 5.751678, 0.2695994
5.6329365, 6.0321007, 0.13163199
5.8927665, 5.772246, 0.20933853
5.691038, 5.9742327, 0.049987994
5.982528, 5.682789, 0.22926126
5.8726907, 5.7925386, 0.23015761
6.1289234, 5.5487804, 0.20928022
5.8717656, 5.7928166, 0.25133583
5.7928166, 5.871512, 0.111371055
5.8326693, 5.830446, 0.1493615
5.9116693, 5.753779, 0.29118598
5.741205, 5.9238224, 0.10828638
6.1080623, 5.551193, 0.25187743
5.9023147, 5.763086, 0.20824692
5.554436, 6.1109824, 0.1317845
5.8626556, 5.8021727, 0.21113662
5.6310606, 6.03368, 0.029576272
6.02217, 5.643287, 0.18263711
5.691114, 5.9734573, 0.032340538
5.822849, 5.841892, 0.030345853
5.8621273, 5.8023496, 0.24805284
5.836832, 5.8294888, 0.2102023
5.6930633, 5.973543, 0.14575328
6.0332747, 5.6314783, 0.26999685
6.06148, 5.6041045, 0.18611147
5.810449, 5.8540044, 0.030348433
5.9116077, 5.753633, 0.16905825
6.0301814, 5.634739, 0.24860395
5.8293943, 5.835794, 0.09269995
5.56202, 6.102944, 0.0513948
5.8920074, 5.7732954, 0.29040343
5.881743, 5.7832503, 0.22946937
6.0016847, 5.663, 0.18388027
5.6719317, 5.9925156, 0.029500438
5.582825, 6.0825243, 0.08880592
6.0727205, 5.5924034, 0.23112176
5.84299, 5.821653, 0.19306706
5.631993, 6.033342, 0.04745353
6.0336266, 5.632998, 0.29176572
5.9723535, 5.6931334, 0.2915471
5.901873, 5.7632775, 0.26534072
6.0529213, 5.612272, 0.2707757
5.751394, 5.91299, 0.050808545
5.835833, 5.8301964, 0.2505112
6.0726814, 5.591992, 0.2111114
5.5723505, 6.0927, 0.13014084
5.835799, 5.831278, 0.28976965
5.931792, 5.7334485, 0.18833841
5.592138, 6.0726953, 0.052466568
5.6332464, 6.0313764, 0.110574
5.582285, 6.0826902, 0.03154173
5.6630774, 6.0012426, 0.07000272
5.6013103, 6.0630918, 0.112463236
5.7229586, 5.9417896, 0.049615577
5.622339, 6.0430226, 0.09099483
5.5731025, 6.0914726, 0.06893222
6.0033817, 5.6613717, 0.1688241
6.053285, 5.6116896, 0.25111964
5.6737604, 5.993214, 0.14731166
5.912903, 5.751579, 0.1904812
5.931996, 5.7339296, 0.29114312
5.8425817, 5.822349, 0.24929963
5.6630964, 6.0022726, 0.10610712
5.702637, 5.9628687, 0.10899078
5.813033, 5.851859, 0.110725865
5.7628555, 5.9022603, 0.047551222
5.621723, 6.0428853, 0.071612045
5.9514976, 5.713143, 0.17082813
5.663412, 6.00202, 0.05114965
6.0112386, 5.653972, 0.29037744
5.7741823, 5.8931613, 0.14778413
5.604386, 6.061077, 0.048929576
5.842364, 5.8227167, 0.2697365
5.772112, 5.8927693, 0.07079507
5.751878, 5.9125223, 0.09150164
6.070955, 5.5938997, 0.27086955
5.6208014, 6.0440607, 0.031200191
5.6635675, 6.001499, 0.08883613
5.712373, 5.953065, 0.1098935
5.7214355, 5.9439526, 0.028501797
5.65278, 6.0138955, 0.14555585
6.0022044, 5.662269, 0.22616479
5.7221937, 5.9421782, 0.13125768
6.12965, 5.5492997, 0.23011084
5.571126, 6.093208, 0.11077078
5.622699, 6.0416355, 0.11179694
5.7524962, 5.912448, 0.11021749
5.7841954, 5.8806963, 0.03206093
5.60245, 6.0626326, 0.13093443
6.0932856, 5.5721283, 0.17135753
5.603097, 6.06182, 0.031078622
5.971639, 5.6938586, 0.26901174
5.7120004, 5.9524407, 0.13022599
5.651821, 6.012938, 0.11070453
6.042321, 5.6222076, 0.27454314
5.621106, 6.0441365, 0.04960129
5.842794, 5.822706, 0.1695964
5.781854, 5.882572, 0.10889909
5.7523427, 5.9128585, 0.07064106
6.0228415, 5.642615, 0.22765633
6.06225, 5.602634, 0.21150771
6.0830173, 5.5825524, 0.20796657
5.9428334, 5.7215466, 0.21294628
5.9417963, 5.7228045, 0.17099066
5.662586, 6.0022244, 0.12931982
5.713116, 5.953344, 0.14638796
5.740941, 5.9237523, 0.010389164
5.8362556, 5.829917, 0.26922855
5.9014745, 5.763014, 0.15170471
5.7230606, 5.9423513, 0.112398535
5.893098, 5.771379, 0.27084377
5.561742, 6.1025906, 0.11126187
5.564071, 6.1008854, 0.12795515
5.828191, 5.835556, 0.030621223
6.1301403, 5.5500774, 0.24809098
5.7923446, 5.874596, 0.1459647
6.062177, 5.602246, 0.24728996
5.5543556, 6.111285, 0.08913346
6.029313, 5.635194, 0.20955963
5.882069, 5.782505, 0.16977367
5.5729136, 6.0919685, 0.029210666
5.802086, 5.8627596, 0.12918209
5.7634797, 5.902062, 0.130391
5.6024866, 6.062107, 0.06996219
5.6628833, 6.001722, 0.031403054
5.6724195, 5.992902, 0.05020668
6.083832, 5.5814633, 0.15646425
6.049763, 5.610043, 0.15153217
5.812588, 5.8525014, 0.050187416
5.6130133, 6.0517907, 0.051129002
5.9029255, 5.761809, 0.17062968
5.753041, 5.913315, 0.1466132
5.9228916, 5.742388, 0.27181873
6.074163, 5.59233, 0.29314488
5.7929907, 5.8724337, 0.04825924
5.836403, 5.8294244, 0.18887208
6.062417, 5.602655, 0.26564863
6.001739, 5.6626062, 0.27110487
5.772737, 5.8922486, 0.091025546
5.582865, 6.082184, 0.12985536
5.8519964, 5.8133082, 0.1698709
5.861924, 5.803482, 0.22805509
6.092171, 5.5729885, 0.23082958
5.9426594, 5.7220526, 0.2716827
5.963122, 5.702315, 0.21331482
5.5820646, 6.0823107, 0.1116337
6.0419564, 5.622757, 0.2298678
5.8625884, 5.801894, 0.1541135
5.788973, 5.8756833, 0.029043695
5.882208, 5.7824774, 0.26899427
5.8895087, 5.7704473, 0.15160877
5.70296, 5.962174, 0.00809291
5.801696, 5.862697, 0.029213995
5.982105, 5.6827073, 0.16730884
5.7022104, 5.9628353, 0.06764871
5.9504795, 5.7098846, 0.15193202
5.93035, 5.729158, 0.15175433
5.613085, 6.054508, 0.14707947
5.561365, 6.1037316, 0.034317244
5.8286977, 5.8358407, 0.06677911
6.0014195, 5.6640677, 0.1505791
5.70216, 5.962699, 0.029272793
5.9627943, 5.702502, 0.17054883
5.9699187, 5.6902018, 0.15164638
5.911831, 5.7480664, 0.15180078
5.882886, 5.7824755, 0.1924485
5.8286843, 5.836349, 0.11130475
5.822859, 5.8422527, 0.07068019
5.9018116, 5.762731, 0.23118912
5.6804643, 5.98382, 0.07247991
5.691769, 5.9738345, 0.011924045
5.8819633, 5.783265, 0.15056717
5.9895616, 5.6700377, 0.15166183
5.6811213, 5.984139, 0.050663725
5.982368, 5.682429, 0.15325283
5.6828, 5.982566, 0.10834622
5.6823587, 5.982708, 0.09256649
5.9219007, 5.742951, 0.20821096
5.827591, 5.837323, 0.04941775
6.0499477, 5.615432, 0.16803783
5.582863, 6.0821815, 0.050796364
5.9425707, 5.7230716, 0.15198675
5.6234155, 6.0416327, 0.13109417
5.8284097, 5.8490257, 0.14967743
5.9621124, 5.703296, 0.15252714
5.8021026, 5.8629465, 0.08850495
5.9423623, 5.722887, 0.24763201
5.862724, 5.802127, 0.19086349
5.9220123, 5.743101, 0.16786735
5.8018622, 5.863233, 0.1062108
5.7823033, 5.8829536, 0.13077219
5.8293414, 5.8110285, 0.14971493
5.702757, 5.9623375, 0.051924057
5.680948, 5.983437, 0.029953912
5.7335916, 5.933307, 0.14719984
5.641958, 6.022956, 0.12918358
5.643098, 6.0221224, 0.0895906
5.6827116, 5.982095, 0.1329346
5.852386, 5.8126216, 0.20966367
5.8264914, 5.8353777, 0.1291566
5.643606, 6.02162, 0.10566287
5.8224945, 5.842916, 0.10816315
5.761662, 5.903468, 0.027874306
5.6430635, 6.021373, 0.06978399
6.0434237, 5.6219583, 0.15486002
5.642037, 6.0227036, 0.031049617
6.072383, 5.5883293, 0.15140012
6.0227337, 5.641638, 0.15312548
5.6428456, 6.02259, 0.04776824
6.109908, 5.554621, 0.19105038
6.062442, 5.6019692, 0.15479252
5.853421, 5.84562, 0.030710015
5.9818406, 5.6831894, 0.27037773
5.7419724, 5.9235344, 0.028961508
5.5559106, 6.109021, 0.029135447
5.76162, 5.902724, 0.01060382
6.082333, 5.582457, 0.188184
5.845933, 5.839703, 0.03043112
5.923219, 5.741382, 0.15536195
5.821761, 5.842998, 0.09146719
6.0291734, 5.6302958, 0.15118475
5.5544868, 6.110258, 0.069720365
5.7415705, 5.9233685, 0.12928334
6.0929956, 5.5718255, 0.19213237
6.108466, 5.5554338, 0.20535609
5.8720074, 5.792833, 0.1701391
5.8034186, 5.8619895, 0.009337835
6.1242423, 5.549218, 0.18328196
