5.6700644, 5.429239, 0.110067666
5.66832, 5.4310637, 0.08917357
5.689368, 5.410182, 0.13013805
5.669871, 5.4295545, 0.069829285
5.688359, 5.4111886, 0.07072067
5.689679, 5.4097514, 0.09070506
5.6905603, 5.4090767, 0.11091922
5.6493964, 5.4499893, 0.06897207
5.670016, 5.42941, 0.050708212
5.6902146, 5.4093294, 0.048979968
5.710623, 5.388777, 0.1311684
5.6906033, 5.408869, 0.029735008
5.7095456, 5.3898125, 0.06907339
5.630253, 5.468915, 0.090379424
5.6288466, 5.4705367, 0.04970932
5.629516, 5.469782, 0.06995506
5.61001, 5.4889975, 0.08987682
5.6102705, 5.4888334, 0.110793985
5.609313, 5.4898586, 0.070379935
5.7290425, 5.370304, 0.0902509
5.730663, 5.3685813, 0.07085307
5.608539, 5.490762, 0.050087243
5.6094875, 5.4904075, 0.12936284
5.5891128, 5.5099087, 0.069828406
5.5895824, 5.5096126, 0.050003458
5.589933, 5.5096474, 0.13066743
5.590562, 5.50924, 0.10968034
5.588188, 5.510856, 0.090748005
5.7474637, 5.351763, 0.08966773
5.7493052, 5.3497524, 0.0684438
5.7504573, 5.3489275, 0.13036208
5.7502723, 5.349036, 0.10887218
5.7463493, 5.352372, 0.030000597
5.569317, 5.5295234, 0.0699452
5.5697594, 5.5298953, 0.11038787
5.7717977, 5.327007, 0.07110303
5.768158, 5.3310137, 0.10908113
5.768611, 5.3304076, 0.08956679
5.7897778, 5.3088784, 0.07021144
5.788071, 5.310698, 0.09046106
5.787303, 5.3116493, 0.10821702
5.790486, 5.309122, 0.030850317
5.810208, 5.2895064, 0.068091884
5.8102975, 5.2885427, 0.13033089
5.5700445, 5.5297685, 0.08978644
5.670701, 5.4286776, 0.03037463
5.648344, 5.450946, 0.09013861
5.7300944, 5.3693075, 0.11018558
5.707824, 5.3915906, 0.088891365
5.6290274, 5.470144, 0.12961495
5.629851, 5.4695764, 0.029988555
5.651199, 5.447978, 0.11060333
5.7693963, 5.329791, 0.03108509
5.6505437, 5.4488835, 0.04987557
5.7476387, 5.3512626, 0.0488172
5.554863, 5.5464697, 0.11120623
5.729188, 5.3702374, 0.12860048
5.7273355, 5.371631, 0.030425431
5.8096027, 5.28905, 0.11143902
5.7903457, 5.308743, 0.12920086
5.789512, 5.3101716, 0.04963185
5.732959, 5.366144, 0.053031273
5.8431525, 5.2627735, 0.051516566
5.7698975, 5.328703, 0.050463993
5.711644, 5.387782, 0.11081493
5.650111, 5.449315, 0.030300587
5.650675, 5.4483294, 0.13007402
5.569978, 5.5290775, 0.050432954
5.6709156, 5.428268, 0.13024542
5.6291327, 5.4698534, 0.110057555
5.7691207, 5.330167, 0.13014416
5.8258452, 5.273279, 0.052545797
5.84324, 5.2629933, 0.08646226
5.826124, 5.2735524, 0.09015243
5.569297, 5.5299764, 0.1295831
5.5551453, 5.545423, 0.13147414
5.8409142, 5.265833, 0.030596238
5.712169, 5.38708, 0.049513813
5.7994394, 5.299102, 0.08671509
5.5590076, 5.539747, 0.06899105
5.554839, 5.546679, 0.09027974
5.659884, 5.4393163, 0.11667061
5.7593746, 5.3397284, 0.08700839
5.699484, 5.3999043, 0.064760886
5.572981, 5.5310354, 0.1482938
5.8251343, 5.2743144, 0.072395645
5.639063, 5.4597154, 0.13891096
