6.471195, 6.088599, 0.4500958
6.46933, 6.070136, 0.44985813
6.4892225, 6.0886674, 0.45009384
6.4480424, 6.0933595, 0.449729
6.508775, 6.0914006, 0.45002192
6.447589, 6.0506473, 0.44989523
6.510127, 6.068151, 0.45011523
6.4504695, 6.106493, 0.44987145
6.4876976, 6.0518885, 0.45003405
6.4283924, 6.113217, 0.44953024
6.47164, 6.129516, 0.44992262
6.4327226, 6.08714, 0.4501817
6.453892, 6.0667253, 0.45005137
6.510119, 6.1120944, 0.44986704
6.4917855, 6.107517, 0.449768
6.4677157, 6.11307, 0.44947478
6.427353, 6.069787, 0.44978493
6.446226, 6.134016, 0.44969368
6.469438, 6.0318956, 0.45005247
6.530026, 6.0906386, 0.44974947
6.5287237, 6.1091814, 0.4500595
6.511303, 6.1308146, 0.44949037
6.410112, 6.1087456, 0.44949123
6.4306436, 6.129463, 0.44992086
6.408794, 6.0920525, 0.44987378
6.5305843, 6.0487685, 0.45006981
6.5509434, 6.111116, 0.44999695
6.551864, 6.0694814, 0.44976264
6.431107, 6.009145, 0.44967693
6.449787, 6.0104356, 0.44981366
6.428508, 6.0294657, 0.45010382
6.408616, 6.0491323, 0.45017254
6.470087, 6.011428, 0.44974673
6.509831, 6.0304065, 0.4496521
6.450776, 6.1518097, 0.44955415
6.4086585, 6.1277833, 0.44979998
6.39117, 6.1075726, 0.449485
6.390411, 6.086962, 0.4497896
6.4116454, 6.1496277, 0.44960788
6.3898993, 6.1306496, 0.44968185
6.491485, 6.1542807, 0.44976923
6.4685707, 6.169422, 0.449596
6.3902035, 6.0698843, 0.45015067
6.548301, 6.130591, 0.4496561
6.529753, 6.1507173, 0.44987437
6.429809, 6.1693597, 0.44987947
6.4522076, 5.9878764, 0.44990122
6.5693245, 6.091698, 0.4498742
6.5674143, 6.129864, 0.44967002
6.508764, 6.1719418, 0.44941467
6.371953, 6.0903873, 0.44967997
6.391523, 6.1497803, 0.4494894
6.410415, 6.171076, 0.44997743
6.591516, 6.110755, 0.45003334
6.585238, 6.053445, 0.44995278
6.592004, 6.067639, 0.45016423
6.3870945, 6.0120287, 0.44982737
6.4092054, 5.9907837, 0.4499325
6.410195, 6.0103216, 0.4495827
6.391753, 6.029017, 0.45002884
6.432527, 5.9682736, 0.45002836
6.3923345, 5.98901, 0.4499695
6.3712883, 6.048837, 0.45009366
6.45086, 6.189469, 0.44984072
6.4701414, 6.189971, 0.44992286
6.428105, 6.189926, 0.44991803
6.3901377, 6.167601, 0.4500625
6.3489976, 6.108013, 0.44988334
6.349087, 6.0895863, 0.44957593
6.3495226, 6.0721426, 0.44984108
6.4091873, 6.188604, 0.44991556
6.4905233, 6.1903367, 0.44992122
6.5136876, 6.1870613, 0.4498336
6.4706593, 6.2102394, 0.44974473
6.490822, 6.2082596, 0.44987127
6.3489494, 6.0525594, 0.44981268
6.525976, 6.1923466, 0.45022056
6.430217, 6.2105327, 0.4497531
6.453262, 5.945818, 0.45007592
6.331916, 6.0896983, 0.44968703
6.328174, 6.0684543, 0.4500179
6.3673162, 5.99246, 0.44969764
6.3505344, 6.0305705, 0.44975913
6.3892074, 5.9704537, 0.44993225
6.373424, 5.9661446, 0.4501103
6.3485494, 6.011611, 0.4500878
6.3726506, 6.0086064, 0.44977832
6.4302297, 5.9303646, 0.4497957
6.4471636, 5.9301033, 0.44970062
6.3682456, 5.950969, 0.4497472
6.34717, 5.9711065, 0.44979808
6.331631, 6.049346, 0.44972718
6.3293967, 6.0299563, 0.44989312
6.489647, 6.227525, 0.4497807
6.311025, 6.0694838, 0.45005226
6.3084235, 6.051418, 0.4499092
6.512204, 6.23189, 0.4496422
6.30863, 6.0300198, 0.4499992
6.3326235, 6.0062485, 0.44995338
6.469631, 5.910019, 0.44980326
6.3894405, 5.931929, 0.45004335
6.2877254, 6.0297785, 0.45018783
6.290768, 6.1085114, 0.4499731
6.268098, 6.06787, 0.4498042
6.4297442, 6.233011, 0.44965962
6.2876277, 6.089906, 0.4496513
6.6046834, 6.077218, 0.44958398
6.4305816, 5.909534, 0.44971105
6.3737173, 6.171645, 0.44976583
6.33081, 6.127968, 0.44967407
6.3110824, 6.090412, 0.44946834
6.409938, 6.210877, 0.44962358
6.4500847, 6.267746, 0.44966266
6.4100375, 6.2279115, 0.44975686
6.4096313, 6.249426, 0.44966766
6.5278254, 6.0314484, 0.44954216
6.270918, 6.0899897, 0.4497987
6.3116283, 5.9701443, 0.44967118
6.3299365, 6.1478267, 0.44998917
6.3293924, 6.112334, 0.4497236
6.4307528, 6.249853, 0.44986394
6.3483925, 6.1683016, 0.44987315
6.2929697, 6.0698857, 0.449762
6.3081017, 6.109534, 0.4496649
6.3908153, 6.211833, 0.4498386
6.3726473, 6.209899, 0.4495971
6.3913965, 6.233506, 0.4495802
6.34685, 6.1891036, 0.44991773
6.3898954, 6.1912985, 0.44965982
6.352925, 6.1484756, 0.44989145
6.3504906, 6.13223, 0.4495281
6.566441, 6.031661, 0.44962305
6.273159, 6.048277, 0.4500115
6.3111734, 6.1289062, 0.44962952
6.250037, 6.1302238, 0.44978142
6.26855, 6.151661, 0.44988877
6.28868, 6.1495023, 0.4498893
6.270027, 6.130057, 0.4495908
6.271025, 6.110463, 0.44970042
6.2510643, 6.089965, 0.44995344
6.251117, 6.1072707, 0.4496725
6.228566, 6.0712824, 0.4496303
6.3895993, 6.2505584, 0.44956326
6.4077578, 6.270236, 0.4496931
6.3287454, 6.1715164, 0.44978955
6.3312593, 6.1911607, 0.44976163
6.310123, 6.170856, 0.44980723
6.409659, 6.2898874, 0.44992766
6.3676786, 6.2514215, 0.44984317
6.387266, 6.2700686, 0.44975165
6.38992, 6.290388, 0.45003116
6.3681803, 6.271667, 0.449925
6.229409, 6.107404, 0.44961032
6.2899556, 6.1683025, 0.4497573
6.332176, 6.2110434, 0.44982192
6.3474956, 6.227319, 0.44978935
6.3478603, 6.247098, 0.44980985
6.3294706, 6.232261, 0.4497171
6.310712, 6.2086387, 0.4497329
6.231573, 6.149597, 0.44982964
6.2092657, 6.112841, 0.44952136
6.210811, 6.129631, 0.45004198
6.229842, 6.1698785, 0.44982615
6.2274847, 6.1323185, 0.45010233
6.2525797, 6.1705055, 0.44967532
6.211756, 6.147065, 0.4498024
6.2482986, 6.1911397, 0.44974518
6.290638, 6.187773, 0.44984195
6.2713633, 6.1928525, 0.44964564
6.3736534, 6.2909904, 0.44986668
6.3536696, 6.2655883, 0.44966087
6.2879267, 6.2104983, 0.44947028
6.329972, 6.2698326, 0.45013878
6.3492703, 6.288961, 0.45010766
6.37326, 6.3248196, 0.44957125
6.330334, 6.2869925, 0.45015597
6.2680893, 6.2130756, 0.44970483
6.2906036, 6.2257047, 0.4497821
6.3100743, 6.2480545, 0.4498637
6.310597, 6.2712, 0.44987932
6.2908425, 6.246695, 0.44976565
6.268863, 6.235099, 0.4498892
6.188197, 6.167158, 0.44969803
6.2090507, 6.166797, 0.44976
6.2086525, 6.186471, 0.44971585
6.1900697, 6.1465254, 0.4499007
6.193108, 6.18574, 0.4489465
6.2303915, 6.2087736, 0.44972685
6.2120104, 6.2049375, 0.44924816
6.248557, 6.2111044, 0.44974682
6.2081685, 6.209273, 0.42965686
6.232874, 6.2286186, 0.4479861
6.3299856, 6.3075023, 0.4495015
6.348747, 6.331721, 0.44988427
6.3092027, 6.292203, 0.45010602
6.270047, 6.253273, 0.44978145
6.2900333, 6.2678475, 0.44988978
6.3304906, 6.3250146, 0.4491156
6.252434, 6.249697, 0.44784072
6.350455, 6.311531, 0.44948342
6.307136, 6.2315373, 0.44952163
6.610996, 6.091539, 0.45015055
6.228102, 6.188526, 0.4497248
6.2896786, 6.010264, 0.44977462
6.4267697, 6.2698007, 0.44992158
6.2892737, 6.2858343, 0.44851303
6.3926315, 6.3111644, 0.44994015
6.3294253, 5.9890537, 0.4497049
6.428165, 6.1489153, 0.4495261
6.4098988, 6.02812, 0.45000073
6.3881974, 5.8900685, 0.44974166
6.3682766, 6.1901875, 0.44969767
6.4704027, 6.0513916, 0.4497181
6.4080834, 5.913338, 0.44960338
6.4464006, 5.972128, 0.45008937
6.3528113, 5.985827, 0.4497929
6.3675127, 6.071709, 0.44990778
6.369285, 6.149633, 0.44976774
6.4485407, 6.2091045, 0.44979316
6.4889154, 6.013125, 0.44964144
6.5497513, 6.149082, 0.4499929
6.490249, 6.1287913, 0.44965196
6.3909454, 5.9511094, 0.44962934
6.450858, 6.0310183, 0.45016724
6.4683814, 5.9930716, 0.44986784
6.4910607, 6.071462, 0.44995227
6.388543, 6.052284, 0.44976714
6.4484773, 6.171684, 0.44993362
6.369382, 5.9081554, 0.44959545
6.274677, 6.271171, 0.44823554
6.4695725, 6.147609, 0.4496737
6.3685017, 6.109955, 0.45002437
6.2888055, 6.0501842, 0.4499969
6.427425, 5.9907756, 0.44980732
6.4065065, 5.971154, 0.4501559
6.428173, 5.95165, 0.44979253
6.4498835, 6.2485285, 0.44969726
6.5291095, 6.1304984, 0.4497044
6.3684764, 6.0313883, 0.4499187
6.529258, 6.0718045, 0.450095
6.410571, 5.929592, 0.44986254
6.547637, 6.091734, 0.4499544
6.31127, 6.151195, 0.45003185
6.4917703, 6.030266, 0.44979408
6.510466, 6.146507, 0.45000115
6.511075, 6.0508776, 0.44998652
6.4324803, 6.0480742, 0.4499101
6.4631305, 5.897705, 0.44929507
6.250059, 6.0490003, 0.45020932
6.572408, 6.0478377, 0.44983837
6.251497, 6.229769, 0.44964102
6.3315253, 5.9683247, 0.44998273
6.3525186, 5.946921, 0.44967365
6.352525, 6.3487835, 0.4498307
6.292287, 6.1307597, 0.44941851
6.311185, 6.1888304, 0.44980362
6.37101, 6.2294126, 0.44959304
6.3283854, 6.2537537, 0.449714
6.3519077, 6.206128, 0.44962093
6.448366, 6.2274547, 0.44964877
6.2713423, 6.1718407, 0.4498299
6.2467275, 6.1531963, 0.44995254
6.468684, 6.232537, 0.44973287
6.2315288, 6.0866704, 0.4499017
6.3697596, 6.1271825, 0.44971207
6.3865256, 6.331409, 0.44991627
6.3667784, 6.309846, 0.4497284
6.570105, 6.071695, 0.44994256
6.16943, 6.1706333, 0.43386492
6.5881324, 6.0888357, 0.45001096
6.5718217, 6.1089406, 0.45017108
6.5321, 6.0101924, 0.44982755
6.208899, 6.0703263, 0.44953147
6.5667076, 6.191743, 0.44953752
6.4509807, 5.910764, 0.44973004
6.547758, 6.0299134, 0.44981793
6.4094696, 5.949565, 0.44993162
6.4299397, 6.3294296, 0.4494385
6.1914034, 6.126539, 0.44995716
6.6427546, 6.0774794, 0.44907564
6.2679086, 6.268917, 0.43155205
6.4889345, 6.268275, 0.44969663
6.5474257, 6.167824, 0.44976205
6.6696525, 6.0511227, 0.48845854
6.447626, 6.29055, 0.44999853
6.4270177, 5.8932, 0.44969037
6.4097595, 6.0712857, 0.45003173
6.3097696, 6.009213, 0.45015728
6.4696927, 6.2706347, 0.44968712
6.1513114, 6.148353, 0.44844413
6.3294635, 6.330389, 0.4326323
6.4912114, 6.1718516, 0.44948316
6.4685016, 6.2521477, 0.44962445
6.1907234, 6.068971, 0.44976136
6.5499816, 6.011122, 0.44972646
6.6111927, 6.0459824, 0.4532713
6.5922637, 6.0284643, 0.45434174
6.511123, 6.009276, 0.44994143
6.5334077, 6.1694326, 0.44967628
6.509503, 5.989595, 0.4499293
6.5472946, 6.212641, 0.45009604
6.622736, 6.0570364, 0.452482
6.251944, 6.2534065, 0.43656775
