5.7306857, 5.429903, 0.14979978
5.7524533, 5.467391, 0.14974105
5.7488375, 5.4509706, 0.14973126
5.7293954, 5.4710593, 0.14986347
5.7684255, 5.4311953, 0.14980619
5.7287965, 5.451379, 0.14974478
5.77119, 5.449118, 0.14984721
5.750344, 5.4096074, 0.14984421
5.7078457, 5.4320807, 0.14976062
5.6713676, 5.4903173, 0.14980449
5.7278514, 5.511615, 0.1498202
5.7303476, 5.490532, 0.14986058
5.7487025, 5.4910536, 0.14980859
5.709669, 5.509831, 0.14978744
5.7092366, 5.4899163, 0.14983544
5.6902604, 5.5100155, 0.14988072
5.788536, 5.451015, 0.1498546
5.767601, 5.5124545, 0.14986648
5.789026, 5.490831, 0.14989316
5.7726946, 5.4879456, 0.14969847
5.7697887, 5.4698763, 0.14980489
5.7914977, 5.469365, 0.14979038
5.751408, 5.5089693, 0.14988734
5.7906938, 5.429677, 0.14983627
5.7903366, 5.4102383, 0.14982507
5.8115797, 5.4486074, 0.14981613
5.810812, 5.4101467, 0.14979455
5.8095207, 5.4302177, 0.14986143
5.649837, 5.5303845, 0.14984007
5.649725, 5.490239, 0.14983737
5.6702847, 5.529983, 0.14981465
5.7110105, 5.547944, 0.14981839
5.730446, 5.530033, 0.14990248
5.728736, 5.5515676, 0.14975391
5.749386, 5.5306325, 0.14977564
5.709704, 5.529432, 0.14987066
5.7711964, 5.529161, 0.14974485
5.7521305, 5.5479875, 0.14975278
5.7906103, 5.509944, 0.14969201
5.690589, 5.549759, 0.1498856
5.6692963, 5.5507393, 0.14986947
5.8298297, 5.4504204, 0.14980948
5.8316655, 5.427932, 0.14986154
5.8099537, 5.4898596, 0.14986822
5.830452, 5.469534, 0.14989552
5.7896247, 5.550873, 0.14986165
5.810543, 5.5302224, 0.14955506
5.768267, 5.551533, 0.14969268
5.8293777, 5.490835, 0.1497741
5.8303, 5.510293, 0.1497541
5.808672, 5.390568, 0.14981386
5.8283095, 5.410143, 0.14984095
5.833755, 5.386169, 0.14987935
5.808469, 5.3719215, 0.14990182
5.8517485, 5.4487944, 0.14981528
5.8484197, 5.431431, 0.14984001
5.8480906, 5.4717155, 0.14988044
5.8272433, 5.372059, 0.14980455
5.852722, 5.4071326, 0.14981973
5.6690154, 5.57079, 0.1498306
5.629938, 5.5699177, 0.14981212
5.650028, 5.5496635, 0.14979866
5.650068, 5.5695186, 0.1499083
5.6297846, 5.550264, 0.14982958
5.689942, 5.56992, 0.14974594
5.709316, 5.569693, 0.14974256
5.7289805, 5.5903773, 0.14993277
5.7307186, 5.5699635, 0.14970545
5.71066, 5.589733, 0.1497984
5.747528, 5.571832, 0.1498785
5.6898136, 5.5901933, 0.1497286
5.750858, 5.590272, 0.14984737
5.770787, 5.56922, 0.14991014
5.791278, 5.5691266, 0.14988588
5.8101254, 5.5503087, 0.14995472
5.7705436, 5.5891757, 0.14976992
5.671497, 5.5886197, 0.14974172
5.6501184, 5.590117, 0.14973524
5.870986, 5.4297934, 0.14979984
5.8498063, 5.4902916, 0.14975673
5.8699923, 5.4699035, 0.14980866
5.867094, 5.4523587, 0.14986663
5.868089, 5.492047, 0.14973786
5.8321657, 5.567965, 0.14978737
5.8091874, 5.571025, 0.14976785
5.8298717, 5.5496945, 0.14967106
5.810831, 5.589346, 0.14985575
5.7889657, 5.590885, 0.14982766
5.850616, 5.5490985, 0.14970432
5.8485565, 5.5311227, 0.14992133
5.870266, 5.5105324, 0.14984532
5.8712955, 5.5285807, 0.1498857
5.809402, 5.3514886, 0.14977114
5.7882104, 5.3520694, 0.1498027
5.8524547, 5.368143, 0.14980248
5.8335915, 5.347458, 0.14984609
5.8721485, 5.3892293, 0.14984393
5.867396, 5.3724895, 0.1498166
5.791044, 5.329004, 0.14984629
5.8885183, 5.4513016, 0.14988895
5.8885384, 5.4710474, 0.14972289
5.890717, 5.4292192, 0.14981344
5.8903213, 5.409785, 0.14982712
5.889322, 5.4903774, 0.14971443
5.690787, 5.609162, 0.14992161
5.6292133, 5.590483, 0.14987966
5.6492906, 5.610796, 0.14974432
5.594196, 5.58669, 0.14928679
5.6315746, 5.609228, 0.14974296
5.5897217, 5.570051, 0.14984153
5.7091165, 5.61058, 0.14985485
5.7307634, 5.6092134, 0.14977425
5.7714095, 5.609068, 0.14983319
5.7500434, 5.6303897, 0.14969866
5.747496, 5.6123734, 0.14985195
5.7102885, 5.6297655, 0.14980656
5.7293973, 5.6305447, 0.1498331
5.6905856, 5.6292086, 0.14978088
5.6708603, 5.629458, 0.1498797
5.7919893, 5.608982, 0.14972499
5.8083506, 5.612034, 0.14977887
5.8281446, 5.5910835, 0.14969534
5.849125, 5.5698833, 0.14984624
5.7894106, 5.6298122, 0.14976633
5.6506057, 5.628669, 0.14985381
5.9088445, 5.4310284, 0.1498681
5.9130774, 5.4476566, 0.14978121
5.889785, 5.510507, 0.14991327
5.9136143, 5.486865, 0.14972442
5.907904, 5.471627, 0.14972456
5.8911004, 5.5290484, 0.14977485
5.909057, 5.5101705, 0.14985274
5.871203, 5.5694923, 0.14966002
5.868525, 5.590839, 0.14966778
5.8518586, 5.588118, 0.14970642
5.83291, 5.6077824, 0.14976317
5.868277, 5.550984, 0.14981697
5.8279567, 5.6306615, 0.14971007
5.810367, 5.628906, 0.14977534
5.8907948, 5.5695724, 0.1496879
5.8909564, 5.548396, 0.14988416
5.9132996, 5.5277605, 0.14974338
5.909423, 5.550415, 0.14973496
5.8657618, 5.31426, 0.15073654
5.93251, 5.4675517, 0.1497328
5.927804, 5.452347, 0.14973561
5.931395, 5.4092164, 0.14980659
5.932489, 5.5074396, 0.14980915
5.709062, 5.6505847, 0.14971563
5.669081, 5.6504865, 0.1497898
5.72975, 5.6500926, 0.14973196
5.7705617, 5.6492047, 0.14972301
5.7913303, 5.649033, 0.14970002
5.7487087, 5.670905, 0.14973803
5.7298436, 5.669906, 0.14977814
5.7696486, 5.6697683, 0.14992748
5.689109, 5.670508, 0.14972417
5.7101955, 5.670134, 0.14973539
5.8078895, 5.650914, 0.14991923
5.8311443, 5.6476827, 0.14994696
5.851201, 5.6298137, 0.1498892
5.8713017, 5.6097403, 0.14975311
5.8900666, 5.5901785, 0.14965357
5.810128, 5.6695423, 0.14986953
5.789676, 5.670036, 0.14990671
5.9489045, 5.4297504, 0.14983751
5.94706, 5.472653, 0.14977826
5.9286513, 5.5313864, 0.14984821
5.9512343, 5.489189, 0.14988297
5.948839, 5.510957, 0.1497672
5.9316015, 5.5493555, 0.14974056
5.909705, 5.5695796, 0.14973912
5.9506383, 5.529946, 0.14984873
5.909967, 5.5896463, 0.14972499
5.909681, 5.610225, 0.14991847
5.889618, 5.6294446, 0.1499002
5.8472776, 5.6522636, 0.1499104
5.8509536, 5.669318, 0.14981923
5.829726, 5.669211, 0.14981128
5.9272857, 5.5716214, 0.14977321
5.929724, 5.5904026, 0.1497673
5.948294, 5.5518126, 0.14978011
5.949775, 5.5703683, 0.14972776
5.9695973, 5.5100813, 0.14983068
5.9713297, 5.528932, 0.14973634
5.7301936, 5.6896853, 0.14987014
5.751764, 5.6890316, 0.14993785
5.790225, 5.689913, 0.14980002
5.769537, 5.689685, 0.14985652
5.8085384, 5.6903796, 0.14985755
5.748416, 5.710422, 0.14977959
5.7291207, 5.710386, 0.14987266
5.7702446, 5.7087793, 0.14982826
5.7893143, 5.7106633, 0.14987609
5.830657, 5.6894197, 0.1498792
5.850835, 5.689591, 0.14974868
5.8707337, 5.6692643, 0.14990097
5.890978, 5.6500726, 0.14976054
5.811385, 5.7089925, 0.14978746
5.827712, 5.7125206, 0.14998575
5.9692674, 5.5512176, 0.14974724
5.9889345, 5.5311136, 0.14974618
5.947493, 5.591171, 0.14998819
5.968152, 5.5712237, 0.14977945
5.992674, 5.547833, 0.14971256
5.927536, 5.6316495, 0.14968506
5.949814, 5.6098065, 0.14987285
5.910286, 5.650297, 0.14990729
5.889113, 5.670757, 0.14983778
5.9124064, 5.668588, 0.14986181
5.868652, 5.691098, 0.14996217
5.889441, 5.690721, 0.14980344
5.8509717, 5.7077346, 0.14987162
5.870263, 5.7098966, 0.14975789
5.968921, 5.590866, 0.14991096
5.971147, 5.6097617, 0.14980161
6.0079794, 5.5518417, 0.14969717
5.770232, 5.729103, 0.14977714
5.7892284, 5.730138, 0.14993678
5.8099065, 5.730025, 0.14980744
5.830791, 5.729835, 0.14981642
5.751453, 5.7474003, 0.14836027
5.7709894, 5.7486553, 0.14982842
5.790046, 5.749693, 0.14981028
5.85098, 5.7282534, 0.14986998
5.8882046, 5.710954, 0.14990887
5.9078774, 5.691606, 0.14976141
5.829651, 5.750859, 0.14962728
5.97073, 5.629502, 0.14989763
5.950994, 5.670066, 0.14969397
5.9703755, 5.6483736, 0.14990859
5.8898716, 5.7292953, 0.14970067
5.7900357, 5.7707143, 0.14966698
5.8102307, 5.790474, 0.14970826
5.809516, 5.7500315, 0.14983329
5.6106963, 5.5493436, 0.14985625
5.870406, 5.649379, 0.14980432
5.6683207, 5.4717417, 0.14983113
5.573866, 5.5663753, 0.14866564
5.932148, 5.648477, 0.14976668
5.9744334, 5.4667916, 0.14983492
5.690936, 5.4684744, 0.14983355
5.6685367, 5.611109, 0.14979716
5.9542274, 5.446015, 0.14972638
5.7123218, 5.7068915, 0.14882828
5.76983, 5.3899183, 0.1499102
5.609285, 5.5705996, 0.14979239
5.8104405, 5.47019, 0.14985159
5.6299205, 5.5105233, 0.14980544
5.690304, 5.6492863, 0.14984807
5.8485827, 5.6117625, 0.1497865
5.928153, 5.392458, 0.14987123
5.7510986, 5.7289243, 0.14991294
5.610477, 5.5285425, 0.1497856
5.809852, 5.7699347, 0.14980736
5.7085123, 5.6911, 0.14972943
5.7879972, 5.3914537, 0.14981511
5.689245, 5.4906936, 0.14982799
5.8487043, 5.3903522, 0.14980093
5.7894573, 5.5314126, 0.14976807
5.77034, 5.4097166, 0.14979267
5.690374, 5.530347, 0.14979407
5.987048, 5.5717635, 0.14984949
5.8292427, 5.3303084, 0.1498002
5.7504807, 5.6493797, 0.14977278
6.0119534, 5.567852, 0.1499206
5.850336, 5.5103235, 0.14969017
5.809553, 5.51068, 0.14973558
5.7680435, 5.6314836, 0.14978123
5.811032, 5.3288894, 0.14983684
5.929901, 5.610755, 0.14989035
5.7287, 5.4111295, 0.14991207
5.8686695, 5.630862, 0.14990339
5.9279165, 5.4902706, 0.14990081
5.8664865, 5.4125395, 0.1498197
5.8887305, 5.610797, 0.14973813
5.8294806, 5.530989, 0.14973997
5.90954, 5.629861, 0.14975451
5.9123225, 5.7078924, 0.14981614
5.9315634, 6.068284, 0.15019576
5.7910237, 5.9886208, 0.14948553
5.7090874, 6.011037, 0.14995635
5.9110017, 6.0304303, 0.14987627
5.889114, 6.0710926, 0.14987302
5.9499826, 6.049693, 0.15009697
5.9677935, 6.091149, 0.14989397
5.9308987, 6.1100836, 0.14990059
5.911488, 6.069749, 0.1501163
5.7289367, 6.031148, 0.14947973
5.9074306, 6.0927234, 0.14949083
5.8509274, 5.9295588, 0.15012136
5.8500595, 5.910414, 0.149698
5.891466, 6.0498857, 0.14944221
5.7702785, 6.010339, 0.14964704
5.689217, 6.0301666, 0.150028
5.810424, 5.9709706, 0.14956088
5.831502, 5.969243, 0.1495808
5.750562, 6.0097, 0.14950655
5.8292675, 5.9504366, 0.14996435
5.9297924, 6.050565, 0.14989473
5.7677717, 5.9922686, 0.14968245
5.849042, 5.9503703, 0.14952938
5.8108397, 5.9495373, 0.15008093
5.969022, 6.0494647, 0.1501775
5.9519086, 6.0886793, 0.14965077
5.7299557, 6.009191, 0.14989789
5.7671447, 5.951298, 0.14957024
5.8514776, 5.8894753, 0.14964762
5.831028, 5.930365, 0.14991255
5.790186, 5.969191, 0.15004295
5.910678, 6.1100636, 0.14964058
5.8884926, 6.0899534, 0.15024166
5.9309754, 6.029413, 0.14943674
5.95078, 6.0287843, 0.14962849
5.9301887, 6.0898404, 0.14942257
5.8097887, 5.9896574, 0.14973809
5.9485583, 6.111943, 0.15017064
5.949606, 6.071295, 0.14946996
5.971069, 6.0695314, 0.14941373
5.907718, 6.0522666, 0.1496812
5.8273735, 5.9919553, 0.14999935
5.7885613, 6.0305433, 0.15012944
5.8108606, 6.009588, 0.15015772
5.810105, 6.0300117, 0.1495475
5.7904654, 6.009303, 0.14988989
5.8315325, 6.0078735, 0.14998962
5.731341, 6.0500774, 0.14986981
5.689224, 6.0516434, 0.14966047
5.710812, 6.0488677, 0.14954838
5.7501535, 6.030057, 0.14962302
5.9313946, 5.9892087, 0.14985421
5.911561, 5.989592, 0.14966258
5.9288397, 6.009824, 0.15028372
5.8903217, 6.0093946, 0.1498586
5.8898263, 5.9908113, 0.14946087
5.8690457, 6.011479, 0.14966452
5.950735, 6.0086284, 0.14997493
5.8709893, 6.049039, 0.14997244
5.8878307, 6.031062, 0.15029915
5.870892, 6.0297966, 0.1500715
5.870194, 6.1106386, 0.14976537
5.8706274, 6.0897274, 0.15004383
5.8509765, 6.0691495, 0.14951172
5.8512254, 6.0886874, 0.14976405
5.8696823, 6.0692735, 0.14959253
5.890602, 6.1094847, 0.14936696
5.988389, 6.0521817, 0.14952846
5.970083, 6.010668, 0.14945212
5.9700527, 6.0302925, 0.14985836
5.9906898, 6.0292993, 0.15003754
5.9714723, 6.108613, 0.150007
5.9679017, 6.1316023, 0.14944604
6.0088906, 6.110778, 0.14940444
6.0104227, 6.0882697, 0.15011583
5.951433, 6.130251, 0.14923644
6.008724, 6.0694447, 0.14980401
5.990628, 6.0893893, 0.15010916
5.9899297, 6.1309037, 0.14970249
5.932125, 6.1282716, 0.15013422
5.889824, 6.1301694, 0.149818
5.9080734, 6.1523004, 0.14949489
5.9090796, 6.130702, 0.15009901
5.9506307, 6.149486, 0.14966756
5.6689, 6.050656, 0.1500934
5.769871, 6.0496216, 0.14980567
5.7492743, 6.050396, 0.15012309
5.750734, 6.0698833, 0.14963642
5.710277, 6.070001, 0.14992812
5.730048, 6.069997, 0.15018131
5.850825, 5.9698954, 0.14981404
5.8895707, 5.9107428, 0.15012646
5.868945, 5.970895, 0.15003772
5.8899374, 5.9503937, 0.14982507
5.871941, 5.9086423, 0.14989604
5.8901834, 5.9303474, 0.14949992
5.870365, 5.949647, 0.1496048
5.8689938, 5.93006, 0.14988787
5.850277, 6.0294294, 0.1498178
5.6898794, 6.071307, 0.14963979
5.670327, 6.0703945, 0.14956197
5.6497135, 6.050405, 0.14978074
5.8497, 5.98899, 0.15014686
5.848573, 6.011147, 0.14947772
5.872049, 5.9897256, 0.1497936
5.8903756, 5.9698715, 0.15022095
6.0108776, 6.050042, 0.14935327
5.988228, 6.012043, 0.14961322
5.869657, 6.130881, 0.14954934
5.8880115, 6.150879, 0.1502431
5.849628, 6.109441, 0.15018344
5.949581, 5.9896674, 0.15004377
5.969036, 5.990895, 0.1502582
5.8291917, 6.031258, 0.14959708
5.9714937, 6.1486325, 0.14992559
5.8101516, 6.049406, 0.14971857
5.8116775, 6.0680714, 0.15011504
5.7893, 6.070665, 0.14967617
5.7707205, 6.071006, 0.14957054
5.8282804, 6.0518293, 0.15000364
5.828405, 6.0699406, 0.1502589
5.7081842, 6.0910683, 0.15012492
5.7310696, 6.0882516, 0.14951584
5.749768, 6.0904016, 0.14966947
5.6883287, 6.0910707, 0.14996943
5.6497617, 6.070585, 0.15012008
5.66938, 6.0901027, 0.14965114
5.9461894, 5.95381, 0.1506062
5.9107366, 5.970304, 0.14975466
5.9084473, 5.9509125, 0.15002593
5.9297647, 5.970948, 0.14944518
5.9292107, 5.950506, 0.1502226
5.950982, 5.968763, 0.14955021
5.8310137, 6.0890927, 0.14950155
5.8290725, 6.110641, 0.14981718
5.830362, 6.1296997, 0.15006517
5.850101, 6.1498685, 0.1496566
5.8723783, 6.148672, 0.14997554
5.8079996, 6.0915174, 0.14966874
5.811559, 6.1091776, 0.14957587
6.030682, 6.0490885, 0.14951518
6.0309396, 6.069737, 0.15003374
5.9887815, 6.1509175, 0.15021385
6.0099, 6.129818, 0.14991349
5.9502387, 6.1698995, 0.1501804
5.968364, 6.169844, 0.15025592
6.0291924, 6.130558, 0.1501597
6.0489273, 6.0910153, 0.14931306
6.027975, 6.0912933, 0.14955217
6.030187, 6.1089597, 0.14959025
6.049745, 6.1098104, 0.1498187
5.9293113, 6.1720257, 0.14992635
5.9088326, 6.1715827, 0.14960822
5.869537, 6.169613, 0.14991045
5.892483, 6.168896, 0.14908895
5.927868, 6.1913714, 0.15039259
5.8903594, 6.188799, 0.14960746
5.9112434, 6.189972, 0.15000106
5.948719, 6.190472, 0.14972012
5.9687247, 6.1908975, 0.14947437
5.651709, 6.0899224, 0.14944215
5.7701144, 6.0910325, 0.14998125
5.7918305, 6.0880175, 0.1501424
5.7684484, 6.1096873, 0.15024842
5.7494316, 6.110159, 0.15003486
5.729283, 6.1090903, 0.14970432
5.70946, 6.111262, 0.14946483
5.6893682, 6.109913, 0.15014832
5.907534, 5.913054, 0.15079553
5.9259014, 5.934419, 0.1509941
5.6708336, 6.1097913, 0.1500179
5.63082, 6.088655, 0.15013507
5.6501684, 6.109852, 0.1496797
5.849448, 6.170744, 0.15011881
5.8288217, 6.150353, 0.14936204
5.8719234, 6.18907, 0.14943841
5.8090296, 6.130296, 0.15002452
5.7896543, 6.109596, 0.14961413
5.6915874, 6.129429, 0.1494712
5.730801, 6.129757, 0.15010603
5.7109327, 6.1298666, 0.14978915
5.7481275, 6.1305704, 0.15028131
5.7694154, 6.1297445, 0.1495297
5.6684723, 6.1308374, 0.15008996
5.629646, 6.1093335, 0.1495359
5.6495724, 6.130324, 0.15001549
5.790181, 6.129577, 0.149724
5.8105307, 6.148883, 0.14989625
5.8305097, 6.169734, 0.14979355
5.811356, 6.1690197, 0.14947146
5.7897444, 6.1505284, 0.1501324
5.849775, 6.1914062, 0.14963359
5.8302045, 6.188659, 0.1501932
5.951387, 6.2083526, 0.14967126
5.9313684, 6.2106724, 0.14923513
5.90972, 6.2086234, 0.15017644
5.8907676, 6.2089467, 0.15021713
5.8686647, 6.211693, 0.14990236
5.849147, 6.2101307, 0.14952913
5.9102283, 6.2303057, 0.14954828
5.888184, 6.230838, 0.14968322
5.630446, 6.129038, 0.1496691
5.770576, 6.148928, 0.14979327
5.7492204, 6.1513658, 0.14949623
5.729862, 6.149949, 0.15002802
5.7106338, 6.1507783, 0.1501573
5.6916595, 6.1488247, 0.14980592
5.6688895, 6.15119, 0.14946608
5.65104, 6.148696, 0.15008068
5.629085, 6.1504817, 0.14999588
5.8313317, 6.2089906, 0.14937238
5.810956, 6.1893497, 0.14988025
5.791193, 6.1711535, 0.14951155
5.8499603, 6.228876, 0.14996117
5.710211, 6.1697617, 0.14992686
5.688681, 6.1715236, 0.1501464
5.6701016, 6.169834, 0.14979595
5.749995, 6.1706915, 0.14986734
5.7294617, 6.1707606, 0.14952427
5.769785, 6.168599, 0.15015964
5.6512065, 6.1692333, 0.14946036
5.6118608, 6.149139, 0.14967379
5.631493, 6.1687193, 0.1500851
5.788676, 6.1906667, 0.14952923
5.809382, 6.210564, 0.15020695
5.7893224, 6.2104425, 0.14993279
5.7687926, 6.191141, 0.14946802
5.8289266, 6.2304916, 0.14961241
5.8104477, 6.22971, 0.14925985
5.89166, 6.2492023, 0.14968139
5.8712516, 6.249331, 0.14944233
5.849654, 6.2502394, 0.15030369
5.8302627, 6.24974, 0.1500569
5.610955, 6.167498, 0.1497303
5.730042, 6.19022, 0.14988334
5.709439, 6.1903577, 0.14952685
5.688754, 6.1904507, 0.1500089
5.6701074, 6.1898484, 0.1501284
5.649456, 6.1899066, 0.14976147
5.809875, 6.249562, 0.14966008
5.7900515, 6.2296715, 0.15020327
5.769802, 6.2109075, 0.1495928
5.829504, 6.2688622, 0.15025204
5.8503532, 6.270269, 0.14938325
5.6913123, 6.2093496, 0.14952987
5.7104707, 6.210992, 0.14990349
5.7298803, 6.2093234, 0.15022807
5.6688175, 6.210116, 0.15004693
5.75001, 6.209859, 0.14940502
5.771077, 6.2284546, 0.14995542
5.790011, 6.250913, 0.14930798
5.74966, 6.232826, 0.14963903
5.7686653, 6.250726, 0.15010175
5.8087273, 6.271133, 0.1500916
5.7894998, 6.268616, 0.14965099
5.8483987, 6.2914257, 0.14982574
5.8110495, 6.2893224, 0.1502497
5.86994, 6.3106356, 0.1496298
5.710558, 6.228495, 0.15021184
5.7297025, 6.230808, 0.149432
5.6885242, 6.231052, 0.14984189
5.674867, 6.226629, 0.14951693
5.767274, 6.2716255, 0.14926681
5.7921324, 6.2881064, 0.15010157
5.748831, 6.2513795, 0.14996736
5.8490605, 6.310337, 0.150278
5.809973, 6.3104243, 0.1494223
5.8295107, 6.3104663, 0.14984895
5.709731, 6.2504287, 0.1494508
5.69258, 6.2475243, 0.15012291
5.731461, 6.249037, 0.1495895
5.749408, 6.2694445, 0.15016466
5.769728, 6.2894735, 0.14965886
5.72932, 6.2693424, 0.14991108
5.7498817, 6.290565, 0.14931302
5.788621, 6.309085, 0.15028274
5.769117, 6.3098145, 0.15004046
5.827646, 6.331267, 0.15027116
5.791502, 6.3297653, 0.14941154
5.8088164, 6.330272, 0.14981511
5.849726, 6.349157, 0.14959611
5.7120495, 6.2686315, 0.14943358
5.731257, 6.2877326, 0.15014686
5.7513065, 6.308446, 0.14930332
5.829511, 6.351647, 0.14963801
5.850396, 6.04905, 0.15023017
5.7494783, 6.189387, 0.15020904
5.9083767, 6.010893, 0.15008917
5.8502274, 5.749231, 0.14976901
5.993515, 5.587143, 0.14981066
5.9134235, 5.3877068, 0.14986584
6.046748, 6.0544877, 0.15067393
5.7503486, 5.4296637, 0.14984822
5.790754, 5.928985, 0.14940582
5.7904377, 6.049843, 0.14946763
5.9900093, 6.110695, 0.1493822
5.851865, 6.129308, 0.14924198
5.770459, 6.029571, 0.15002684
5.9891124, 6.070362, 0.1496248
5.7733545, 6.325983, 0.15027711
5.952491, 5.6274395, 0.14983542
5.869436, 6.229702, 0.15033759
5.829874, 6.2905335, 0.14941888
6.051584, 6.0690007, 0.15020351
5.981428, 5.415903, 0.14862914
5.57011, 5.54971, 0.14980245
5.929974, 5.43088, 0.1499094
5.966875, 5.4920263, 0.14984748
5.987553, 5.512864, 0.14985313
6.0097895, 5.5298104, 0.14972408
5.9291515, 6.151195, 0.14941491
5.7927437, 6.347593, 0.14963272
5.8499255, 6.3279843, 0.14974074
5.987003, 5.3653913, 0.19143616
5.886414, 5.3927293, 0.14989172
5.9730334, 5.326701, 0.18065898
5.630585, 6.188814, 0.14915995
5.905936, 5.4136095, 0.14978564
5.850725, 5.7695346, 0.14975685
5.7928653, 5.7861137, 0.14836414
5.8480225, 5.352271, 0.14989527
5.949663, 5.409363, 0.14987
5.931144, 5.3279276, 0.1807213
5.986983, 5.335071, 0.1807003
5.9162555, 5.3437586, 0.18056487
5.6517887, 5.646792, 0.14855616
5.9669228, 5.452107, 0.14974484
5.6144047, 5.6064057, 0.14945953
5.6324844, 5.6271777, 0.14838424
6.068303, 6.0757885, 0.15066749
5.908763, 5.330272, 0.18063751
5.8104324, 6.3494854, 0.15026416
5.610839, 5.5895715, 0.14988053
5.9496546, 6.2296185, 0.1500577
5.7502465, 5.3698807, 0.14981669
5.809052, 5.8911057, 0.14988722
5.870228, 6.2688913, 0.14974438
5.733061, 5.7268667, 0.14907992
5.9493356, 5.3701134, 0.18063574
5.972209, 5.3712516, 0.18342689
5.7098126, 5.4500117, 0.14983149
5.772507, 5.929149, 0.14982812
6.013591, 5.426538, 0.18066047
5.948983, 5.391361, 0.15116875
5.890554, 6.270241, 0.15018004
5.9655404, 5.3118668, 0.1806896
5.9502873, 5.295408, 0.18070051
6.0014815, 5.348773, 0.18267654
5.952014, 5.347594, 0.18066786
5.8515725, 5.3086543, 0.14983195
5.9304104, 5.3499618, 0.1806527
6.008786, 6.1492057, 0.1502989
5.9341855, 5.3643675, 0.18059808
5.5894985, 5.5505457, 0.14983785
6.071195, 6.090209, 0.14950296
5.967971, 5.9742575, 0.15230277
6.009835, 6.1684895, 0.14944004
5.6741147, 5.6649494, 0.14880554
6.0649037, 5.4745226, 0.1807137
5.651112, 6.209315, 0.14987527
5.6082873, 6.1310954, 0.14956023
5.7682905, 5.7696323, 0.12880921
5.972522, 5.4279556, 0.1497105
6.120326, 5.468089, 0.18228796
5.7704096, 5.970225, 0.15000023
5.5909424, 5.5129523, 0.14826293
5.668378, 5.5118423, 0.14985462
5.6301155, 5.5305166, 0.14984998
6.028387, 6.0335164, 0.15038344
5.5921187, 6.1487737, 0.14950122
5.992861, 5.3520217, 0.18551435
5.77666, 6.341724, 0.14853571
