8.513687, 8.242086, 0.24684373
8.50692, 8.226631, 0.19917151
8.487812, 8.254324, 0.19127908
8.486724, 8.269301, 0.23379703
8.527799, 8.227671, 0.23112752
8.535062, 8.208818, 0.26424778
8.549388, 8.205924, 0.24590021
8.554258, 8.210591, 0.2867058
8.567097, 8.188034, 0.22999416
8.551167, 8.231887, 0.32932636
8.482518, 8.305518, 0.3749765
8.475902, 8.316887, 0.3551588
8.506538, 8.284885, 0.35127985
8.513165, 8.27124, 0.37099424
8.496444, 8.295217, 0.36452684
8.516337, 8.271227, 0.34131393
8.485335, 8.304444, 0.34704947
8.470512, 8.312451, 0.32906103
8.590689, 8.154512, 0.26755583
8.571671, 8.217579, 0.3456744
8.583958, 8.206707, 0.3494048
8.549968, 8.235732, 0.37442037
8.541697, 8.25217, 0.3489202
8.564934, 8.2249365, 0.36546028
8.505032, 8.283933, 0.38316938
8.474031, 8.316899, 0.38821158
8.454057, 8.335743, 0.38547853
8.463162, 8.322579, 0.37450922
8.446744, 8.342106, 0.34441724
8.442454, 8.346101, 0.3673513
8.532273, 8.26317, 0.3620759
8.5442505, 8.247303, 0.39003327
8.608856, 8.182152, 0.3503541
8.610719, 8.172259, 0.3292362
8.583576, 8.203164, 0.37304363
8.625181, 8.165597, 0.34983218
8.575738, 8.214699, 0.38712692
8.428437, 8.358031, 0.37625337
8.424988, 8.364505, 0.34629565
8.408316, 8.377343, 0.37449756
8.415787, 8.37594, 0.35183403
8.416341, 8.372842, 0.38380337
8.63294, 8.114025, 0.2722706
8.640417, 8.140516, 0.323501
8.629953, 8.153387, 0.33025584
8.6338625, 8.152123, 0.37547413
8.626991, 8.164542, 0.3896288
8.6498995, 8.144431, 0.363176
8.403251, 8.383224, 0.33796105
8.398201, 8.392146, 0.38351083
8.661846, 8.1313, 0.3929952
8.683662, 8.074024, 0.5092327
8.49876, 8.257016, 0.22346278
8.487476, 8.268301, 0.20665705
8.673929, 8.116419, 0.3484893
8.448298, 8.327577, 0.3104216
8.504834, 8.241765, 0.27146792
8.456083, 8.336952, 0.35546988
8.642309, 8.148711, 0.35059547
8.615329, 8.171115, 0.37020314
8.405183, 8.387487, 0.3921781
8.688351, 8.066975, 0.53143585
8.6925125, 8.063736, 0.49442476
8.471833, 8.275158, 0.27240974
8.434432, 8.354748, 0.38341555
8.403638, 8.390481, 0.35062405
8.434421, 8.357103, 0.35176355
8.593619, 8.158539, 0.23266707
8.530481, 8.225056, 0.24446529
8.649142, 8.135924, 0.33441427
8.593375, 8.198361, 0.35223034
8.586477, 8.169592, 0.23676144
8.562992, 8.229643, 0.392703
8.492934, 8.263091, 0.24327636
8.473148, 8.282088, 0.24274436
8.465693, 8.32331, 0.3452071
8.505, 8.250774, 0.23310086
8.5605545, 8.186975, 0.27391428
8.424629, 8.368714, 0.39321145
8.606171, 8.182779, 0.383128
8.594758, 8.197047, 0.3906332
8.501861, 8.253678, 0.19961414
8.422323, 8.364393, 0.3663403
8.7039995, 8.05249, 0.5297045
8.72859, 8.0274, 0.51372224
8.793469, 7.963279, 0.47594386
8.806002, 7.949667, 0.469194
8.794315, 7.961354, 0.43093503
8.798088, 7.957581, 0.44293123
8.808733, 7.9469633, 0.4278124
8.817366, 7.938331, 0.4560486
8.838923, 7.9168267, 0.47817397
8.787168, 7.969084, 0.40792903
8.852532, 7.903309, 0.4724852
8.917527, 7.837534, 0.4341611
8.921214, 7.833851, 0.44769567
8.935452, 7.8198614, 0.44335622
8.9317255, 7.823589, 0.42960176
8.921547, 7.833765, 0.3937752
8.953912, 7.8015227, 0.45544133
8.959499, 7.7959356, 0.4777604
8.947505, 7.8076415, 0.49129653
8.973936, 7.7818313, 0.47406057
8.963084, 7.7923703, 0.48910704
8.988642, 7.7675004, 0.47123584
9.016712, 7.7379837, 0.53361726
9.031478, 7.723638, 0.5312608
9.057431, 7.730266, 0.6434507
9.083977, 7.701064, 0.63462365
9.0464115, 7.7453294, 0.65117115
9.031901, 7.7599263, 0.6521622
9.03627, 7.754342, 0.6872154
9.090074, 7.6962404, 0.67079
8.974369, 7.789929, 0.58936715
9.121675, 7.66784, 0.67068297
8.980568, 7.8041034, 0.6349504
9.136281, 7.6534185, 0.66802734
9.051129, 7.7398033, 0.6872833
9.074881, 7.715533, 0.64977545
9.050751, 7.730591, 0.6266663
8.432575, 8.350114, 0.32814535
9.061549, 7.7257514, 0.6730662
9.06525, 7.7247076, 0.6877531
9.036361, 7.7457914, 0.6258923
9.107211, 7.6833954, 0.668071
9.007978, 7.7833924, 0.69048595
9.134927, 7.656205, 0.65147525
8.490811, 8.29279, 0.33062583
8.972954, 7.8142023, 0.66860056
9.023905, 7.7602963, 0.6320461
9.167095, 7.6242294, 0.6679324
9.004708, 7.7504067, 0.54663455
9.017193, 7.7745295, 0.6525549
9.015203, 7.768903, 0.6707194
9.069466, 7.7134004, 0.62969184
9.009491, 7.774051, 0.63090724
9.034001, 7.721114, 0.54375017
9.164929, 7.6267476, 0.6500953
8.524386, 8.258556, 0.32903823
9.032782, 7.7126694, 0.56933
8.985527, 7.8038177, 0.6473189
9.156178, 7.626954, 0.627569
9.103963, 7.6863527, 0.6465233
9.033755, 7.757245, 0.6679119
9.028006, 7.7600775, 0.6423025
9.049208, 7.744164, 0.6629094
9.142553, 7.641655, 0.6318719
8.963317, 7.831984, 0.6681406
9.046542, 7.7090406, 0.5300737
9.089569, 7.7008724, 0.64888185
9.075544, 7.7107344, 0.67250943
9.022414, 7.7688746, 0.68968517
8.972209, 7.818826, 0.6490264
8.987226, 7.7981915, 0.6735961
9.121805, 7.6708775, 0.65679765
9.055156, 7.698221, 0.5827179
9.002993, 7.7891016, 0.6541119
9.094973, 7.695541, 0.6873453
9.15025, 7.6414776, 0.6517151
9.170277, 7.621788, 0.6893305
9.049067, 7.7378945, 0.6771779
9.127514, 7.655384, 0.6296573
9.017594, 7.7341657, 0.5471104
9.148942, 7.6364927, 0.6721406
9.155022, 7.6364517, 0.6892883
8.99013, 7.7649107, 0.54846513
9.040569, 7.745556, 0.6363822
9.062416, 7.7301083, 0.6562127
9.049893, 7.6960635, 0.56962794
8.96592, 7.816582, 0.6270375
9.003507, 7.7854013, 0.67033964
9.141232, 7.651173, 0.6929183
8.963582, 7.8273416, 0.6873922
9.169542, 7.6115894, 0.6253946
9.177167, 7.6113873, 0.6450007
9.181408, 7.611347, 0.6560888
9.194618, 7.596589, 0.6503555
9.19464, 7.591651, 0.675263
9.188286, 7.596688, 0.63391155
9.062021, 7.693988, 0.52629405
9.044141, 7.6978955, 0.4884859
9.076359, 7.6782885, 0.53189045
8.985607, 7.790223, 0.6111456
9.203457, 7.58188, 0.63309497
9.190773, 7.585901, 0.6107078
9.20919, 7.5817986, 0.64798284
9.209784, 7.5768538, 0.67474425
9.223272, 7.566317, 0.6474709
9.208882, 7.5666857, 0.610465
9.229182, 7.561694, 0.6882484
9.1355505, 7.6119146, 0.5511423
9.1551075, 7.6007295, 0.545347
9.1224575, 7.6340737, 0.5299299
9.238182, 7.5514755, 0.6456795
9.238458, 7.547267, 0.6682677
9.170307, 7.586337, 0.5425931
9.176218, 7.5678763, 0.5369641
9.167626, 7.5965886, 0.5868974
8.658516, 8.114022, 0.301466
8.611351, 8.135546, 0.27204347
8.411268, 8.370405, 0.32578477
9.096452, 7.6721888, 0.5926468
8.453026, 8.330301, 0.33024186
9.142088, 7.627719, 0.5924422
8.642837, 8.148316, 0.38911623
8.54908, 8.245302, 0.36487916
9.072184, 7.682463, 0.511104
8.527901, 8.26535, 0.35629904
8.959537, 7.828186, 0.6737322
8.404843, 8.384689, 0.3657727
8.536214, 8.253033, 0.37672302
8.495007, 8.297621, 0.39279073
8.538299, 8.253195, 0.34517914
9.1095705, 7.6462784, 0.5440084
9.094721, 7.660501, 0.5472571
8.779069, 7.9766216, 0.48070133
8.546064, 8.209162, 0.22814657
8.630834, 8.162983, 0.36423117
8.557967, 8.233038, 0.35031974
8.651682, 8.103947, 0.23908117
8.994143, 7.7895694, 0.63195384
8.398454, 8.394917, 0.35303852
8.617947, 8.13789, 0.24079287
8.600927, 8.194078, 0.3639315
8.526448, 8.264766, 0.38876307
8.495791, 8.255782, 0.251991
8.785418, 7.9751487, 0.3948802
8.64266, 8.076817, 0.23187599
8.6366005, 8.111193, 0.2529339
8.51808, 8.237457, 0.22445785
8.621281, 8.134556, 0.24710867
8.993597, 7.798058, 0.6906358
8.991598, 7.8035603, 0.6626762
8.649797, 8.105858, 0.24383873
8.956393, 7.7987556, 0.52974975
8.802731, 7.952967, 0.40910596
8.571674, 8.179183, 0.2269423
8.697898, 8.05835, 0.51147574
8.456883, 8.327942, 0.37083286
8.411911, 8.411057, 0.34731063
8.56576, 8.189342, 0.24330288
8.654769, 8.134093, 0.3444107
9.137927, 7.607977, 0.5706569
9.004555, 7.742523, 0.5716556
8.603809, 8.146951, 0.25299376
8.442312, 8.350695, 0.39281178
8.56091, 8.231602, 0.354302
8.496236, 8.295893, 0.35321087
9.003429, 7.751262, 0.47354183
8.8059225, 7.9497566, 0.44973397
8.9626465, 7.8057337, 0.5919249
8.55855, 8.19655, 0.23089266
8.977167, 7.778601, 0.48756707
9.106965, 7.648885, 0.5302335
8.717658, 8.038469, 0.5273896
8.471605, 8.294232, 0.28818756
8.991264, 7.776455, 0.5891939
8.661914, 8.095657, 0.29253367
8.537741, 8.217571, 0.22646041
9.015759, 7.727661, 0.56475884
8.583464, 8.203045, 0.33843598
9.003937, 7.75202, 0.5312774
8.648241, 8.12784, 0.31075874
8.970148, 7.785289, 0.5235465
8.976628, 7.8128753, 0.6832084
9.050157, 7.7054296, 0.5482839
9.182748, 7.6096816, 0.6679849
9.183853, 7.606439, 0.6878732
8.59871, 8.189473, 0.36791238
8.478801, 8.309311, 0.3683483
9.200889, 7.591786, 0.6924569
9.064862, 7.6912384, 0.545164
8.824017, 7.931693, 0.4657446
9.12551, 7.6307116, 0.54743433
8.826061, 7.9296365, 0.4863762
8.974898, 7.8447475, 0.6471057
9.092104, 7.6631174, 0.5334852
9.1984, 7.5916967, 0.6856748
9.224077, 7.5622363, 0.67064846
8.422001, 8.36416, 0.33762407
8.971092, 7.784271, 0.5454284
9.06491, 7.6829586, 0.5737729
8.9561615, 7.790669, 0.55290055
9.151618, 7.6110144, 0.58739907
9.057833, 7.698268, 0.5101704
8.819454, 7.936243, 0.46314502
8.655681, 8.133461, 0.38393685
8.987308, 7.768458, 0.5328165
9.1939745, 7.5504146, 0.55068
8.950723, 7.8044252, 0.50481737
9.2427, 7.5485353, 0.67330736
8.702954, 8.062669, 0.41856763
9.053674, 7.7024283, 0.49064964
8.502224, 8.285335, 0.37946394
8.396557, 8.387754, 0.3302838
9.026934, 7.728182, 0.50965416
8.616826, 8.13901, 0.23869097
8.968634, 7.8384905, 0.6558424
8.580652, 8.21247, 0.39423254
9.125222, 7.665761, 0.69059813
8.998554, 7.789302, 0.6429
9.15169, 7.60311, 0.53025603
9.183997, 7.571205, 0.5394715
9.089308, 7.646596, 0.50638235
9.007662, 7.7470307, 0.49186715
8.767189, 7.9885473, 0.49166402
8.753151, 8.002652, 0.49515733
8.441713, 8.344919, 0.33855927
8.756484, 7.9993176, 0.5065238
9.117379, 7.6709614, 0.6453007
8.701988, 8.054128, 0.47683108
9.183175, 7.5627847, 0.5705697
8.924531, 7.830781, 0.40402296
8.743449, 8.012428, 0.5068811
9.213755, 7.5769644, 0.6854858
8.785864, 7.969819, 0.48667812
8.813356, 7.9428806, 0.49374288
9.023921, 7.7311945, 0.4957991
9.038201, 7.7173824, 0.4906733
8.417467, 8.358882, 0.31140354
8.557192, 8.18872, 0.26964733
9.103292, 7.6525564, 0.5114422
9.019472, 7.7356462, 0.47613412
8.937615, 7.8179913, 0.39521167
8.56838, 8.218086, 0.3766322
9.123453, 7.614933, 0.5178715
9.125647, 7.623208, 0.5754433
8.675392, 8.080864, 0.4442202
9.212403, 7.5366616, 0.55138296
8.686061, 8.070059, 0.43087867
8.967312, 7.7881246, 0.5109265
9.117631, 7.666131, 0.6679565
9.196801, 7.548057, 0.5657743
8.99815, 7.7757635, 0.60553867
8.585294, 8.170823, 0.24521147
9.178075, 7.6063075, 0.67223626
9.112894, 7.6378684, 0.5812705
9.201582, 7.554509, 0.549801
9.093577, 7.6588364, 0.5508671
9.1609, 7.6268144, 0.6396434
9.010458, 7.7426066, 0.58284557
9.137677, 7.6510544, 0.6834067
9.093982, 7.70079, 0.6602781
8.980552, 7.812866, 0.6935193
9.109654, 7.680936, 0.6864153
9.215072, 7.581712, 0.6639195
8.613478, 8.179593, 0.39401296
8.906786, 7.8497076, 0.44738373
8.521099, 8.260259, 0.32485682
8.55539, 8.233121, 0.3820136
9.169602, 7.577332, 0.570295
8.473354, 8.271425, 0.25273168
8.539043, 8.206553, 0.20838027
8.600232, 8.18616, 0.33815828
9.136811, 7.6182733, 0.5307502
8.595613, 8.179473, 0.3083908
8.857702, 7.9029455, 0.48052746
8.995758, 7.7491646, 0.46749067
8.955277, 7.800162, 0.46078056
8.666256, 8.12635, 0.36554345
8.980093, 7.7907567, 0.59797376
9.080884, 7.710142, 0.689676
8.839774, 7.915978, 0.48124024
9.152372, 7.5967064, 0.55498713
9.139205, 7.627936, 0.58539784
9.078108, 7.6677494, 0.57137436
8.696023, 8.059973, 0.4155012
9.087803, 7.6674175, 0.5117389
9.16907, 7.587579, 0.5356348
8.538139, 8.234381, 0.30157173
8.481543, 8.274236, 0.19803114
8.713769, 8.04234, 0.5143109
9.0777, 7.7100964, 0.6811593
8.937243, 7.8120813, 0.40791935
8.798772, 7.9568973, 0.49668977
8.944996, 7.7987256, 0.44959518
8.772276, 7.9849944, 0.5060644
8.785827, 7.9698644, 0.5041396
9.1010065, 7.687658, 0.6337806
8.991591, 7.7645497, 0.48365378
8.869076, 7.910349, 0.47977537
8.991041, 7.755983, 0.5721684
9.069675, 7.6849694, 0.49902543
8.866466, 7.8895564, 0.46767622
9.153727, 7.641447, 0.6608075
9.020146, 7.7744317, 0.6600701
8.614499, 8.179574, 0.35843366
8.684853, 8.081064, 0.50009346
8.719826, 8.060692, 0.5367756
8.643954, 8.0786, 0.3002707
8.647189, 8.081319, 0.22965424
8.637205, 8.15069, 0.38051105
8.847598, 7.9082375, 0.45496246
8.892673, 7.8636045, 0.4519345
8.731456, 8.024537, 0.52351433
8.705274, 8.05233, 0.48417428
8.725043, 8.032123, 0.49955922
9.223604, 7.5518494, 0.60823035
8.863298, 7.8941813, 0.4530976
