6.492576, 5.1723757, 0.50592774
6.521543, 5.1435275, 0.48983437
6.5121245, 5.152511, 0.46988025
6.5140243, 5.1507306, 0.5513962
6.492017, 5.172341, 0.5495305
6.4713655, 5.193171, 0.5488338
6.4714556, 5.1934013, 0.487874
6.461798, 5.202277, 0.49613866
6.4735827, 5.191241, 0.51512134
6.52132, 5.142763, 0.53280044
6.512499, 5.152441, 0.52696174
6.470692, 5.19354, 0.52618295
6.541851, 5.124468, 0.53219515
6.5294676, 5.1299167, 0.45171124
6.5330753, 5.132636, 0.48582205
6.5307584, 5.1343126, 0.5298483
6.551932, 5.1136665, 0.5086347
6.5516686, 5.1130767, 0.47031227
6.468953, 5.1914296, 0.45164275
6.4607697, 5.204388, 0.45606595
6.5302205, 5.1339207, 0.5722432
6.51086, 5.1535325, 0.57027394
6.522997, 5.142191, 0.57434165
6.473018, 5.1919966, 0.57167983
6.4882197, 5.18628, 0.59663403
6.464566, 5.2013645, 0.56386673
6.473293, 5.192968, 0.5900398
6.441482, 5.224193, 0.53368485
6.4538507, 5.2113495, 0.57046217
6.45221, 5.2131925, 0.530107
6.4534125, 5.2121778, 0.50715196
6.4667296, 5.20541, 0.5932698
6.4539294, 5.2110357, 0.49125454
6.442711, 5.222099, 0.5120722
6.449983, 5.2096834, 0.4532343
6.432178, 5.2330027, 0.5094431
6.5719123, 5.0927258, 0.55160064
6.563778, 5.1020193, 0.5540954
6.5516148, 5.113957, 0.56692934
6.5741854, 5.09103, 0.5109412
6.561948, 5.1025887, 0.50961304
6.4311557, 5.2339005, 0.5458066
6.4343286, 5.232213, 0.5943967
6.421626, 5.2425723, 0.5530614
6.4130697, 5.2521024, 0.5513969
6.4121723, 5.252682, 0.48779565
6.592387, 5.071889, 0.57515687
6.603791, 5.061171, 0.5738702
6.5935535, 5.0711517, 0.5370159
6.4101315, 5.2497406, 0.4509133
6.621095, 5.0432696, 0.5666755
6.613813, 5.0519853, 0.56945974
6.611958, 5.052907, 0.53270566
6.6243286, 5.040822, 0.52487606
6.631792, 5.0333576, 0.5647273
6.6134896, 5.05136, 0.49269077
6.641462, 5.024456, 0.55618745
6.653192, 5.011459, 0.55122954
6.633849, 5.0320716, 0.51581335
6.64177, 5.022596, 0.5148007
6.652672, 5.0124063, 0.51150554
6.632345, 5.032017, 0.4689804
6.6237807, 5.042143, 0.46743792
6.673447, 4.9916916, 0.54381144
6.6612926, 5.003005, 0.45316482
6.4409766, 5.2249603, 0.47051466
6.483672, 5.1814837, 0.54663014
6.4622717, 5.2027483, 0.52538264
6.4326935, 5.2321076, 0.570577
6.5119033, 5.1524234, 0.49204174
6.411311, 5.2541914, 0.58750385
6.441675, 5.222862, 0.57256216
6.4109817, 5.2537208, 0.5278481
6.5407443, 5.1253085, 0.57117087
6.5227795, 5.14302, 0.4543332
6.421231, 5.243987, 0.51221454
6.591454, 5.073875, 0.48853064
6.553551, 5.1140337, 0.596749
6.4910717, 5.1736627, 0.56676495
6.58151, 5.0839257, 0.55275255
6.49325, 5.171534, 0.5331432
6.5320163, 5.1333127, 0.47158957
6.5099893, 5.1488056, 0.4508539
6.4620433, 5.2038875, 0.5528645
6.67155, 4.992885, 0.47168714
6.6324577, 5.0327654, 0.49082494
6.5917463, 5.0732155, 0.5123263
6.450934, 5.214138, 0.58832335
6.5722084, 5.092563, 0.49025515
6.4821873, 5.183028, 0.47197866
6.492944, 5.1714816, 0.49294347
6.5812254, 5.082882, 0.5139073
6.5448594, 5.120942, 0.46852297
6.5538063, 5.1115217, 0.53092027
6.532984, 5.1326847, 0.51178414
6.450657, 5.2144775, 0.5544139
6.5609765, 5.1044626, 0.4586994
6.670439, 4.988637, 0.45404035
6.5429807, 5.1222243, 0.507799
6.571154, 5.093835, 0.5277317
6.5027905, 5.161375, 0.5265205
6.4816895, 5.1834664, 0.5379862
6.4624925, 5.2019596, 0.5096942
6.6019897, 5.063813, 0.5087389
6.592223, 5.0722165, 0.547279
6.4141226, 5.251489, 0.5737652
6.643826, 5.0212526, 0.46803752
6.5297303, 5.134846, 0.5483367
6.514012, 5.150456, 0.51185215
6.610862, 5.0536137, 0.505642
6.6125574, 5.052593, 0.46850383
6.601861, 5.062499, 0.47132686
6.6331067, 5.0325885, 0.5289195
6.502214, 5.1629996, 0.5554162
6.504199, 5.160988, 0.49056995
6.3730106, 5.292472, 0.43127698
6.34956, 5.3158083, 0.44547647
6.373336, 5.291635, 0.4110823
6.321849, 5.342635, 0.42795473
6.38208, 5.282449, 0.36870915
6.3525395, 5.3126683, 0.37027898
6.301219, 5.36331, 0.43284085
6.332252, 5.3322988, 0.388888
6.3118644, 5.3529277, 0.4098885
6.3721986, 5.2927465, 0.35156265
6.3222485, 5.342183, 0.37097308
6.3427396, 5.3217945, 0.3717545
6.2922177, 5.372493, 0.39033374
6.283951, 5.3817434, 0.42992643
6.3123507, 5.352789, 0.36920512
6.3425713, 5.321606, 0.3108647
6.3020134, 5.363392, 0.34581408
6.2936463, 5.370746, 0.3540388
6.3350973, 5.3299074, 0.31130993
6.263956, 5.4012065, 0.38970408
6.3425875, 5.322147, 0.43365404
6.3538303, 5.3112946, 0.39154828
6.28325, 5.3810863, 0.37417153
6.343552, 5.322192, 0.3491131
6.352383, 5.3122706, 0.42978305
6.27395, 5.3915186, 0.39116818
6.331591, 5.333832, 0.44564438
6.362383, 5.3020263, 0.366545
6.293263, 5.3718343, 0.4287355
6.313773, 5.3506737, 0.3504798
6.2900662, 5.374709, 0.32588807
6.3429546, 5.3223066, 0.39063478
6.2699676, 5.394507, 0.3471747
6.273353, 5.3914895, 0.42992038
6.2927012, 5.3717904, 0.40972286
6.312562, 5.3523846, 0.431499
6.253025, 5.4117603, 0.43157881
6.3341365, 5.330661, 0.41179156
6.2637405, 5.4017887, 0.36899367
6.3024416, 5.36246, 0.38856158
6.130601, 5.5339127, 0.34981525
6.3816786, 5.283358, 0.31566048
6.2941856, 5.37318, 0.4461463
6.4100046, 5.2640676, 0.37247607
6.1339984, 5.5309863, 0.37209928
6.251433, 5.414928, 0.444198
6.333682, 5.3313713, 0.43172276
6.383235, 5.282126, 0.39206037
6.3317814, 5.33293, 0.36992222
6.2937183, 5.3712974, 0.3702713
6.333486, 5.3317485, 0.33119893
6.3211412, 5.3430266, 0.41712052
6.353018, 5.3118443, 0.4094666
6.261386, 5.402765, 0.327783
6.301592, 5.362442, 0.3122034
6.2540164, 5.4111958, 0.41052344
6.3105025, 5.35406, 0.38685966
6.2823925, 5.383008, 0.4097475
6.1222816, 5.550838, 0.3678291
6.26288, 5.402725, 0.42718947
6.281565, 5.3831615, 0.33460173
6.3895683, 5.275003, 0.39100754
6.272809, 5.3917336, 0.31101564
6.241887, 5.422694, 0.34943268
6.252822, 5.4135947, 0.3501416
6.2502728, 5.414791, 0.36876586
6.2282057, 5.4363365, 0.36425868
6.231666, 5.43314, 0.388817
6.2437997, 5.421812, 0.38235918
6.2433224, 5.42127, 0.40863386
6.2310457, 5.433881, 0.42859477
6.223733, 5.4416747, 0.40391153
6.2214603, 5.44349, 0.42915523
6.2341094, 5.4311147, 0.35291326
6.150618, 5.513938, 0.32777628
6.161276, 5.5032506, 0.35064065
6.1320868, 5.5330973, 0.389726
6.163277, 5.502306, 0.33126944
6.1219897, 5.546896, 0.39135826
6.1423078, 5.522137, 0.3691804
6.117436, 5.548914, 0.3935143
6.1528487, 5.5116825, 0.39137268
6.1629124, 5.502093, 0.36841643
6.1422977, 5.5227404, 0.3887365
6.1174955, 5.5500255, 0.4090772
6.153266, 5.511788, 0.4100235
6.2421994, 5.4229865, 0.3135215
6.231872, 5.433072, 0.32928127
6.210039, 5.454599, 0.32888663
6.21327, 5.451573, 0.3510569
6.2146072, 5.4508615, 0.37182724
6.222385, 5.4424477, 0.369473
6.2133546, 5.451522, 0.4087162
6.203011, 5.461834, 0.36786804
6.20208, 5.463061, 0.39284137
6.208769, 5.456006, 0.3850209
6.211805, 5.4536176, 0.43048733
6.2122498, 5.454459, 0.44516996
6.2016153, 5.4627976, 0.42731157
6.193502, 5.4715133, 0.43037072
6.1911373, 5.473693, 0.40610504
6.191573, 5.47391, 0.38728172
6.201765, 5.463157, 0.33050758
6.182364, 5.483147, 0.3103844
6.182749, 5.481874, 0.33147818
6.1729155, 5.4920464, 0.33077082
6.182745, 5.4823146, 0.3518207
6.1721826, 5.4925237, 0.37121603
6.1831665, 5.4824085, 0.36813623
6.1909804, 5.473858, 0.34847683
6.1821666, 5.4823275, 0.38938126
6.1732492, 5.4918017, 0.38967174
6.194679, 5.4702783, 0.37211215
6.1515117, 5.5135994, 0.42885467
6.1622562, 5.5022726, 0.4092981
6.1425266, 5.522056, 0.43305218
6.117623, 5.549218, 0.4306523
6.133049, 5.531965, 0.43106794
6.1706986, 5.493891, 0.42846918
6.1711116, 5.4938226, 0.40913832
6.1629105, 5.5022807, 0.43421587
6.183164, 5.482009, 0.41368657
6.117353, 5.549497, 0.4456796
6.154425, 5.5127234, 0.44726405
6.650715, 5.0145626, 0.48487186
6.2324224, 5.4336376, 0.44574463
6.333327, 5.331456, 0.35371926
6.1328044, 5.532549, 0.33093742
6.594619, 5.0711846, 0.47467193
6.3630486, 5.3021817, 0.3883933
6.431594, 5.2331758, 0.5314973
6.272034, 5.393116, 0.41052812
6.1809416, 5.4841394, 0.42754954
6.1940775, 5.47166, 0.44651166
6.322906, 5.3423843, 0.39487717
6.163458, 5.5020823, 0.38664618
6.584864, 5.0800953, 0.48063034
6.511961, 5.1527987, 0.58722883
6.353682, 5.3113446, 0.3107064
6.272739, 5.3925967, 0.33015963
6.55446, 5.110708, 0.4931323
6.6293206, 5.0358295, 0.5511291
6.3507733, 5.313613, 0.32908082
6.2420263, 5.423282, 0.42796272
6.674453, 4.99014, 0.53438807
6.6299963, 5.032439, 0.45368913
6.6216807, 5.0442443, 0.4578969
6.3707323, 5.29424, 0.32806846
6.399301, 5.268175, 0.5534915
6.373469, 5.291448, 0.37334818
6.1324, 5.5321765, 0.41024956
6.632182, 5.03297, 0.5919873
6.532145, 5.1340365, 0.5910238
6.675135, 4.9906316, 0.5717274
6.262186, 5.402906, 0.35357648
6.2747083, 5.39003, 0.3727639
6.4203568, 5.2446184, 0.57438105
6.284516, 5.3807974, 0.3561794
6.1526585, 5.512386, 0.37013644
6.641377, 5.0241466, 0.4536868
6.172353, 5.4929914, 0.34974003
6.409618, 5.2634206, 0.40829855
6.262272, 5.4028325, 0.41032097
6.4090085, 5.263337, 0.38852996
6.3513646, 5.313425, 0.34658834
6.1433372, 5.5221257, 0.41050175
6.3022842, 5.361877, 0.3687817
6.3417206, 5.3223257, 0.41245753
6.295951, 5.36878, 0.3156123
6.241558, 5.42399, 0.37558
6.3221593, 5.3427377, 0.32908127
6.142736, 5.522418, 0.3532559
6.2548895, 5.410339, 0.39249068
6.4086237, 5.2629995, 0.3498542
6.203073, 5.4624643, 0.35033095
6.1923733, 5.473145, 0.3291143
6.311538, 5.3531365, 0.3319775
6.523483, 5.1405993, 0.5426577
6.2224836, 5.443245, 0.39656153
6.176504, 5.49085, 0.44770944
6.413155, 5.251377, 0.51371783
6.342626, 5.3223486, 0.32881424
6.399475, 5.266276, 0.4908829
6.272873, 5.393142, 0.4447056
6.2821016, 5.382642, 0.39037672
6.201688, 5.462958, 0.30992812
6.2350545, 5.430288, 0.4127798
6.2045717, 5.461122, 0.41616207
6.222251, 5.441954, 0.3103371
6.361701, 5.3028235, 0.31497446
6.3826637, 5.2830257, 0.34316766
6.528176, 5.1407022, 0.5866444
6.5654254, 5.100368, 0.5624228
6.6718717, 4.9923344, 0.51013845
6.4235725, 5.241782, 0.5252806
6.6699367, 4.994148, 0.49699154
6.482239, 5.181923, 0.5110652
6.5039167, 5.161297, 0.5633139
6.170764, 5.4926443, 0.3104667
6.5415945, 5.1244707, 0.45377633
6.551639, 5.113417, 0.55131143
6.503382, 5.166065, 0.59646916
6.254265, 5.4109244, 0.33151677
6.562917, 5.102521, 0.4668368
6.421643, 5.2428913, 0.4933119
6.2436337, 5.422186, 0.33274573
6.371341, 5.293298, 0.38825014
6.643529, 5.0208354, 0.52387923
6.4039063, 5.2734613, 0.4673205
6.653259, 5.010183, 0.45368633
6.6132927, 5.0518355, 0.54709774
6.21172, 5.4500213, 0.3084675
6.1227274, 5.5491524, 0.4280141
6.381345, 5.2828426, 0.41441688
6.133636, 5.533136, 0.4468068
6.263178, 5.40224, 0.31154642
6.434319, 5.2308617, 0.49142733
6.3922234, 5.2836175, 0.44783032
6.6541543, 5.0114636, 0.47348115
6.621058, 5.0440936, 0.50853854
6.602609, 5.0622325, 0.4868228
6.443515, 5.2221584, 0.541939
6.5735674, 5.091663, 0.5877371
6.6526117, 5.011755, 0.5740502
6.67039, 4.995359, 0.5878635
6.561295, 5.104376, 0.5942095
6.5716805, 5.093276, 0.569155
6.398981, 5.2679033, 0.5376698
6.5438824, 5.122169, 0.54337734
6.58302, 5.0810876, 0.52243775
6.3992467, 5.2674584, 0.56768286
6.4806976, 5.183386, 0.5760003
6.5614944, 5.1038847, 0.5308325
6.6505055, 5.014255, 0.52691966
6.399284, 5.268419, 0.5920042
6.3119802, 5.353984, 0.44525203
6.3918147, 5.269212, 0.42846388
6.222378, 5.442465, 0.34781384
6.5903535, 5.074968, 0.5865629
6.484662, 5.1805525, 0.4814749
6.4939027, 5.1715403, 0.5923745
6.6522, 5.013075, 0.5909631
6.613574, 5.0525074, 0.593187
6.663536, 5.000548, 0.4652894
6.3621135, 5.302423, 0.42534736
6.6055665, 5.0602326, 0.526231
6.663551, 5.001526, 0.5714041
6.6616898, 5.004079, 0.49775606
6.3017306, 5.3634753, 0.40449625
6.663943, 5.001827, 0.50934035
6.660328, 5.00475, 0.5527457
6.381935, 5.282894, 0.4329375
6.3245096, 5.340549, 0.3472362
6.393062, 5.2719116, 0.3553231
6.6443787, 5.021539, 0.57275677
6.582423, 5.082539, 0.46992826
6.583692, 5.0817447, 0.5640057
6.4438963, 5.2211223, 0.45612657
6.442169, 5.226089, 0.5929185
6.5479293, 5.1103306, 0.45140898
6.6004558, 5.0645065, 0.5558938
6.321583, 5.342949, 0.319179
6.463836, 5.2013216, 0.46719894
6.3621745, 5.303069, 0.3321345
6.121835, 5.547484, 0.33118176
6.4450116, 5.2209244, 0.4851379
6.3994265, 5.268307, 0.5083884
6.4914174, 5.1693206, 0.45271635
6.449509, 5.2151957, 0.4677351
6.420731, 5.2453675, 0.45555976
6.5701876, 5.093914, 0.46459645
6.540936, 5.124881, 0.49090147
6.426198, 5.2453046, 0.5916454
6.409272, 5.263875, 0.3355233
6.591009, 5.0701165, 0.45142263
6.1525702, 5.512428, 0.34937885
6.3711915, 5.2948914, 0.4453595
6.124089, 5.556877, 0.2982554
6.580295, 5.086497, 0.4497488
6.117445, 5.5501285, 0.36690205
6.606285, 5.0566454, 0.45482725
6.3628583, 5.301768, 0.35264388
