6.670188, 5.4128056, 0.59990877
6.667706, 5.3932543, 0.5997703
6.6503525, 5.371444, 0.5997834
6.630395, 5.38806, 0.59979767
6.6898513, 5.4518695, 0.5998161
6.649474, 5.393005, 0.5997501
6.6498003, 5.429106, 0.59974045
6.668838, 5.433302, 0.59973556
6.687602, 5.434034, 0.59975314
6.632249, 5.40733, 0.5998167
6.654191, 5.411212, 0.5998755
6.6292424, 5.367706, 0.5997929
6.612675, 5.3466887, 0.599763
6.630919, 5.346989, 0.59979075
6.6114597, 5.3677635, 0.5998524
6.6145015, 5.3852615, 0.59988225
6.709977, 5.4509506, 0.5998222
6.6931906, 5.4844723, 0.5998936
6.6890116, 5.468986, 0.5997174
6.7324505, 5.4711337, 0.5997493
6.709749, 5.4856443, 0.599909
6.7103496, 5.469603, 0.5997254
6.607785, 5.4498897, 0.59991556
6.5891714, 5.3530655, 0.59982115
6.610192, 5.329184, 0.5998789
6.5911646, 5.3318214, 0.5998826
6.588563, 5.312684, 0.59979856
6.5708156, 5.3299603, 0.5998269
6.7266293, 5.487928, 0.5999257
6.568364, 5.3102274, 0.5998729
6.5529838, 5.3073587, 0.59979784
6.5700192, 5.289745, 0.5998925
6.5702887, 5.2705793, 0.59978884
6.5506206, 5.291181, 0.59987223
6.527509, 5.353183, 0.59981036
6.535117, 5.284533, 0.5997287
6.550945, 5.2689805, 0.5997805
6.5294514, 5.2681313, 0.5997652
6.5498304, 5.248346, 0.5997764
6.530356, 5.250736, 0.59978575
6.4902544, 5.3098774, 0.5998998
6.510389, 5.2490706, 0.5998081
6.5123262, 5.2282248, 0.5998309
6.491759, 5.2303095, 0.59982085
6.4707456, 5.289697, 0.59980375
6.469558, 5.3094473, 0.5998478
6.467518, 5.2725844, 0.59978867
6.4478, 5.252585, 0.5997749
6.4502544, 5.2704787, 0.59977275
6.42713, 5.2951026, 0.5899959
6.527711, 5.2329707, 0.5998452
6.606254, 5.2953386, 0.59979326
6.6091714, 5.3113923, 0.5998316
6.7274647, 5.4541144, 0.5997785
6.62781, 5.3291297, 0.5999067
6.567253, 5.2521963, 0.5997732
6.642333, 5.4871864, 0.59992695
6.6504893, 5.3514805, 0.59987897
6.6890187, 5.412398, 0.59991443
6.460166, 5.2564206, 0.5996705
6.590896, 5.288608, 0.5998843
6.586954, 5.2707553, 0.5997372
6.747141, 5.4727755, 0.59977204
6.68584, 5.3953996, 0.5997445
6.50307, 5.314367, 0.59981096
6.6683974, 5.373732, 0.5998117
6.529645, 5.211017, 0.5997975
6.486183, 5.2930164, 0.59979475
6.629608, 5.2513294, 0.59976715
6.6474357, 5.273939, 0.5997968
6.6566887, 5.286217, 0.59992325
6.7523766, 5.406582, 0.59987915
6.7709465, 5.429246, 0.5997277
6.6743846, 5.307955, 0.5998082
6.5935626, 5.205989, 0.59978414
6.612034, 5.2291594, 0.5997624
6.690591, 5.328576, 0.59984887
6.7334538, 5.3827286, 0.59987736
6.7070293, 5.3495846, 0.5999093
6.7243686, 5.3710055, 0.5998212
6.577463, 5.18612, 0.5998701
6.6320505, 5.2255764, 0.59971976
6.6134458, 5.2082634, 0.59967715
6.6654687, 5.2519255, 0.5997031
6.627353, 5.211111, 0.5997064
6.670547, 5.268655, 0.59977466
6.645547, 5.234148, 0.5997294
6.654462, 5.249306, 0.59963304
6.672651, 5.286472, 0.5999335
6.687307, 5.2900443, 0.59982896
6.6933084, 5.305276, 0.5998325
6.7681074, 5.39123, 0.5997008
6.793678, 5.423305, 0.599671
6.7508593, 5.389726, 0.59967434
6.7648025, 5.375442, 0.59990627
6.772353, 5.405061, 0.5998686
6.751635, 5.371193, 0.5998461
6.785681, 5.4118776, 0.5999584
6.7153673, 5.327349, 0.599893
6.7065187, 5.314122, 0.5998024
6.566475, 5.1720896, 0.5998325
6.609786, 5.190926, 0.59953994
6.590534, 5.168198, 0.5998496
6.592863, 5.1852336, 0.59979355
6.6048403, 5.1764936, 0.5998976
6.7262216, 5.336149, 0.59979695
6.733929, 5.349147, 0.5998996
6.7449856, 5.356575, 0.59976536
6.5500984, 5.1513424, 0.59980977
6.711711, 5.2273355, 0.59980345
6.8082547, 5.3493943, 0.59988004
6.7924266, 5.3286757, 0.5997316
6.6490726, 5.148465, 0.599816
6.632866, 5.128047, 0.5998166
6.731363, 5.2325897, 0.5997658
6.72836, 5.24841, 0.5998215
6.7070575, 5.209312, 0.5997537
6.732787, 5.186841, 0.59987104
6.747938, 5.2534375, 0.59975815
6.688463, 5.1912017, 0.5998435
6.7501764, 5.2081738, 0.5997626
6.788029, 5.3119974, 0.5998785
6.856774, 5.3457837, 0.5999305
6.826956, 5.352996, 0.5997549
6.829547, 5.308915, 0.5998975
6.810156, 5.332033, 0.5997951
6.8488894, 5.3295326, 0.59981114
6.825794, 5.3716583, 0.5999115
6.771367, 5.290733, 0.5998268
6.811834, 5.2865524, 0.5998895
6.6731763, 5.1080933, 0.5998084
6.690389, 5.1295934, 0.59977293
6.6678824, 5.172212, 0.5998241
6.6686463, 5.1541476, 0.5998788
6.650138, 5.130438, 0.599805
6.684161, 5.1736884, 0.59987664
6.768849, 5.2284517, 0.5997706
6.746623, 5.1921587, 0.5998088
6.7467036, 5.2720585, 0.5999242
6.7755218, 5.243009, 0.59985894
6.77012, 5.209496, 0.5997487
6.764568, 5.274665, 0.5998099
6.7282543, 5.1688647, 0.599782
6.715258, 5.166576, 0.5997673
6.7291274, 5.1489344, 0.5998747
6.7077746, 5.1521473, 0.5998933
6.761519, 5.177218, 0.5998091
6.767869, 5.1919265, 0.5998355
6.7435656, 5.1569405, 0.5998003
6.751126, 5.170625, 0.5997986
6.7895336, 5.250578, 0.59974235
6.790523, 5.231116, 0.59979725
6.792829, 5.265113, 0.5999139
6.785007, 5.213563, 0.59984285
6.7994337, 5.1853523, 0.5997523
6.82597, 5.291918, 0.59976596
6.8094206, 5.27146, 0.5998396
6.8663554, 5.3158894, 0.5998086
6.869419, 5.346904, 0.59980905
6.8833294, 5.3335876, 0.59989595
6.852161, 5.3083105, 0.5999252
6.8726826, 5.3296475, 0.59984004
6.874157, 5.280672, 0.59995985
6.8477855, 5.2923913, 0.5997909
6.840341, 5.276831, 0.59986115
6.8312397, 5.271628, 0.59980696
6.894129, 5.3056507, 0.599926
6.8221617, 5.256498, 0.5998943
6.810182, 5.2505994, 0.5997871
6.671081, 5.070024, 0.59984756
6.7099423, 5.129605, 0.599803
6.690871, 5.109818, 0.5997834
6.6911755, 5.069567, 0.59992826
6.689316, 5.0927167, 0.59979516
6.705377, 5.1127615, 0.59975934
6.649419, 5.0697813, 0.5998307
6.7193456, 5.084295, 0.59972835
6.66766, 5.092531, 0.59978634
6.736143, 5.1058283, 0.59979403
6.724929, 5.1336145, 0.59982955
6.8048596, 5.234621, 0.59988093
6.8174715, 5.208552, 0.5998364
6.7888126, 5.1723514, 0.5998211
6.770833, 5.1498485, 0.59984875
6.8105407, 5.1909404, 0.5997609
6.753293, 5.1276712, 0.5998356
6.7754836, 5.1254897, 0.59987
6.7544127, 5.107231, 0.599756
6.7934213, 5.14795, 0.5998444
6.809929, 5.168591, 0.59981585
6.7832613, 5.1350455, 0.5998264
6.7658134, 5.112744, 0.5997709
6.8334436, 5.228736, 0.5998466
6.8342953, 5.2059536, 0.5997859
6.8267927, 5.1895413, 0.59976256
6.852286, 5.2527137, 0.5998886
6.8664293, 5.270074, 0.5998054
6.8888593, 5.289425, 0.59972364
6.908509, 5.2926292, 0.59978247
6.914398, 5.307673, 0.59992385
6.890274, 5.269924, 0.5998311
6.873339, 5.2487893, 0.5998676
6.853236, 5.225942, 0.59980834
6.8629355, 5.2348156, 0.59971446
6.8446507, 5.211986, 0.59975195
6.6358395, 5.064643, 0.5998656
6.7092, 5.0722847, 0.5998674
6.7141395, 5.048001, 0.59983695
6.7296786, 5.0890837, 0.5997686
6.7040906, 5.034901, 0.59975964
6.73019, 5.068275, 0.5998456
6.7491016, 5.09189, 0.59980714
6.868083, 5.1891766, 0.5998313
6.9307823, 5.246867, 0.59988725
6.601676, 5.4350796, 0.59972525
6.653606, 5.0870724, 0.5998731
6.451863, 5.289908, 0.5997769
6.706477, 5.433655, 0.59975487
6.5728784, 5.1472645, 0.5997869
6.6057653, 5.0744286, 0.59978724
6.5225377, 5.3369884, 0.59985435
6.694963, 5.0268955, 0.59987986
6.5490394, 5.2296352, 0.59985685
6.6904254, 5.048267, 0.599803
6.50825, 5.192842, 0.5998844
6.663659, 5.514441, 0.59976584
6.6452513, 5.028246, 0.59367234
6.5837893, 5.414231, 0.5998672
6.686578, 5.013163, 0.5998183
6.67395, 5.0276203, 0.59982365
6.742906, 5.3377843, 0.5998048
6.5113187, 5.2693753, 0.5998233
6.784339, 5.3960624, 0.5997735
6.9480734, 5.268744, 0.5999023
6.6619387, 5.2362123, 0.5998966
6.6517715, 5.446686, 0.5998946
6.685756, 5.272258, 0.59985846
6.633951, 5.4238806, 0.5998161
6.535153, 5.300151, 0.59998953
6.556509, 5.3259687, 0.59974384
6.7050343, 5.2958913, 0.59972715
6.6692467, 5.453882, 0.5998001
6.565281, 5.1331506, 0.59975904
6.6227202, 5.1922445, 0.59974277
6.661845, 5.0541496, 0.59983516
6.609047, 5.091428, 0.5999011
6.8022704, 5.413502, 0.5999862
6.5725536, 5.346587, 0.59983355
6.6267605, 5.4698353, 0.5997182
6.58347, 5.1371264, 0.59985614
6.678593, 5.480242, 0.59983987
6.723086, 5.3114533, 0.59953463
6.6455164, 5.2151084, 0.59981483
6.6165843, 5.4015994, 0.5997274
6.6498475, 5.0485907, 0.5997937
6.6959267, 5.5010304, 0.5996033
6.5886664, 5.430019, 0.5997566
6.710739, 5.505507, 0.59965354
6.5272417, 5.1914425, 0.5999104
6.601494, 5.1597137, 0.599831
6.5843697, 5.15403, 0.5997367
6.6708956, 5.470071, 0.59973425
6.656772, 5.163488, 0.59983385
6.7544994, 5.2866545, 0.5998366
6.5086823, 5.2119007, 0.59977233
6.5223217, 5.173529, 0.59976625
6.602997, 5.275031, 0.59973216
6.648253, 5.3326797, 0.5998631
6.488963, 5.2100825, 0.5998532
6.7353044, 5.262254, 0.59979594
6.7456064, 5.4549713, 0.5997808
6.55044, 5.2091775, 0.5998118
6.6748676, 5.1858993, 0.59975827
6.749468, 5.071477, 0.59980536
6.81529, 5.3630714, 0.59980035
6.709742, 5.410301, 0.5998916
6.907653, 5.271186, 0.5998714
6.683586, 5.3772287, 0.59986794
6.568405, 5.231641, 0.5997744
6.6928916, 5.208781, 0.5997907
6.811327, 5.1495156, 0.5998214
6.6131296, 5.1082897, 0.5997949
6.4941463, 5.2475367, 0.5997788
6.595083, 5.0857525, 0.5998342
6.797016, 5.340465, 0.59988165
6.832719, 5.384359, 0.5996698
6.584235, 5.251689, 0.5997955
6.628845, 5.3080363, 0.59982353
6.726559, 5.430681, 0.5997198
6.8831186, 5.2565484, 0.5999784
6.551894, 5.1256638, 0.59718436
6.665449, 5.354721, 0.59994143
6.7717447, 5.3082066, 0.5998019
6.508826, 5.329562, 0.59979266
6.541791, 5.198071, 0.59976786
6.627229, 5.0484223, 0.595277
6.923111, 5.2753983, 0.5999415
6.627947, 5.109801, 0.59978896
6.8731556, 5.2116017, 0.5997942
6.547928, 5.3710203, 0.5998399
6.748775, 5.0549946, 0.59981734
6.776136, 5.0893764, 0.59980035
6.889771, 5.2325063, 0.5997884
6.8352838, 5.1640744, 0.59982866
6.7839475, 5.0988455, 0.599735
6.9326982, 5.2862835, 0.5997331
6.808871, 5.131171, 0.599895
6.8431635, 5.174137, 0.5998517
6.7661624, 5.0767717, 0.59979403
6.9031563, 5.2502375, 0.5999389
6.793824, 5.1117024, 0.5998067
6.8541975, 5.187606, 0.59977585
6.827485, 5.154092, 0.59980166
6.477254, 5.2261553, 0.59975743
6.808803, 5.3081255, 0.5998608
6.7927375, 5.287738, 0.5998335
6.748519, 5.231802, 0.59979343
6.8471117, 5.370364, 0.59991276
6.7048135, 5.1909175, 0.5998883
6.6702347, 5.1329203, 0.59974945
6.828192, 5.3323584, 0.59982306
6.7307754, 5.2095118, 0.5998059
6.627111, 5.092861, 0.599862
6.6512775, 5.1094, 0.59981894
6.646061, 5.4938955, 0.6000074
6.6922474, 5.147545, 0.59985787
6.7171974, 5.2417626, 0.5998005
6.697946, 5.3417015, 0.5997944
6.7163315, 5.3645806, 0.5997349
6.6192102, 5.242903, 0.59988105
6.7783217, 5.4434786, 0.5998954
6.7787037, 5.320167, 0.5999739
6.6361504, 5.2637434, 0.59977674
6.702147, 5.494008, 0.6000096
6.5964813, 5.3659134, 0.5999297
6.5563817, 5.1628985, 0.5997102
