6.432107, 7.0293818, 0.4492922
6.4459887, 7.0687857, 0.4497006
6.4228287, 7.0446844, 0.4492917
6.4114666, 7.069537, 0.44929254
6.455767, 7.052916, 0.44970074
6.376564, 7.089987, 0.4489379
6.404953, 7.088614, 0.4492931
6.3824463, 7.0663986, 0.4489375
6.4630733, 7.1061325, 0.45016557
6.435381, 7.091038, 0.44970027
6.4718046, 7.08991, 0.45016524
6.42811, 7.1112933, 0.44970128
6.400734, 7.1041045, 0.44929293
6.3433614, 7.109751, 0.45070788
6.3222823, 7.0894256, 0.45043048
6.3417535, 7.1308613, 0.45070636
6.370391, 7.1280856, 0.4489371
6.395612, 7.129347, 0.44929296
6.42304, 7.129885, 0.44970167
6.4962497, 7.1152964, 0.4506895
6.4777493, 7.154421, 0.45068893
6.447923, 7.1482577, 0.4501667
6.45365, 7.1294103, 0.45016563
6.487782, 7.130637, 0.45068896
6.4184265, 7.1522985, 0.44970092
6.392746, 7.1492486, 0.44929284
6.340933, 7.149833, 0.45070615
6.3684416, 7.1483417, 0.44893777
6.3186803, 7.151871, 0.45036975
6.340645, 7.168686, 0.45071042
6.3672624, 7.1680093, 0.44893712
6.3906813, 7.170074, 0.44929296
6.415836, 7.16973, 0.44970188
6.4433045, 7.1682897, 0.45016527
6.5154023, 7.169368, 0.44904178
6.4727654, 7.170267, 0.45068783
6.467807, 7.1904974, 0.45068896
6.5266457, 7.148903, 0.4490419
6.3894043, 7.191663, 0.44929153
6.413523, 7.191979, 0.4497011
6.366685, 7.1895413, 0.44893843
6.3205647, 7.191691, 0.45042866
6.301059, 7.1923933, 0.45020077
6.367369, 7.212348, 0.44864324
6.388897, 7.209902, 0.44929305
6.412338, 7.210468, 0.44970036
6.437299, 7.210465, 0.4501667
6.464109, 7.2111135, 0.45068958
6.4358287, 7.230794, 0.45016468
6.4618363, 7.2289515, 0.45068857
6.553008, 7.175459, 0.44966635
6.544389, 7.189978, 0.44966653
6.501663, 7.206963, 0.44904265
6.535549, 7.2090073, 0.44966707
6.5069757, 7.1899586, 0.44904146
6.496397, 7.2297626, 0.44904166
6.342469, 7.227106, 0.45070553
6.3020344, 7.2066298, 0.4501996
6.322937, 7.2293253, 0.45043042
6.283435, 7.2070093, 0.4500107
6.26808, 7.2322087, 0.44987023
6.368341, 7.2520185, 0.44893664
6.3894763, 7.248217, 0.44923732
6.306279, 7.252194, 0.4501975
6.4116516, 7.2493143, 0.4497005
6.435094, 7.2501655, 0.4501659
6.4597116, 7.2554584, 0.45068872
6.4929233, 7.251094, 0.4490424
6.4123783, 7.2706423, 0.4495892
6.4349566, 7.2686253, 0.45016474
6.459111, 7.2715383, 0.4506888
6.4908834, 7.2691765, 0.4490418
6.5756707, 7.209861, 0.45035875
6.565046, 7.22966, 0.45035836
6.5282044, 7.230341, 0.44966632
6.522904, 7.251203, 0.44966555
6.5563197, 7.251798, 0.45035765
6.5187297, 7.2744255, 0.44966847
6.288388, 7.2542853, 0.45001256
6.2505603, 7.230562, 0.44976628
6.253045, 7.2499585, 0.449764
6.391597, 7.288102, 0.4492933
6.3477664, 7.2875195, 0.4507058
6.413121, 7.2910028, 0.4497
6.2932444, 7.2912383, 0.45001134
6.4358, 7.2890496, 0.44995525
6.4894495, 7.289419, 0.44904178
6.4592457, 7.311172, 0.4506878
6.4887447, 7.310801, 0.4490415
6.5152054, 7.3088694, 0.449666
6.5507317, 7.271237, 0.4503585
6.3138003, 7.3110642, 0.45019618
6.3321023, 7.312392, 0.45042974
6.3738246, 7.314416, 0.4489364
6.275937, 7.2914996, 0.44986984
6.2287903, 7.2673326, 0.4496831
6.210657, 7.2507925, 0.449675
6.2522697, 7.2895856, 0.44974032
6.225608, 7.2875257, 0.44966978
6.394915, 7.3243637, 0.44929186
6.3348236, 7.3313966, 0.45042744
6.437507, 7.3289514, 0.45016497
6.245409, 7.309745, 0.4496998
6.2886295, 7.328716, 0.44992703
6.2655773, 7.3319564, 0.44976452
6.3145266, 7.3304515, 0.4501735
6.4598455, 7.326765, 0.4506895
6.439081, 7.347758, 0.4501652
6.461393, 7.3511815, 0.45068848
6.4896708, 7.348184, 0.4488275
6.210636, 7.2931795, 0.44968018
6.169542, 7.270844, 0.4498365
6.2324924, 7.3284593, 0.4496723
6.191396, 7.3115606, 0.44975343
6.403328, 7.3739886, 0.44933638
6.386208, 7.371434, 0.44902974
6.35166, 7.370804, 0.4505924
6.3245687, 7.370515, 0.45021406
6.2524247, 7.3501697, 0.4496978
6.2730265, 7.373578, 0.44976407
6.309393, 7.389217, 0.45001066
6.361893, 7.3869247, 0.45070988
6.387733, 7.41131, 0.44893813
6.3311234, 7.413363, 0.45019594
6.295864, 7.4066286, 0.44987056
6.3132725, 7.4309425, 0.44997662
6.369878, 7.4313164, 0.45070264
6.3545585, 7.449499, 0.4504157
6.3472886, 7.4651985, 0.45027512
6.2457204, 7.1862383, 0.4497659
6.190647, 7.210497, 0.44970158
6.443021, 7.3843193, 0.4501667
6.5465846, 7.290895, 0.4503588
6.3747334, 7.472693, 0.45065698
6.4917884, 7.3905687, 0.44904205
6.4146223, 7.312752, 0.44970053
6.3039665, 7.2294345, 0.450197
6.377995, 7.3480062, 0.44893733
6.373032, 7.1089883, 0.4489377
6.350577, 7.3111753, 0.45070755
6.2924047, 7.388583, 0.44986784
6.266753, 7.307619, 0.44979775
6.4180546, 7.348717, 0.44970125
6.4673343, 7.409538, 0.45068753
6.28574, 7.2308464, 0.45001173
6.3267865, 7.390117, 0.4501961
6.3409142, 7.188957, 0.4506754
6.4117417, 7.228738, 0.44970137
6.2725477, 7.2676497, 0.44986695
6.45816, 7.1172514, 0.45016405
6.367333, 7.231941, 0.4489364
6.32515, 7.254041, 0.45042697
6.371282, 7.2898135, 0.44893444
6.2482405, 7.210705, 0.4497662
6.421216, 7.375052, 0.44969997
6.320895, 7.1748333, 0.4499406
6.350847, 7.425105, 0.45043185
6.3444257, 7.253695, 0.4507077
6.439079, 7.194207, 0.45016518
6.373349, 7.449362, 0.45070904
6.1918306, 7.2935853, 0.4497363
6.4588985, 7.2914686, 0.45068792
6.4788814, 7.078924, 0.45016485
6.4064693, 7.409541, 0.4492944
6.397713, 7.3485684, 0.44929188
6.310883, 7.2901077, 0.4502002
6.234477, 7.250147, 0.44969842
6.2289476, 7.3078504, 0.44967234
6.4632154, 7.372565, 0.45068875
6.3056483, 7.3685913, 0.45000824
6.516895, 7.289197, 0.44966713
6.288171, 7.1717935, 0.45008394
6.501613, 7.107124, 0.45068786
6.355805, 7.348807, 0.45070657
6.332802, 7.3504963, 0.45036414
6.334547, 7.430976, 0.4502012
6.3285513, 7.2849345, 0.45042902
6.2651763, 7.2050543, 0.44986776
6.4815655, 7.144377, 0.45068848
6.262431, 7.173308, 0.44986686
6.2538533, 7.2728987, 0.4497568
6.2446127, 7.1739917, 0.44976324
6.4903216, 7.37073, 0.44903946
6.1915717, 7.272072, 0.44971973
6.3076096, 7.351285, 0.45006368
6.383772, 7.3872604, 0.4489373
6.3944626, 7.4488177, 0.44893786
6.390316, 7.2687387, 0.44928846
6.3200836, 7.123367, 0.45042628
6.216183, 7.3317156, 0.44968182
6.290003, 7.2672653, 0.45001346
6.3099446, 7.172165, 0.45031175
6.365989, 7.4103475, 0.45070803
6.2331467, 7.226482, 0.4496978
6.393608, 7.311371, 0.44929102
6.2856026, 7.351163, 0.44986492
6.3265676, 7.2675996, 0.45043012
6.436114, 7.307333, 0.45016652
6.3477955, 7.408858, 0.45042536
6.3888707, 7.226574, 0.44929323
6.353323, 7.331643, 0.45071006
6.341555, 7.209864, 0.45070553
6.2326756, 7.347101, 0.4496757
6.4414744, 7.3710446, 0.45016444
6.3637557, 7.488579, 0.4504307
6.206817, 7.2695026, 0.44967932
6.343554, 7.3853292, 0.45042923
6.415816, 7.3265204, 0.4497023
6.3129005, 7.407748, 0.45001143
6.4604583, 7.2438784, 0.45068786
6.2133865, 7.309467, 0.44967848
6.2485223, 7.3281336, 0.44969964
6.440662, 7.182987, 0.4501663
6.3213105, 7.205846, 0.45043007
6.375254, 7.3266907, 0.4489377
6.2633433, 7.184913, 0.44986793
6.4226494, 7.385798, 0.4497014
6.2687263, 7.3500137, 0.44976556
6.4177547, 7.0547357, 0.44929263
6.3208084, 7.1086645, 0.45042863
6.1880574, 7.2495756, 0.44972172
6.432314, 7.447747, 0.44969866
6.464315, 7.3834963, 0.45068714
6.3692007, 7.2648845, 0.44893226
6.402579, 7.384448, 0.44929636
6.2890153, 7.3703103, 0.4498666
6.489241, 7.329077, 0.44881457
6.307603, 7.263995, 0.4501988
6.2702746, 7.2503185, 0.44987053
6.398809, 7.1125097, 0.44929308
6.480522, 7.076648, 0.45016503
6.400335, 7.021198, 0.4489379
6.520373, 7.2640004, 0.4496656
6.460189, 7.333284, 0.45069006
6.499188, 7.216673, 0.44903997
6.2566543, 7.3731, 0.4497036
6.2766013, 7.3923826, 0.44975865
6.3376427, 7.4464192, 0.45019832
6.407098, 7.0095425, 0.44893724
6.3246274, 7.068886, 0.45042932
6.278234, 7.400896, 0.44977206
6.438919, 7.019806, 0.44929013
6.460303, 7.046709, 0.44969836
6.4206257, 7.1405396, 0.44969967
6.440117, 7.0800314, 0.44970003
6.2815547, 7.183496, 0.45001072
6.2961817, 7.3113832, 0.45001718
6.2385974, 7.3620887, 0.44967294
6.391435, 7.4324555, 0.44894078
6.2595944, 7.388504, 0.4497102
6.3452663, 7.2632484, 0.45070904
