8.293175, 7.976782, 0.20770736
8.2500515, 7.9915905, 0.19714987
8.335603, 7.9967446, 0.21196426
8.313376, 7.9862375, 0.20973337
8.306354, 7.949499, 0.21501848
8.274099, 8.002406, 0.19965933
8.286791, 8.008195, 0.20097348
8.333591, 7.962444, 0.21772781
8.218258, 8.013307, 0.18752712
8.253881, 8.028794, 0.19134675
8.350258, 8.0037565, 0.21340795
8.35891, 7.9421086, 0.22610663
8.346477, 7.968649, 0.21898335
8.377173, 7.9835424, 0.22198144
8.331363, 8.028908, 0.20549715
8.346393, 8.0360155, 0.20699963
8.330106, 7.928178, 0.22329338
8.283687, 8.042087, 0.19448325
8.371025, 8.04781, 0.20943448
8.388575, 8.022341, 0.21713492
8.321299, 8.059288, 0.19835187
8.3815565, 8.018898, 0.2164684
8.385309, 7.955021, 0.22867566
8.40473, 7.9971037, 0.22462937
8.407626, 7.9660726, 0.23080131
8.325612, 8.061291, 0.198788
8.312603, 8.097056, 0.18625815
8.392705, 8.093168, 0.20542414
8.407866, 8.031803, 0.21901704
8.429946, 8.009635, 0.22705139
8.412835, 7.936875, 0.23713222
8.422787, 7.9418635, 0.2380563
8.345024, 8.111827, 0.18959096
8.319658, 8.10025, 0.18697925
8.384909, 8.130443, 0.19361798
8.42897, 8.076163, 0.21502706
8.432522, 8.112587, 0.20932844
8.463528, 7.994166, 0.23606722
8.433111, 7.9158716, 0.24483037
8.36819, 8.159736, 0.18556331
8.427477, 8.150825, 0.19782801
8.470234, 8.096822, 0.21893944
8.453149, 8.08822, 0.2173305
8.472418, 8.06413, 0.22512332
8.475987, 8.134293, 0.2134434
8.509094, 8.049859, 0.23442478
8.434861, 8.191187, 0.19223346
8.449773, 8.161723, 0.19997038
8.469527, 8.171467, 0.20187132
8.485058, 8.13887, 0.21430007
8.511815, 8.152503, 0.216789
8.510087, 8.191792, 0.20570523
8.527783, 8.126246, 0.22427975
8.376448, 8.163539, 0.18641867
8.441979, 8.157902, 0.19921967
8.392816, 7.9269276, 0.23521987
8.270436, 8.036154, 0.19308567
8.393066, 8.171306, 0.1880866
8.378764, 8.017536, 0.21619833
8.485291, 8.037626, 0.23223907
8.509434, 8.1168, 0.22258042
8.331511, 8.105646, 0.18819666
8.533528, 8.095518, 0.23075862
8.548214, 8.037792, 0.24386273
8.35845, 8.041776, 0.20818494
8.402479, 8.138802, 0.19535828
8.48827, 8.072208, 0.2265929
8.249823, 7.941121, 0.19206479
8.2394, 8.022429, 0.18981513
8.443886, 8.233294, 0.18674093
8.401285, 8.062506, 0.21238092
8.565519, 8.079257, 0.23952673
8.452693, 8.199835, 0.1939661
8.234958, 7.9848676, 0.19556665
8.525661, 8.026052, 0.24181098
8.386417, 8.055252, 0.21093926
8.373219, 7.9490967, 0.22749244
8.455732, 8.164651, 0.20054676
8.215411, 7.977651, 0.1922822
8.449439, 7.9870167, 0.23476624
8.497946, 8.145402, 0.21551506
8.439865, 8.231375, 0.18634047
8.490085, 8.218217, 0.19758202
8.226889, 8.017004, 0.18847114
8.4452715, 8.118892, 0.21055855
8.56955, 8.081343, 0.2399281
8.311199, 8.054634, 0.19731598
8.44891, 8.019157, 0.22884195
8.374555, 8.08437, 0.20370243
8.476058, 7.9687915, 0.24305288
8.274615, 7.968212, 0.2058059
8.418688, 8.18342, 0.19064909
8.368975, 8.12294, 0.19202593
8.368892, 7.9794726, 0.2212075
8.361147, 7.911364, 0.23215689
8.454213, 8.022286, 0.22884198
8.448813, 8.120663, 0.2108867
8.500409, 8.078396, 0.2277442
8.495289, 8.184338, 0.2043057
8.474659, 8.210588, 0.19609869
8.406749, 8.099924, 0.20685352
8.437812, 8.0805435, 0.21588454
8.426544, 8.041077, 0.2207851
8.364569, 8.079615, 0.20269941
8.261474, 7.996682, 0.19835964
8.416664, 8.003019, 0.22577593
8.463844, 8.059772, 0.22433403
8.3173065, 8.022316, 0.20407581
8.493807, 8.041997, 0.2330145
