6.432195, 7.4934764, 0.45375532
6.434792, 7.4931827, 0.47020534
6.4236393, 7.504529, 0.4506823
6.4046865, 7.5227757, 0.4678162
6.432571, 7.4950676, 0.4907604
6.443065, 7.4850574, 0.47111455
6.463455, 7.4647026, 0.45777932
6.453272, 7.4743667, 0.49018088
6.4150467, 7.512971, 0.48970908
6.4129767, 7.514644, 0.46961355
6.454646, 7.473171, 0.46975794
6.463721, 7.4640927, 0.48928738
6.4342246, 7.4935093, 0.5106008
6.4433727, 7.484553, 0.51049125
6.4237943, 7.5036616, 0.50818247
6.4538326, 7.473781, 0.5106295
6.412541, 7.5150304, 0.5105761
6.396051, 7.5322475, 0.45171475
6.40419, 7.523954, 0.50952005
6.415151, 7.5125723, 0.5286282
6.4225597, 7.5053945, 0.5310527
6.444467, 7.482914, 0.5287578
6.432596, 7.4949784, 0.5303384
6.4642963, 7.4630275, 0.5095489
6.45447, 7.4732165, 0.5311325
6.473466, 7.454311, 0.49168956
6.482974, 7.44464, 0.48855564
6.484575, 7.4431324, 0.47024554
6.4822946, 7.445075, 0.4574636
6.492432, 7.4334, 0.45146838
6.484084, 7.4437623, 0.5133358
6.4745607, 7.453266, 0.5299366
6.4637346, 7.4641128, 0.5290269
6.472783, 7.4547415, 0.5101942
6.404444, 7.5230217, 0.52830815
6.493793, 7.4336257, 0.49136126
6.493791, 7.4341183, 0.50878793
6.424317, 7.503076, 0.54904574
6.4538884, 7.4738, 0.5505814
6.434547, 7.493171, 0.55091196
6.4433126, 7.4846005, 0.5494835
6.413637, 7.5138803, 0.5507516
6.4645395, 7.462897, 0.54747206
6.4726663, 7.4550447, 0.54954153
6.3743787, 7.5535297, 0.43125704
6.4135942, 7.5140443, 0.57030296
6.4042964, 7.523028, 0.5687285
6.434022, 7.4936676, 0.57004255
6.4443455, 7.4831905, 0.56973106
6.4543343, 7.4733934, 0.57116157
6.4631343, 7.464451, 0.5677538
6.4949527, 7.432677, 0.52974755
6.483662, 7.443903, 0.5509163
6.474402, 7.4530835, 0.56988436
6.5057096, 7.422194, 0.4688428
6.503695, 7.423963, 0.5128361
6.502774, 7.424794, 0.490924
6.5047183, 7.4231052, 0.52925354
6.5153656, 7.4124303, 0.4915249
6.513497, 7.4140654, 0.5099128
6.5133657, 7.4142275, 0.47026536
6.5141826, 7.4123445, 0.45099282
6.523167, 7.4047923, 0.45834535
6.523599, 7.403732, 0.47051334
6.5130916, 7.414418, 0.53169876
6.504091, 7.423442, 0.5479138
6.4840293, 7.443718, 0.5696458
6.493079, 7.4343967, 0.5703033
6.523892, 7.403959, 0.48875192
6.523528, 7.4041214, 0.51222336
6.525425, 7.4019575, 0.5296625
6.5146747, 7.412925, 0.55142087
6.4460454, 7.507269, 0.598997
6.4150033, 7.512857, 0.5884585
6.433138, 7.4946375, 0.5897682
6.464827, 7.4646335, 0.5903185
6.453924, 7.4739213, 0.5902774
6.4847493, 7.445372, 0.5920895
6.4947915, 7.4330816, 0.59081876
6.3339853, 7.593681, 0.42984784
6.346955, 7.5861063, 0.44502586
6.3425107, 7.5851283, 0.4106523
6.3531103, 7.5746512, 0.43137178
6.353222, 7.57445, 0.4112245
6.363682, 7.5640464, 0.41404775
6.522873, 7.4045825, 0.5503727
6.5128136, 7.4147735, 0.5679168
6.5329084, 7.395085, 0.45365772
6.5348034, 7.3932347, 0.49068797
6.5332036, 7.39452, 0.5308495
6.532363, 7.3953166, 0.5083283
6.5345855, 7.393039, 0.55161345
6.5232143, 7.40435, 0.572492
6.5432467, 7.3845477, 0.49054104
6.5446844, 7.3830657, 0.51086575
6.5433507, 7.3844743, 0.5284924
6.542295, 7.384343, 0.4535438
6.552272, 7.3753552, 0.48825532
6.5337996, 7.3940263, 0.56950235
6.5435004, 7.3841662, 0.5482618
6.526325, 7.405574, 0.592589
6.553962, 7.3736215, 0.50826645
6.55444, 7.3731265, 0.53049535
6.5545344, 7.373107, 0.55158955
6.331982, 7.5956483, 0.3916654
6.3345804, 7.593044, 0.40899768
6.312981, 7.6146493, 0.41233465
6.3144965, 7.6131244, 0.42885295
6.304821, 7.622833, 0.40974352
6.3140693, 7.6136146, 0.39131302
6.3229666, 7.6047606, 0.37184542
6.553088, 7.3746185, 0.56838185
6.545354, 7.384121, 0.59211624
6.5638747, 7.3637357, 0.4917833
6.5636067, 7.3637547, 0.50988364
6.563801, 7.363785, 0.5499795
6.562983, 7.3645434, 0.5279263
6.5638328, 7.3638563, 0.57341665
6.573666, 7.353898, 0.51199317
6.573718, 7.3539333, 0.4894928
6.573279, 7.354586, 0.468373
6.5747094, 7.352754, 0.5313288
6.5730047, 7.3545346, 0.54776865
6.5743027, 7.3531075, 0.45211315
6.5829997, 7.3446927, 0.48773053
6.5839014, 7.3436747, 0.5087734
6.5733294, 7.354375, 0.5686156
6.5835357, 7.3440676, 0.53199375
6.574115, 7.353809, 0.5905429
6.584408, 7.3431606, 0.56974804
6.304857, 7.6229987, 0.37121788
6.315662, 7.612122, 0.36979014
6.311275, 7.6166596, 0.35461143
6.2932286, 7.6345735, 0.39126572
6.2852125, 7.642696, 0.3864708
6.295578, 7.6321216, 0.40779164
6.294643, 7.6335487, 0.34798035
6.302059, 7.626281, 0.32871208
6.5934515, 7.334204, 0.5082561
6.584465, 7.3431873, 0.4574912
6.59387, 7.3336782, 0.52712077
6.593192, 7.3344474, 0.55000657
6.594012, 7.3337817, 0.5722253
6.604854, 7.3227396, 0.5125146
6.5783587, 7.3322477, 0.4487939
6.603743, 7.323905, 0.54709274
6.604231, 7.3235393, 0.56850266
6.613318, 7.314395, 0.46771422
6.613872, 7.3137345, 0.48935384
6.614101, 7.3134456, 0.51200366
6.6137915, 7.313824, 0.5330281
6.6136527, 7.314146, 0.55031806
6.6132293, 7.3145776, 0.5671688
6.6139765, 7.313685, 0.58863693
6.2838407, 7.6444793, 0.3499709
6.2639785, 7.663148, 0.34777012
6.6241155, 7.303449, 0.5096824
6.624104, 7.303514, 0.5310292
6.62432, 7.303306, 0.48707658
6.6231294, 7.3045764, 0.5536531
6.6238527, 7.304103, 0.57096756
6.6236744, 7.303997, 0.5859835
6.633919, 7.2936807, 0.5303389
6.6332955, 7.294291, 0.4869677
6.6239576, 7.3037324, 0.4664802
6.633664, 7.2939, 0.5084523
6.633179, 7.2945247, 0.5520796
6.635045, 7.292811, 0.5919844
6.641263, 7.286222, 0.46940717
6.6318398, 7.291452, 0.45413753
6.6334925, 7.2939897, 0.4701459
6.6422195, 7.285737, 0.45833546
6.6411066, 7.2864695, 0.48650336
6.6420803, 7.285593, 0.5041845
6.6443357, 7.2832274, 0.53056955
6.2629437, 7.6651134, 0.3112088
6.2555294, 7.6726947, 0.32820842
6.652705, 7.2749677, 0.5515772
6.6535187, 7.274347, 0.57132494
6.6535034, 7.27429, 0.5930153
6.6637535, 7.2640696, 0.57310283
6.254358, 7.6729865, 0.3510843
6.3235254, 7.6040964, 0.41161743
6.404111, 7.523822, 0.54956913
6.2441125, 7.683194, 0.3524879
6.2833104, 7.6447525, 0.37205666
6.2902427, 7.637378, 0.44503117
6.264172, 7.663751, 0.4107363
6.5639176, 7.3634152, 0.4526429
6.504146, 7.4234138, 0.57342976
6.264567, 7.6637735, 0.37125352
6.29536, 7.633032, 0.32942834
6.235255, 7.6895366, 0.29892454
6.5135036, 7.4141417, 0.5897341
6.5938463, 7.333872, 0.47181183
6.483056, 7.444481, 0.5298038
6.5028653, 7.4246855, 0.5897623
6.6038504, 7.3237214, 0.4922914
6.3627033, 7.5651264, 0.43227592
6.234824, 7.6924043, 0.36881855
6.6437125, 7.2840104, 0.55003595
6.423531, 7.504413, 0.5708492
6.4723206, 7.4550934, 0.58957547
6.623134, 7.3057103, 0.44977996
6.60363, 7.3240314, 0.59138614
6.55367, 7.3741293, 0.58974236
6.254264, 7.674191, 0.4093216
6.2739167, 7.6531916, 0.3304082
6.593671, 7.331987, 0.4543592
6.2236757, 7.704191, 0.34814954
6.6125617, 7.315453, 0.4510478
6.2721367, 7.656017, 0.34997174
6.29352, 7.6344385, 0.37159753
6.4236064, 7.5041947, 0.47031897
6.503746, 7.423917, 0.45673218
6.284253, 7.643494, 0.41219062
6.6735387, 7.254289, 0.5937133
6.2829304, 7.644727, 0.43504608
6.385051, 7.5452003, 0.44635493
6.49331, 7.434543, 0.47056755
6.245823, 7.6826334, 0.38633505
6.5645823, 7.3631787, 0.46763736
6.2223163, 7.70453, 0.31448212
6.583859, 7.3438053, 0.55380875
6.2760553, 7.652169, 0.3663523
6.2447467, 7.683424, 0.3087726
6.555093, 7.3727026, 0.47246322
6.2543488, 7.6738253, 0.36858365
6.2732973, 7.6546855, 0.39294228
6.5953097, 7.3332767, 0.5920619
6.233089, 7.694855, 0.33274442
6.4028583, 7.52496, 0.49049914
6.644001, 7.283867, 0.57215935
6.274284, 7.6534376, 0.42936748
6.4532604, 7.474289, 0.4523348
6.252329, 7.675987, 0.39139774
6.4720592, 7.4541187, 0.4528596
6.2233734, 7.7038264, 0.38557482
6.211821, 7.7154083, 0.33217368
6.2135024, 7.7142096, 0.3694478
6.21439, 7.713739, 0.3478473
6.2672696, 7.66367, 0.44405454
6.2548475, 7.673286, 0.42669296
6.234604, 7.693692, 0.41425443
6.244132, 7.684083, 0.40802273
6.23464, 7.6934886, 0.42964366
6.204071, 7.7240033, 0.3526397
6.2052836, 7.7222824, 0.3884099
6.2132535, 7.713768, 0.41158295
6.292784, 7.634329, 0.31120792
6.194283, 7.73389, 0.3693162
6.1940565, 7.7327967, 0.35004395
6.1938777, 7.734276, 0.3088089
6.2142797, 7.714066, 0.42765096
6.2031827, 7.724032, 0.43013793
6.193822, 7.733996, 0.39154708
6.18441, 7.743307, 0.32880276
6.185336, 7.7417336, 0.36599115
6.2264643, 7.707089, 0.44861618
6.214986, 7.713639, 0.44648805
6.205652, 7.727543, 0.44679752
6.172569, 7.7556252, 0.32823506
6.1750197, 7.7526126, 0.34493366
6.1839123, 7.743486, 0.43076628
6.1842065, 7.7435427, 0.40970856
6.1625924, 7.764775, 0.3734138
6.1639385, 7.763836, 0.35551322
6.1738935, 7.7531896, 0.31087294
6.1744404, 7.7532372, 0.42917314
6.1643324, 7.763866, 0.41255933
6.1543403, 7.7729397, 0.38959223
6.142426, 7.784372, 0.35197508
6.145687, 7.7822876, 0.31012252
6.154758, 7.772101, 0.40766242
6.1439624, 7.783754, 0.3882096
6.13409, 7.7931542, 0.34975588
6.132212, 7.7947774, 0.37050295
6.134719, 7.793225, 0.3268924
6.1472306, 7.7856455, 0.44705507
6.133121, 7.794036, 0.4302198
6.1232266, 7.8052077, 0.3298734
6.134373, 7.793021, 0.30854368
6.1231146, 7.8041677, 0.3656249
6.123806, 7.8037915, 0.42728633
6.1177626, 7.809257, 0.39149338
6.2153544, 7.711818, 0.30986178
6.425108, 7.505176, 0.59160244
6.1528, 7.7749867, 0.3717311
6.634371, 7.2935, 0.57330275
6.533285, 7.394522, 0.59082633
6.4738545, 7.4536633, 0.46957895
6.1729984, 7.754826, 0.3939508
6.1531243, 7.7749147, 0.4288778
6.4443808, 7.4830866, 0.49011227
6.5435653, 7.384245, 0.5724309
6.4137607, 7.5110254, 0.45368677
6.29439, 7.633249, 0.42939106
6.1341434, 7.79348, 0.40830493
6.549564, 7.372643, 0.4544281
6.1439934, 7.7828207, 0.42742985
6.663822, 7.2639666, 0.592527
6.134055, 7.7932367, 0.4451038
6.224665, 7.7034774, 0.41003433
6.493662, 7.4338393, 0.5510866
6.174552, 7.7534633, 0.41065913
6.5949802, 7.3326683, 0.49247375
6.4044204, 7.52282, 0.45269886
6.584232, 7.3436904, 0.46992975
6.343531, 7.584091, 0.393009
6.2034035, 7.7238646, 0.40898323
6.587988, 7.3467264, 0.5910406
6.2019324, 7.725992, 0.37437806
6.20477, 7.722641, 0.31381962
6.462844, 7.4645586, 0.47023615
6.1920514, 7.735274, 0.44505182
6.1242356, 7.8035703, 0.34708056
6.1345325, 7.7936406, 0.38619065
6.3035855, 7.624474, 0.34977204
6.2124977, 7.714848, 0.39143217
6.233923, 7.6937313, 0.39140368
6.244654, 7.683305, 0.43362743
6.6491375, 7.278323, 0.5339946
6.2257595, 7.702506, 0.32716757
6.182552, 7.7447023, 0.34901205
6.1736736, 7.7533445, 0.37163195
6.234421, 7.693134, 0.35049948
6.324328, 7.603326, 0.38815174
6.123953, 7.8036346, 0.30860573
6.302691, 7.6250424, 0.39265928
6.2242303, 7.7031894, 0.3711256
6.4461203, 7.48179, 0.4577672
6.144372, 7.783856, 0.36839855
6.2854676, 7.6421695, 0.3295514
6.2657514, 7.6864176, 0.44954088
6.2630334, 7.6651034, 0.390145
6.126049, 7.7936296, 0.29934713
6.1933646, 7.7341576, 0.4085369
6.2747498, 7.654074, 0.44687405
6.1842155, 7.744019, 0.3850247
6.366303, 7.5698876, 0.4491732
6.163996, 7.7628746, 0.39257059
6.603629, 7.3241296, 0.53039324
6.1432157, 7.78415, 0.3320947
6.124958, 7.802873, 0.3941732
6.242116, 7.684903, 0.37314326
6.2624483, 7.6653504, 0.43040824
6.194054, 7.733132, 0.42873076
6.164252, 7.763074, 0.30456293
6.1529, 7.774209, 0.31266144
6.1924934, 7.7348037, 0.33387187
6.4241567, 7.5040183, 0.48957843
6.274638, 7.6531706, 0.4131657
6.5432744, 7.3846264, 0.4688281
6.251882, 7.675921, 0.4449793
6.233887, 7.693569, 0.30787912
6.2028008, 7.724352, 0.32623842
6.3144307, 7.6137147, 0.44535443
6.1700115, 7.75764, 0.4454106
6.124796, 7.803177, 0.41023478
6.380951, 7.5470233, 0.43294382
6.182867, 7.7453513, 0.31337208
6.669332, 7.25843, 0.5763513
6.154491, 7.7733307, 0.34766293
6.1635933, 7.7637796, 0.32867673
6.2733345, 7.6535854, 0.3064667
6.6028824, 7.3247914, 0.47064984
6.252022, 7.673764, 0.3087658
6.2234, 7.7048593, 0.43364328
6.354988, 7.5731683, 0.44484255
6.3456984, 7.582, 0.4264608
6.4939165, 7.4131327, 0.44904068
6.3993316, 7.5299296, 0.5495665
6.3350587, 7.5944867, 0.44577205
6.2352333, 7.693845, 0.44644976
6.3228297, 7.604812, 0.43444997
6.2074013, 7.721568, 0.29951048
6.1420264, 7.7852206, 0.4109056
6.351501, 7.5761285, 0.3947768
6.533533, 7.3940415, 0.47099087
6.263016, 7.6642637, 0.33185
6.6605043, 7.2670846, 0.5549953
6.2444997, 7.683234, 0.32921636
6.282181, 7.645103, 0.31103075
6.304452, 7.6231704, 0.4271244
6.3992233, 7.529368, 0.5877702
6.6036873, 7.3239665, 0.45278254
6.6436305, 7.2841787, 0.5941151
6.1553764, 7.771426, 0.33293456
6.300546, 7.6264896, 0.3075264
6.636345, 7.278204, 0.44960588
6.118311, 7.8094053, 0.43199575
6.155754, 7.7735415, 0.4480945
6.1181393, 7.8107433, 0.4118476
6.3342853, 7.593377, 0.37542486
6.117874, 7.811068, 0.33237073
6.307355, 7.6262364, 0.4453683
6.399271, 7.528162, 0.4714158
6.1261907, 7.8047, 0.44323733
6.373969, 7.5554514, 0.44623542
6.404897, 7.523882, 0.59245515
6.3985, 7.5300956, 0.57355684
6.3988647, 7.5286202, 0.528653
