8.795992, 7.3952866, 0.4086444
8.813843, 7.3769917, 0.36761516
8.801314, 7.3886304, 0.37715703
8.78846, 7.402004, 0.43797404
8.805725, 7.3842196, 0.3940669
8.797919, 7.392024, 0.3645027
8.7851715, 7.4061074, 0.3675242
8.844156, 7.3463144, 0.3736288
8.829677, 7.362114, 0.3702526
8.835179, 7.3578444, 0.38840127
8.810252, 7.380584, 0.35426468
8.76181, 7.42865, 0.33814362
8.863048, 7.328718, 0.37594104
8.877378, 7.3119035, 0.3939502
8.859152, 7.3323565, 0.37272435
8.73753, 7.4540725, 0.35185626
8.882541, 7.3078566, 0.35307372
8.896012, 7.2930784, 0.35203388
8.878436, 7.31196, 0.337242
8.716023, 7.474323, 0.33146298
8.708575, 7.4874725, 0.3422317
8.916973, 7.273325, 0.37425262
8.909571, 7.2807274, 0.3442746
8.917497, 7.2947984, 0.4371633
8.693369, 7.497351, 0.4523987
8.694193, 7.496866, 0.3534328
8.68861, 7.501867, 0.38422772
8.930416, 7.258585, 0.37306315
8.91559, 7.274417, 0.4323571
8.929959, 7.2612505, 0.42820433
8.686368, 7.5035806, 0.42794722
8.661539, 7.5292735, 0.4383698
8.676206, 7.513739, 0.3919642
8.673947, 7.5248632, 0.36506182
8.664551, 7.5270867, 0.39716652
8.667311, 7.5251594, 0.40889597
8.942453, 7.2474637, 0.4231477
8.802181, 7.3890944, 0.43368924
8.941278, 7.248638, 0.4177719
8.911916, 7.2793903, 0.47891095
8.924139, 7.265871, 0.47302285
8.901429, 7.2936807, 0.48477992
8.796805, 7.3936596, 0.47369593
8.818335, 7.3725004, 0.3847537
8.820459, 7.3703775, 0.39304543
8.80034, 7.390126, 0.48959625
8.813313, 7.3779635, 0.4821149
8.9271, 7.263722, 0.48510456
8.688305, 7.5027547, 0.33447605
8.92116, 7.269138, 0.3919424
8.808418, 7.38153, 0.4046359
8.892262, 7.2981358, 0.392392
8.9336405, 7.255363, 0.38677135
8.787949, 7.40448, 0.49117035
8.719862, 7.470484, 0.34402227
8.871824, 7.317832, 0.37035093
8.791964, 7.3984976, 0.4526603
8.905169, 7.2839255, 0.3893697
8.805357, 7.3859186, 0.44704607
8.682902, 7.5077186, 0.3529394
8.917753, 7.2735534, 0.50883156
8.884214, 7.3105597, 0.40689856
8.885405, 7.304993, 0.36436307
8.683806, 7.506669, 0.36806527
8.846934, 7.3435373, 0.3845568
8.732705, 7.458339, 0.33685848
8.89585, 7.295242, 0.40560183
8.787797, 7.4099326, 0.450538
8.937529, 7.2527742, 0.33820617
8.817581, 7.3736935, 0.5020681
8.920831, 7.2691793, 0.45687437
8.923617, 7.2653847, 0.34518787
8.911479, 7.2788215, 0.3518431
8.843415, 7.3474197, 0.4924426
8.908979, 7.283753, 0.46679506
8.8995695, 7.2906327, 0.49216545
8.691552, 7.4992, 0.3937565
8.828286, 7.361667, 0.49038187
8.928072, 7.26093, 0.36328995
8.781678, 7.4104, 0.46447888
8.864899, 7.326602, 0.39589497
8.910425, 7.2898006, 0.4426207
8.679124, 7.510822, 0.4020261
8.902085, 7.287006, 0.37649152
8.908157, 7.2809343, 0.4021059
8.7787285, 7.41255, 0.34443372
8.874994, 7.3154793, 0.5103384
8.906698, 7.2836537, 0.529043
8.910328, 7.279679, 0.40880242
8.902889, 7.2873096, 0.50922537
8.890213, 7.3012843, 0.51234496
8.893263, 7.2982345, 0.52850384
8.907616, 7.2826834, 0.33660328
8.79405, 7.3983335, 0.39814126
8.832649, 7.358467, 0.5075703
8.861301, 7.3304777, 0.5079336
8.7579775, 7.4345865, 0.482153
8.846823, 7.344014, 0.5090883
8.778268, 7.414587, 0.3391063
8.735382, 7.457766, 0.44518077
8.741895, 7.4503155, 0.4743234
8.671269, 7.518674, 0.375337
8.706962, 7.48403, 0.4526302
8.7558365, 7.4374533, 0.36121142
8.822799, 7.3745694, 0.5076525
8.677587, 7.513698, 0.4444774
8.922091, 7.269216, 0.5323619
8.702005, 7.4896884, 0.33035067
8.664487, 7.527816, 0.44565886
8.674187, 7.517101, 0.43191558
8.883815, 7.331438, 0.3486121
8.764852, 7.4256086, 0.3486707
8.866107, 7.325394, 0.40088642
8.687428, 7.509348, 0.45049152
8.813881, 7.3760657, 0.42678657
8.773978, 7.4192357, 0.4890264
8.659995, 7.5308185, 0.43277532
8.939842, 7.2500763, 0.41125086
8.935112, 7.257107, 0.44909257
8.832015, 7.359775, 0.37925118
8.753501, 7.436854, 0.4692347
8.718543, 7.472515, 0.4399075
8.69646, 7.4945974, 0.36089888
8.721086, 7.4699707, 0.4498565
8.73909, 7.4525924, 0.46407008
8.750939, 7.439416, 0.4585082
8.767413, 7.4236293, 0.46667412
8.682059, 7.507886, 0.41240513
8.720523, 7.4700456, 0.34572658
8.919291, 7.2710075, 0.38396472
