5.871336, 7.0734777, 0.14895749
5.870952, 7.110349, 0.14928101
5.8608513, 7.050583, 0.15015821
5.8520536, 7.070554, 0.14986095
5.8523345, 7.0304008, 0.14947402
5.84739, 7.0913997, 0.14978746
5.830632, 7.069651, 0.15064731
5.8484974, 7.1287966, 0.15016446
5.831915, 7.110979, 0.15008184
5.86615, 7.14918, 0.14932436
5.892736, 7.1499877, 0.14978448
5.812377, 7.071967, 0.14968467
5.8100257, 7.091137, 0.14972016
5.788637, 7.0670776, 0.15033841
5.8102026, 7.1310344, 0.15003447
5.789095, 7.1084642, 0.15052664
5.8487015, 7.171015, 0.14968023
5.792982, 7.125836, 0.14995612
5.8881025, 7.1687894, 0.14995956
5.890916, 7.1877055, 0.14954937
5.8508205, 7.189043, 0.1493213
5.905444, 7.1518903, 0.14964859
5.7881174, 7.1472373, 0.1501361
5.8111367, 7.1705036, 0.15035632
5.791368, 7.165759, 0.14963177
5.7660484, 7.130296, 0.14966884
5.7501373, 7.1071243, 0.1506021
5.8301806, 7.211091, 0.14968666
5.809906, 7.1896806, 0.15041077
5.871128, 7.2115045, 0.15005673
5.752049, 7.1486416, 0.15013236
5.910424, 7.210443, 0.14959008
5.8897357, 7.2321444, 0.14925213
5.8503957, 7.2328343, 0.14896056
5.772487, 7.189445, 0.15012458
5.7481756, 7.1710134, 0.15019028
5.790378, 7.2086215, 0.14925219
5.7262177, 7.1508427, 0.14975747
5.7911553, 7.2298713, 0.14963633
5.828243, 7.246899, 0.14976685
5.8107095, 7.2310753, 0.15049073
5.8674316, 7.2488666, 0.15005876
5.930236, 7.2306523, 0.14971296
5.871929, 7.2681994, 0.15043864
5.892257, 7.2735624, 0.14964762
5.825541, 7.2710614, 0.14975117
5.750297, 7.226411, 0.14945444
5.733115, 7.210377, 0.15041049
5.712658, 7.1892924, 0.14935341
5.7686305, 7.248155, 0.15047555
5.788287, 7.269646, 0.14967622
5.8090167, 7.2931104, 0.15033382
5.8520017, 7.290621, 0.14935084
5.8939834, 7.2913017, 0.14984775
5.932179, 7.2710333, 0.1500957
5.9414163, 7.2486534, 0.15057832
5.868952, 7.306156, 0.1504357
5.93284, 7.2890625, 0.15024139
5.9103923, 7.3111315, 0.14887595
5.8105593, 7.311678, 0.15007894
5.7867303, 7.287997, 0.1496756
5.7282896, 7.25026, 0.1503753
5.7100573, 7.248037, 0.14952232
5.728149, 7.2695103, 0.15045728
5.7085934, 7.2308393, 0.14937513
5.7720733, 7.3134313, 0.15008056
5.8283954, 7.3300447, 0.15016349
5.888093, 7.329641, 0.14965214
5.951485, 7.309745, 0.14944068
5.884013, 7.3500533, 0.14947383
5.9265943, 7.3301816, 0.1500216
5.9075575, 7.355133, 0.14887996
5.807767, 7.3529544, 0.15008137
5.9149127, 7.3723173, 0.14941585
5.8685627, 7.3701878, 0.15013653
5.8718505, 7.3893037, 0.14978912
5.850603, 7.4073176, 0.14968412
5.8336134, 7.4090714, 0.1493367
5.7277904, 7.3316154, 0.15068312
5.6876965, 7.2070312, 0.1501383
5.810501, 7.4330864, 0.1494786
5.746969, 7.3304896, 0.14974123
5.789059, 7.411994, 0.15022933
5.7119436, 7.294231, 0.14980195
5.765439, 7.3707004, 0.1503218
5.7095113, 7.3124433, 0.14976573
5.823943, 7.4518843, 0.15001175
5.6896806, 7.2715206, 0.1499199
5.790948, 7.3930883, 0.15027851
5.8902907, 7.408202, 0.15004492
5.690235, 7.2882195, 0.14971627
5.751438, 7.3507686, 0.15003216
5.667954, 7.252382, 0.14951314
5.7087183, 7.3681636, 0.14992002
5.832081, 7.4716487, 0.14926213
5.7691665, 7.387416, 0.14989688
5.7288446, 7.393094, 0.1501925
5.6484265, 7.289584, 0.1506231
5.731935, 7.4110026, 0.14980976
5.6120605, 7.268202, 0.14983253
5.7910833, 7.047649, 0.15029864
5.873229, 7.1923537, 0.1500593
5.9011946, 7.136697, 0.14925233
5.912124, 7.288284, 0.14887415
5.9283433, 7.2498283, 0.14970888
5.809867, 7.333815, 0.15000221
5.8315835, 7.1654596, 0.14947997
5.66313, 7.2967405, 0.14950065
5.7737737, 7.1723437, 0.1503294
5.7717385, 7.2098703, 0.15044267
5.789137, 7.346959, 0.1500371
5.729636, 7.166326, 0.15000217
5.9320283, 7.3093195, 0.1502897
5.6554923, 7.310751, 0.14972718
5.9093432, 7.2293415, 0.14951587
5.889935, 7.1128263, 0.1504318
5.8895063, 7.309989, 0.14957576
5.790983, 7.0880823, 0.15062387
5.7520776, 7.1899185, 0.1496605
5.850026, 7.3099604, 0.14932361
5.9498897, 7.3328085, 0.14944395
5.8710723, 7.12832, 0.14944299
5.9213114, 7.194824, 0.14887671
5.710146, 7.2112775, 0.14934754
5.8682632, 7.22931, 0.14999296
5.770404, 7.152346, 0.15003207
5.773066, 7.3320203, 0.14986508
5.8285832, 7.129151, 0.15014505
5.888555, 7.255665, 0.14931694
5.908917, 7.2487326, 0.14940022
5.830666, 7.2285514, 0.14981622
5.8539357, 7.2706604, 0.1493134
5.6705284, 7.2692347, 0.14969407
5.769455, 7.271343, 0.15062705
5.8270564, 7.146335, 0.15007861
5.7515345, 7.2879505, 0.14980106
5.83192, 7.3895764, 0.14956106
5.685683, 7.327928, 0.1498217
5.735867, 7.35141, 0.14979817
5.634213, 7.287489, 0.15004905
5.8704953, 7.0889997, 0.14905958
5.9091763, 7.171839, 0.15004219
5.8102417, 7.3692975, 0.14977822
5.8090954, 7.1090136, 0.14980985
5.808456, 7.209673, 0.15043049
5.8314705, 7.2877836, 0.15016629
5.8487153, 7.250579, 0.14896062
5.7486615, 7.3085217, 0.14974421
5.7559104, 7.42676, 0.15047877
5.847435, 7.348975, 0.14932175
5.632314, 7.271892, 0.14991382
5.8279195, 7.0502367, 0.1503214
5.892274, 7.366117, 0.15004767
5.8082485, 7.15357, 0.1500886
5.7476954, 7.4112716, 0.15002947
5.8673043, 7.330308, 0.15043445
5.7939997, 7.2475967, 0.14987741
5.790247, 7.4701138, 0.15042605
5.852656, 7.210844, 0.14895625
5.7048054, 7.3522315, 0.1496929
5.848966, 7.368623, 0.14947636
5.785557, 7.453293, 0.1501447
5.730061, 7.3740053, 0.15019497
5.9138565, 7.267561, 0.14887665
5.751454, 7.2500186, 0.14962664
5.6702313, 7.3122683, 0.14985412
5.8083715, 7.253979, 0.15068853
5.6901684, 7.2252283, 0.15033463
5.9130487, 7.3893476, 0.14934835
5.734307, 7.228093, 0.15055464
5.909012, 7.332855, 0.14877689
5.8514776, 7.1080923, 0.15016252
5.92534, 7.347809, 0.14985377
5.771109, 7.110247, 0.14978331
5.889568, 7.426718, 0.15004563
5.7487707, 7.128594, 0.15068719
5.6706157, 7.21179, 0.1494404
5.8318315, 7.4297867, 0.14941584
5.6857533, 7.188926, 0.14996174
5.6707497, 7.1900907, 0.14948232
5.709204, 7.170953, 0.14910094
5.8295674, 7.3131104, 0.15016079
5.8487587, 7.3282137, 0.14932299
5.7715282, 7.3494897, 0.14989263
5.827063, 7.3709183, 0.15006241
5.6906548, 7.251002, 0.15002392
5.748946, 7.26907, 0.14959256
5.7723193, 7.4036436, 0.14952895
5.790509, 7.326794, 0.1500323
5.6926856, 7.3035645, 0.14934738
5.651243, 7.246623, 0.15055534
5.8099546, 7.4465036, 0.14947106
5.909485, 7.411643, 0.14917733
5.7502837, 7.36801, 0.15003574
5.869648, 7.170189, 0.14968272
5.880752, 7.0915885, 0.14968379
5.729723, 7.1894603, 0.1501363
5.674097, 7.2306533, 0.14967099
5.81252, 7.390556, 0.1494793
5.714762, 7.3274097, 0.15006174
5.72766, 7.2857084, 0.15050335
5.7097025, 7.271278, 0.14960611
5.7951255, 7.4278865, 0.15058956
5.7637143, 7.23228, 0.15014869
5.848941, 7.0538273, 0.14952531
5.967868, 7.3115444, 0.15011753
5.8278413, 7.0914354, 0.15068576
5.6914873, 7.3488564, 0.14909996
5.906312, 7.1954813, 0.15004295
5.7714467, 7.44914, 0.1494058
5.652998, 7.1891627, 0.15036032
5.8332777, 7.1896906, 0.14973196
5.887233, 7.1312914, 0.15043296
5.5856123, 7.272531, 0.1498848
5.607487, 7.2898626, 0.15006271
5.848324, 7.4684978, 0.14968368
5.808407, 7.4907827, 0.14947586
5.9426913, 7.235635, 0.15058158
5.953261, 7.3919272, 0.14989732
5.8273067, 7.3469443, 0.15015809
5.712509, 7.145183, 0.14909269
5.8507586, 7.1502566, 0.14972669
5.953065, 7.2893267, 0.14944041
5.79083, 7.3043904, 0.14996251
5.8921947, 7.2086067, 0.14925264
5.808453, 7.029152, 0.14993803
5.952555, 7.27289, 0.14958058
5.674443, 7.3297763, 0.1500993
5.8705645, 7.2881103, 0.15017332
5.791159, 7.18899, 0.14940557
5.7062573, 7.3868837, 0.14986792
5.629945, 7.252614, 0.14974292
5.7719, 7.439069, 0.14940464
5.830263, 7.493666, 0.14935672
5.848974, 7.4484453, 0.14968169
5.7936215, 7.372555, 0.15035579
5.7675834, 7.2935505, 0.15062484
5.7067704, 7.128746, 0.14985755
5.8629637, 7.038883, 0.15017024
5.851284, 7.392477, 0.14968832
5.8070793, 7.2688494, 0.1506784
5.870302, 7.4522448, 0.14971286
5.865925, 7.352821, 0.15043059
5.730105, 7.3024244, 0.15068041
5.689833, 7.370681, 0.14909548
5.6729593, 7.347842, 0.15008523
5.7348466, 7.4268346, 0.14945374
5.636054, 7.3012033, 0.15016885
5.809255, 7.464887, 0.1494793
5.6856093, 7.1266584, 0.14961901
5.965466, 7.299149, 0.15036067
5.749031, 7.388162, 0.15002526
5.7461815, 7.4402075, 0.15002656
5.751977, 7.2105174, 0.14944759
5.6510224, 7.2637444, 0.15062301
5.811694, 7.4070024, 0.1494674
5.6573267, 7.3292723, 0.14937519
