8.791975, 8.530376, 0.48736072
8.793672, 8.528606, 0.45035225
8.749703, 8.572317, 0.47059333
8.805064, 8.516869, 0.43668985
8.720318, 8.601904, 0.44626755
8.811818, 8.510441, 0.3899864
8.791506, 8.531191, 0.3687204
8.706563, 8.615408, 0.44999978
8.688629, 8.6381235, 0.4512566
8.694571, 8.627351, 0.4325072
8.804032, 8.518081, 0.3576924
8.828059, 8.493723, 0.37010747
8.766415, 8.5555525, 0.35366237
8.685173, 8.636743, 0.41542327
8.663038, 8.659014, 0.44351003
8.667628, 8.654606, 0.41184464
8.673801, 8.648501, 0.4286253
8.671442, 8.650614, 0.3917323
8.687902, 8.634323, 0.3864775
8.856178, 8.466247, 0.3918789
8.913898, 8.407949, 0.4508555
8.907554, 8.41486, 0.5291589
8.744208, 8.578074, 0.35047182
8.6767435, 8.645481, 0.36795735
8.68769, 8.634135, 0.35396713
8.8787985, 8.443103, 0.40454978
8.91586, 8.40657, 0.4099508
8.93322, 8.388923, 0.41096744
8.890591, 8.430335, 0.39238018
8.892978, 8.428733, 0.3556811
8.941822, 8.3794, 0.39006513
8.9167185, 8.40474, 0.37043607
8.906707, 8.414996, 0.3881093
8.996274, 8.312008, 0.58776677
8.726673, 8.602884, 0.34607476
8.932741, 8.388479, 0.36728448
8.910337, 8.428747, 0.4148813
8.810876, 8.511568, 0.4094863
8.897277, 8.424565, 0.40741834
8.7879925, 8.555024, 0.49124727
8.908709, 8.412754, 0.35148415
8.891798, 8.431242, 0.5300712
8.871237, 8.450486, 0.38693047
8.836353, 8.485715, 0.38763648
8.794388, 8.528275, 0.4266816
8.873455, 8.447466, 0.352857
8.810251, 8.511864, 0.37035373
8.848317, 8.474226, 0.37411335
8.927516, 8.393908, 0.39088336
8.761248, 8.560964, 0.4567707
8.886968, 8.434962, 0.5072242
8.940943, 8.380277, 0.38780916
8.801256, 8.521189, 0.38886517
8.8090105, 8.513136, 0.44550377
8.942833, 8.377411, 0.3507014
8.926316, 8.394903, 0.35177934
8.78802, 8.533928, 0.46918875
8.868764, 8.453357, 0.51217604
8.797344, 8.5249, 0.34952295
8.68008, 8.641836, 0.4064812
8.803027, 8.532095, 0.49683872
8.800524, 8.521589, 0.35073036
8.694341, 8.627637, 0.36747172
8.780795, 8.541656, 0.34812912
8.773788, 8.548584, 0.48512512
8.921762, 8.400849, 0.4250471
8.897762, 8.424654, 0.49923784
8.8632145, 8.458904, 0.4964016
8.901136, 8.42057, 0.37465456
8.84234, 8.491913, 0.5123903
8.681843, 8.640458, 0.44318765
8.927348, 8.395203, 0.42869347
8.885088, 8.445012, 0.40819272
8.680571, 8.641655, 0.3741845
8.880848, 8.440077, 0.3694748
8.7938, 8.528933, 0.41081125
8.9095, 8.412923, 0.4380166
8.828913, 8.5149975, 0.5068862
8.944446, 8.378677, 0.43983582
8.901262, 8.421152, 0.50967807
8.881498, 8.440306, 0.5013553
8.778887, 8.593326, 0.36086825
8.93394, 8.366755, 0.35744756
9.0576, 8.263499, 0.5552535
8.87203, 8.4496975, 0.36849487
8.781153, 8.540821, 0.46220717
8.987806, 8.30363, 0.5316222
8.851197, 8.471243, 0.50913775
8.86004, 8.462908, 0.40007377
8.917169, 8.404989, 0.51298964
8.857091, 8.497322, 0.39189014
8.857229, 8.468227, 0.52137494
8.862894, 8.461746, 0.49151537
8.661246, 8.660804, 0.4403306
8.929855, 8.392968, 0.44672677
8.801736, 8.520199, 0.4291663
8.921183, 8.400273, 0.38129058
8.797799, 8.568625, 0.36749634
8.872355, 8.449765, 0.52267855
9.011365, 8.303693, 0.56853354
8.821095, 8.503073, 0.35271907
8.902817, 8.432445, 0.49240804
8.953436, 8.360122, 0.4827325
8.910631, 8.411501, 0.48869413
8.768376, 8.553833, 0.47277096
8.743027, 8.578829, 0.45630905
