6.2465243, 6.745556, 0.44972295
6.2494607, 6.710174, 0.44979605
6.288358, 6.7454576, 0.44968066
6.274614, 6.7553515, 0.44968063
6.27248, 6.793503, 0.4496722
6.244974, 6.7855053, 0.44968042
6.254758, 6.7739515, 0.44968006
6.228129, 6.728375, 0.44979617
6.2699027, 6.7267528, 0.44972208
6.2923617, 6.7751813, 0.44967315
6.226575, 6.768131, 0.4497215
6.236389, 6.756034, 0.44972184
6.264737, 6.7638803, 0.44968215
6.2565393, 6.7366033, 0.44972223
6.210499, 6.7486143, 0.44979534
6.2312703, 6.6928463, 0.44989988
6.228822, 6.665095, 0.45003328
6.210655, 6.7110643, 0.4499001
6.288119, 6.68858, 0.44979587
6.253971, 6.67804, 0.44989997
6.2687964, 6.6707535, 0.4498999
6.2719283, 6.696138, 0.4497958
6.291089, 6.714369, 0.44972244
6.3304367, 6.7524123, 0.44967312
6.317437, 6.7587147, 0.44967368
6.310292, 6.733242, 0.44968084
6.330094, 6.725129, 0.44968042
6.313342, 6.793409, 0.44970056
6.311183, 6.7056623, 0.4497229
6.306533, 6.7651787, 0.44967297
6.1943436, 6.730031, 0.44989973
6.277115, 6.8297367, 0.44965798
6.2914753, 6.8126397, 0.44969994
6.2563195, 6.813423, 0.44967297
6.182993, 6.7061033, 0.4500335
6.328621, 6.783302, 0.4497001
6.1693306, 6.725307, 0.45000538
6.2500367, 6.653405, 0.45003307
6.2261906, 6.646037, 0.4501538
6.2690916, 6.64551, 0.45003316
6.250496, 6.6282916, 0.45019406
6.2067966, 6.6240325, 0.45038217
6.284271, 6.642553, 0.45002267
6.3296523, 6.6758566, 0.44979662
6.289064, 6.6629415, 0.4499003
6.3109508, 6.6569014, 0.4499008
6.2698054, 6.621795, 0.45019463
6.2937737, 6.6381435, 0.45003387
6.36982, 6.7655244, 0.44970056
6.349063, 6.7452426, 0.44967338
6.363636, 6.7409515, 0.44967312
6.3440623, 6.720723, 0.44968134
6.374812, 6.7384057, 0.4496733
6.3487754, 6.773185, 0.4497
6.3494825, 6.6952343, 0.44972292
6.368643, 6.7153816, 0.44968125
6.3476586, 6.8041525, 0.44976485
6.3315563, 6.814553, 0.449765
6.3111825, 6.8320704, 0.44976497
6.302185, 6.841665, 0.44976532
6.2958364, 6.84959, 0.4497655
6.3696666, 6.7936444, 0.4497643
6.351976, 6.8349743, 0.4498682
6.311076, 6.634589, 0.45003283
6.2882957, 6.6172647, 0.45019495
6.2505035, 6.5830097, 0.45059422
6.3092613, 6.613677, 0.45019382
6.330524, 6.6531844, 0.44989884
6.33053, 6.6318507, 0.45003283
6.3692427, 6.692255, 0.44972223
6.369433, 6.6501365, 0.44969496
6.349541, 6.6724753, 0.44979438
6.369504, 6.6704235, 0.449795
6.3507, 6.630683, 0.44985047
6.3495803, 6.6508775, 0.4498995
6.3308005, 6.61165, 0.4501242
6.2887406, 6.596046, 0.45038158
6.3104424, 6.593788, 0.4501889
6.3903995, 6.7865696, 0.44976473
6.396, 6.759171, 0.44970036
6.390947, 6.735632, 0.4496724
6.3888645, 6.8155456, 0.44986746
6.41136, 6.7568655, 0.44969952
6.4102135, 6.7819533, 0.44976455
6.409835, 6.733557, 0.44967246
6.3903403, 6.712527, 0.44967964
6.3901815, 6.6905313, 0.44972268
6.4115634, 6.7112074, 0.44968015
6.38931, 6.670022, 0.4495962
6.4110446, 6.6904387, 0.4495421
6.3734393, 6.855629, 0.4500125
6.332053, 6.8513575, 0.4498683
6.368686, 6.824767, 0.4498683
6.3216143, 6.8621182, 0.4498685
6.3149137, 6.8705883, 0.44982043
6.351768, 6.8727727, 0.45001233
6.335181, 6.890772, 0.44999692
6.410844, 6.8084245, 0.4498681
6.363013, 6.8630567, 0.45001176
6.389587, 6.8463163, 0.4500118
6.3506494, 6.6106024, 0.45019493
6.329617, 6.5920553, 0.4503834
6.308811, 6.574109, 0.45059562
6.330508, 6.5733194, 0.45059457
6.3500667, 6.591731, 0.45038113
6.370329, 6.6297536, 0.45003262
6.370786, 6.61068, 0.45019433
6.390267, 6.6494513, 0.4498985
6.410105, 6.6696916, 0.44979727
6.390055, 6.630145, 0.45003334
6.410645, 6.6314244, 0.45003211
6.4099813, 6.6501665, 0.4499016
6.369296, 6.5922484, 0.4503823
6.3497167, 6.5735126, 0.4505949
6.3105664, 6.5496783, 0.44923204
6.4310627, 6.7788353, 0.44976395
6.411537, 6.8368545, 0.45001116
6.430213, 6.804212, 0.44986755
6.4316945, 6.755042, 0.44970042
6.4304843, 6.7325606, 0.44967288
6.4318147, 6.7116504, 0.449439
6.401477, 6.8406954, 0.4500113
6.4298143, 6.8313766, 0.45001215
6.449989, 6.7773604, 0.44976488
6.449784, 6.73323, 0.4494285
6.449906, 6.7544656, 0.44970018
6.4497595, 6.801552, 0.44986713
6.4513006, 6.7118936, 0.44968158
6.4294596, 6.6706853, 0.4497955
6.4502788, 6.691833, 0.44972214
6.394912, 6.87728, 0.45019838
6.373451, 6.8934126, 0.45019892
6.4104247, 6.8687806, 0.45019776
6.4492145, 6.8273277, 0.45001113
6.3692894, 6.568185, 0.4499071
6.389466, 6.5935736, 0.45038003
6.35004, 6.550866, 0.4492228
6.3702955, 6.544698, 0.44934863
6.3883677, 6.569268, 0.44983885
6.407861, 6.613003, 0.4501934
6.411805, 6.5958505, 0.45038107
6.4517694, 6.65415, 0.4499012
6.4277053, 6.6152267, 0.4501929
6.4504642, 6.611599, 0.45027167
6.4477367, 6.6355906, 0.45003328
6.4305973, 6.5909967, 0.45047668
6.3920097, 6.5463963, 0.44936255
6.4089036, 6.5715394, 0.4498171
6.3706822, 6.5276613, 0.4496617
6.4701757, 6.7553377, 0.4494998
6.4684806, 6.776957, 0.44976506
6.4688168, 6.8002377, 0.44986814
6.4688654, 6.733628, 0.44967303
6.4701214, 6.6939006, 0.44972187
6.4888277, 6.77797, 0.44958666
6.4893966, 6.7560925, 0.44970018
6.4845815, 6.799967, 0.4498678
6.489288, 6.735496, 0.44967258
6.488747, 6.715592, 0.44968036
6.4700484, 6.6750336, 0.4497969
6.491551, 6.6968703, 0.4497232
6.49172, 6.674391, 0.44982037
6.4696174, 6.6301975, 0.450117
6.4885774, 6.6480927, 0.44999042
6.4108915, 6.5490947, 0.44936258
6.430791, 6.5688143, 0.4491304
6.368538, 6.511526, 0.4499805
6.3899384, 6.5123925, 0.4500265
6.4075675, 6.5327444, 0.4496606
6.4471803, 6.5852227, 0.45058528
6.451563, 6.572157, 0.4490831
6.4702644, 6.588964, 0.45059508
6.4894037, 6.609236, 0.45038092
6.4929423, 6.59018, 0.45015296
6.4701166, 6.5709596, 0.44917285
6.452161, 6.5507207, 0.4494744
6.430908, 6.531342, 0.44977617
6.4098105, 6.511071, 0.45012793
6.3901906, 6.4902067, 0.44934508
6.5082626, 6.778973, 0.4497649
6.509776, 6.7582307, 0.449699
6.5104723, 6.713218, 0.44969386
6.5101857, 6.665092, 0.44989523
6.5273466, 6.7436137, 0.44967818
6.528178, 6.685599, 0.44979617
6.508327, 6.629889, 0.4501939
6.512012, 6.6135554, 0.45039532
6.5315485, 6.633057, 0.45022407
6.4454546, 6.527944, 0.44990894
6.428149, 6.507531, 0.45028648
6.4335804, 6.491349, 0.44911653
6.49145, 6.550075, 0.44966403
6.5096087, 6.59033, 0.44970185
6.5290747, 6.6068554, 0.45054072
6.4899893, 6.5316744, 0.45005533
6.47119, 6.509207, 0.44960552
6.425697, 6.4693794, 0.44968665
6.5517626, 6.691066, 0.4497966
6.5461416, 6.7074137, 0.44972402
6.5514417, 6.6510835, 0.45009193
6.568588, 6.669733, 0.44996792
6.5495276, 6.6256247, 0.4503627
6.5685096, 6.645392, 0.45019338
6.5494514, 6.592318, 0.4491451
6.5710516, 6.6088996, 0.44990644
6.573017, 6.6308136, 0.45038074
6.488569, 6.5140567, 0.44966328
6.4475574, 6.47004, 0.449809
6.508596, 6.529208, 0.45022687
6.5897326, 6.7343016, 0.44968584
6.5873065, 6.6670084, 0.4500329
6.591907, 6.6278787, 0.4504988
6.609153, 6.6727014, 0.450041
6.60799, 6.646988, 0.45031527
6.6111374, 6.6279683, 0.45058388
6.5684123, 6.571896, 0.4498967
6.585458, 6.589578, 0.45061418
6.6076517, 6.612842, 0.4503771
6.590884, 6.651945, 0.45019278
6.5145254, 6.553539, 0.44971457
6.35639, 6.9114747, 0.45012292
6.2282777, 6.6132584, 0.45038173
6.508884, 6.56953, 0.4493623
6.588531, 6.686936, 0.44987977
6.430944, 6.448907, 0.44986054
6.429633, 6.633277, 0.45003337
6.5656924, 6.5881243, 0.4493067
6.468677, 6.6049438, 0.450382
6.3894444, 6.6115303, 0.45019355
6.567552, 6.7304945, 0.44968098
6.530176, 6.5317173, 0.45500925
6.527774, 6.703449, 0.44972274
6.5500793, 6.673464, 0.4499003
6.528289, 6.546698, 0.44994473
6.3302574, 6.5502567, 0.4492214
6.469481, 6.713363, 0.4496807
6.3891945, 6.529988, 0.44966123
6.5093603, 6.6862483, 0.44977877
6.4719133, 6.6551404, 0.44991568
6.531923, 6.5722404, 0.4494284
6.5082216, 6.737251, 0.449673
6.5288825, 6.6513686, 0.4500328
6.4900775, 6.494631, 0.44979542
6.470149, 6.54815, 0.4496006
6.427878, 6.5519104, 0.4493613
6.5270977, 6.5895667, 0.44908234
6.431309, 6.6905346, 0.44972405
6.2049136, 6.68306, 0.45003328
6.425472, 6.8621807, 0.45019817
6.30252, 6.802009, 0.44969994
6.2630076, 6.8044424, 0.4496728
6.250169, 6.6050744, 0.4503814
6.233538, 6.713133, 0.4498273
6.176096, 6.7151537, 0.45003137
6.3219156, 6.8220086, 0.4497648
6.32486, 6.7010846, 0.44972193
6.210368, 6.7293057, 0.44984782
6.4301147, 6.8926187, 0.45042932
6.3053527, 6.6821914, 0.44979623
6.3850126, 6.884004, 0.45019862
6.1433315, 6.685483, 0.45037156
6.384667, 6.7615056, 0.44970098
6.6255994, 6.6319027, 0.4505546
6.31603, 6.6790586, 0.44979605
6.546397, 6.5672903, 0.4496087
6.351879, 6.718731, 0.4496826
6.4490848, 6.6724267, 0.44979575
6.431662, 6.6518445, 0.44989997
6.510743, 6.6471586, 0.4500352
6.531791, 6.722691, 0.4496813
6.5318847, 6.669029, 0.449901
6.4113283, 6.49082, 0.44900817
6.491832, 6.6262493, 0.45019606
6.3339715, 6.698589, 0.44972232
6.245547, 6.6829543, 0.44989994
6.209623, 6.6495414, 0.45019436
6.1712685, 6.671549, 0.450262
6.2827497, 6.822316, 0.44970044
6.233294, 6.6357403, 0.45019415
6.1848817, 6.744612, 0.44970492
6.387685, 6.4719977, 0.44940147
6.466846, 6.4885693, 0.449402
6.3949723, 6.915339, 0.45042914
6.3292313, 6.5078382, 0.44998026
6.488643, 6.569866, 0.4492685
6.214312, 6.6752586, 0.45003328
6.6071377, 6.689335, 0.4499034
6.4515553, 6.5091496, 0.4501024
6.3766685, 6.934275, 0.45034012
6.282773, 6.783243, 0.4496732
6.5052404, 6.512463, 0.44900987
6.550496, 6.553115, 0.45132384
6.2624073, 6.701462, 0.44979498
6.417933, 6.898953, 0.45042816
6.370957, 6.4692793, 0.44940078
6.5736046, 6.6954365, 0.4498045
6.608114, 6.7257113, 0.44971925
6.3416824, 6.882952, 0.45001134
6.358042, 6.7986665, 0.44976556
6.3365364, 6.7788925, 0.44970036
6.5883484, 6.6126466, 0.4497303
6.2640586, 6.6010857, 0.45038354
6.3636866, 6.902825, 0.45019755
6.2379746, 6.7950344, 0.44967872
6.57209, 6.7500057, 0.44967353
6.494119, 6.800147, 0.44986752
6.447782, 6.45163, 0.452748
6.43463, 6.858951, 0.45019937
6.5505857, 6.6087704, 0.45059308
6.205554, 6.767764, 0.44947797
6.4482946, 6.4902325, 0.44923583
6.342949, 6.841638, 0.44986752
6.1935897, 6.694061, 0.45003387
6.645082, 6.6538277, 0.4503048
6.4682674, 6.529649, 0.44998273
6.372068, 6.449102, 0.44998443
6.6083093, 6.706434, 0.44979745
6.5517917, 6.7268696, 0.44968194
6.3336143, 6.9002914, 0.4486003
6.3133826, 6.8801823, 0.4484138
6.236644, 6.802241, 0.44870666
