6.4492474, 5.408611, 0.44990268
6.4469023, 5.393295, 0.449811
6.4317174, 5.3885837, 0.44985625
6.48676, 5.453008, 0.44975096
6.389629, 5.410566, 0.44979742
6.468133, 5.5093584, 0.4497456
6.511486, 5.4890666, 0.4498426
6.449557, 5.4911604, 0.4498035
6.5306683, 5.510378, 0.44960868
6.3939276, 5.426764, 0.449889
6.372305, 5.4077296, 0.44987735
6.369196, 5.3898177, 0.44977537
6.4118466, 5.4491525, 0.44981745
6.491317, 5.54908, 0.44973692
6.4518747, 5.5078793, 0.44983137
6.4302554, 5.4695816, 0.44990277
6.348755, 5.4511943, 0.44980517
6.3311415, 5.429228, 0.44989577
6.509807, 5.5729876, 0.44996324
6.411457, 5.530282, 0.4498347
6.4291706, 5.549904, 0.44973397
6.392511, 5.506485, 0.4498653
6.452921, 5.5864353, 0.44981512
6.4336214, 5.5667562, 0.4497538
6.334595, 5.446462, 0.4498266
6.353261, 5.4676533, 0.44978246
6.4721503, 5.6103497, 0.44986352
6.4922137, 5.631652, 0.4496761
6.5331903, 5.6104503, 0.44987035
6.3886623, 5.5308166, 0.44981894
6.4711123, 5.631179, 0.44984174
6.3068852, 5.492781, 0.44971114
6.3252363, 5.515768, 0.44965222
6.349268, 5.551106, 0.4497946
6.368662, 5.570972, 0.44985685
6.4291964, 5.651993, 0.44982716
6.3889008, 5.6109905, 0.44986573
6.3675194, 5.6341424, 0.4497087
6.3695526, 5.5888643, 0.4497272
6.4098, 5.632136, 0.44977036
6.4323487, 5.669396, 0.4499749
6.3481164, 5.6099644, 0.44983107
6.268572, 5.5118227, 0.449902
6.288807, 5.532224, 0.4497155
6.3102894, 5.509452, 0.44991273
6.330085, 5.5313754, 0.44975898
6.2901316, 5.4895606, 0.44983536
6.330013, 5.590701, 0.44971672
6.309953, 5.5694685, 0.44977823
6.409815, 5.691303, 0.44973645
6.390322, 5.6709814, 0.44988123
6.372343, 5.6499887, 0.4497989
6.353004, 5.6264343, 0.4498787
6.3905125, 5.6901045, 0.449726
6.412643, 5.709257, 0.45006195
6.428802, 5.712261, 0.45010716
6.3090057, 5.5925994, 0.44970426
6.3112473, 5.62946, 0.44979373
6.2540455, 5.5085187, 0.44980785
6.2707987, 5.5292406, 0.44963166
6.2919703, 5.5488963, 0.4498838
6.283345, 5.6129904, 0.44985113
6.26531, 5.5957923, 0.44964093
6.363058, 5.714144, 0.45018676
6.3457694, 5.691474, 0.449765
6.325203, 5.6733804, 0.44968522
6.306788, 5.654327, 0.44987243
6.3675427, 5.7304697, 0.44967127
6.3486347, 5.7079735, 0.4500791
6.288891, 5.631777, 0.4497793
6.2258797, 5.5526547, 0.45001027
6.2449594, 5.573468, 0.44978
6.332396, 5.687193, 0.44969225
6.3445535, 5.750439, 0.45010087
6.205582, 5.5746126, 0.44974855
6.270585, 5.6094804, 0.44977844
6.2878933, 5.470956, 0.44970033
6.247843, 5.491279, 0.44981232
6.222344, 5.595291, 0.44952455
6.3723392, 5.606722, 0.44978786
6.4121046, 5.46746, 0.4498945
6.3917327, 5.630134, 0.44988012
6.5491524, 5.5322876, 0.4499805
6.3323646, 5.6074724, 0.44978136
6.352123, 5.5699644, 0.44982445
6.530491, 5.5520697, 0.4496368
6.388451, 5.551601, 0.44972354
6.325889, 5.472489, 0.44961128
6.369924, 5.469724, 0.44985536
6.2908573, 5.510101, 0.44990715
6.4316335, 5.607342, 0.4498122
6.4050593, 5.571818, 0.44988647
6.450683, 5.691386, 0.4497176
6.453113, 5.424897, 0.44970796
6.5492105, 5.511076, 0.4496374
6.3896575, 5.4897885, 0.44969034
6.472861, 5.4488506, 0.44965124
6.2871337, 5.570663, 0.44977728
6.4875526, 5.6137414, 0.44992048
6.4505005, 5.5668287, 0.44983408
6.509044, 5.532248, 0.44995397
6.368104, 5.6725616, 0.44975916
6.5072947, 5.4720235, 0.44971797
6.407706, 5.512621, 0.44972333
6.4530506, 5.4459114, 0.44976434
6.4272575, 5.412507, 0.4499239
6.2676535, 5.490917, 0.44978344
6.4125333, 5.6495013, 0.4497888
6.3540726, 5.509368, 0.44971603
6.4509974, 5.63162, 0.44976157
6.40805, 5.4317684, 0.44982755
6.3725114, 5.489557, 0.44967926
6.553237, 5.5495005, 0.44960722
6.4108787, 5.3703585, 0.44984052
6.3927083, 5.567617, 0.4498153
6.487879, 5.489979, 0.44982886
6.4899483, 5.5076685, 0.44976455
6.4094467, 5.3914475, 0.44993845
6.473755, 5.670026, 0.44992632
6.472151, 5.470285, 0.4498733
6.4694996, 5.4316044, 0.44987255
6.3474355, 5.4939456, 0.44942012
6.4691596, 5.5919223, 0.4495868
6.428761, 5.4305444, 0.44976044
6.5089993, 5.512085, 0.44966748
6.391331, 5.3683863, 0.44985482
6.410884, 5.4080925, 0.44978824
6.4729595, 5.5261664, 0.44981933
6.533476, 5.528736, 0.44991422
6.4487724, 5.673989, 0.44982553
6.3076496, 5.450413, 0.4498703
6.347982, 5.5910597, 0.44968188
6.2853217, 5.6748767, 0.44963673
6.3120284, 5.528408, 0.4496776
6.3133903, 5.465631, 0.44957358
6.430375, 5.490126, 0.44975954
6.413849, 5.5849543, 0.4498219
6.5734673, 5.5705724, 0.44994202
6.3330765, 5.547053, 0.44988847
6.3015614, 5.694644, 0.4498416
6.269706, 5.5492835, 0.44985318
6.335677, 5.4858065, 0.44955975
6.552479, 5.57174, 0.44995606
6.493199, 5.466924, 0.4498885
6.428836, 5.6931214, 0.4497601
6.289981, 5.429013, 0.44988367
6.3705745, 5.5300646, 0.44967628
6.4679976, 5.653234, 0.44984
6.56684, 5.5537143, 0.44967824
6.590708, 5.530333, 0.4499748
6.372926, 5.326163, 0.4496965
6.3634377, 5.773421, 0.44969025
6.1944895, 5.5259757, 0.44993347
6.587524, 5.511173, 0.44966602
6.4051714, 5.774069, 0.44964644
6.350516, 5.3896766, 0.44982895
6.428447, 5.7517705, 0.45003068
6.4698095, 5.5695524, 0.44988903
6.428652, 5.5319037, 0.44988027
6.327958, 5.571002, 0.4498205
6.4089065, 5.6726604, 0.44978076
6.3675103, 5.4325233, 0.4498078
6.228171, 5.531355, 0.4497992
6.4685564, 5.489759, 0.44980443
6.34945, 5.431096, 0.44979826
6.489732, 5.572939, 0.4499542
6.4294767, 5.449982, 0.44974738
6.2342978, 5.566197, 0.4496293
6.255165, 5.544106, 0.4498896
6.3101006, 5.5496345, 0.44985148
6.4487267, 5.548948, 0.44975364
6.3746376, 5.68773, 0.44969177
6.508915, 5.634879, 0.44968307
6.296936, 5.646787, 0.44973361
6.4276767, 5.513508, 0.44968054
6.2935514, 5.58595, 0.44987658
6.3313265, 5.62895, 0.44982955
6.3931417, 5.767596, 0.44952714
6.5291233, 5.573248, 0.44997287
6.507409, 5.6146464, 0.44993588
6.5115714, 5.5919647, 0.44957808
6.253469, 5.5880466, 0.4498431
6.349121, 5.6513596, 0.4498247
6.5702486, 5.5931363, 0.4495985
6.3688025, 5.370991, 0.4498896
6.548449, 5.5937243, 0.449609
6.3889127, 5.652725, 0.44984707
6.488505, 5.5283046, 0.44987023
6.5092244, 5.553828, 0.44965413
6.3909383, 5.7091084, 0.45007807
6.2486024, 5.5289392, 0.44970715
6.347293, 5.4125257, 0.4498015
6.4086514, 5.4906397, 0.449736
6.4440303, 5.617654, 0.4499858
6.335364, 5.6476927, 0.44975817
6.38767, 5.391854, 0.4498783
6.426635, 5.5902286, 0.44956723
6.2766404, 5.565234, 0.44966558
6.369689, 5.449446, 0.44979137
6.3117685, 5.6087193, 0.4497906
6.469963, 5.547536, 0.44976604
6.489329, 5.5928802, 0.4495861
6.5300574, 5.592005, 0.4495809
6.4494047, 5.472242, 0.44977084
6.3882394, 5.4715853, 0.4499266
6.5304255, 5.6469254, 0.4497123
6.3929257, 5.3484397, 0.44987306
6.2318144, 5.507863, 0.44974372
6.408854, 5.7307405, 0.44964242
6.215336, 5.5441456, 0.44982472
6.2146387, 5.4864216, 0.44983718
6.6085677, 5.5298996, 0.4499738
6.4053054, 5.614463, 0.44992933
6.3679643, 5.5116787, 0.44942212
6.387188, 5.5910044, 0.4496636
6.354155, 5.78432, 0.44777453
6.6716266, 5.5504847, 0.45209664
6.573239, 5.507195, 0.44959348
6.4492345, 5.652077, 0.44982594
6.3895473, 5.4510126, 0.4497853
6.3700128, 5.552123, 0.44977182
6.276957, 5.6228547, 0.4500271
6.5686, 5.5326877, 0.4500019
6.510426, 5.347706, 0.48068908
6.3568196, 5.72246, 0.44952524
6.4508114, 5.528348, 0.4498372
6.530908, 5.373301, 0.48262167
6.4680676, 5.330224, 0.48062295
6.5728393, 5.3286505, 0.48081738
6.553801, 5.306868, 0.4805535
6.5454855, 5.293689, 0.48067558
6.535286, 5.287218, 0.48050612
6.252949, 5.6466036, 0.44971508
6.3881607, 5.3312635, 0.44977278
6.1861353, 5.5530596, 0.449949
6.2298846, 5.610515, 0.4497634
6.652328, 5.5474176, 0.44960475
6.38879, 5.309274, 0.44976002
6.4136486, 5.5467925, 0.44988027
6.426737, 5.634577, 0.44961914
6.527099, 5.494436, 0.44995466
6.3558774, 5.6659, 0.45008472
6.3270445, 5.7329335, 0.4497547
6.345357, 5.532447, 0.4497961
6.475148, 5.384601, 0.44993746
6.2085037, 5.5304074, 0.44968402
6.3745027, 5.7449927, 0.44995633
6.1500006, 5.569443, 0.44854066
6.512242, 5.3076563, 0.48071346
6.5083294, 5.3318357, 0.48067647
6.591743, 5.289018, 0.4806242
6.5554338, 5.3528595, 0.483008
6.5100822, 5.294153, 0.48055652
6.527594, 5.309524, 0.48059526
6.489314, 5.349705, 0.4805517
6.425726, 5.3731413, 0.4497204
6.210691, 5.6092877, 0.4497239
6.510701, 5.429308, 0.4499056
6.407721, 5.352438, 0.44989848
6.3493495, 5.3261585, 0.44933817
6.647546, 5.509597, 0.4870495
6.6318254, 5.488447, 0.4806557
6.19387, 5.5674314, 0.44959366
6.4706664, 5.7121286, 0.45007032
6.247857, 5.4703093, 0.4497522
6.493925, 5.6867886, 0.44960934
6.546617, 5.3338027, 0.48068574
6.5344887, 5.3257484, 0.48080438
6.4143467, 5.7460885, 0.4499346
6.6104364, 5.4714375, 0.48045707
6.4896173, 5.391681, 0.44981736
6.337522, 5.701504, 0.4499601
6.490474, 5.651229, 0.449632
6.5878563, 5.4338655, 0.48056814
6.615405, 5.4266396, 0.48048633
6.626151, 5.4337816, 0.4806136
6.3132477, 5.6679473, 0.4500267
6.212099, 5.5884414, 0.44993398
6.5859475, 5.6119137, 0.44988123
6.6113505, 5.5075636, 0.44962704
6.4854116, 5.673748, 0.44993433
6.3078365, 5.709395, 0.4500913
6.487052, 5.433637, 0.44994605
6.508257, 5.6517787, 0.4496419
6.5128293, 5.3648806, 0.480642
6.2408648, 5.6175385, 0.4498967
6.5302496, 5.6678367, 0.45003328
6.525709, 5.354616, 0.48062325
6.6249685, 5.4740458, 0.48069677
6.49356, 5.407869, 0.44996005
6.5310893, 5.4512415, 0.44978666
6.3994102, 5.7232823, 0.44950628
6.5035114, 5.454724, 0.4498017
6.549301, 5.6473556, 0.44970787
6.1723485, 5.549579, 0.4498521
6.3429527, 5.7781262, 0.43362176
6.5736938, 5.292193, 0.48064935
