8.655051, 8.667144, 0.24848357
8.664748, 8.665328, 0.22316597
8.653377, 8.685844, 0.20605592
8.638832, 8.69549, 0.21610881
8.662016, 8.673918, 0.21518597
8.650246, 8.676651, 0.23576164
8.646815, 8.668462, 0.2691991
8.623407, 8.707447, 0.2280811
8.625253, 8.688144, 0.27132708
8.6351185, 8.688253, 0.24782482
8.63478, 8.673313, 0.2878847
8.644853, 8.685621, 0.22630042
8.669174, 8.673063, 0.19088823
8.633189, 8.704605, 0.20691633
8.622309, 8.72185, 0.19005555
8.624938, 8.717728, 0.19402456
8.612207, 8.709618, 0.24900348
8.602379, 8.725356, 0.23334277
8.610475, 8.72803, 0.20789942
8.589978, 8.732591, 0.2500549
8.604148, 8.70981, 0.2727715
8.597433, 8.733134, 0.22585054
8.591848, 8.71607, 0.2900443
8.581727, 8.745535, 0.23767753
8.58646, 8.750075, 0.21004187
8.585667, 8.727568, 0.2727268
8.566388, 8.754454, 0.25200593
8.557529, 8.756403, 0.27355438
8.571885, 8.73629, 0.29363734
8.570162, 8.763261, 0.22143395
8.546982, 8.77418, 0.25401267
8.572213, 8.771535, 0.19093692
8.548161, 8.763554, 0.29149324
8.546435, 8.784531, 0.22520247
8.5335865, 8.7787, 0.2756437
8.525717, 8.790449, 0.26538783
8.534948, 8.78993, 0.24459997
8.527818, 8.785255, 0.29537135
8.555416, 8.783262, 0.20717409
8.524556, 8.806664, 0.22986339
8.531312, 8.806602, 0.20691514
8.51199, 8.810668, 0.24847457
8.507988, 8.810403, 0.29458708
8.499538, 8.818131, 0.26507458
8.502228, 8.824528, 0.23738925
8.511935, 8.823832, 0.21599929
8.494518, 8.835381, 0.22906622
8.487066, 8.823033, 0.28305733
8.486606, 8.828299, 0.2710742
8.469911, 8.847279, 0.2643444
8.472182, 8.856591, 0.23585017
8.468885, 8.843323, 0.217204
8.458072, 8.851374, 0.28297898
8.417053, 8.897694, 0.27316386
8.403598, 8.904002, 0.2905122
8.394606, 8.91571, 0.28335425
8.3913355, 8.933671, 0.29634014
8.391076, 8.9313135, 0.25309923
8.384432, 8.928768, 0.27575985
8.3735695, 8.935073, 0.29395306
8.395215, 8.934391, 0.2296339
8.387108, 8.94497, 0.22402446
8.351262, 8.971323, 0.23144959
8.563667, 8.746815, 0.2826476
8.468411, 8.854207, 0.25082487
8.433109, 8.888976, 0.2338416
8.505604, 8.809337, 0.2722938
8.435582, 8.872867, 0.28971687
8.464035, 8.843056, 0.2892157
8.565463, 8.770321, 0.21518447
8.571791, 8.743855, 0.26636025
8.57682, 8.753104, 0.23065692
8.554425, 8.772628, 0.23555523
8.629656, 8.697298, 0.23838754
8.645961, 8.700204, 0.18815958
8.537314, 8.797883, 0.21398377
8.601589, 8.7418375, 0.19491239
8.552454, 8.764222, 0.2663225
8.482832, 8.851593, 0.21709903
8.442634, 8.884412, 0.2383474
8.583329, 8.743039, 0.24002211
8.541679, 8.780542, 0.25169736
8.65207, 8.65937, 0.27931747
8.516766, 8.793826, 0.28563556
8.491712, 8.816326, 0.28849036
8.549712, 8.7936, 0.19532417
8.411872, 8.909401, 0.24338132
8.648812, 8.695617, 0.1927781
8.53849, 8.771267, 0.28233206
8.349639, 8.972392, 0.2084075
8.599412, 8.745182, 0.19183546
8.562104, 8.761022, 0.24595334
8.465508, 8.865709, 0.22942144
8.559415, 8.779352, 0.20732021
8.393587, 8.947506, 0.20129068
8.603899, 8.738274, 0.19821626
8.587237, 8.721591, 0.28381443
8.420654, 8.901743, 0.248717
8.489062, 8.842991, 0.22336757
8.340894, 8.981687, 0.22656171
8.661423, 8.660994, 0.25381362
8.619286, 8.698077, 0.26081607
8.478448, 8.835302, 0.27340502
8.659087, 8.6788, 0.21003914
8.445422, 8.880686, 0.24080852
8.470528, 8.838897, 0.29360932
8.491624, 8.82246, 0.21026286
8.40722, 8.910563, 0.26520312
8.598867, 8.718412, 0.26401424
8.614853, 8.693265, 0.2905238
8.4528055, 8.858644, 0.27765757
8.369772, 8.9699955, 0.23466109
8.654194, 8.655717, 0.28349236
8.515118, 8.819321, 0.21950807
8.519185, 8.813506, 0.22411351
8.688964, 8.688818, 0.2172175
