8.625146, 7.0255847, 0.3278071
8.642141, 7.0114574, 0.3324306
8.603807, 7.0497594, 0.33533457
8.574884, 7.069843, 0.31011015
8.487061, 7.164634, 0.32990804
8.474683, 7.1758614, 0.3252237
8.472515, 7.1550617, 0.28302428
8.556574, 7.0942492, 0.32640213
8.589904, 7.053072, 0.3070833
8.566224, 7.0838823, 0.32621193
8.45221, 7.201903, 0.33428124
8.562256, 7.082692, 0.31315973
8.614297, 7.0388603, 0.3319215
8.464177, 7.1880035, 0.33125433
8.652548, 6.998267, 0.3273638
8.549292, 7.0959706, 0.31187028
8.530608, 7.1250687, 0.33436677
8.643458, 7.0009575, 0.31047404
8.633742, 7.013939, 0.31682596
8.452074, 7.1858687, 0.29279894
8.593609, 7.013242, 0.23196018
8.493177, 7.1516004, 0.31032002
8.511059, 7.1275053, 0.294079
8.482469, 7.163814, 0.31616366
8.655068, 6.9873786, 0.30757445
8.526069, 7.110312, 0.2895082
8.414688, 7.197764, 0.26465273
8.407691, 7.244163, 0.32926372
8.421217, 7.2207723, 0.30376023
8.624885, 6.989534, 0.27183217
8.505445, 7.136854, 0.30571458
8.610497, 7.0162315, 0.2846176
8.464961, 7.1699443, 0.28612363
8.604441, 7.0319905, 0.29005224
8.450762, 7.1926394, 0.30807796
8.395757, 7.2559376, 0.32918352
8.611909, 7.0043607, 0.2742785
8.588832, 7.049732, 0.29432446
8.408934, 7.2284184, 0.29202688
8.390602, 7.2267113, 0.27736515
8.635337, 6.977356, 0.26412994
8.664042, 6.975601, 0.296961
8.632681, 6.978225, 0.2594021
8.395555, 7.2358456, 0.2833409
8.6467905, 6.9670815, 0.2687129
8.407054, 7.209588, 0.273648
8.436023, 7.1914134, 0.28451893
8.565051, 7.051368, 0.25244722
8.495835, 7.157201, 0.33352607
8.52321, 7.1234236, 0.31537312
8.568102, 7.068397, 0.28924596
8.595166, 7.018795, 0.26616046
8.50497, 7.14768, 0.3310872
8.521907, 7.0983977, 0.2822356
8.578816, 7.032919, 0.2631357
8.583188, 7.031446, 0.2707841
8.62755, 7.0076723, 0.28684503
8.660164, 6.9858594, 0.3170004
8.557782, 7.05822, 0.27480644
8.570623, 7.045282, 0.2719264
8.402166, 7.2451015, 0.31699634
8.435177, 7.2158046, 0.32749072
8.387107, 7.2521667, 0.2892779
8.549065, 7.0877, 0.29139602
8.417929, 7.230322, 0.3217023
8.491584, 7.145887, 0.29250324
8.394431, 7.247953, 0.30410323
8.471181, 7.1723714, 0.30786783
8.469409, 7.145311, 0.27084318
8.584174, 7.0669436, 0.32697412
8.601688, 7.042699, 0.30879393
8.644162, 6.9907365, 0.28764364
8.554655, 7.0728474, 0.2828936
8.544501, 7.106913, 0.33023673
8.614029, 7.0289645, 0.30738673
8.5156, 7.134638, 0.32694963
8.428455, 7.209827, 0.292456
8.528977, 7.086142, 0.27267516
8.457848, 7.156148, 0.26737398
8.646001, 6.966718, 0.2525701
8.665913, 6.975032, 0.3003997
8.509538, 7.1076202, 0.27175558
8.640036, 6.9844956, 0.25056878
8.378922, 7.2366257, 0.27360937
8.57799, 7.059101, 0.29220045
8.412121, 7.2076683, 0.28193548
8.588687, 7.029619, 0.2804946
8.618238, 6.9917145, 0.26001975
8.599167, 7.052438, 0.33056056
8.508445, 7.1123295, 0.28193042
8.571342, 7.0798335, 0.32961246
8.459248, 7.189678, 0.3226575
8.517384, 7.099738, 0.2749578
8.623878, 6.996019, 0.2467634
8.533243, 7.1109476, 0.30913946
8.478577, 7.131954, 0.254447
8.538178, 7.118642, 0.3422434
8.42888, 7.18626, 0.27051446
8.60898, 6.9978228, 0.23658448
8.594079, 7.024121, 0.25230005
8.441257, 7.205207, 0.3140433
8.536451, 7.075056, 0.2607213
8.446644, 7.168545, 0.2723429
8.4324045, 7.212559, 0.31084558
8.546064, 7.06804, 0.26844257
8.49942, 7.1582294, 0.34618765
