9.248728, 8.255652, 0.63171405
9.2153, 8.236118, 0.6216873
9.20628, 8.230874, 0.6189793
9.26495, 8.214147, 0.62690246
9.207169, 8.256767, 0.62410575
9.261369, 8.263065, 0.6355384
9.254207, 8.284525, 0.6382781
9.250401, 8.231139, 0.62734973
9.252018, 8.206716, 0.62301135
9.213353, 8.209714, 0.61627775
9.214525, 8.185247, 0.61184883
9.172076, 8.248873, 0.6160245
9.174, 8.237363, 0.6141583
9.246329, 8.178251, 0.61655307
9.2648, 8.188763, 0.62205625
9.249932, 8.180306, 0.61760175
9.264055, 8.163181, 0.61707956
9.306666, 8.187337, 0.6297131
9.306913, 8.2128935, 0.63457096
9.175657, 8.263655, 0.6195405
9.210846, 8.284466, 0.63013506
9.238382, 8.300858, 0.63846534
9.209431, 8.309303, 0.63467246
9.173986, 8.288132, 0.62397313
9.241792, 8.302904, 0.6394693
9.250193, 8.3079195, 0.64203995
9.211765, 8.158684, 0.60629964
9.147776, 8.222128, 0.6062931
9.131377, 8.262913, 0.6111284
9.144797, 8.270833, 0.61515236
9.128782, 8.236195, 0.6054685
9.145419, 8.245911, 0.610442
9.144848, 8.296578, 0.6192869
9.24897, 8.154682, 0.6126012
9.272497, 8.143162, 0.6138916
9.250359, 8.13052, 0.608325
9.130419, 8.287854, 0.61531115
9.172937, 8.313104, 0.6286378
9.20515, 8.332534, 0.6383851
9.205133, 8.358917, 0.6420548
9.170061, 8.3371105, 0.63277245
9.130289, 8.313102, 0.6207161
9.145022, 8.321966, 0.6251869
9.210382, 8.3617735, 0.64474267
9.103738, 8.221644, 0.5979697
9.107307, 8.273988, 0.6087942
9.10951, 8.326572, 0.6182997
9.145357, 8.348284, 0.629215
9.169483, 8.349865, 0.6345882
9.175117, 8.366452, 0.63829887
9.1445, 8.373632, 0.6340579
9.134409, 8.341633, 0.6258776
9.109091, 8.351969, 0.6232478
9.130244, 8.364889, 0.6297018
9.173836, 8.391714, 0.6430576
9.162329, 8.384605, 0.63952804
9.06263, 8.298474, 0.6040593
9.108605, 8.37747, 0.6282313
9.064722, 8.350639, 0.6148047
9.129506, 8.390366, 0.63462085
9.142281, 8.398273, 0.63854325
9.165937, 8.412991, 0.64581233
9.146169, 8.400695, 0.63971597
9.12646, 8.414542, 0.638888
9.132059, 8.418041, 0.64060426
9.062965, 8.37524, 0.61941046
9.108054, 8.403076, 0.63325053
9.144159, 8.42561, 0.6443413
9.05793, 8.295678, 0.60262895
9.053691, 8.326947, 0.6080607
9.058432, 8.398245, 0.6232329
9.053955, 8.369715, 0.6166643
9.058301, 8.346734, 0.61285436
9.045269, 8.390111, 0.6191939
9.107435, 8.428785, 0.6383059
9.143078, 8.451253, 0.6492803
9.13111, 8.443692, 0.64557743
9.106791, 8.455072, 0.6422082
9.06583, 8.402832, 0.6255008
9.064521, 8.428481, 0.629136
9.127599, 8.468274, 0.64865565
9.011003, 8.343554, 0.6035905
9.0075035, 8.393095, 0.61158454
9.003949, 8.416672, 0.61576414
9.008813, 8.367726, 0.60806024
9.064385, 8.454533, 0.6344174
9.109017, 8.4829035, 0.6482537
9.012282, 8.42185, 0.61833453
8.992095, 8.409317, 0.6121381
9.107498, 8.248888, 0.6039582
9.015716, 8.450812, 0.62274957
8.985831, 8.329022, 0.59441763
9.132246, 8.213142, 0.6016698
9.064643, 8.325063, 0.60969186
8.954235, 8.38792, 0.596264
9.070004, 8.30287, 0.6063015
9.00445, 8.314279, 0.59649235
9.06234, 8.247738, 0.59475696
9.096318, 8.2927685, 0.6104671
9.023479, 8.454866, 0.6271455
9.022717, 8.402474, 0.61627007
9.099969, 8.320816, 0.61542225
9.09794, 8.396795, 0.63016045
9.146938, 8.171738, 0.5964997
8.948288, 8.358579, 0.58983433
9.097459, 8.422529, 0.63524693
9.187906, 8.195094, 0.60870475
9.220605, 8.11399, 0.5995827
9.196262, 8.14996, 0.6016892
9.187454, 8.347675, 0.6380738
9.188796, 8.322656, 0.6334197
9.009525, 8.329964, 0.60059094
9.292999, 8.204901, 0.6304368
9.190019, 8.2976885, 0.6288008
9.188766, 8.374815, 0.64251477
9.192284, 8.248037, 0.6196522
9.19118, 8.272815, 0.6242118
9.193329, 8.223353, 0.6151218
9.2909775, 8.229198, 0.63465333
9.127583, 8.337492, 0.623804
9.18589, 8.168969, 0.6033441
9.282157, 8.249632, 0.6368775
9.181939, 8.141914, 0.5974639
9.061221, 8.27196, 0.5998622
8.991004, 8.356869, 0.6026449
9.221619, 8.164244, 0.6092302
9.130689, 8.430288, 0.64279455
8.995006, 8.385405, 0.60777307
9.140015, 8.318958, 0.6236407
9.216566, 8.262287, 0.6269418
9.110772, 8.301398, 0.6148242
9.212149, 8.336767, 0.64052033
9.206128, 8.107476, 0.5906484
9.142364, 8.218984, 0.6047068
9.111682, 8.226256, 0.6003263
9.17303, 8.149295, 0.597172
9.221501, 8.189222, 0.6139432
9.264183, 8.239139, 0.6315188
9.220265, 8.213694, 0.61835355
9.22384, 8.140572, 0.6052009
9.122335, 8.308319, 0.61833286
9.260506, 8.288257, 0.640197
9.146469, 8.196349, 0.60111797
9.123239, 8.258118, 0.6087012
9.22386, 8.115795, 0.60053277
8.978793, 8.375484, 0.6027986
9.044059, 8.287437, 0.59843576
9.04678, 8.443439, 0.62896436
9.098005, 8.319637, 0.6148176
9.179289, 8.1901655, 0.6061178
9.046809, 8.469641, 0.6343454
9.174852, 8.212679, 0.60957897
9.0984335, 8.476144, 0.64496887
9.123982, 8.208379, 0.5991944
9.097392, 8.370577, 0.6248147
9.241063, 8.276733, 0.63433117
9.237537, 8.326194, 0.6432272
9.09773, 8.345055, 0.6197982
9.04668, 8.41735, 0.62362456
9.095484, 8.266996, 0.6052555
9.042541, 8.3117895, 0.6029879
9.098957, 8.45011, 0.6398086
9.095637, 8.24196, 0.600378
8.97969, 8.401634, 0.60836166
