5.809437, 4.950387, 0.14969286
5.7886195, 4.9513702, 0.14962143
5.829601, 4.9318337, 0.14982834
5.830867, 4.9694715, 0.14979301
5.808775, 4.9720407, 0.1497218
5.853124, 4.9478865, 0.14982162
5.7901173, 4.990112, 0.14982346
5.8310394, 4.9889345, 0.14975911
5.848616, 4.931588, 0.14982893
5.767991, 4.971917, 0.14982831
5.8686657, 4.951072, 0.1498256
5.874844, 4.9058576, 0.14983065
5.810163, 5.009874, 0.1498234
5.8715124, 4.969143, 0.14982189
5.852148, 5.007391, 0.14978217
5.849733, 4.9891734, 0.1497327
5.7914205, 5.009057, 0.14982514
5.894831, 4.9264007, 0.14982313
5.8106284, 5.0286865, 0.14983055
5.829588, 5.0308323, 0.14983219
5.850315, 5.029412, 0.14983058
5.886786, 4.9124694, 0.1498261
5.86804, 4.890543, 0.14982659
5.8921742, 4.988985, 0.14983541
5.912565, 4.948743, 0.14981973
5.9057136, 4.934389, 0.14981979
5.8296547, 5.050623, 0.14981396
5.89037, 5.0092297, 0.14980726
5.850633, 5.0489807, 0.14982621
5.8691044, 5.050358, 0.14984386
5.870468, 5.0288434, 0.14970365
5.9320474, 4.9078693, 0.14982381
5.926808, 4.952978, 0.14983824
5.848984, 5.0712714, 0.14984725
5.8887525, 5.051803, 0.14964803
5.910753, 4.8694797, 0.14982805
5.9299817, 4.889559, 0.14981987
5.9111295, 5.0294714, 0.14984658
5.9305916, 4.969374, 0.14983082
5.95152, 4.9293222, 0.14982891
5.948059, 4.9725857, 0.1498071
5.9480686, 4.911712, 0.14982341
5.928404, 5.032004, 0.14983769
5.869475, 5.090283, 0.14981392
5.8892355, 5.0712423, 0.14981316
5.9106812, 5.070413, 0.14982828
5.968123, 4.9308076, 0.14983647
5.948327, 4.9917336, 0.14983672
5.971045, 4.9490166, 0.1498298
5.87225, 5.108493, 0.14982907
5.910812, 5.0900264, 0.14980723
5.932767, 5.0482254, 0.14980634
5.9537272, 5.006652, 0.14984705
5.9475713, 5.052394, 0.14984015
5.9881496, 4.9516773, 0.1498189
5.967124, 5.011797, 0.1498332
5.989705, 4.969856, 0.14984497
5.974155, 5.026343, 0.14981195
5.951944, 5.0687127, 0.1498162
5.9508724, 5.0890245, 0.1497103
6.008471, 4.9703636, 0.14984815
5.9852276, 5.0346146, 0.14983535
6.0089436, 4.990037, 0.14982636
6.0114813, 5.0079803, 0.14983125
5.8137045, 5.0865254, 0.14984192
5.7724557, 5.0283294, 0.1498194
5.8478413, 5.111074, 0.14983293
5.734063, 4.9861436, 0.14982532
5.752765, 5.007964, 0.14982852
5.8484926, 5.151649, 0.14980865
5.8097725, 5.070472, 0.14981954
5.7908487, 5.0489445, 0.14983283
5.851973, 5.1285276, 0.14981534
5.8335543, 5.1066337, 0.14981538
5.7912703, 5.0688376, 0.14983675
6.0311375, 5.029623, 0.14981091
5.74766, 4.9916205, 0.1498284
5.787755, 5.1316123, 0.14982712
5.792506, 5.107584, 0.14984675
5.7703586, 5.069642, 0.149833
5.7696824, 5.110718, 0.14983606
5.811869, 5.1284156, 0.14980921
5.770648, 5.089043, 0.14982109
5.731492, 5.028911, 0.14982766
5.748147, 5.072167, 0.14982834
5.7504964, 5.051095, 0.14982486
5.7091227, 5.030783, 0.14983079
5.7128124, 5.0071335, 0.14982685
5.8277454, 5.172452, 0.1498096
5.807422, 5.1530433, 0.14980565
5.751149, 5.109251, 0.14981353
5.788443, 5.171291, 0.1498243
5.7477427, 5.1321006, 0.14984192
5.7725067, 5.167768, 0.14983559
5.729975, 5.090232, 0.14983243
5.6688876, 5.034862, 0.14982599
5.8089724, 5.211361, 0.14979944
5.790371, 5.1899276, 0.14980054
5.8104777, 5.1898775, 0.1498232
5.8722005, 5.2080445, 0.14987428
5.710248, 5.129761, 0.14971255
5.686946, 5.092872, 0.14982063
5.808822, 5.2319994, 0.14757851
5.769266, 5.1494064, 0.149817
5.7870297, 5.2128787, 0.14806926
5.7664294, 5.193288, 0.14873835
5.8529053, 5.1869636, 0.14980972
5.8898416, 4.9493666, 0.14981918
5.972848, 4.9072266, 0.1498271
5.951687, 4.8890705, 0.14982739
5.790159, 4.96988, 0.14982939
5.8300686, 5.151355, 0.14981359
5.9919224, 4.987869, 0.14984496
5.8692737, 4.930287, 0.14982222
5.868363, 5.1314282, 0.14980054
5.827515, 5.0921097, 0.14984497
5.912094, 4.888972, 0.14982806
5.788538, 5.0299826, 0.14982167
5.929044, 5.070508, 0.14979556
5.8892817, 5.0314474, 0.14959787
5.8890905, 5.111259, 0.14981867
5.889317, 5.170325, 0.14981258
5.869468, 5.1899366, 0.14980544
5.707417, 5.1125154, 0.14983991
5.907584, 4.971746, 0.14983281
5.8491745, 4.9700546, 0.14982483
5.931371, 4.9883275, 0.14981464
5.90832, 5.0516367, 0.14982912
5.8302426, 4.9109263, 0.14982544
5.9293876, 5.0111785, 0.149842
5.909788, 5.0111704, 0.14982818
5.83163, 5.0689807, 0.1498379
5.8680243, 4.9919705, 0.14983052
5.9120903, 4.908474, 0.14981939
5.9726176, 4.9674454, 0.14982666
5.907929, 4.99296, 0.14981364
5.8092103, 4.9308734, 0.14982584
5.888481, 5.0910034, 0.1498414
5.8499937, 4.911106, 0.14982691
5.8073864, 5.111746, 0.14983961
5.7497935, 4.9709973, 0.14982672
5.727634, 5.0112324, 0.1498295
5.8252954, 5.134314, 0.14983995
5.8110228, 5.050219, 0.14983472
5.7885942, 5.0904574, 0.14982376
5.953022, 4.9481354, 0.1498324
5.8922544, 4.887783, 0.14982887
5.9462895, 5.031919, 0.14981778
5.869737, 5.070175, 0.14984019
5.9304676, 4.869611, 0.14982763
5.7272987, 5.052101, 0.14982781
5.80811, 4.9924965, 0.14982642
5.9919543, 5.0090995, 0.1498098
5.828352, 5.010909, 0.14982586
5.745735, 5.0340333, 0.14982182
5.852693, 5.0878634, 0.14983061
5.772018, 4.9512725, 0.14982532
5.773321, 4.9878426, 0.14983098
5.8881397, 4.9709787, 0.14982241
6.01398, 5.0272903, 0.14981443
5.8925056, 4.869151, 0.14982672
5.869726, 5.0095234, 0.14974299
5.766631, 5.0531697, 0.14982645
5.9310403, 5.089191, 0.14971694
6.009887, 4.9497538, 0.14983654
5.9925127, 4.928276, 0.14983442
5.750234, 5.0893083, 0.14983198
5.972193, 4.9885416, 0.14984335
5.8281746, 4.952497, 0.14982882
5.9353952, 4.925899, 0.14981832
6.051417, 4.8498564, 0.18066613
6.0683975, 4.8712764, 0.18067764
6.109699, 4.8304343, 0.1806802
6.0868063, 4.8137784, 0.1806658
6.102416, 4.817504, 0.18066356
5.971363, 5.0887504, 0.149819
5.9100895, 5.109572, 0.14979991
5.9497266, 5.110091, 0.14957663
6.010903, 4.8895054, 0.15149654
5.968952, 5.1106944, 0.14963654
6.0313034, 4.928705, 0.14982708
5.968335, 5.0713534, 0.14979509
5.8482447, 5.211744, 0.14981447
6.0436177, 4.8353815, 0.18066451
6.0089827, 4.9306, 0.14980488
6.0835395, 4.7974463, 0.18066922
6.07476, 4.7956395, 0.18068235
5.7120442, 5.0482903, 0.14982423
5.7916574, 5.148542, 0.14982663
5.8298564, 5.1895, 0.14982374
5.7727785, 5.1282954, 0.14984478
5.809819, 5.170362, 0.14981167
6.0908647, 4.8297334, 0.18067548
5.7679834, 5.011552, 0.14982174
6.03019, 4.9500813, 0.14984731
6.0108695, 4.9084516, 0.14983563
5.746498, 5.1727123, 0.1495606
5.730289, 5.069898, 0.14982294
5.98806, 4.911299, 0.14983538
6.0326133, 4.830183, 0.18067344
5.967114, 4.892607, 0.14982228
6.0465574, 4.9927526, 0.14984177
5.870659, 5.149457, 0.14982356
6.027833, 4.7513294, 0.18116981
6.049525, 4.8913536, 0.1806764
5.992544, 4.785011, 0.18070891
6.0861588, 4.8917437, 0.18067385
5.9545326, 4.808855, 0.18067047
5.8488355, 5.170854, 0.14981821
5.6879272, 5.0505323, 0.14982937
5.8538957, 5.2271895, 0.1498633
6.0323777, 4.8488855, 0.18067038
6.1065655, 4.911015, 0.18309933
6.1267767, 4.851922, 0.18066451
6.071972, 4.8090134, 0.18067087
6.1156063, 4.8648844, 0.18066333
6.098125, 4.8436794, 0.18066458
6.0016365, 4.7856064, 0.18223825
5.6938334, 5.027057, 0.14982796
6.0278525, 4.971972, 0.14983623
6.0712786, 4.8888946, 0.18065996
5.909688, 5.1297655, 0.14982158
6.0520077, 4.8683023, 0.18067622
5.9874234, 5.09273, 0.14980924
6.0173125, 4.883251, 0.18052946
5.847973, 4.892401, 0.14982359
6.0782475, 4.8219337, 0.18065467
6.0514097, 4.9292293, 0.14986503
6.028962, 4.8890367, 0.18050388
6.028814, 5.0105968, 0.14982705
5.671492, 5.048654, 0.14982839
6.0643673, 4.9361377, 0.14917564
5.9668875, 4.8122244, 0.18175182
5.932702, 5.10743, 0.14981693
6.1438303, 4.873558, 0.1807339
6.0683374, 4.9105167, 0.18068303
6.0081725, 4.8531485, 0.1806663
5.7278357, 5.1514306, 0.14971845
6.025523, 4.871277, 0.18066812
5.89425, 5.18621, 0.14979188
5.752544, 5.1478524, 0.14983928
6.0551395, 4.9221654, 0.18033306
6.02466, 4.8954067, 0.15222576
6.0679283, 5.0118794, 0.14979717
6.0256114, 4.8950677, 0.17549293
6.0005603, 4.779249, 0.18067217
6.108835, 4.8502326, 0.18067631
6.0520625, 4.9084125, 0.18064295
6.0626354, 4.8575077, 0.18068905
6.0926533, 4.9073496, 0.18068954
5.709051, 5.0707283, 0.1498247
5.9080167, 4.8514986, 0.14982432
