8.95707, 7.604092, 0.4885295
8.908915, 7.627719, 0.47616586
8.967888, 7.609595, 0.48954546
8.925633, 7.563765, 0.49103704
8.931669, 7.6644483, 0.47280145
8.916979, 7.5595737, 0.48974293
9.007656, 7.6548033, 0.48770165
8.952227, 7.675186, 0.47464287
8.871277, 7.584906, 0.47511232
8.851634, 7.6727757, 0.45465845
9.01154, 7.5591164, 0.50725853
9.00835, 7.5333605, 0.5124576
8.882224, 7.5179987, 0.4923415
8.971272, 7.5151343, 0.50888294
8.967136, 7.4893155, 0.5139009
8.834133, 7.589246, 0.46925735
8.837706, 7.543643, 0.47737783
8.831941, 7.637481, 0.4581384
8.870884, 7.7070494, 0.4540682
8.90778, 7.726728, 0.4573335
8.884158, 7.7141294, 0.45522386
9.047432, 7.5526266, 0.51619923
9.050627, 7.578561, 0.5109812
9.005682, 7.5080857, 0.5176476
9.028752, 7.5193367, 0.51991045
9.042791, 7.5982738, 0.507582
8.999875, 7.4822907, 0.51979405
8.873575, 7.513699, 0.49152586
8.855798, 7.4821777, 0.49232715
8.97696, 7.471247, 0.51753193
8.940982, 7.4539385, 0.5139909
8.93048, 7.471512, 0.5103321
8.808781, 7.6253524, 0.45619893
8.80515, 7.5512996, 0.4689414
8.786408, 7.6137266, 0.4541506
8.810067, 7.5297337, 0.47477478
8.784919, 7.6667905, 0.43385136
9.072983, 7.56524, 0.51867306
9.0706215, 7.5165105, 0.526711
9.090124, 7.5982623, 0.51473427
9.029158, 7.472691, 0.5281564
9.017295, 7.444252, 0.5297125
8.84529, 7.4770193, 0.4913163
8.931845, 7.449546, 0.5131029
8.902439, 7.435443, 0.510196
8.936782, 7.4285984, 0.51896465
8.765003, 7.5781355, 0.45756292
8.792025, 7.5087757, 0.47573128
8.744782, 7.5677567, 0.4556858
9.13346, 7.522819, 0.53840154
9.106785, 7.509969, 0.53578115
9.075111, 7.4716926, 0.53546166
9.107473, 7.487096, 0.5386746
9.082922, 7.4754124, 0.5362197
9.034262, 7.4288473, 0.53688794
9.043443, 7.4332533, 0.5374691
9.061336, 7.4415736, 0.5396128
8.901155, 7.4116626, 0.51543623
8.892096, 7.407357, 0.5145531
9.001903, 7.390537, 0.53905433
8.994358, 7.387035, 0.5382877
8.909111, 7.393204, 0.5188703
8.730284, 7.584655, 0.44903606
8.736695, 7.615513, 0.43733773
9.149157, 7.5546794, 0.53434795
8.969427, 7.353355, 0.5385002
8.931077, 7.3577385, 0.53184676
8.789155, 7.4954734, 0.47813383
8.772116, 7.631045, 0.4474965
8.764456, 7.5068545, 0.4704595
8.804506, 7.672062, 0.44754523
8.900893, 7.527285, 0.4941168
8.984899, 7.618255, 0.49114707
8.769707, 7.4858074, 0.4762802
8.942361, 7.5721736, 0.49264756
8.74873, 7.6250515, 0.43077058
8.883742, 7.591468, 0.47570068
9.031961, 7.5692735, 0.50919294
8.723067, 7.5566278, 0.4536825
8.942195, 7.4771924, 0.511486
8.768018, 7.604184, 0.45247775
8.810331, 7.651064, 0.45093918
8.989956, 7.524319, 0.51066554
8.874437, 7.684802, 0.4566944
8.836849, 7.688954, 0.4510365
8.872344, 7.4903092, 0.49391755
8.965471, 7.3966117, 0.5299601
8.926984, 7.762847, 0.45351538
8.740595, 7.618594, 0.4352253
8.785379, 7.588626, 0.459419
9.053284, 7.6532187, 0.4974394
8.905683, 7.6024704, 0.47829443
9.080342, 7.5688915, 0.5193352
9.073608, 7.6137934, 0.5104606
9.009851, 7.606269, 0.49894184
8.746686, 7.5445623, 0.46115986
8.7377615, 7.613105, 0.44440618
8.725997, 7.5340405, 0.45924494
8.928558, 7.6503425, 0.475215
8.863686, 7.556749, 0.47981703
8.823747, 7.5366116, 0.47606912
8.98181, 7.716073, 0.47181657
9.0285015, 7.6655483, 0.4896206
8.7160425, 7.506322, 0.4605959
8.832256, 7.4472413, 0.49540326
8.928392, 7.312071, 0.5396366
8.88806, 7.5208917, 0.49292186
9.146928, 7.529314, 0.53972614
8.815045, 7.450527, 0.4910801
8.849239, 7.5736823, 0.4730669
8.849743, 7.695799, 0.45219582
8.870135, 7.6078124, 0.47238985
8.730164, 7.5602584, 0.4543464
8.965457, 7.707459, 0.47031227
9.116077, 7.6112347, 0.51719964
8.68663, 7.5661454, 0.43567246
9.050411, 7.4828787, 0.5302471
9.09211, 7.5269346, 0.52880657
8.7034445, 7.570819, 0.44655812
8.907257, 7.6517315, 0.47057363
9.119464, 7.5637755, 0.52865905
8.955345, 7.4835734, 0.51278466
8.971225, 7.539123, 0.5033791
8.9298, 7.494804, 0.50487703
8.889397, 7.4516068, 0.5063437
8.744815, 7.6167846, 0.44503722
8.9423685, 7.3629565, 0.53299975
9.105019, 7.5566845, 0.5272616
8.998065, 7.6498723, 0.48679215
9.000535, 7.577062, 0.5035698
8.794249, 7.521782, 0.47329915
8.835291, 7.566583, 0.4717859
8.948926, 7.698732, 0.46886596
8.704124, 7.5229425, 0.45720616
9.0433, 7.6232114, 0.50209874
8.913213, 7.32764, 0.5327199
8.973433, 7.3324895, 0.54429626
8.983966, 7.4052625, 0.53183085
8.88767, 7.4283733, 0.5087297
9.026514, 7.4487634, 0.5301168
8.915595, 7.4642997, 0.50886774
8.956306, 7.5078015, 0.50740427
9.027386, 7.5905337, 0.5061212
8.997769, 7.552277, 0.5059459
8.861681, 7.4159336, 0.5062019
9.070594, 7.6370773, 0.5046381
9.1241255, 7.5660553, 0.52914864
9.0330515, 7.521435, 0.5203335
8.873547, 7.634221, 0.46746913
8.895158, 7.4778757, 0.50150484
8.893953, 7.7450395, 0.45065683
8.827843, 7.399805, 0.50281125
8.935942, 7.5216556, 0.5000331
8.916828, 7.6818643, 0.46593532
8.9356165, 7.4056625, 0.5215752
8.838345, 7.4962206, 0.48817775
8.879131, 7.540397, 0.48669255
8.896488, 7.3644323, 0.5230054
9.004228, 7.4843955, 0.5202067
8.965117, 7.5593295, 0.50020856
9.151669, 7.5316043, 0.5401808
8.855232, 7.4351187, 0.5029657
8.994012, 7.671794, 0.48394266
8.963607, 7.6321397, 0.4836672
8.963475, 7.441298, 0.52166885
8.920944, 7.585731, 0.48517948
8.824978, 7.6587496, 0.45226726
