6.6478543, 6.1485133, 0.5100331
6.638401, 6.157744, 0.52892226
6.6482306, 6.1479564, 0.5501324
6.6482887, 6.148187, 0.48931
6.647801, 6.148356, 0.53079563
6.6583734, 6.137626, 0.5696356
6.6185217, 6.177955, 0.51334065
6.6282907, 6.1678853, 0.49118996
6.627847, 6.16855, 0.5495476
6.6679807, 6.128616, 0.46957186
6.628794, 6.16752, 0.47051087
6.6287603, 6.1677346, 0.5304238
6.6261435, 6.170186, 0.5088313
6.638341, 6.157999, 0.46478194
6.668412, 6.1276307, 0.5108342
6.6180162, 6.178177, 0.48984426
6.628301, 6.168077, 0.5701621
6.608418, 6.187982, 0.509776
6.617893, 6.178206, 0.5487571
6.607664, 6.1886315, 0.52949065
6.6285434, 6.168921, 0.592287
6.6494603, 6.1466317, 0.45349783
6.6175604, 6.1787825, 0.46791878
6.670939, 6.125775, 0.45545733
6.6485367, 6.147491, 0.47128737
6.588531, 6.207811, 0.4902323
6.597932, 6.1980605, 0.53477454
6.5874124, 6.208852, 0.5291679
6.58822, 6.208079, 0.50961775
6.607477, 6.188156, 0.453205
6.598578, 6.1976523, 0.5692139
6.5884495, 6.2079563, 0.47062433
6.578087, 6.218347, 0.53373706
6.578125, 6.218124, 0.5713927
6.578394, 6.2181315, 0.51083636
6.5776935, 6.2186155, 0.49055916
6.5677295, 6.2285075, 0.5102239
6.5678215, 6.2285037, 0.52945316
6.558022, 6.237995, 0.5134543
6.5582943, 6.2380695, 0.4739632
6.568457, 6.227917, 0.5496573
6.557934, 6.2383747, 0.5319021
6.5678387, 6.2285075, 0.5689986
6.5782466, 6.2183948, 0.5888647
6.558035, 6.2384796, 0.56942946
6.5471416, 6.24939, 0.50985825
6.5472746, 6.2491765, 0.52977145
6.547577, 6.2491045, 0.54971254
6.5461817, 6.250276, 0.46922332
6.5381846, 6.258523, 0.50627595
6.5375957, 6.258609, 0.48237777
6.528647, 6.2677784, 0.5102447
6.5284467, 6.267945, 0.49026403
6.5273733, 6.2690897, 0.5291456
6.5376844, 6.258735, 0.5652974
6.528424, 6.2678537, 0.5500077
6.518192, 6.2778707, 0.52878517
6.5181313, 6.278591, 0.50901
6.517968, 6.2785153, 0.5891732
6.5080967, 6.2881465, 0.51005906
6.508395, 6.288128, 0.48971364
6.5084343, 6.2879615, 0.5307948
6.508441, 6.287955, 0.46964404
6.498567, 6.298062, 0.53132373
6.4977536, 6.298598, 0.49045643
6.4981966, 6.2982297, 0.5095327
6.4984956, 6.297723, 0.5544541
6.486883, 6.3095856, 0.52932775
6.4888005, 6.3076878, 0.5493847
6.4889717, 6.3074517, 0.5109339
6.4877186, 6.308525, 0.48952287
6.47849, 6.3178735, 0.49128923
6.478829, 6.317645, 0.53349125
6.4783525, 6.318231, 0.51233184
6.4685793, 6.3279195, 0.52963245
6.4684577, 6.3277526, 0.55019414
6.4681797, 6.328229, 0.5095981
6.4682364, 6.3282747, 0.4896301
6.4779134, 6.318504, 0.5878143
6.467545, 6.3288436, 0.5696433
6.4580555, 6.3382893, 0.549384
6.458067, 6.3382235, 0.52801967
6.457687, 6.3385344, 0.569008
6.4582925, 6.338058, 0.58970916
6.447658, 6.348685, 0.549092
6.438352, 6.35816, 0.5707324
6.4477744, 6.349178, 0.59074986
6.5683074, 6.22797, 0.4697688
6.486987, 6.3085666, 0.45464143
6.4378285, 6.358595, 0.53268397
6.4586806, 6.3376985, 0.4702893
6.5541863, 6.2336855, 0.45086437
6.528457, 6.266723, 0.4532945
6.4889684, 6.3075294, 0.4703133
6.607819, 6.1883554, 0.46955654
6.506847, 6.2890573, 0.45346993
6.4178305, 6.3783646, 0.56871885
6.448913, 6.3475385, 0.5103834
6.438556, 6.357836, 0.4708213
6.4681897, 6.327966, 0.45446354
6.6685324, 6.1277685, 0.48954213
6.5277205, 6.2685876, 0.46939787
6.5086365, 6.2891426, 0.59122545
6.5715365, 6.224876, 0.45482686
6.5986447, 6.1974573, 0.5109611
6.617864, 6.178341, 0.5704951
6.447576, 6.3488183, 0.48945373
6.4379263, 6.358149, 0.51225436
6.547018, 6.249541, 0.56996435
6.4283156, 6.3680334, 0.56975985
6.457345, 6.33896, 0.49504235
6.5882607, 6.2079387, 0.54933435
6.5182548, 6.2780914, 0.54921776
6.60842, 6.188102, 0.49004063
6.478141, 6.3181014, 0.467993
6.65833, 6.1382103, 0.47130138
6.42726, 6.3690104, 0.51014465
6.5672283, 6.229018, 0.48989266
6.417263, 6.3791966, 0.5484905
6.5978603, 6.1981664, 0.58977795
6.6483903, 6.1481314, 0.5708542
6.6285634, 6.1676936, 0.4534128
6.448089, 6.3480988, 0.52969414
6.4685154, 6.3277693, 0.4701878
6.418089, 6.378415, 0.5067085
6.399388, 6.3980308, 0.55098945
6.477393, 6.3187513, 0.56871855
6.6678596, 6.128397, 0.56853384
6.417838, 6.3782783, 0.48846763
6.407183, 6.3891172, 0.570411
6.428368, 6.3680096, 0.48989585
6.4380927, 6.3579707, 0.552192
6.5185366, 6.2777624, 0.4705363
6.638104, 6.1578946, 0.4903576
6.508671, 6.2877364, 0.5698871
6.4484143, 6.347767, 0.5710573
6.6577964, 6.1382055, 0.531216
6.408379, 6.387988, 0.5301419
6.407234, 6.3878136, 0.45310622
6.4383607, 6.35823, 0.4914375
6.49763, 6.298998, 0.57033664
6.44882, 6.347754, 0.46985734
6.478612, 6.317778, 0.5517648
6.577732, 6.218463, 0.46985468
6.5082, 6.288324, 0.54988265
6.5483065, 6.248099, 0.4908044
6.4886065, 6.307708, 0.57038116
6.6394615, 6.156879, 0.570494
6.4182563, 6.377818, 0.5277518
6.557628, 6.238531, 0.49255863
6.4479966, 6.347906, 0.45340344
6.658467, 6.138026, 0.5088934
6.5185604, 6.2781186, 0.5690142
6.43803, 6.3582635, 0.59075874
6.5889406, 6.2074, 0.5704063
6.498292, 6.298115, 0.4706122
6.668306, 6.128046, 0.54974926
6.6378284, 6.1587553, 0.55081093
6.389085, 6.386129, 0.44984043
6.5484695, 6.248031, 0.45416558
6.617236, 6.1792846, 0.5886282
6.4274797, 6.3689327, 0.47082096
6.517842, 6.278612, 0.49022114
6.4280925, 6.368265, 0.58978313
6.387822, 6.389263, 0.4309354
6.4986715, 6.2975793, 0.5893434
6.407678, 6.38861, 0.5497968
6.4128165, 6.3720617, 0.45184132
6.418259, 6.3784056, 0.5899072
6.5374064, 6.259422, 0.5320147
6.5865474, 6.209441, 0.4533264
6.6186123, 6.1779923, 0.5324734
6.636442, 6.159434, 0.5135114
6.4084797, 6.387917, 0.46904388
6.5985594, 6.198254, 0.46975717
6.378408, 6.418174, 0.41046908
6.3686175, 6.4278994, 0.43034592
6.378039, 6.4182777, 0.42542922
6.394222, 6.395524, 0.36651295
6.357982, 6.4381723, 0.36701933
6.3480043, 6.4485188, 0.39076367
6.337926, 6.4582443, 0.4294956
6.3882637, 6.408315, 0.36988732
6.3686795, 6.427708, 0.41071
6.3478966, 6.4482627, 0.4294762
6.3482943, 6.448264, 0.40992382
6.39526, 6.3973575, 0.40891054
6.378128, 6.418303, 0.39011717
6.38847, 6.407951, 0.43038866
6.3586335, 6.4376535, 0.43079692
6.3583674, 6.438076, 0.39180112
6.3887115, 6.4079123, 0.4106467
6.3880644, 6.408216, 0.38981742
6.378387, 6.4177475, 0.3743959
6.3674016, 6.428845, 0.3702664
6.3579626, 6.438234, 0.44306612
6.3890443, 6.407306, 0.33039394
6.3787627, 6.417433, 0.33183503
6.389111, 6.40731, 0.35021606
6.3898954, 6.3909965, 0.35293502
6.3690515, 6.4274616, 0.34937805
6.3376207, 6.4585295, 0.3472254
6.3282757, 6.4681616, 0.38956013
6.328439, 6.4678445, 0.35016805
6.3587236, 6.437843, 0.35181034
6.3273554, 6.469173, 0.3697622
6.337828, 6.4585137, 0.3888282
6.348471, 6.4478593, 0.35014683
6.366896, 6.429463, 0.32996085
6.3479238, 6.4486074, 0.3305971
6.34895, 6.447413, 0.36968794
6.3282895, 6.4680324, 0.4099041
6.327902, 6.468426, 0.43012595
6.3181353, 6.4782186, 0.38971907
6.3186593, 6.4774175, 0.41183043
6.3088326, 6.487458, 0.43001527
6.3085246, 6.4896626, 0.44660017
6.317846, 6.4786987, 0.4257069
6.308278, 6.4879065, 0.41034672
6.368559, 6.4277215, 0.3100519
6.3288703, 6.467646, 0.33006686
6.3085904, 6.487857, 0.37015754
6.309093, 6.487164, 0.33004415
6.3077297, 6.4887233, 0.35007882
6.3276734, 6.46871, 0.30983672
6.3182893, 6.4779315, 0.35113198
6.298324, 6.4981637, 0.38917148
6.3078756, 6.4886904, 0.39024007
6.2980595, 6.4981136, 0.40866292
6.2983613, 6.498185, 0.3512774
6.3082757, 6.488332, 0.3100329
6.2980504, 6.4980717, 0.43095472
6.2983365, 6.498278, 0.44615248
6.288004, 6.5084276, 0.3701783
6.2867455, 6.509545, 0.3893374
6.28852, 6.50782, 0.41012752
6.2879868, 6.508134, 0.43029955
6.2896476, 6.5079746, 0.44593853
6.278184, 6.518256, 0.44464183
6.289881, 6.524043, 0.44966042
6.2781816, 6.517931, 0.3908098
6.287885, 6.5086455, 0.35048023
6.288855, 6.5076838, 0.31052527
6.288788, 6.5074716, 0.32997787
6.278156, 6.5180693, 0.33173853
6.2692485, 6.5272923, 0.3701656
6.2674627, 6.528657, 0.3900641
6.2692246, 6.5271072, 0.41009805
6.268235, 6.5280943, 0.43075415
6.2669415, 6.5296116, 0.34993207
6.2676096, 6.528728, 0.33018544
6.2584453, 6.5382366, 0.38687697
6.2588844, 6.5379076, 0.3696681
6.25913, 6.537152, 0.4448918
6.2710085, 6.543761, 0.44928893
6.2481585, 6.5484715, 0.43005866
6.249756, 6.547662, 0.4454716
6.248709, 6.5478163, 0.39111114
6.2489133, 6.54772, 0.36986867
6.2483172, 6.5479054, 0.41031545
6.2680283, 6.5285425, 0.3102113
6.247658, 6.548737, 0.3499695
6.247914, 6.547585, 0.30957228
6.249763, 6.5468946, 0.33047056
6.2371173, 6.5590367, 0.38713723
6.2384286, 6.55784, 0.3725453
6.238754, 6.557646, 0.43267453
6.2375145, 6.5586243, 0.4455833
6.2380795, 6.558373, 0.32945114
6.2273493, 6.5689063, 0.3700988
6.2295566, 6.56681, 0.39017114
6.228061, 6.5681114, 0.41077
6.22928, 6.567199, 0.35011163
6.227823, 6.5685763, 0.42968923
6.2176695, 6.5785217, 0.40930203
6.2184243, 6.5776997, 0.37169257
6.2188635, 6.5776215, 0.3897815
6.2277737, 6.568749, 0.3299602
6.228363, 6.5679073, 0.31124482
6.2077503, 6.58864, 0.39070663
6.207801, 6.588464, 0.41004977
6.2088594, 6.5872483, 0.37012368
6.208016, 6.5884643, 0.35037246
6.209364, 6.5917196, 0.448102
6.207472, 6.588818, 0.43053305
6.2086406, 6.587592, 0.3101036
6.20922, 6.587386, 0.33013457
6.1986456, 6.597562, 0.43302658
6.198049, 6.5986824, 0.3289939
6.1884966, 6.6077533, 0.42948395
6.1882153, 6.6093063, 0.44675863
6.1883564, 6.6079893, 0.38927817
6.187473, 6.6085815, 0.36962703
6.168509, 6.627691, 0.43004078
6.1684604, 6.627927, 0.31083754
6.1686053, 6.627888, 0.331108
6.168779, 6.6278877, 0.35118493
6.1578736, 6.6384954, 0.4451104
6.16878, 6.6274548, 0.3910117
6.1581745, 6.638028, 0.4089316
6.1688952, 6.6273365, 0.37143925
6.158162, 6.6380715, 0.3906097
6.138618, 6.6576133, 0.39085197
6.1479964, 6.648233, 0.37094367
6.148487, 6.6479006, 0.3101781
6.138303, 6.658236, 0.32980528
6.137675, 6.6589274, 0.35247153
6.137769, 6.658438, 0.3707845
6.127813, 6.668529, 0.4113725
6.128448, 6.667784, 0.39139768
6.1279078, 6.6683106, 0.3715912
6.118079, 6.678251, 0.3895654
6.188313, 6.607981, 0.31016147
6.5276284, 6.26907, 0.5892979
6.2585373, 6.537954, 0.42722383
6.177389, 6.618832, 0.40919566
6.177739, 6.618435, 0.37088448
6.147716, 6.6487617, 0.3308634
6.217462, 6.5789337, 0.34887552
6.1470013, 6.649194, 0.42993927
6.177569, 6.618666, 0.39158714
6.1983438, 6.5981355, 0.35186192
6.197832, 6.5981984, 0.37029228
6.3991027, 6.398936, 0.58674943
6.178354, 6.6182833, 0.32873246
6.598594, 6.1978097, 0.48954132
6.559116, 6.237421, 0.5492464
6.337998, 6.4583836, 0.3283765
6.218088, 6.578321, 0.32845518
6.278156, 6.518086, 0.42818156
6.358431, 6.4378214, 0.3337704
6.2974906, 6.498775, 0.32876122
6.338518, 6.4579263, 0.36896542
6.357731, 6.438616, 0.41001564
6.337988, 6.4584904, 0.41107547
6.3929396, 6.3944855, 0.32848835
6.13849, 6.657801, 0.411111
6.596408, 6.1995792, 0.5588152
6.2383685, 6.5580683, 0.34982103
6.3961883, 6.3976593, 0.38989338
6.6081986, 6.1880884, 0.5698499
6.2281218, 6.5705767, 0.44581866
6.21865, 6.577672, 0.3102217
6.389922, 6.409822, 0.4466689
6.378025, 6.4185476, 0.34594026
6.673908, 6.112721, 0.48847088
6.3482447, 6.4481683, 0.3095232
6.579653, 6.2163715, 0.5523962
6.3991923, 6.3988414, 0.50840986
6.278124, 6.518539, 0.35154787
6.3185134, 6.4781046, 0.37110284
6.4589443, 6.3374605, 0.5062253
6.2781954, 6.518281, 0.4085922
6.1979823, 6.5984135, 0.38896245
6.318683, 6.4782867, 0.44493502
6.3990617, 6.39891, 0.56966794
6.2385798, 6.5574074, 0.41203162
6.1383476, 6.6578684, 0.42916098
6.1275606, 6.669745, 0.44665512
6.3178983, 6.4787984, 0.32597846
6.3303046, 6.4699183, 0.44604966
6.408071, 6.3881288, 0.5104792
6.659385, 6.13639, 0.49073586
6.4090486, 6.4103546, 0.5252185
6.218889, 6.5776505, 0.44350582
6.2585626, 6.537987, 0.34938264
6.3994102, 6.3978677, 0.5268967
6.1975317, 6.5987406, 0.40952817
6.40817, 6.3881307, 0.48997745
6.11777, 6.678161, 0.3705316
6.4277763, 6.3685646, 0.55018634
6.1474395, 6.648954, 0.44529203
6.297778, 6.498606, 0.36630362
6.6816254, 6.1166506, 0.5116831
6.408028, 6.408589, 0.4689842
6.157412, 6.6387877, 0.42969006
6.6808105, 6.1169777, 0.47298667
6.270388, 6.5099583, 0.30595616
6.198695, 6.5973043, 0.4446803
6.258819, 6.537577, 0.41044584
6.2780347, 6.518425, 0.36799702
6.2172723, 6.5791345, 0.42670998
6.378345, 6.4183536, 0.44632977
6.5684886, 6.2286158, 0.5910354
6.3683605, 6.428105, 0.38990784
6.3682566, 6.4294806, 0.44598603
6.4280148, 6.3682394, 0.5297515
6.1886554, 6.608022, 0.32893193
6.5487123, 6.2477555, 0.5899833
6.3963294, 6.3981028, 0.31171793
6.6480055, 6.149277, 0.59048903
6.118439, 6.678259, 0.32766047
6.6078653, 6.190034, 0.5908867
6.1186843, 6.6776237, 0.42665273
6.1174884, 6.6787767, 0.40839493
6.4052463, 6.4103494, 0.45207596
6.6076226, 6.1887326, 0.5511657
6.157998, 6.638221, 0.37081712
6.127365, 6.66883, 0.4309966
6.338031, 6.4583244, 0.44487846
6.667735, 6.128712, 0.52931494
6.168565, 6.6277895, 0.41098857
6.1775365, 6.6186666, 0.43058026
6.1592827, 6.6373816, 0.35075432
6.1979046, 6.598263, 0.30851912
6.1882577, 6.6082187, 0.3489535
6.138355, 6.6581163, 0.4449645
6.412593, 6.4139605, 0.5489472
6.1588154, 6.6376767, 0.3306433
6.1781096, 6.6184144, 0.3488739
6.5365977, 6.259766, 0.54907894
6.1788373, 6.617551, 0.31160915
6.1182365, 6.6781206, 0.3481488
6.116377, 6.680889, 0.40830988
