5.9090157, 5.1907253, 0.24729484
5.949162, 5.150375, 0.25179574
5.9302545, 5.168715, 0.23248611
5.90836, 5.190954, 0.21149117
5.9102736, 5.189246, 0.23146164
5.8889246, 5.2097573, 0.2503192
5.8885136, 5.210532, 0.22882198
5.8879185, 5.2109623, 0.26988176
5.891009, 5.2087126, 0.20894013
5.9693418, 5.1305118, 0.27078506
5.972076, 5.127385, 0.25106004
5.9494157, 5.15016, 0.209614
5.950973, 5.14886, 0.22896019
5.9715176, 5.1278224, 0.21215798
5.9680586, 5.1312723, 0.22820373
5.8686094, 5.2305503, 0.27061647
5.869683, 5.2293262, 0.25063348
5.9296823, 5.1702375, 0.18771698
5.9114814, 5.1881294, 0.1697456
5.8882346, 5.2113047, 0.18881607
5.8697934, 5.2288547, 0.21081208
5.868375, 5.230647, 0.19104478
5.9883347, 5.1107016, 0.2691026
5.990823, 5.1085663, 0.23207036
5.9891925, 5.109597, 0.24968173
5.986925, 5.112703, 0.2053903
5.9661736, 5.1327777, 0.18932791
5.9499693, 5.148922, 0.1723623
5.9718914, 5.1281543, 0.17017196
5.9903564, 5.1088076, 0.19016328
5.8487363, 5.250402, 0.23067379
5.8504868, 5.248468, 0.2090578
6.008443, 5.09025, 0.2111215
6.0319963, 5.0673213, 0.23301011
6.0281057, 5.0708547, 0.19065443
6.04766, 5.0514593, 0.25010818
6.0482664, 5.0512743, 0.18821576
6.0291038, 5.069733, 0.27202448
6.067267, 5.0320263, 0.22951047
6.071433, 5.0280786, 0.251465
6.069243, 5.030347, 0.1674338
6.0910907, 5.0085926, 0.23364048
6.087518, 5.0118628, 0.21018623
6.173359, 4.9256783, 0.3322335
6.1899333, 4.9095497, 0.3496715
6.169489, 4.9292774, 0.37335554
6.152936, 4.94653, 0.351217
6.206368, 4.892296, 0.33165556
6.2086277, 4.891065, 0.39085883
6.191374, 4.907818, 0.38905337
6.2097716, 4.889414, 0.37085614
6.1686497, 4.9308715, 0.40867147
6.130913, 4.968415, 0.39013118
6.232585, 4.8665733, 0.37214538
6.2123313, 4.887439, 0.41143197
6.2291427, 4.86953, 0.4327666
6.234736, 4.864342, 0.394559
6.224343, 4.874329, 0.4099182
6.1869545, 4.9116974, 0.42994338
6.254373, 4.8456626, 0.3327028
6.2534404, 4.84631, 0.38890806
6.2441006, 4.8555098, 0.34739256
6.267926, 4.831945, 0.3701109
6.2743645, 4.8256516, 0.40928552
6.2939453, 4.805032, 0.35045946
6.3122053, 4.787029, 0.34940207
6.3168635, 4.78237, 0.37335563
6.3043303, 4.7946863, 0.38923573
6.327325, 4.7721167, 0.33004412
6.3349085, 4.7645307, 0.369666
6.3508368, 4.748758, 0.35183978
6.3423495, 4.7570987, 0.40511248
6.356736, 4.7428484, 0.39070645
6.3774714, 4.7222185, 0.39189646
6.3643837, 4.7352076, 0.43007374
5.909314, 5.1897974, 0.2698629
6.009977, 5.0894403, 0.25177103
6.350655, 4.7527094, 0.4475972
5.9491544, 5.1501656, 0.19389099
6.090354, 5.0084558, 0.19425625
6.287322, 4.8113556, 0.40737933
6.108814, 4.990002, 0.24972314
6.224825, 4.874402, 0.32722828
5.8920655, 5.207139, 0.17163749
6.0682735, 5.0309367, 0.2734154
6.2106776, 4.8879867, 0.34951806
6.3237853, 4.7754493, 0.41079605
6.1700897, 4.9289765, 0.39109865
6.046196, 5.0527067, 0.22637855
6.353856, 4.745738, 0.36841777
5.9281015, 5.1712365, 0.21117692
6.0689473, 5.026879, 0.15103623
5.9312363, 5.168187, 0.2686465
6.186964, 4.9122276, 0.3705858
5.909866, 5.1891313, 0.19222738
6.2855525, 4.813422, 0.31066835
6.2707067, 4.829312, 0.3909312
6.0084176, 5.0905914, 0.2265977
6.2840214, 4.814654, 0.39040783
6.149311, 4.9500933, 0.3272857
6.2913814, 4.8074827, 0.37112898
5.9271507, 5.172112, 0.24717104
6.289999, 4.8089776, 0.3314379
6.270324, 4.828899, 0.350546
6.126042, 4.980089, 0.20419958
5.985733, 5.108518, 0.15090768
6.3081107, 4.791123, 0.32906115
6.2489996, 4.8506126, 0.369606
6.386862, 4.7128725, 0.32971033
6.031458, 5.067823, 0.16913891
6.0739202, 5.0256476, 0.19114259
5.8856597, 5.2107897, 0.15271097
6.3666844, 4.73301, 0.33046114
6.0135565, 5.0856576, 0.19006081
6.331593, 4.767848, 0.35204917
6.270603, 4.8280654, 0.32604772
6.0259795, 5.0725927, 0.2499688
6.252491, 4.8471203, 0.4112519
6.1290264, 4.9701324, 0.33278465
6.228143, 4.871014, 0.35247493
6.0529375, 5.0466537, 0.21034667
6.3434234, 4.756173, 0.3128457
5.90516, 5.190122, 0.14996786
6.0113106, 5.088357, 0.2687458
6.3266764, 4.7725577, 0.42720473
6.047974, 5.0475225, 0.1504041
6.0290856, 5.0701785, 0.20705651
6.165334, 4.9332385, 0.34762064
6.3465695, 4.753025, 0.3291193
6.145072, 4.953855, 0.36653805
6.1920004, 4.907003, 0.41282037
6.150044, 4.949105, 0.41163346
6.3936563, 4.706076, 0.3690333
6.0897603, 5.006022, 0.15184607
6.210266, 4.891515, 0.4476915
6.245889, 4.8533096, 0.4277845
5.950417, 5.148596, 0.27238283
6.3745365, 4.725156, 0.3745571
6.0664525, 5.0324388, 0.2092945
5.9470377, 5.149466, 0.15047225
6.111019, 4.9857297, 0.17158158
5.929391, 5.1702414, 0.16982143
5.9796042, 5.119563, 0.16520163
6.031675, 5.0659304, 0.15392877
6.011944, 5.0862427, 0.15282677
6.266915, 4.831752, 0.30945805
6.192509, 4.907268, 0.32733706
6.009315, 5.0901804, 0.16790581
6.3632393, 4.736365, 0.40840235
6.3458776, 4.7535615, 0.43195957
6.0925183, 5.0068884, 0.2548411
6.3697166, 4.7299757, 0.34713408
6.3084855, 4.7904954, 0.42616075
6.049974, 5.0490575, 0.1709117
5.992196, 5.1065235, 0.17338398
6.1889114, 4.9108667, 0.31323847
6.1722198, 4.9272146, 0.43189853
6.323575, 4.7758675, 0.31132615
5.869498, 5.2293477, 0.23049606
6.1057544, 4.9755664, 0.27676895
6.1486087, 4.9502635, 0.39085665
6.047737, 5.051324, 0.28939286
6.390607, 4.7091274, 0.35108
6.219801, 4.878869, 0.38910872
6.1279044, 4.971005, 0.40943778
6.3057046, 4.7932754, 0.41088223
5.9666815, 5.1303563, 0.15116847
6.332944, 4.766428, 0.3928779
5.929133, 5.172502, 0.2908835
6.0878825, 5.011015, 0.27197096
6.112078, 4.987451, 0.20883882
6.100988, 4.9978256, 0.22564082
5.879342, 5.219448, 0.24265829
6.3832054, 4.716483, 0.42724612
6.0992346, 4.9995775, 0.22036602
5.8502593, 5.246231, 0.15344323
6.381359, 4.7183313, 0.41559157
6.1796474, 4.918933, 0.40556473
6.2789493, 4.8197236, 0.3652701
5.9798665, 5.118841, 0.22971548
5.8799744, 5.2198377, 0.19509934
6.2360744, 4.8635397, 0.31260312
5.8666105, 5.2298, 0.1502809
