6.664111, 7.609577, 0.5992597
6.728677, 7.550544, 0.5997634
6.6742315, 7.573034, 0.6008073
6.740486, 7.5946417, 0.59930974
6.743563, 7.610016, 0.59975976
6.677327, 7.647299, 0.5992601
6.646888, 7.6298623, 0.59993005
6.662447, 7.6720514, 0.59993297
6.6576257, 7.5904593, 0.5992637
6.633729, 7.592904, 0.5999277
6.7215014, 7.513854, 0.59976256
6.7246113, 7.53086, 0.59976095
6.7633796, 7.53059, 0.5993082
6.7686467, 7.569112, 0.5993058
6.765544, 7.549165, 0.59930754
6.645011, 7.5517063, 0.59926414
6.622347, 7.559733, 0.59992534
6.772637, 7.5903354, 0.5993075
6.7769747, 7.6103683, 0.5993075
6.7553835, 7.6503906, 0.5997642
6.693138, 7.6906214, 0.5992633
6.6027675, 7.6249323, 0.59934217
6.583627, 7.5725913, 0.5993418
6.682036, 7.4901986, 0.6002622
6.7159495, 7.47064, 0.5997614
6.7619114, 7.509672, 0.5993077
6.717968, 7.489826, 0.59976035
6.761779, 7.490093, 0.5993064
6.811162, 7.550714, 0.5989042
6.8164396, 7.5100584, 0.5989043
6.8125257, 7.5306163, 0.59890467
6.812997, 7.5906034, 0.59890527
6.811452, 7.5702167, 0.5989041
6.655979, 7.5035625, 0.59995353
6.6139183, 7.5342693, 0.5999298
6.631515, 7.507215, 0.5992618
6.815315, 7.609286, 0.5989033
6.786941, 7.6502876, 0.5993076
6.8182826, 7.6279354, 0.59890616
6.7691827, 7.693513, 0.59976184
6.792649, 7.670776, 0.59930825
6.682688, 7.7249746, 0.5999296
6.708165, 7.7303815, 0.59926367
6.7739935, 7.7078323, 0.5997601
6.6177874, 7.6647205, 0.5993467
6.6348624, 7.708787, 0.5993425
6.582039, 7.6741366, 0.59901166
6.5604053, 7.6177125, 0.59901494
6.5430512, 7.5710864, 0.5990124
6.568858, 7.530547, 0.5993399
6.7147784, 7.450117, 0.59976196
6.674796, 7.4493365, 0.600262
6.6781497, 7.469996, 0.60026324
6.714944, 7.4302993, 0.5997621
6.763286, 7.4699984, 0.59930634
6.7673116, 7.4495006, 0.5993076
6.85628, 7.568672, 0.60098755
6.8246493, 7.4890866, 0.59890413
6.8348827, 7.4746165, 0.5989048
6.853648, 7.588832, 0.6009873
6.853164, 7.6083736, 0.6009876
6.600524, 7.491715, 0.59992844
6.6271415, 7.491845, 0.5992633
6.822776, 7.6510267, 0.5989063
6.661479, 7.775591, 0.5993427
6.5683527, 7.690421, 0.59989107
6.5444727, 7.6288834, 0.59989166
6.5207477, 7.5658307, 0.59989285
6.5275655, 7.52823, 0.5990119
6.5110683, 7.586426, 0.5989025
6.554391, 7.487541, 0.59933984
6.672137, 7.42827, 0.6002642
6.71686, 7.409852, 0.5997608
6.6162925, 7.450722, 0.5992639
6.6706495, 7.410689, 0.6002625
6.722217, 7.3865104, 0.59976155
6.775163, 7.429312, 0.5993065
6.7898865, 7.4103446, 0.5993074
6.872361, 7.5307407, 0.6009875
6.8630495, 7.5461135, 0.60098714
6.8473196, 7.4645596, 0.5989046
6.858194, 7.458936, 0.598906
6.869956, 7.4556513, 0.59890395
6.5953417, 7.4743147, 0.5999273
6.505982, 7.52536, 0.5998935
6.4920816, 7.5870295, 0.5998516
6.669966, 7.3901677, 0.60026294
6.633479, 7.4087915, 0.6008086
6.72959, 7.369936, 0.5997621
6.5826316, 7.426774, 0.5996976
6.611585, 7.4309177, 0.5992629
6.630781, 7.38976, 0.60080695
6.670654, 7.370346, 0.6002635
6.7372665, 7.358411, 0.5997619
6.7491884, 7.3477435, 0.59976125
6.673325, 7.349673, 0.60026324
6.6035104, 7.3918023, 0.59926224
6.6777687, 7.3321586, 0.60026246
6.7082005, 7.290353, 0.6002631
6.513638, 7.4884014, 0.5990084
6.491098, 7.6064434, 0.59942013
6.577812, 7.409726, 0.5999317
6.488849, 7.5260997, 0.59890234
6.53587, 7.4287267, 0.59933937
6.688159, 7.3106117, 0.60026336
6.5488973, 7.4706545, 0.59934366
6.452413, 7.574461, 0.5999943
6.6368117, 7.428136, 0.60080725
6.575404, 7.49058, 0.6006269
6.6692104, 7.6899505, 0.599932
6.6505885, 7.4901676, 0.60080874
6.535124, 7.5493073, 0.5990097
6.5356917, 7.651147, 0.5989039
6.638303, 7.530083, 0.59926176
6.5884013, 7.4500313, 0.5999299
6.5139217, 7.509027, 0.5993058
6.6267853, 7.6880593, 0.59933925
6.5288873, 7.5876775, 0.5998843
6.684854, 7.668136, 0.5992639
6.5696177, 7.641938, 0.5990118
6.732224, 7.6670966, 0.60026467
6.698102, 7.764159, 0.59993285
6.6981893, 7.2980266, 0.60026324
6.67075, 7.628712, 0.59925985
6.645175, 7.7349133, 0.5993417
6.715772, 7.750067, 0.5992634
6.495092, 7.5498357, 0.59902126
6.783785, 7.634253, 0.5988944
6.719666, 7.502389, 0.5997635
6.5887322, 7.691268, 0.5990091
6.513423, 7.545876, 0.59989136
6.6264567, 7.571841, 0.59992653
6.6287446, 7.3705344, 0.60080814
6.685334, 7.6075487, 0.6008103
6.66673, 7.5484686, 0.6008078
6.468482, 7.5684023, 0.5989894
6.648961, 7.564102, 0.5992632
6.6969905, 7.5457993, 0.59947336
6.6568575, 7.5134935, 0.6007532
6.6683183, 7.7924314, 0.5993436
6.7028055, 7.5736823, 0.60026443
6.575498, 7.549661, 0.5993408
6.550648, 7.5916576, 0.5990125
6.5903482, 7.591217, 0.5993429
6.469874, 7.549755, 0.5994215
6.8594365, 7.555677, 0.60098827
6.6071377, 7.410478, 0.59926367
6.733428, 7.571137, 0.5997618
6.696961, 7.707086, 0.59932923
6.6054106, 7.5075736, 0.59992856
6.653079, 7.6468153, 0.5999282
6.7193017, 7.3966537, 0.5997622
6.551071, 7.646051, 0.5998889
6.6228676, 7.4738555, 0.5989679
6.64175, 7.615601, 0.599931
6.5801096, 7.4189277, 0.5999293
6.749852, 7.6320076, 0.59976137
6.516812, 7.606792, 0.59900105
6.6830845, 7.82843, 0.5993449
6.710656, 7.894415, 0.5993405
6.7171454, 7.9097533, 0.5993427
6.6960278, 7.9523425, 0.59901166
6.77631, 7.952426, 0.5999293
6.796836, 7.9477344, 0.5992675
6.646745, 7.925366, 0.598891
6.712297, 7.990293, 0.59901285
6.7388577, 7.960552, 0.5993415
6.6649947, 7.968591, 0.59890187
6.683491, 7.9699454, 0.59987724
6.74382, 7.9720645, 0.5993433
6.6324635, 7.9511504, 0.59956306
6.687598, 8.008972, 0.5991988
6.7072563, 8.025298, 0.5998949
6.69319, 8.034627, 0.59890866
6.728871, 8.028641, 0.5990146
6.6463323, 8.0117445, 0.5989979
6.6351566, 7.985223, 0.5989924
6.6498446, 7.9889426, 0.5996334
6.7631907, 8.016693, 0.59934574
6.6075945, 7.992941, 0.5994723
6.671328, 8.0291395, 0.5998518
6.6861253, 8.063704, 0.59985864
6.729375, 8.053027, 0.59945035
6.6127157, 8.017573, 0.59924525
6.6317697, 8.033924, 0.59956455
6.8061814, 8.010863, 0.599792
6.780484, 8.056152, 0.59935284
6.652873, 8.071176, 0.59956694
6.6919947, 8.091134, 0.5995587
6.6884594, 8.109825, 0.59855855
6.648783, 8.082918, 0.59963316
6.7157974, 8.087003, 0.59890985
6.734021, 8.0869055, 0.59989566
6.753626, 8.085344, 0.5990056
6.825668, 8.014326, 0.5992627
6.830089, 8.075213, 0.59992796
6.574793, 8.051881, 0.5990779
6.6076894, 8.090802, 0.59966946
6.6395698, 8.081707, 0.5992557
6.714949, 8.133055, 0.5996007
6.6756864, 8.125614, 0.59999764
6.731134, 8.122286, 0.5989156
6.753319, 8.130901, 0.5998841
6.7668715, 8.115476, 0.5990152
6.799971, 8.100189, 0.59934807
6.852933, 8.0886755, 0.5994267
6.8365574, 8.089712, 0.5999249
6.548455, 8.071847, 0.59970754
6.7326465, 8.171115, 0.599849
6.623383, 8.169972, 0.5990759
6.7703104, 8.146327, 0.59944904
6.7696657, 8.167968, 0.59989077
6.8177853, 8.140112, 0.5993429
6.855605, 8.132194, 0.59993756
6.5566454, 8.133518, 0.5992525
6.7623863, 8.193567, 0.59890604
6.686329, 8.192024, 0.5992564
6.7266884, 8.185234, 0.5992761
6.5898414, 8.174158, 0.59971833
6.6568, 8.208476, 0.5996672
6.8708544, 8.165909, 0.5999398
6.884843, 8.147152, 0.5992626
6.493272, 8.108328, 0.5996804
6.7574086, 8.227664, 0.599852
6.767952, 8.228868, 0.5993737
6.808899, 8.210018, 0.5990081
6.71393, 8.228541, 0.5997427
6.6037207, 8.250217, 0.5992566
6.8437614, 8.197829, 0.59934324
6.5010133, 8.161931, 0.5994428
6.634538, 8.283417, 0.599712
6.5270104, 8.207833, 0.59959817
6.665569, 8.271237, 0.59907234
6.752691, 7.8894825, 0.59743494
6.565267, 7.9877114, 0.59967136
6.667464, 7.9322977, 0.59989035
6.6500216, 7.8909187, 0.59988815
6.48763, 7.5065145, 0.59922934
6.6861925, 8.278181, 0.5996652
6.713769, 7.8437243, 0.59630704
6.651652, 8.237958, 0.5990809
6.575325, 8.138383, 0.59970015
6.621593, 8.251874, 0.59970367
6.5874724, 8.210082, 0.5992487
6.662592, 7.8732276, 0.59901154
6.5295935, 8.193275, 0.5997411
6.4923687, 8.153499, 0.59935224
6.6779575, 7.90981, 0.59902084
6.550802, 8.08795, 0.5995896
6.5427275, 7.4511404, 0.5993436
6.6086445, 7.909364, 0.5992606
6.6275682, 7.351279, 0.6008075
6.7560444, 7.9049745, 0.59993374
6.6916976, 7.8491926, 0.5993383
6.469758, 8.122487, 0.5991885
6.452181, 7.5241737, 0.5989923
6.506245, 7.6243567, 0.59985536
6.7112694, 8.186024, 0.59949756
6.565064, 7.6691856, 0.59967
6.804609, 8.110601, 0.59934276
6.8201494, 7.6381617, 0.5989084
6.853982, 7.626987, 0.6009876
6.809547, 8.028806, 0.5999344
6.7869678, 8.206389, 0.5995907
6.720687, 7.918073, 0.599336
6.67047, 7.949912, 0.59964406
6.5546403, 7.613121, 0.59918845
6.6755857, 8.0880375, 0.5991591
6.8312626, 8.170145, 0.5993515
6.8372, 8.040607, 0.5992713
6.627315, 7.966543, 0.5989927
6.6027017, 8.078729, 0.59965223
6.6183553, 7.547775, 0.5999271
6.7746124, 8.042784, 0.5993467
6.652597, 7.769654, 0.5991828
6.76178, 7.6708155, 0.5997603
6.5478883, 7.667682, 0.59922916
6.8151374, 8.090753, 0.6006294
6.6460443, 7.8734803, 0.59974796
6.562213, 7.5110655, 0.599339
6.527679, 7.6302886, 0.5988995
6.6018286, 7.7244644, 0.5990134
6.7513885, 7.9895587, 0.59934413
6.7129126, 7.6076775, 0.60026336
6.5740933, 8.029697, 0.5993749
6.6632147, 8.010123, 0.59985906
6.6799273, 8.176985, 0.59923935
6.4752727, 7.58657, 0.5989951
6.7094884, 8.0514145, 0.5994029
6.744725, 8.11137, 0.5998985
6.690786, 7.5287294, 0.6002646
6.6458273, 7.470704, 0.60080755
6.74314, 8.149719, 0.59889245
6.745496, 8.066795, 0.5990122
6.6711392, 8.045244, 0.59950966
6.6383123, 7.605935, 0.5999282
6.792419, 8.1731415, 0.599025
6.777677, 7.9084444, 0.5842175
6.698682, 7.865948, 0.59934384
6.5664077, 7.366554, 0.59503394
6.861395, 8.09507, 0.5992673
6.6872087, 7.9316316, 0.5990134
6.707438, 8.06768, 0.5989045
6.8163776, 7.993013, 0.5992605
6.804162, 8.245518, 0.59989274
6.6302667, 8.145113, 0.5996733
6.7092905, 8.245671, 0.5992589
6.6010127, 7.377542, 0.5992639
6.4288487, 7.5324636, 0.5996244
6.474754, 7.4866076, 0.5989029
6.703412, 8.318791, 0.5996604
6.73001, 8.293804, 0.5992573
6.61593, 8.1519575, 0.5990711
6.5214763, 8.089203, 0.6004528
6.5986743, 8.237774, 0.5992566
6.4936705, 7.490712, 0.5998908
6.6915154, 8.311828, 0.59937435
6.468427, 8.06878, 0.5994914
6.4866486, 8.166817, 0.5991864
6.8506656, 8.070975, 0.5992551
6.626931, 7.924163, 0.59984696
6.5420437, 8.055874, 0.59969807
6.590938, 8.091307, 0.5990765
6.649721, 8.191624, 0.59967345
6.6327, 8.278942, 0.5997093
6.6992383, 8.351372, 0.59907997
6.7375526, 8.311254, 0.599249
6.59929, 7.3663487, 0.599261
6.485783, 8.080664, 0.59972966
6.79123, 7.928402, 0.5972396
6.8051343, 7.9670553, 0.5992673
6.596026, 7.606734, 0.59934205
6.5841074, 7.9485793, 0.5992581
6.6219864, 7.675625, 0.5993371
6.727058, 8.070926, 0.59988767
6.77213, 8.127376, 0.59901124
6.9139094, 8.048221, 0.5964375
6.646479, 7.970655, 0.5998569
6.793289, 7.991679, 0.5999414
6.738874, 7.5913773, 0.5996157
6.708454, 7.8384457, 0.59880924
6.8645096, 8.151882, 0.59992796
6.7592535, 7.6629114, 0.59976745
6.6753774, 7.7060733, 0.59992963
6.5319686, 7.4877243, 0.60013723
6.7667346, 7.9301004, 0.59993285
6.6904473, 7.7448015, 0.5999271
6.7234774, 7.9733276, 0.60013705
6.653555, 7.950716, 0.59908915
6.52342, 8.009365, 0.5997134
6.797799, 8.09529, 0.5993439
6.6111407, 7.6472144, 0.5993399
6.7696714, 8.031515, 0.5993471
6.69301, 7.9921846, 0.5998825
6.470806, 7.529669, 0.5998468
6.673321, 7.8552213, 0.60013777
6.5755486, 8.012815, 0.59966123
6.7064767, 8.32603, 0.59967756
6.7319894, 8.211413, 0.59899783
6.7852154, 8.245193, 0.5988941
6.512583, 8.191863, 0.59943837
6.784715, 7.9719086, 0.59993327
6.5739985, 8.145466, 0.5995977
6.6715775, 8.285602, 0.5990863
6.7967963, 8.182906, 0.59899527
6.6610155, 8.218512, 0.59967107
6.4618664, 7.505067, 0.59985673
6.698076, 8.133027, 0.59899235
6.6124034, 8.271604, 0.5992597
6.5787573, 8.188496, 0.59924936
6.6519613, 8.111101, 0.59926045
6.511434, 8.146754, 0.5997375
6.6125965, 8.229922, 0.5997129
6.728395, 8.248089, 0.5999957
6.5956116, 8.188299, 0.59969807
6.689729, 8.3287945, 0.5990752
6.769476, 8.255086, 0.5998589
6.6151805, 8.1088505, 0.59966403
6.5444355, 8.231143, 0.59974116
6.631221, 7.88831, 0.598904
6.5731497, 7.390113, 0.5999305
6.6291037, 7.3096156, 0.6008031
6.4560165, 7.5471396, 0.5992404
6.490224, 8.05079, 0.60007447
6.5163827, 8.03253, 0.5992548
6.5983715, 7.484574, 0.599929
6.4260406, 7.5465536, 0.59925026
6.5372424, 7.609908, 0.59989595
6.8905015, 7.514932, 0.600988
6.593626, 7.703736, 0.5990127
6.483284, 7.5635347, 0.5998558
6.7266016, 7.292517, 0.5984751
6.55682, 7.4296703, 0.60062766
6.512355, 7.5665855, 0.5993972
6.6586347, 7.6618686, 0.5999359
6.9171557, 7.4821963, 0.58719647
6.6540203, 7.7091126, 0.6006275
6.6546164, 7.7585497, 0.59933794
6.829952, 8.024105, 0.59926397
6.7041903, 7.719988, 0.59926385
6.5957713, 7.551654, 0.600625
6.640741, 7.538093, 0.5992685
6.624062, 7.6305127, 0.60063016
6.6661053, 7.827395, 0.5912635
6.6139865, 7.934653, 0.5989967
6.623802, 8.129573, 0.5996587
6.766403, 8.202693, 0.5989121
6.650462, 8.021483, 0.5989825
6.5064077, 7.4671593, 0.59901077
6.5397487, 7.4414897, 0.59933335
6.7066493, 8.008328, 0.5995995
6.782695, 8.151217, 0.59900445
6.572996, 8.174199, 0.59924793
6.6303973, 8.04613, 0.59950215
6.837113, 8.183107, 0.5993418
6.5450253, 8.104508, 0.5992618
6.5966477, 8.1052, 0.5990722
6.689082, 8.285015, 0.5996695
6.749056, 8.295639, 0.599998
6.6294603, 7.9071817, 0.5993837
6.6066866, 8.215458, 0.5997069
6.6504116, 8.321957, 0.59971267
6.720179, 8.142499, 0.5998531
6.9097013, 7.5077653, 0.60098743
6.5126133, 7.428615, 0.60013473
6.510131, 8.016735, 0.59925187
6.501754, 7.453259, 0.59900945
6.608628, 7.9667544, 0.5999986
6.707649, 7.7687016, 0.5997076
6.8553114, 7.985158, 0.5844251
6.6861362, 7.509119, 0.60026044
6.5469227, 7.5309386, 0.60013664
6.8123803, 7.3953233, 0.59796757
6.746719, 7.708562, 0.6002658
6.587201, 7.5264974, 0.60062426
6.5046735, 8.129369, 0.5997284
6.599014, 7.984629, 0.599253
6.7138996, 8.169702, 0.5989952
6.805909, 8.234065, 0.59960747
6.634007, 8.06847, 0.59925336
6.826574, 8.159724, 0.59935296
6.7191057, 7.2870555, 0.5998405
6.642742, 8.303369, 0.5997242
6.7242327, 8.10642, 0.59890795
6.4874744, 7.4729156, 0.59988904
6.5498953, 7.9702826, 0.59937656
6.6275, 7.330251, 0.60080785
6.7805505, 7.4201827, 0.5993096
6.757949, 7.3231916, 0.59156835
6.561927, 7.9788837, 0.59933233
6.6962976, 7.5496154, 0.6002076
6.6707172, 7.8926315, 0.5990218
6.7381077, 8.2254715, 0.5989963
6.740435, 8.05522, 0.5990162
6.802065, 8.19475, 0.5990144
6.7759705, 8.2697935, 0.59985423
6.736356, 8.266439, 0.59999657
6.7523427, 8.185855, 0.5992311
6.694418, 8.210952, 0.5992522
6.8472695, 8.113659, 0.5999347
6.707426, 7.671514, 0.6008044
6.7986374, 8.2331705, 0.59990144
6.469386, 8.0935, 0.5993448
6.8429604, 8.152756, 0.6006319
6.6143994, 8.065914, 0.6003159
6.756927, 8.002288, 0.5993328
6.5838385, 8.073994, 0.5990744
6.5196342, 8.040717, 0.5992459
6.792362, 7.923135, 0.5777379
6.7689004, 7.3420134, 0.59845126
6.4503736, 8.071344, 0.59917605
6.547808, 7.9854975, 0.5990715
6.7497106, 8.2101345, 0.5998545
6.6305356, 7.6478434, 0.6006264
6.738166, 7.958957, 0.59934723
6.681932, 7.9191713, 0.5990059
6.7001395, 7.9619617, 0.59901065
6.7216277, 7.6352234, 0.60026217
6.8814855, 8.1397085, 0.599253
6.601958, 7.950695, 0.5999839
6.785759, 8.068102, 0.59934694
6.5636473, 7.452785, 0.60061973
6.6702914, 8.112958, 0.5999913
6.614683, 7.71117, 0.600138
6.5222387, 8.047279, 0.5992459
6.913694, 8.113279, 0.60026073
6.5788007, 8.061695, 0.59908116
6.6811624, 7.657956, 0.5992577
6.7794228, 7.6208835, 0.5993061
6.559779, 7.5038476, 0.59934396
6.4796743, 8.148519, 0.5991752
6.566147, 7.632841, 0.5990108
6.553772, 7.550187, 0.60013705
6.522265, 7.5132117, 0.5990056
6.465894, 8.112294, 0.59917176
6.7466893, 7.8793044, 0.59878033
6.655769, 7.904588, 0.59988236
6.444827, 7.4863925, 0.5936809
6.581704, 8.027832, 0.59966886
6.5060062, 8.091194, 0.60006905
6.7849016, 8.113608, 0.6001301
6.694227, 8.168905, 0.5999957
6.657588, 8.12439, 0.59924793
6.7051153, 8.149369, 0.5989968
6.6085806, 7.588043, 0.6006266
6.6977367, 7.913168, 0.6001284
6.5376983, 8.130133, 0.60045123
6.6120167, 8.186758, 0.6002207
6.6713147, 8.070572, 0.59899026
6.568884, 7.5916767, 0.60013604
6.589468, 8.00498, 0.59985846
6.6834884, 8.057552, 0.5998538
6.4551144, 8.128282, 0.6004756
6.6458855, 7.6881437, 0.6006223
6.7847376, 8.022037, 0.600618
6.7615137, 7.968815, 0.6006336
6.6536875, 8.242824, 0.59907264
6.5940495, 7.9726553, 0.5992605
6.546052, 8.024961, 0.6002077
6.507999, 8.05507, 0.6004628
6.474116, 8.050455, 0.5997334
6.8575306, 7.4226923, 0.5853497
6.8502316, 8.168825, 0.6006264
6.6651177, 8.228247, 0.5996626
6.7134924, 7.6882963, 0.6008047
6.705739, 8.109191, 0.59985113
6.6818495, 7.321521, 0.600263
6.629534, 8.18482, 0.5990856
6.726288, 7.7228756, 0.6008082
6.5219693, 8.173774, 0.5997418
6.554109, 8.213337, 0.60008067
6.868037, 8.109867, 0.5992595
6.465708, 8.156355, 0.6004603
6.6994734, 7.561848, 0.6002651
6.626111, 8.008551, 0.59999734
6.6269827, 8.307425, 0.5992655
6.4907565, 8.135298, 0.5994321
6.4360228, 8.119557, 0.60025007
6.5396686, 7.6613894, 0.598892
6.7527475, 8.171021, 0.5985735
6.5871916, 8.2539835, 0.60045725
6.6622624, 8.350647, 0.5997122
6.7261724, 7.9309645, 0.5993457
6.6603737, 7.5986357, 0.5992629
6.6995716, 8.223011, 0.59926224
6.646981, 8.271326, 0.60019773
6.796861, 7.685225, 0.5993066
6.952076, 8.086142, 0.59529823
6.6787257, 7.816284, 0.5988077
6.5259337, 7.469736, 0.60013527
6.8009706, 7.4017944, 0.59930706
6.5656147, 8.114411, 0.5997111
6.742186, 7.923858, 0.60062176
6.675563, 8.253049, 0.59967685
6.7203093, 7.8722367, 0.6006222
6.736521, 8.003514, 0.60015434
6.7535286, 7.72736, 0.60026014
6.696052, 7.6392055, 0.60080194
6.6007457, 7.5659323, 0.6006214
6.70708, 7.5884323, 0.6002678
6.73969, 7.3049097, 0.5956502
6.670202, 7.980875, 0.5989123
6.747864, 8.292948, 0.60002506
6.6241975, 7.7351217, 0.6001403
6.666343, 8.189542, 0.6003123
6.592081, 7.653198, 0.60013723
6.574481, 7.6067405, 0.6001366
6.9170094, 8.1206255, 0.6002524
6.7074065, 7.839959, 0.6001546
6.7030916, 7.8764563, 0.5993396
6.6192045, 7.462297, 0.5992595
6.819083, 8.050435, 0.5999382
6.5906763, 8.008762, 0.600312
6.748376, 8.248993, 0.5989854
6.581952, 7.5108, 0.6006352
6.743469, 7.699438, 0.60026133
6.5368996, 7.502222, 0.60014516
6.6709204, 7.751924, 0.6006375
6.6663294, 8.145016, 0.5992468
6.7603316, 8.058022, 0.60015166
6.6366005, 7.6639137, 0.60062826
6.5473633, 7.3921137, 0.6001953
6.8620896, 8.050638, 0.600812
6.8221674, 8.197004, 0.60014874
6.5994267, 7.9446363, 0.6000006
6.8092556, 8.121054, 0.59935397
6.5330567, 8.074507, 0.59925836
6.794607, 8.135434, 0.6001303
6.7070646, 7.9351244, 0.60015017
6.794826, 8.044966, 0.6006227
6.6341515, 8.027717, 0.6000169
6.8299766, 7.9772983, 0.60081357
6.8866515, 8.105639, 0.60080606
6.7218103, 7.851797, 0.5925705
6.5899243, 8.047801, 0.59966326
6.7125435, 8.298062, 0.60031646
6.599134, 8.1553955, 0.60021675
6.683323, 7.8790655, 0.6001286
6.677742, 7.5841494, 0.60080236
6.804159, 7.369383, 0.58703274
6.557004, 8.052028, 0.60019755
6.56031, 7.568327, 0.6001427
6.724244, 7.6431923, 0.6002535
6.6615095, 7.5306144, 0.6008089
6.8834605, 8.045405, 0.6002733
6.723304, 7.7148666, 0.60079664
6.899747, 8.082174, 0.60027605
6.6397347, 8.209369, 0.599085
6.721003, 8.01045, 0.59900206
6.667296, 8.105964, 0.60000956
6.844823, 8.200159, 0.5993342
6.7691936, 7.9865084, 0.6006321
6.826396, 8.115961, 0.60064006
6.6243305, 8.089701, 0.6003142
