6.6114073, 6.750606, 0.47056013
6.5906844, 6.7713814, 0.47040597
6.6113076, 6.7508893, 0.50989056
6.611279, 6.750806, 0.4900171
6.5914907, 6.770683, 0.49073842
6.590943, 6.771259, 0.5101735
6.5910463, 6.770624, 0.45382434
6.601117, 6.761033, 0.4943097
6.5710077, 6.79112, 0.46945617
6.610528, 6.7516055, 0.5285918
6.610834, 6.7510834, 0.549981
6.630989, 6.731218, 0.52914536
6.600943, 6.760896, 0.5347857
6.6209054, 6.741397, 0.5334597
6.59117, 6.770949, 0.5507926
6.6010504, 6.760965, 0.5503111
6.591048, 6.770832, 0.5308244
6.5711856, 6.7908597, 0.53025836
6.5609856, 6.800862, 0.50830245
6.5710077, 6.7911153, 0.54945314
6.581071, 6.7811527, 0.5510499
6.541019, 6.8218985, 0.46685153
6.551546, 6.810525, 0.49000806
6.600875, 6.7613215, 0.56509346
6.621237, 6.7408767, 0.577145
6.6112094, 6.7509356, 0.57020605
6.631616, 6.730309, 0.5699622
6.6118374, 6.751475, 0.5914529
6.650891, 6.711138, 0.50961715
6.6607275, 6.7014036, 0.5467668
6.560786, 6.8012075, 0.54740655
6.5709457, 6.7910967, 0.5695832
6.5515904, 6.810351, 0.55018425
6.541196, 6.8213634, 0.5535465
6.5513806, 6.810807, 0.52999437
6.5504336, 6.811552, 0.57064325
6.53071, 6.831462, 0.50992453
6.530329, 6.8317914, 0.52928656
6.530608, 6.831255, 0.49050367
6.551082, 6.8117046, 0.5914868
6.560981, 6.8011503, 0.58743167
6.520974, 6.841216, 0.4527387
6.5112495, 6.8506827, 0.49091545
6.5208864, 6.841278, 0.5103289
6.641168, 6.721801, 0.595512
6.6519713, 6.7105455, 0.5910425
6.6814, 6.682284, 0.51065975
6.670173, 6.691832, 0.48942256
6.5302157, 6.831774, 0.57039803
6.521101, 6.84093, 0.55137235
6.5099854, 6.8519497, 0.52956766
6.5108395, 6.8511443, 0.5495348
6.5108595, 6.851368, 0.51010025
6.501072, 6.861157, 0.50640595
6.500932, 6.860964, 0.5529989
6.4902954, 6.8716574, 0.47004774
6.491329, 6.870767, 0.5309116
6.480779, 6.8813944, 0.50726986
6.4814425, 6.8806906, 0.49403688
6.490641, 6.8712516, 0.5494105
6.4906344, 6.8714166, 0.5688946
6.4809365, 6.881068, 0.5743681
6.470633, 6.891445, 0.4879248
6.471073, 6.8909564, 0.5295103
6.470534, 6.891506, 0.50887996
6.472288, 6.8897595, 0.5505552
6.471374, 6.8904247, 0.4700468
6.461194, 6.901007, 0.49311227
6.451222, 6.9106865, 0.51215094
6.4513993, 6.910795, 0.49088514
6.450711, 6.911271, 0.5303062
6.450362, 6.9117436, 0.5482996
6.450762, 6.911497, 0.59097826
6.4408345, 6.92105, 0.5097136
6.4408975, 6.920945, 0.4682242
6.4308543, 6.931053, 0.5099379
6.4307957, 6.931453, 0.4913461
6.4307246, 6.931204, 0.47286683
6.430996, 6.930985, 0.52797824
6.4209538, 6.9409475, 0.5091056
6.421028, 6.9409547, 0.527305
6.430413, 6.9316244, 0.54988587
6.420888, 6.941041, 0.47242957
6.4299064, 6.930581, 0.45508456
6.4316864, 6.930249, 0.57186466
6.4309807, 6.9309416, 0.5910766
6.4110518, 6.950926, 0.527311
6.4094825, 6.9491034, 0.45531648
6.420763, 6.9409494, 0.45863527
6.4169016, 6.938022, 0.45070675
6.400738, 6.9609675, 0.4585592
6.3905, 6.9722996, 0.44625047
6.3870106, 6.97518, 0.42864022
6.37122, 6.9909554, 0.42825043
6.3698854, 6.9920945, 0.39091784
6.3502703, 7.011777, 0.41296145
6.3407025, 7.0213256, 0.41040564
6.3505874, 7.0115914, 0.4316765
6.350513, 7.011585, 0.35005543
6.3673215, 6.9946594, 0.37250248
6.360825, 7.0011506, 0.37566546
6.3609476, 7.001115, 0.35316303
6.3509154, 7.011075, 0.37169036
6.321295, 7.040811, 0.42925456
6.3313985, 7.0306053, 0.40751442
6.3309803, 7.032251, 0.44581527
6.3312407, 7.030729, 0.38770086
6.3315687, 7.030443, 0.36822394
6.31127, 7.0508265, 0.43114185
6.311009, 7.050961, 0.39167938
6.3501806, 7.012123, 0.3288849
6.3310866, 7.0310473, 0.34896508
6.331678, 7.03067, 0.32874468
6.321153, 7.0409937, 0.34980488
6.30073, 7.0612516, 0.38572672
6.2912726, 7.0707726, 0.4301298
6.3103375, 7.051686, 0.37160978
6.3110094, 7.0511465, 0.35179132
6.3107347, 7.0516496, 0.3315495
6.281249, 7.0808077, 0.436317
6.290879, 7.0711, 0.3900834
6.29136, 7.0708714, 0.35035416
6.291121, 7.0709424, 0.37021026
6.2810087, 7.080961, 0.3976298
6.311521, 7.0504494, 0.3122567
6.3005476, 7.0611086, 0.30509788
6.281021, 7.081251, 0.350182
6.271493, 7.0905156, 0.38842767
6.270494, 7.0916414, 0.36846817
6.2719855, 7.091458, 0.44563225
6.261175, 7.100789, 0.41609776
6.270351, 7.091996, 0.34857005
6.2611823, 7.1009736, 0.37020975
6.270009, 7.0921645, 0.32931325
6.250471, 7.1119266, 0.36969537
6.2504168, 7.1117883, 0.3899753
6.2511373, 7.1114793, 0.34934905
6.241114, 7.121428, 0.34836745
6.229858, 7.1321063, 0.43076524
6.2316766, 7.130328, 0.40931994
6.2314415, 7.1306806, 0.38974434
6.252311, 7.108769, 0.30920136
6.2299557, 7.132376, 0.3696233
6.220924, 7.1415167, 0.36606908
6.2210326, 7.140985, 0.41244072
6.2127194, 7.1491284, 0.33138123
6.2103367, 7.1521373, 0.37048012
6.2108426, 7.150822, 0.34884197
6.2133937, 7.148586, 0.42839628
6.2119217, 7.1505413, 0.44493374
6.2096486, 7.152588, 0.39010185
6.2008166, 7.1611814, 0.43032774
6.1907773, 7.1713448, 0.36937144
6.189983, 7.171754, 0.35030898
6.191712, 7.170666, 0.3897428
6.1914296, 7.170396, 0.31108916
6.1714, 7.190917, 0.41014647
6.1709933, 7.1913857, 0.44578874
6.170657, 7.1909413, 0.37052813
6.1721544, 7.1903005, 0.38967213
6.169843, 7.192161, 0.3508046
6.1612124, 7.201173, 0.41245487
6.1503773, 7.2113156, 0.39035138
6.1520786, 7.210196, 0.43007338
6.151025, 7.2108774, 0.36942318
6.1512184, 7.211304, 0.41064006
6.140824, 7.221225, 0.3705561
6.150295, 7.211215, 0.3300104
6.152036, 7.210275, 0.349328
6.14095, 7.2211456, 0.3488771
6.1497135, 7.2121964, 0.309815
6.1308393, 7.2309284, 0.40892383
6.131349, 7.2304645, 0.38976312
6.1307254, 7.2309346, 0.34956455
6.1213574, 7.240877, 0.3268054
6.1306343, 7.2314, 0.31079802
6.450671, 6.911161, 0.468724
6.2715073, 7.0904593, 0.40863323
6.401066, 6.960862, 0.4723879
6.2312984, 7.130373, 0.33071196
6.130061, 7.2321987, 0.37041435
6.4214754, 6.9408035, 0.4922856
6.149331, 7.2278566, 0.44954032
6.570728, 6.7915506, 0.4902232
6.631046, 6.7310576, 0.51075214
6.600872, 6.76113, 0.45766434
6.131265, 7.2316914, 0.44622228
6.5303164, 6.831801, 0.54968107
6.1914387, 7.1707325, 0.40947607
6.2610493, 7.100662, 0.31522956
6.28983, 7.072144, 0.41097954
6.2012715, 7.161035, 0.3888455
6.5408344, 6.8218546, 0.51325446
6.4111037, 6.9511523, 0.49070117
6.311586, 7.0504107, 0.4112242
6.2508125, 7.111158, 0.33026886
6.131184, 7.2306824, 0.33057392
6.470112, 6.889279, 0.45514885
6.2306786, 7.1315866, 0.34981585
6.2712, 7.090802, 0.42925876
6.369954, 6.992092, 0.4095118
6.668095, 6.6692944, 0.48966417
6.3511257, 7.01119, 0.4457241
6.4113035, 6.950627, 0.47235972
6.291482, 7.070138, 0.30976224
6.5502143, 6.8117285, 0.5097188
6.490871, 6.871155, 0.4900272
6.4918666, 6.870207, 0.5114585
6.1317086, 7.2307873, 0.43035373
6.6715345, 6.690461, 0.51054156
6.251171, 7.1109524, 0.41000623
6.630983, 6.7310443, 0.4907622
6.6298122, 6.7310457, 0.4537841
6.41082, 6.9510794, 0.5090065
6.121559, 7.24108, 0.42983332
6.2247334, 7.1503134, 0.44871458
6.249825, 7.112214, 0.42995194
6.441142, 6.9211044, 0.49228847
6.650563, 6.7115426, 0.5300462
6.2407026, 7.121262, 0.42901653
6.35062, 7.0113587, 0.3937315
6.2099953, 7.1520705, 0.4106244
6.6304326, 6.731559, 0.46972907
6.47106, 6.8908753, 0.58909667
6.3651876, 7.009716, 0.44997332
6.5703487, 6.789729, 0.45355082
6.510817, 6.8497987, 0.45398024
6.4922647, 6.8703756, 0.59093577
6.5704994, 6.7914014, 0.5094162
6.6310735, 6.731114, 0.5900152
6.5109773, 6.851092, 0.5698789
6.290463, 7.071686, 0.44524303
6.111138, 7.265615, 0.2967052
6.1914573, 7.1705723, 0.4303377
6.2532988, 7.1113796, 0.44495746
6.2915077, 7.07099, 0.32975414
6.5306573, 6.8316026, 0.59073555
6.63084, 6.7312346, 0.54949963
6.4425015, 6.921498, 0.45055372
6.6510906, 6.7109113, 0.47036618
6.5811625, 6.7807593, 0.52734
6.2112746, 7.150978, 0.31041607
6.191525, 7.171041, 0.4458688
6.520785, 6.8410554, 0.48795554
6.640856, 6.721147, 0.4897404
6.640968, 6.720907, 0.5744581
6.4497323, 6.9122114, 0.56940615
6.57108, 6.7913017, 0.5899265
6.4009447, 6.96133, 0.49169043
6.540931, 6.821975, 0.5319171
6.5504217, 6.8117914, 0.4699711
6.181368, 7.180998, 0.32786933
6.2312374, 7.1309266, 0.4446279
6.1171994, 7.2454433, 0.42735848
6.5806456, 6.781571, 0.48920697
6.5608463, 6.801463, 0.48772493
6.6210675, 6.741046, 0.5043233
6.221183, 7.1406875, 0.32574254
6.051132, 7.31051, 0.2500516
6.0415926, 7.3208213, 0.2774268
6.0301514, 7.33228, 0.24949872
6.0317283, 7.329907, 0.26951423
6.051264, 7.3111672, 0.23010635
6.01026, 7.351786, 0.25049397
6.0308514, 7.331318, 0.22891907
6.089343, 7.2730503, 0.27012116
6.0116343, 7.350169, 0.28999847
6.0216885, 7.3405933, 0.20511468
6.03133, 7.330499, 0.20974979
6.0488653, 7.3133087, 0.21212576
6.011484, 7.350495, 0.23145714
6.040641, 7.321825, 0.23448321
6.070044, 7.2919884, 0.25041804
6.009963, 7.3520455, 0.21077886
6.0319047, 7.330223, 0.28966337
6.0120616, 7.3503656, 0.2698557
6.0318303, 7.330186, 0.1887145
6.0430646, 7.318484, 0.19755045
5.9900503, 7.3720975, 0.27152175
5.9894323, 7.3725576, 0.23030427
5.9904284, 7.371489, 0.21116197
5.9917665, 7.370172, 0.2505902
6.0119195, 7.3500705, 0.18990874
6.0271406, 7.3347816, 0.17235933
5.992379, 7.3692913, 0.1916452
5.989564, 7.372269, 0.1707926
5.961069, 7.401367, 0.26413113
5.971722, 7.390508, 0.24971877
5.9714627, 7.3905025, 0.27082238
5.97051, 7.3915977, 0.23178646
5.9692125, 7.3928766, 0.19040337
5.9613276, 7.4006815, 0.22989258
5.9730206, 7.3887434, 0.21081455
5.9704547, 7.391796, 0.17030515
5.990754, 7.369344, 0.15368892
5.952673, 7.409392, 0.28933355
5.9495687, 7.412342, 0.27001023
5.9711514, 7.3906994, 0.1539885
5.949193, 7.4123945, 0.23032936
5.952707, 7.4092937, 0.24868782
5.9328537, 7.4293094, 0.26945904
5.9312153, 7.43063, 0.29135254
5.9293947, 7.4323173, 0.25051883
5.9518695, 7.4100547, 0.20965643
5.9510045, 7.411225, 0.18874098
5.940864, 7.4211793, 0.19243206
5.949193, 7.4096527, 0.15209153
5.9519258, 7.4099383, 0.16921133
5.930717, 7.4312434, 0.21035978
5.9211006, 7.4407887, 0.2279962
5.913539, 7.4482493, 0.26874122
5.9119544, 7.450079, 0.22926123
5.909205, 7.452367, 0.25073427
5.9103885, 7.4516397, 0.20986035
5.9298363, 7.4320965, 0.17015745
5.926731, 7.4366035, 0.15397602
5.9124146, 7.449513, 0.18914679
5.9104176, 7.4521074, 0.16980055
5.8921905, 7.4695597, 0.26970533
5.889632, 7.4733458, 0.29198352
5.8902283, 7.4718843, 0.2313006
5.8929167, 7.468873, 0.20862673
5.8912435, 7.470745, 0.24970393
5.888691, 7.4738193, 0.19025367
5.881351, 7.4806085, 0.22668202
5.900927, 7.4609947, 0.16673955
5.8808665, 7.4800873, 0.17409918
5.873005, 7.4893975, 0.24819408
5.8696647, 7.493012, 0.29195118
5.873645, 7.488866, 0.20851703
5.87233, 7.489489, 0.1696823
5.8495183, 7.5124903, 0.23128767
5.850307, 7.51108, 0.20955053
5.852721, 7.5095997, 0.24987848
5.8505883, 7.5114255, 0.17090823
5.853733, 7.5084987, 0.28897336
5.8407583, 7.5215497, 0.2076852
5.83669, 7.5251117, 0.19220346
6.240749, 7.1215286, 0.36817032
6.2614584, 7.1005473, 0.43508816
6.1203146, 7.241273, 0.34870228
5.8672624, 7.49195, 0.15368736
6.2300158, 7.130199, 0.30874762
6.240828, 7.1211457, 0.41472217
6.0605016, 7.3014693, 0.26870725
5.8483753, 7.513696, 0.272801
5.9095755, 7.452345, 0.28973892
6.0625644, 7.300246, 0.2199892
6.6009355, 6.761107, 0.47229123
6.2610116, 7.101008, 0.3900019
6.221009, 7.141437, 0.3537733
5.8529353, 7.509201, 0.18898138
5.8701997, 7.491747, 0.23235072
6.240667, 7.121383, 0.3082302
5.9408464, 7.421507, 0.227966
6.5408735, 6.8218994, 0.48887026
6.3473287, 7.0148377, 0.3087412
5.870409, 7.4913707, 0.27176833
6.471052, 6.890934, 0.57084435
6.6502953, 6.709935, 0.45306885
6.2010245, 7.161513, 0.37196085
6.581387, 6.7806406, 0.45475087
6.068291, 7.2934093, 0.23437896
6.409937, 6.9519877, 0.5730398
6.312776, 7.049537, 0.4463793
6.0206575, 7.3417683, 0.2524989
6.171992, 7.190111, 0.3299235
6.3211985, 7.0411506, 0.3312281
6.3012967, 7.060739, 0.42446554
6.3646517, 6.9973946, 0.35545287
6.2609444, 7.1013947, 0.35313213
5.8610086, 7.5009103, 0.2146185
6.380725, 6.9813213, 0.40826768
6.2810793, 7.0809913, 0.37279385
6.3206015, 7.041404, 0.41123107
6.1410937, 7.2210426, 0.31455135
6.5901833, 6.7718377, 0.57067937
5.8374724, 7.5234647, 0.22903764
6.160398, 7.2014065, 0.36693567
6.3011036, 7.0609603, 0.36669752
6.3611717, 7.0008073, 0.39158246
6.4106584, 6.951363, 0.5499005
6.521254, 6.8406796, 0.53421783
5.8407564, 7.52087, 0.27608207
6.5297627, 6.829353, 0.45367363
6.170575, 7.1915483, 0.4313422
5.860811, 7.501502, 0.18212405
6.540835, 6.821961, 0.57255566
6.171382, 7.1902833, 0.30887347
6.521074, 6.840983, 0.56914556
6.000859, 7.3612757, 0.22692367
6.4605455, 6.901299, 0.5106742
6.180702, 7.1806602, 0.3133923
5.9311295, 7.4306026, 0.22986653
6.5905924, 6.771671, 0.59083533
6.220763, 7.141375, 0.3937196
6.650515, 6.711478, 0.48934385
5.9915857, 7.371718, 0.29094237
6.201004, 7.161045, 0.32877997
6.420751, 6.941277, 0.551452
6.010187, 7.3515377, 0.16978109
6.1818104, 7.180268, 0.4285539
6.5123177, 6.849795, 0.47080073
6.6410885, 6.720916, 0.4577089
6.4520335, 6.9107723, 0.4521691
5.8669024, 7.4942217, 0.19383308
6.1401367, 7.221547, 0.38882685
6.420774, 6.941173, 0.5725099
6.651299, 6.710787, 0.5697362
6.6694818, 6.691842, 0.45477182
6.3815966, 6.9805627, 0.4251355
5.9311748, 7.4307013, 0.18997875
6.5612564, 6.8008637, 0.5673754
6.0519404, 7.310083, 0.26898572
6.460706, 6.901067, 0.46623853
6.4610543, 6.901068, 0.5509883
6.561185, 6.800842, 0.5224129
6.3302193, 7.0318255, 0.30939165
6.610763, 6.7504745, 0.4538011
6.561154, 6.8009124, 0.45268285
5.940538, 7.421098, 0.15458459
6.5009804, 6.86096, 0.4877801
5.972324, 7.389977, 0.2891769
6.4607778, 6.9016056, 0.4537272
6.6212587, 6.740774, 0.48524624
6.5316086, 6.8308053, 0.47079688
6.480984, 6.8810916, 0.5266149
6.3414116, 7.0209336, 0.32697397
6.321084, 7.040886, 0.3903557
6.041114, 7.3204355, 0.19919221
6.1413074, 7.221096, 0.4283131
5.900367, 7.460591, 0.15199116
5.836615, 7.5255156, 0.29099083
6.181508, 7.180709, 0.41150272
6.4407616, 6.921297, 0.5272733
6.440912, 6.921166, 0.5458086
6.1606245, 7.2017164, 0.39269364
6.3014207, 7.06112, 0.32352802
5.960726, 7.400665, 0.24988389
6.161222, 7.2010217, 0.33537233
6.2819433, 7.080584, 0.3311965
6.341448, 7.020716, 0.34331608
6.1416454, 7.2206984, 0.40834492
6.221252, 7.140711, 0.43017238
6.280628, 7.0809913, 0.31306532
6.1217175, 7.240757, 0.36868954
6.6409864, 6.7212934, 0.5505316
5.851585, 7.5108175, 0.15358502
6.37311, 6.990967, 0.4458109
6.490946, 6.8718586, 0.45379555
6.190671, 7.1715164, 0.32924497
5.9814606, 7.380891, 0.18563142
6.3013277, 7.060898, 0.34748244
6.1180434, 7.244076, 0.39092824
5.8621926, 7.5007057, 0.22960477
6.181468, 7.18104, 0.387553
5.8477273, 7.4899836, 0.14968391
6.383724, 6.9783473, 0.41273308
5.861655, 7.5009723, 0.26361895
5.837208, 7.5257754, 0.26394963
6.6207843, 6.741079, 0.55377376
6.3608766, 7.001157, 0.40831578
6.650652, 6.711559, 0.5498511
6.080758, 7.2811832, 0.2869748
5.8919005, 7.4695983, 0.17018647
6.6703405, 6.6916924, 0.5302728
5.901082, 7.461387, 0.18716127
6.6011343, 6.760769, 0.5846984
5.990976, 7.348608, 0.15021153
6.410223, 6.9516935, 0.59051883
6.560892, 6.8012786, 0.4701596
6.1513724, 7.2114763, 0.44548723
6.3977375, 6.9568996, 0.4506879
6.500869, 6.8612137, 0.57029897
6.6409163, 6.7211356, 0.50778985
6.6010194, 6.761285, 0.5161643
6.4608526, 6.901131, 0.5683675
6.161386, 7.2007923, 0.3490021
5.9011908, 7.4612546, 0.24428864
6.1818113, 7.1808057, 0.37983432
5.900838, 7.461264, 0.27245697
5.921915, 7.4407015, 0.1891506
6.0613437, 7.301089, 0.22740507
6.120818, 7.24123, 0.38764992
5.9010863, 7.461535, 0.21306582
5.9815197, 7.3804655, 0.24892288
6.341224, 7.0207453, 0.38550442
5.8408456, 7.5217285, 0.25300002
6.2607293, 7.1011486, 0.32915127
6.5008144, 6.861206, 0.5303436
6.1806116, 7.1812654, 0.34926435
6.341238, 7.02094, 0.4335724
6.2409935, 7.121084, 0.39042863
6.010599, 7.34998, 0.1529382
6.5215564, 6.840759, 0.4672053
6.0011153, 7.360235, 0.15371808
6.280659, 7.081311, 0.41179997
5.9409013, 7.421458, 0.25776246
6.120973, 7.2405534, 0.41491747
5.890943, 7.4699655, 0.15393996
6.580754, 6.7812047, 0.5716244
6.6410933, 6.721048, 0.52786565
6.5112014, 6.851524, 0.590416
6.5807776, 6.7812214, 0.51045597
5.9822683, 7.3803277, 0.2694316
5.961006, 7.4003334, 0.19177833
6.461178, 6.9007387, 0.5336247
6.62094, 6.7410536, 0.4662353
6.681395, 6.6823354, 0.4884517
6.200888, 7.161267, 0.40445068
6.1173177, 7.245313, 0.3684943
5.980273, 7.381056, 0.20083126
6.6663923, 6.667531, 0.5017942
6.300844, 7.0611362, 0.4089821
6.6614327, 6.7006035, 0.5235638
6.072218, 7.291439, 0.29136783
5.9403286, 7.422285, 0.16943732
6.0020394, 7.3602543, 0.26945487
6.061516, 7.3008957, 0.25925672
5.9613285, 7.4010253, 0.20582286
6.5009522, 6.861323, 0.45479816
6.34058, 7.021412, 0.37110317
6.021226, 7.3411193, 0.17657721
6.441064, 6.9207935, 0.59428775
6.6604815, 6.7015295, 0.51231056
6.5413723, 6.8223953, 0.4514832
6.480988, 6.880947, 0.5918989
6.581004, 6.7810974, 0.47114858
6.480971, 6.8811126, 0.5545324
6.1254306, 7.2486787, 0.4471049
5.880682, 7.4807487, 0.25446042
6.6815014, 6.68251, 0.56911796
5.911481, 7.446388, 0.15096197
5.9801836, 7.3822517, 0.15885931
6.0504484, 7.3119106, 0.28953433
6.041523, 7.3208, 0.20861475
5.9813104, 7.3800364, 0.1718151
6.6212215, 6.7407675, 0.4520816
6.00106, 7.36034, 0.20841789
6.08272, 7.2790346, 0.25402302
6.1414037, 7.220273, 0.3289606
6.440883, 6.921057, 0.5680332
6.120936, 7.240386, 0.3091262
6.1616592, 7.2005386, 0.4294532
5.940626, 7.4207582, 0.2730702
6.081758, 7.280465, 0.27984726
5.860401, 7.5035877, 0.15012088
6.021614, 7.3404384, 0.27010742
6.671726, 6.6904693, 0.5708139
6.3208222, 7.0411897, 0.37082213
5.8348804, 7.525861, 0.15145677
6.0004888, 7.3608446, 0.18157828
6.3315387, 7.030586, 0.4288947
6.321267, 7.040531, 0.30894667
6.0414395, 7.3203087, 0.29075596
6.5009584, 6.861097, 0.4689806
5.9227448, 7.440139, 0.15817249
6.0716195, 7.290672, 0.26962805
6.6608763, 6.701114, 0.49600595
6.341254, 7.0207987, 0.30737448
6.6617203, 6.7003627, 0.45439687
6.041818, 7.3202357, 0.25090307
6.48092, 6.8814554, 0.45820367
5.8817983, 7.4806504, 0.26934364
5.8403234, 7.521031, 0.19141732
6.0000196, 7.362332, 0.16829926
5.8357825, 7.5275397, 0.21150875
5.823961, 7.509779, 0.1498626
6.6814704, 6.682507, 0.46108177
6.4800186, 6.8817167, 0.4674858
6.0814066, 7.2803473, 0.2550935
6.3818464, 6.981845, 0.44784874
6.680586, 6.682419, 0.5295628
6.116982, 7.2446985, 0.4094956
6.3992367, 6.9634333, 0.5091471
6.360901, 7.0012736, 0.33863345
5.9200234, 7.441416, 0.20640321
6.3992243, 6.9639053, 0.57310224
6.3997393, 6.9623566, 0.52521455
6.473842, 6.8779836, 0.4504292
6.3991795, 6.965347, 0.49047816
5.8811073, 7.480815, 0.18967392
6.118803, 7.2427, 0.35300767
6.401398, 6.9606695, 0.569404
5.901211, 7.460225, 0.22851709
6.117582, 7.2439938, 0.30976975
6.200478, 7.161221, 0.3455294
6.5508194, 6.809183, 0.45373246
5.84099, 7.5218105, 0.17383628
6.400008, 6.961741, 0.5320932
5.9217196, 7.440637, 0.25022784
5.960195, 7.4012513, 0.1639121
5.9204836, 7.4423985, 0.16057655
6.1170325, 7.2459273, 0.44677675
5.8808846, 7.481426, 0.15825199
