8.544758, 7.1101694, 0.3706483
8.568566, 7.089698, 0.38593274
8.550349, 7.1083694, 0.34876958
8.561779, 7.101484, 0.3623871
8.558517, 7.0964146, 0.37187648
8.549834, 7.109672, 0.38777167
8.572209, 7.0836535, 0.37035203
8.527529, 7.130852, 0.34846064
8.57887, 7.0775394, 0.34345526
8.572334, 7.089453, 0.35532644
8.526943, 7.131946, 0.3853087
8.531806, 7.1228104, 0.3765905
8.521653, 7.1424284, 0.36123294
8.598331, 7.0555425, 0.37249905
8.591479, 7.0691605, 0.39154065
8.585953, 7.0706415, 0.36945772
8.602457, 7.061533, 0.36093253
8.590757, 7.0684786, 0.3493594
8.512415, 7.1479506, 0.35200983
8.505943, 7.153456, 0.36455393
8.50927, 7.1512294, 0.39089042
8.610984, 7.0446534, 0.37310278
8.609776, 7.049313, 0.35031095
8.500361, 7.1601133, 0.38963744
8.490701, 7.166133, 0.37006658
8.48553, 7.173832, 0.38687545
8.490105, 7.1708226, 0.35260066
8.627289, 7.029564, 0.3717375
8.630686, 7.0290403, 0.35040805
8.61926, 7.0373955, 0.34116668
8.608244, 7.0499153, 0.38446942
8.47647, 7.176542, 0.3702961
8.480084, 7.182799, 0.35952103
8.48117, 7.1809645, 0.3649694
8.643579, 7.020277, 0.36267495
8.640812, 7.021076, 0.35728192
8.637494, 7.0149846, 0.37070432
8.468077, 7.1915236, 0.38714573
8.465464, 7.1894464, 0.373806
8.468421, 7.191322, 0.3501256
8.652594, 7.0084906, 0.3521742
8.659861, 6.999638, 0.38624415
8.649934, 7.010142, 0.39026362
8.65514, 7.009465, 0.36312935
8.449969, 7.2087317, 0.38683444
8.446929, 7.2118073, 0.34795582
8.453568, 7.2052445, 0.36965358
8.670602, 6.9890056, 0.388255
8.667385, 6.9871907, 0.37558123
8.66915, 6.9902263, 0.35023478
8.436754, 7.216129, 0.37139413
8.440775, 7.222207, 0.36206114
8.680044, 6.9812446, 0.35169986
8.429864, 7.2308173, 0.35345003
8.418988, 7.239867, 0.38714552
8.43447, 7.226629, 0.39178926
8.426524, 7.2286305, 0.37278983
8.418398, 7.239362, 0.3446688
8.407065, 7.251793, 0.34886947
8.408646, 7.2505956, 0.38648754
8.412572, 7.2452545, 0.3684352
8.398459, 7.255925, 0.373224
8.40102, 7.268955, 0.3484801
8.402807, 7.262087, 0.36460826
