6.6351523, 5.5950184, 0.5702781
6.6554227, 5.5751867, 0.5515473
6.614522, 5.616545, 0.58524764
6.6456366, 5.585136, 0.52936316
6.615649, 5.6147327, 0.5502974
6.6053014, 5.6257706, 0.5691078
6.624548, 5.605399, 0.54770696
6.636203, 5.595126, 0.54969376
6.6150837, 5.615015, 0.5271698
6.6046724, 5.6267962, 0.5892612
6.635081, 5.5958824, 0.5080779
6.585225, 5.6448474, 0.56976336
6.594852, 5.6358104, 0.59261507
6.615097, 5.614795, 0.51243347
6.6239033, 5.6072392, 0.48565552
6.6266046, 5.604762, 0.5103132
6.594708, 5.6360025, 0.5068914
6.586083, 5.6453075, 0.52973497
6.5842977, 5.646139, 0.5467243
6.5959563, 5.635041, 0.531707
6.6042066, 5.626364, 0.52645797
6.5744395, 5.655834, 0.549178
6.596441, 5.6339555, 0.49030066
6.6054115, 5.624587, 0.48999175
6.6153674, 5.615737, 0.48836607
6.625771, 5.605057, 0.46957275
6.5647783, 5.6656137, 0.52767557
6.555147, 5.6757197, 0.58947664
6.565145, 5.665569, 0.551885
6.5851893, 5.6456823, 0.48978302
6.6077113, 5.6240416, 0.45429638
6.565148, 5.6653986, 0.48803148
6.585787, 5.644785, 0.47136763
6.5754895, 5.655535, 0.51008874
6.576092, 5.65513, 0.48758882
6.5554585, 5.6753583, 0.5294745
6.5558953, 5.674632, 0.5108669
6.5441027, 5.686409, 0.5678314
6.545636, 5.6857905, 0.53055114
6.545754, 5.685586, 0.54966015
6.5645247, 5.666878, 0.46758658
6.5555053, 5.674773, 0.49318227
6.5351443, 5.6964464, 0.51190895
6.5449123, 5.68628, 0.5070957
6.5346346, 5.695965, 0.5720712
6.5351863, 5.69595, 0.48853874
6.544309, 5.686435, 0.4708144
6.525091, 5.705224, 0.5281415
6.5261526, 5.7050467, 0.4909827
6.516456, 5.7145796, 0.5509028
6.513865, 5.7161694, 0.5886536
6.51546, 5.71558, 0.5690044
6.515533, 5.715207, 0.52875763
6.5060816, 5.7251053, 0.5313192
6.5057006, 5.7251835, 0.5111294
6.5051937, 5.724959, 0.569913
6.503641, 5.726619, 0.46874994
6.526774, 5.7035527, 0.45462543
6.4958777, 5.734369, 0.54900366
6.495123, 5.7359104, 0.51135516
6.4850073, 5.7453837, 0.5282652
6.4869413, 5.7465696, 0.59108776
6.4755797, 5.7549014, 0.50931937
6.475807, 5.7550316, 0.53025526
6.48594, 5.74506, 0.49049783
6.475113, 5.7552996, 0.5907639
6.4735904, 5.7565904, 0.5681748
6.485877, 5.744679, 0.4535987
6.4671407, 5.7639074, 0.5314003
6.464641, 5.7658033, 0.5689366
6.4651246, 5.765046, 0.54946995
6.4642196, 5.766781, 0.51027364
6.466049, 5.764535, 0.49184844
6.4545703, 5.7756033, 0.52789545
6.45575, 5.7751694, 0.57158047
6.454898, 5.7760777, 0.48679364
6.444353, 5.785965, 0.51077914
6.445556, 5.785131, 0.53261054
6.464647, 5.7658944, 0.4529871
6.4366446, 5.7943707, 0.52790487
6.4350853, 5.7953205, 0.56951267
6.435382, 5.795404, 0.5900971
6.4243484, 5.806155, 0.5298427
6.4147787, 5.81559, 0.508245
6.415041, 5.8155117, 0.5278516
6.406684, 5.82496, 0.5325643
6.4039087, 5.829666, 0.5092347
6.404713, 5.826223, 0.49141762
6.415356, 5.815488, 0.589492
6.365309, 5.8652096, 0.36876917
6.356397, 5.874586, 0.37267578
6.3755336, 5.855069, 0.38856912
6.367261, 5.8638215, 0.39391756
6.353852, 5.877021, 0.38679388
6.355671, 5.874826, 0.41139472
6.354755, 5.875505, 0.33069766
6.335662, 5.895527, 0.35112536
6.34447, 5.8864617, 0.40925327
6.334007, 5.896747, 0.38668483
6.3451805, 5.885121, 0.33054012
6.3558755, 5.8745847, 0.3520178
6.345365, 5.8856835, 0.3687853
6.3454547, 5.884976, 0.39269897
6.3358846, 5.8944526, 0.37227213
6.344761, 5.886036, 0.34816834
6.3252144, 5.905446, 0.37058166
6.3262987, 5.904237, 0.3512207
6.3348546, 5.895947, 0.41081566
6.354492, 5.876533, 0.429014
6.34544, 5.8852396, 0.4301627
6.336642, 5.8938646, 0.43336472
6.315172, 5.9152856, 0.34971875
6.3063684, 5.9244947, 0.35129136
6.314688, 5.9163446, 0.36827183
6.305421, 5.92545, 0.3679914
6.3160796, 5.9141393, 0.43197897
6.305312, 5.92528, 0.40875593
6.3052535, 5.925312, 0.3881672
6.2960863, 5.934324, 0.3708486
6.3135147, 5.917053, 0.4439584
6.2845707, 5.9457097, 0.38978735
6.2940345, 5.9367228, 0.44410256
6.28595, 5.94483, 0.4301589
6.2967296, 5.9342375, 0.43193483
6.275391, 5.9552064, 0.42994523
6.514795, 5.7160664, 0.4711851
6.604592, 5.6255445, 0.47109297
6.485452, 5.7455997, 0.4704915
6.6257315, 5.604484, 0.5730823
6.5856576, 5.645457, 0.5082362
6.486565, 5.7444797, 0.5723664
6.495974, 5.7349887, 0.49089402
6.2544003, 5.9765363, 0.36731267
6.5948853, 5.636369, 0.56841725
6.6551385, 5.5746503, 0.49041313
6.365675, 5.8649306, 0.41006452
6.2752066, 5.955344, 0.3485064
6.4752064, 5.7555823, 0.46816698
6.5757003, 5.654836, 0.5731786
6.2560387, 5.9751716, 0.41250187
6.285362, 5.945641, 0.32885778
6.2763186, 5.955709, 0.4463415
6.4259973, 5.804526, 0.55241966
6.6753454, 5.555904, 0.5101852
6.405624, 5.825727, 0.57111835
6.3264394, 5.9046082, 0.33133507
6.2445264, 5.9863734, 0.40903756
6.325945, 5.905121, 0.390865
6.465465, 5.7647657, 0.47179005
6.284844, 5.945991, 0.3691209
6.5544963, 5.6754794, 0.4711047
6.3664675, 5.864691, 0.33137265
6.265112, 5.9651885, 0.37047076
6.255349, 5.97591, 0.38772842
6.6446157, 5.586666, 0.5662934
6.2964544, 5.9338384, 0.4112985
6.2747416, 5.9557505, 0.38792726
6.2663965, 5.9646297, 0.3923138
6.3039994, 5.9263663, 0.3293161
6.4146647, 5.8160906, 0.46690995
6.4161296, 5.814831, 0.54957366
6.4455743, 5.785493, 0.47060576
6.315284, 5.915486, 0.40913558
6.3353415, 5.895303, 0.32918194
6.276595, 5.9537044, 0.37293702
6.5345, 5.695717, 0.5489532
6.595284, 5.6348095, 0.46686572
6.2747736, 5.9562335, 0.327467
6.3260646, 5.904451, 0.31200063
6.4853187, 5.74543, 0.5503673
6.2843094, 5.946102, 0.30880633
6.285326, 5.9454217, 0.40930262
6.2649984, 5.966261, 0.3085929
6.235757, 5.9952664, 0.39121628
6.227334, 6.003748, 0.35263768
6.255333, 5.975035, 0.3514196
6.245549, 5.985466, 0.36947253
6.2347403, 5.995942, 0.3703472
6.2349668, 5.9956293, 0.4107019
6.2453604, 5.985186, 0.39028922
6.234034, 5.996741, 0.3475121
6.255052, 5.9759593, 0.3298162
6.244349, 5.9860616, 0.34917974
6.2366395, 5.9945216, 0.44634178
6.225399, 6.005337, 0.41029865
6.234956, 5.9955964, 0.42921963
6.225325, 6.0052767, 0.43098578
6.2140265, 6.0165124, 0.38727242
6.215322, 6.0156045, 0.43000185
6.2045164, 6.0261445, 0.40889436
6.2065854, 6.0242124, 0.39120355
6.2049994, 6.02582, 0.3693545
6.1949124, 6.0356627, 0.36853632
6.196873, 6.034223, 0.35170016
6.205282, 6.0255547, 0.42904493
6.2076354, 6.0285425, 0.44726634
6.195405, 6.0350876, 0.3891507
6.1964164, 6.0351653, 0.44663313
6.1850677, 6.0456567, 0.39044186
6.185606, 6.0451984, 0.41047817
6.174898, 6.0560393, 0.38785937
6.175625, 6.055184, 0.43136
6.1750183, 6.0554843, 0.36914155
6.1850767, 6.045723, 0.35004133
6.1744823, 6.056061, 0.3487654
6.166224, 6.064556, 0.3506791
6.1651487, 6.065483, 0.3699848
6.1759233, 6.055052, 0.32956442
6.166133, 6.064712, 0.3910378
6.1652465, 6.0656605, 0.3299101
6.1649218, 6.065874, 0.41041565
6.1568656, 6.074127, 0.37136608
6.155326, 6.0754457, 0.3893282
6.1454926, 6.0853853, 0.38962564
6.1541476, 6.0764427, 0.34902173
6.1453686, 6.0854936, 0.37011892
6.156488, 6.0745134, 0.44653627
6.1345406, 6.0961385, 0.36993283
6.1473303, 6.083787, 0.3121537
6.135989, 6.0947294, 0.39073196
6.1347394, 6.0960975, 0.4090022
6.125858, 6.105012, 0.39067256
6.1244802, 6.1064124, 0.34975043
6.12585, 6.1050544, 0.37051037
6.117518, 6.114123, 0.36984655
6.1172476, 6.1139765, 0.41064468
6.1247997, 6.1291747, 0.3072554
6.095314, 6.135613, 0.2700029
6.1054854, 6.124779, 0.2301444
6.0855913, 6.1451015, 0.2507985
6.085845, 6.144921, 0.23007193
6.0656724, 6.1651025, 0.2706423
6.074818, 6.1556625, 0.24947555
6.1052256, 6.1256886, 0.21015634
6.0951686, 6.135207, 0.19122937
6.112715, 6.1170516, 0.21071391
6.07528, 6.1548805, 0.21024376
6.0652556, 6.165114, 0.21099389
6.0567193, 6.1739955, 0.23132783
6.0647683, 6.1662846, 0.22831078
6.076231, 6.1545787, 0.19140764
6.0354633, 6.1951256, 0.27078786
6.0443654, 6.1866455, 0.24996577
6.0451083, 6.1856446, 0.22989422
6.0353737, 6.1956196, 0.29121867
6.0361276, 6.1946707, 0.25092757
6.0465837, 6.1841516, 0.2103331
6.0857534, 6.14425, 0.15293628
6.067058, 6.1634965, 0.17213611
6.075255, 6.1554775, 0.17012638
6.044887, 6.1857195, 0.18882996
6.0344734, 6.1957364, 0.18954827
6.0273786, 6.2037635, 0.21108869
6.0258555, 6.20474, 0.22987515
6.0141535, 6.2164707, 0.24932773
6.005491, 6.2251177, 0.2506024
6.014097, 6.2167363, 0.23023073
6.034707, 6.195983, 0.170152
6.0164576, 6.21442, 0.16996312
6.0232267, 6.206945, 0.15419562
6.004828, 6.225713, 0.19065902
6.004144, 6.2267876, 0.20835224
5.996377, 6.234625, 0.22769824
5.9958205, 6.2348757, 0.21044108
5.9964576, 6.2342854, 0.25017124
5.985742, 6.245189, 0.23086096
5.9947968, 6.2361846, 0.291207
5.98633, 6.244365, 0.20996211
6.005357, 6.223428, 0.15254922
5.9868393, 6.2440357, 0.19220681
5.9652653, 6.265592, 0.22977643
5.964969, 6.2656174, 0.21151376
5.9663076, 6.264701, 0.18976927
5.953627, 6.2769156, 0.2083487
5.9544463, 6.276658, 0.18921006
5.9543138, 6.2758875, 0.17084749
5.9452677, 6.285522, 0.22997399
5.9448314, 6.285793, 0.25106543
5.9461923, 6.285002, 0.18944609
5.945846, 6.2848077, 0.20905377
5.934485, 6.296305, 0.22829357
5.934647, 6.2958913, 0.25059825
5.9347944, 6.2959986, 0.20993263
5.9253125, 6.3056364, 0.21164161
5.9250703, 6.3055267, 0.23019081
5.9253063, 6.306138, 0.15343866
5.91578, 6.3146973, 0.22953987
5.9164963, 6.3144407, 0.21043423
5.914921, 6.315535, 0.24833979
5.904997, 6.3256593, 0.23184477
5.9047837, 6.3261213, 0.18830718
5.9047904, 6.3257117, 0.17037143
5.9057727, 6.3248363, 0.15322174
5.8856325, 6.3453875, 0.21007901
5.884986, 6.345765, 0.23274964
5.894803, 6.336005, 0.2689116
5.876274, 6.35396, 0.24930829
5.877052, 6.353604, 0.23103178
5.876618, 6.3543205, 0.20845345
5.8755407, 6.355199, 0.19108216
5.875184, 6.355433, 0.1715049
5.871302, 6.351934, 0.15208955
5.865193, 6.365544, 0.23275259
5.8551497, 6.3755455, 0.19188969
5.8458824, 6.384612, 0.22967312
5.8459373, 6.385059, 0.21068732
5.845644, 6.3852606, 0.18893124
5.835893, 6.3949785, 0.24831145
5.8361835, 6.3951263, 0.27145565
5.827717, 6.4095182, 0.14704807
5.8152237, 6.4150133, 0.09144862
5.7953706, 6.4348187, 0.09287835
5.7747226, 6.4565907, 0.14554124
5.7842813, 6.446352, 0.09097695
5.794577, 6.4357343, 0.049816698
5.7959123, 6.4352713, 0.07133709
5.776143, 6.454696, 0.08716202
5.7746215, 6.4556694, 0.05231336
5.7633767, 6.4671297, 0.09129335
5.7558923, 6.4749336, 0.06940612
5.7544575, 6.475512, 0.0481735
5.745158, 6.48582, 0.08989251
5.754661, 6.476594, 0.029065697
5.735563, 6.4956613, 0.12994894
5.725206, 6.505447, 0.07268443
5.7354307, 6.4958067, 0.032718755
5.7248416, 6.506516, 0.090538315
5.7254577, 6.5047793, 0.10986418
5.7160435, 6.514306, 0.06765874
5.7146454, 6.5157137, 0.04978378
5.714873, 6.516068, 0.030005168
5.70424, 6.5260596, 0.07006246
5.7058096, 6.5248528, 0.05058482
5.694935, 6.536138, 0.09246006
5.6967664, 6.534065, 0.051825818
5.7056293, 6.524595, 0.013015416
5.68602, 6.545637, 0.04798989
5.686802, 6.54362, 0.06954071
5.6746826, 6.555993, 0.09029606
5.6750584, 6.55621, 0.051611
5.675881, 6.5547233, 0.033052113
5.6641984, 6.565986, 0.07056819
5.6758027, 6.554403, 0.12715201
5.6657934, 6.564771, 0.09101439
5.6653385, 6.5657034, 0.048988175
5.656251, 6.5746784, 0.04940647
5.654383, 6.575871, 0.03146533
5.655397, 6.5748444, 0.087060615
5.646284, 6.5845485, 0.071213394
5.6437697, 6.586523, 0.093647435
5.636337, 6.594193, 0.046727948
5.63617, 6.5937243, 0.086758174
5.6269646, 6.6042542, 0.07032944
5.6161942, 6.614595, 0.0862585
5.61381, 6.61649, 0.050732892
5.613762, 6.6165724, 0.10977933
5.6043615, 6.626366, 0.09235318
5.6056013, 6.624617, 0.11113317
5.5969706, 6.6342654, 0.08599108
5.587131, 6.643284, 0.06791995
5.585303, 6.6458545, 0.0902635
5.5937686, 6.6362004, 0.11119552
5.604705, 6.626348, 0.13387972
5.595156, 6.6362076, 0.02651158
5.576168, 6.654709, 0.08746166
5.574267, 6.656114, 0.11243974
5.5757957, 6.654439, 0.12932144
5.5648646, 6.66518, 0.070079975
5.5734124, 6.6566877, 0.0521669
6.1949034, 6.0358806, 0.42777035
6.08444, 6.1465244, 0.16849732
5.9162846, 6.3144937, 0.18991776
6.1946425, 6.0359564, 0.32984406
5.6647587, 6.5654287, 0.13153806
6.525532, 5.70512, 0.5517512
6.015432, 6.215421, 0.2110382
6.2043004, 6.0261393, 0.3088991
6.305168, 5.9252777, 0.42849433
6.034454, 6.196439, 0.20864199
6.094926, 6.135578, 0.22933993
6.524044, 5.7071285, 0.46678963
6.3645945, 5.8660073, 0.43026215
5.925378, 6.3055086, 0.18958957
6.2238755, 6.006744, 0.36783743
6.2153654, 6.0154414, 0.32887506
5.695508, 6.535221, 0.029703157
6.24551, 5.985238, 0.43072698
6.2169213, 6.014205, 0.37285593
5.755995, 6.4748173, 0.12974326
5.855578, 6.3752904, 0.26932085
6.215019, 6.015643, 0.3487704
5.9651117, 6.26552, 0.24843808
6.1872683, 6.048478, 0.44731382
6.06506, 6.165801, 0.19011576
5.7358603, 6.49405, 0.051007267
5.7247434, 6.5064273, 0.13195658
6.4555798, 5.7756815, 0.5905559
5.9455905, 6.2854705, 0.2704809
5.6859236, 6.545366, 0.09026521
5.9835286, 6.2471347, 0.16830978
6.256, 5.9748836, 0.4312034
6.5150127, 5.71512, 0.48962346
6.1865573, 6.0442224, 0.3721555
5.8863726, 6.344479, 0.19045317
5.6456785, 6.5853276, 0.11134736
5.7257257, 6.505247, 0.02797496
6.0061607, 6.224433, 0.17021197
6.154857, 6.075879, 0.42896572
6.225475, 6.005212, 0.31034344
6.264145, 5.9662986, 0.40913436
6.2659283, 5.964472, 0.33032843
5.9670286, 6.264321, 0.15466969
6.024651, 6.20618, 0.25053576
5.7928715, 6.4374633, 0.033836618
6.135267, 6.095533, 0.4447821
5.785456, 6.4453163, 0.12852779
6.2752304, 5.9557257, 0.40981835
5.9052763, 6.325712, 0.21041343
6.309503, 5.927114, 0.44816855
6.223789, 6.006671, 0.32851234
6.0241075, 6.206732, 0.16947895
5.8131633, 6.41803, 0.06958641
5.7663836, 6.464853, 0.026428582
6.265353, 5.965639, 0.42931432
6.08505, 6.1459966, 0.2696178
5.850673, 6.3716736, 0.1511949
5.8655972, 6.3647013, 0.25069913
6.564683, 5.6675563, 0.5883786
5.8553815, 6.3756523, 0.21079135
6.2249975, 6.005871, 0.38919735
5.9247937, 6.306101, 0.27018297
6.2656136, 5.9652433, 0.34972262
6.3152847, 5.9156065, 0.30981666
5.6477356, 6.583383, 0.12716278
5.715059, 6.5150757, 0.11071988
5.67517, 6.5562162, 0.10828759
5.97554, 6.25554, 0.25063023
6.2146626, 6.016453, 0.44479552
5.8855157, 6.3451476, 0.17258841
6.0660048, 6.1647162, 0.24989285
5.5542684, 6.6771607, 0.050837733
6.293165, 5.934987, 0.3090845
6.085851, 6.1447263, 0.19096431
5.625973, 6.605402, 0.13072605
5.7858562, 6.444925, 0.031705596
6.635096, 5.596193, 0.5328033
5.595864, 6.633983, 0.046950217
5.7151833, 6.515744, 0.12934373
5.7552996, 6.4751034, 0.14664124
5.5835915, 6.6478124, 0.033650506
6.5756674, 5.6543193, 0.53247577
5.555666, 6.6756773, 0.113804735
6.3146973, 5.9157553, 0.3882768
6.5359173, 5.695581, 0.59296227
5.583287, 6.647243, 0.13263114
5.8850827, 6.3446445, 0.15351368
6.4946012, 5.736073, 0.47066212
6.5558257, 5.6752567, 0.54967844
6.5253534, 5.704779, 0.5115234
6.445855, 5.7851515, 0.5698886
6.6063275, 5.6244774, 0.5513168
6.5762453, 5.654719, 0.47067013
5.764929, 6.465678, 0.009780765
6.5653753, 5.6647277, 0.5095486
6.6360598, 5.5946226, 0.49118733
6.385817, 5.844959, 0.41311598
6.476265, 5.7549067, 0.5512161
6.05507, 6.1755276, 0.27016348
6.6359324, 5.594518, 0.59248173
5.7046585, 6.526169, 0.13066444
6.504079, 5.726466, 0.48642817
6.084977, 6.1454926, 0.20979552
6.2059116, 6.025039, 0.33015612
6.164623, 6.0662785, 0.42884415
6.1129622, 6.1180053, 0.24728574
6.174936, 6.055901, 0.40897492
6.6258664, 5.605006, 0.4564416
6.024677, 6.205986, 0.27004933
6.017314, 6.2129803, 0.18964761
6.055357, 6.175278, 0.2906145
6.5432363, 5.6867795, 0.4521745
6.285127, 5.9452133, 0.35119936
6.4757986, 5.75431, 0.48925862
6.3939905, 5.8346925, 0.36828637
6.364872, 5.865812, 0.31017742
6.4541497, 5.776399, 0.5093778
6.5153346, 5.7151113, 0.5096253
6.5340247, 5.6960936, 0.5334294
6.0547276, 6.1761947, 0.24853614
6.4948606, 5.7352023, 0.5300679
5.696004, 6.5347276, 0.12755568
6.628208, 5.6071615, 0.5935161
6.5435324, 5.687257, 0.48811233
6.3053846, 5.9259763, 0.31012884
6.1117187, 6.116417, 0.16852091
6.604686, 5.6256447, 0.51075625
5.625229, 6.605381, 0.1110294
6.104567, 6.1260324, 0.2686717
6.0946345, 6.136204, 0.29114297
6.295125, 5.935899, 0.34898713
6.615556, 5.6150885, 0.5708132
5.7059474, 6.525163, 0.09007773
6.295689, 5.9350867, 0.38966018
6.5976515, 5.633567, 0.55439985
5.555743, 6.6740766, 0.1311028
6.243608, 5.9872565, 0.32693303
5.64537, 6.5846887, 0.029676795
5.725551, 6.5048933, 0.04994609
5.684991, 6.5457087, 0.13081257
5.8040247, 6.4269295, 0.10935437
5.646095, 6.584777, 0.0520166
6.045642, 6.1848526, 0.17012405
5.6763115, 6.554735, 0.14556906
6.325118, 5.90528, 0.40976632
5.8088694, 6.4292464, 0.14829434
5.8458133, 6.384715, 0.17063153
5.626244, 6.604255, 0.05048973
5.564766, 6.6659656, 0.09015579
5.9563456, 6.274584, 0.26818854
5.706003, 6.5248866, 0.031111753
5.7847395, 6.4461837, 0.11158182
5.586528, 6.644097, 0.00857782
5.6549935, 6.5756073, 0.06939603
6.6157637, 5.6155305, 0.47159398
6.665106, 5.565038, 0.55059797
5.654511, 6.575733, 0.13240454
5.6150184, 6.6161118, 0.13012591
5.6046743, 6.626094, 0.03160402
5.8341937, 6.388465, 0.15173373
6.185143, 6.045483, 0.32976487
5.8650427, 6.365749, 0.19083437
6.653437, 5.573202, 0.4541954
5.765615, 6.4651585, 0.13129808
5.624017, 6.60589, 0.0930779
5.925805, 6.3046002, 0.17049997
6.185403, 6.045614, 0.30999944
6.0056257, 6.22543, 0.23169036
5.9147677, 6.3160253, 0.2699676
5.9936876, 6.2369204, 0.18865326
6.1455956, 6.084935, 0.43004087
6.5660405, 5.664908, 0.5726642
5.5942106, 6.6366124, 0.01070572
5.675916, 6.5540237, 0.07084796
5.687492, 6.543642, 0.027158368
5.6862836, 6.5435514, 0.009491842
6.095733, 6.13508, 0.25007495
5.5675497, 6.6637135, 0.048294485
5.6070876, 6.6237435, 0.06916668
6.345065, 5.884837, 0.30764592
6.055235, 6.1753187, 0.21031062
6.506127, 5.7245674, 0.45426688
5.634835, 6.5964804, 0.06931784
5.975589, 6.2548237, 0.17046769
5.5939975, 6.6366353, 0.070417576
5.984573, 6.245864, 0.15320197
6.076201, 6.1545763, 0.27049738
5.965904, 6.264179, 0.17079377
5.665841, 6.56447, 0.02859775
5.656145, 6.5746107, 0.14597565
5.7853546, 6.445664, 0.06876332
6.4346533, 5.7960362, 0.5484869
5.586087, 6.643757, 0.052068874
5.735886, 6.4953303, 0.14571013
5.9554734, 6.2752194, 0.23234354
5.6161942, 6.6144195, 0.027042128
5.596534, 6.634083, 0.12694666
5.7161355, 6.515043, 0.08858989
5.765574, 6.4654107, 0.07137832
5.745892, 6.4848514, 0.06955714
6.104735, 6.125651, 0.15315242
6.525852, 5.7050624, 0.5709189
5.865451, 6.3655534, 0.20985268
5.7059894, 6.524638, 0.11004922
5.9048815, 6.326109, 0.26816002
5.9349604, 6.295875, 0.27217758
5.605765, 6.6244235, 0.051587597
6.4721575, 5.7516594, 0.4527195
6.046603, 6.184221, 0.27057788
6.236174, 5.99398, 0.33350426
5.9249697, 6.305618, 0.24895303
5.8366156, 6.3946123, 0.2097928
5.9757147, 6.2553563, 0.18986194
5.7438345, 6.4861617, 0.051195543
5.765186, 6.464993, 0.051229034
5.5750895, 6.6551533, 0.06977316
5.6654096, 6.5659757, 0.112279356
5.606807, 6.624169, 0.009290168
5.884867, 6.34603, 0.26778004
5.862838, 6.3661165, 0.15461947
5.985751, 6.2450576, 0.24912843
6.4165826, 5.836036, 0.34776258
5.8363166, 6.3947473, 0.16970104
5.8647475, 6.365877, 0.17173064
5.6137333, 6.6172705, 0.07067302
5.996161, 6.234406, 0.2719986
6.3751473, 5.8559284, 0.406837
5.85564, 6.37497, 0.23096362
6.0450826, 6.18646, 0.1523324
6.3739448, 5.85683, 0.32731643
5.696737, 6.5347257, 0.1463465
6.3155346, 5.9153852, 0.33050504
6.364221, 5.8659554, 0.34582397
6.5849695, 5.644809, 0.4514459
6.399556, 5.831949, 0.5920386
6.6653414, 5.564511, 0.5293779
5.97547, 6.2557287, 0.22914207
5.97567, 6.2552423, 0.21041006
5.8840084, 6.3463197, 0.25083736
6.025686, 6.204523, 0.19088496
6.104802, 6.126094, 0.16982856
5.916012, 6.3144298, 0.17012417
6.415087, 5.815753, 0.56750566
6.533942, 5.6968513, 0.46843994
6.4842744, 5.745781, 0.50708187
6.1247773, 6.105879, 0.42998978
6.566737, 5.664694, 0.45433012
5.836322, 6.3947597, 0.18726866
6.3350167, 5.8959556, 0.44478628
5.6345015, 6.5954056, 0.030049792
6.075513, 6.155471, 0.22935049
5.745807, 6.4847965, 0.013342217
5.80516, 6.426033, 0.07046139
6.094976, 6.135485, 0.21206173
5.734418, 6.4960437, 0.11249475
5.686946, 6.5442443, 0.11055957
5.555286, 6.6753445, 0.09319159
5.8035836, 6.4268208, 0.032198552
6.3251805, 5.9056683, 0.42818028
5.935137, 6.2957215, 0.19124515
5.8007956, 6.430232, 0.01616909
5.85436, 6.3759704, 0.25107223
6.165462, 6.064682, 0.3103154
6.17421, 6.0565257, 0.44467452
5.7957883, 6.4351134, 0.109308615
5.6962643, 6.5343704, 0.10976486
5.755331, 6.4755144, 0.090979084
6.4466696, 5.7872143, 0.59160894
6.664938, 5.566349, 0.4530582
5.8958254, 6.334775, 0.17173477
5.8044558, 6.4257345, 0.09165541
6.11718, 6.1149263, 0.4283253
5.735038, 6.49564, 0.07064976
5.94514, 6.284196, 0.15327768
6.6573715, 5.5726614, 0.5149161
5.945755, 6.2845473, 0.17133425
5.806339, 6.423974, 0.048446134
6.446143, 5.7843633, 0.49237636
6.125919, 6.104687, 0.41035935
5.745728, 6.4855294, 0.030938216
6.0653043, 6.1660357, 0.15400885
6.5056753, 5.724804, 0.55054456
6.4956555, 5.7349253, 0.5693371
6.112935, 6.117738, 0.2295874
5.994443, 6.236073, 0.17016354
6.356971, 5.875245, 0.44697765
5.775487, 6.455464, 0.028724635
6.5756135, 5.6552925, 0.5902432
5.785882, 6.444427, 0.051014323
5.774541, 6.456097, 0.13057075
5.5559897, 6.6746244, 0.024571823
5.6971107, 6.533154, 0.071497366
5.775225, 6.455796, 0.07045199
6.055132, 6.175188, 0.17023717
5.985239, 6.2452965, 0.2682505
6.6454372, 5.584817, 0.49122554
5.7356005, 6.495724, 0.086734876
5.7552304, 6.4753275, 0.010210526
6.3852963, 5.845876, 0.42862526
5.656342, 6.5747085, 0.10763016
5.79439, 6.436505, 0.013307637
5.8947735, 6.3359265, 0.2321044
6.117576, 6.114056, 0.39030713
5.914956, 6.3158445, 0.29035586
6.0162816, 6.214204, 0.27186736
6.495876, 5.7350283, 0.5910745
5.8952336, 6.335062, 0.25048056
6.6546855, 5.575631, 0.47029024
6.033999, 6.196493, 0.22955346
6.0557413, 6.1746798, 0.19162437
5.894694, 6.336295, 0.20981438
5.8365746, 6.3941927, 0.23108095
5.7944655, 6.4360366, 0.13252899
5.974536, 6.256541, 0.2914553
5.6162953, 6.6158733, 0.14527476
5.8220463, 6.409032, 0.11010301
5.563999, 6.665971, 0.12970403
6.666695, 5.564628, 0.48606968
6.1122065, 6.116466, 0.19104858
5.575431, 6.655649, 0.028136175
6.44552, 5.7848835, 0.45435715
6.4555473, 5.7750134, 0.55113155
6.635186, 5.595211, 0.46899402
6.665422, 5.565755, 0.47188276
6.0963335, 6.1348257, 0.17170022
6.29658, 5.934085, 0.332118
5.905283, 6.32516, 0.24929814
5.635375, 6.595341, 0.14499809
5.5869875, 6.6428747, 0.109529
5.7455664, 6.4857187, 0.1285656
6.1959076, 6.0351696, 0.40959382
5.5546675, 6.675249, 0.072611675
6.674457, 5.553841, 0.49012774
5.845264, 6.384844, 0.15322205
5.8948226, 6.3359313, 0.19144212
6.4165053, 5.8364186, 0.36627555
5.95515, 6.275393, 0.2504363
5.874566, 6.3562193, 0.29001287
5.5756974, 6.655633, 0.14619693
6.3857803, 5.844958, 0.3710185
5.8941836, 6.3367414, 0.29097468
6.6256986, 5.604949, 0.5286423
6.246984, 5.9834776, 0.313497
6.655306, 5.575015, 0.52885056
6.4456005, 5.7854304, 0.55102015
5.7258744, 6.504349, 0.0076007936
6.2753897, 5.9553905, 0.3099275
6.255978, 5.975533, 0.4454514
5.5660295, 6.665216, 0.10885015
5.9556365, 6.2753897, 0.2892503
6.555911, 5.6753926, 0.56650317
5.8545227, 6.3761034, 0.17205383
5.574183, 6.656317, 0.011172543
6.6456323, 5.5842876, 0.46933115
5.555014, 6.676429, 0.14745815
5.705247, 6.5249653, -7.17377E-4
5.7451177, 6.485443, 0.1118771
6.665565, 5.5648327, 0.57287085
6.6461625, 5.5848665, 0.5512704
6.465976, 5.7654963, 0.59175444
6.35589, 5.8751445, 0.31094044
5.8148913, 6.41682, 0.14595027
6.435062, 5.7952275, 0.48829296
6.455782, 5.774865, 0.47165382
6.681015, 5.5507936, 0.46619368
5.6266074, 6.6110916, 0.14863028
6.185785, 6.0449615, 0.43115067
6.1057544, 6.125282, 0.25010476
5.564188, 6.6668305, 0.032451224
6.682806, 5.548932, 0.4487726
6.6553, 5.575496, 0.5662078
5.645328, 6.585183, 0.0082209045
6.425528, 5.804859, 0.4723709
6.145504, 6.0853786, 0.40955892
