6.350407, 7.851747, 0.4496769
6.3091936, 7.826167, 0.44976416
6.367987, 7.89013, 0.44967335
6.344687, 7.7476196, 0.4497008
6.3731294, 7.749053, 0.449837
6.293829, 7.7951016, 0.44979793
6.42548, 7.8469276, 0.45004988
6.3312097, 7.902939, 0.4497598
6.305619, 7.7705855, 0.44971338
6.3292933, 7.7261505, 0.4496824
6.3504744, 7.7085085, 0.44976792
6.387113, 7.7084208, 0.4500537
6.434746, 7.771424, 0.45042676
6.428487, 7.8100066, 0.45020175
6.2843647, 7.749431, 0.44978014
6.452228, 7.849219, 0.4502101
6.406382, 7.949422, 0.44971946
6.354123, 7.672485, 0.4498495
6.415926, 7.7133894, 0.45039266
6.389543, 7.6675715, 0.4501999
6.4456053, 7.748105, 0.45070967
6.46355, 7.811661, 0.45070744
6.24634, 7.9072843, 0.45060143
6.465991, 7.9305677, 0.45022997
6.494631, 7.850248, 0.44893408
6.3682585, 7.6503263, 0.45000875
6.4249473, 7.6714053, 0.45070782
6.466694, 7.6854095, 0.44929
6.494002, 7.7329683, 0.44961697
6.484295, 7.75092, 0.4492942
6.5126777, 7.7871923, 0.44970328
6.5128226, 7.8116856, 0.44954765
6.346065, 8.029539, 0.44987833
6.454096, 7.6360264, 0.4492886
6.448786, 7.6508107, 0.44911233
6.521965, 7.753968, 0.45016357
6.547979, 7.8268695, 0.45031416
6.3282847, 7.6857615, 0.4497034
6.3142176, 7.946877, 0.449949
6.3095374, 7.735873, 0.44968563
6.2686543, 7.9332886, 0.4503916
6.3343153, 7.7689223, 0.44967604
6.368986, 8.00734, 0.44972286
6.270478, 7.8822303, 0.45019567
6.369991, 7.968329, 0.44968522
6.532331, 7.867418, 0.44961235
6.251588, 7.8106527, 0.45019594
6.246285, 7.8487906, 0.45038176
6.394753, 7.765066, 0.44997522
6.475308, 7.7918873, 0.4491558
6.4303336, 7.691831, 0.45070902
6.4153175, 7.6340027, 0.4507087
6.2246313, 7.8236413, 0.45059133
6.391028, 7.992535, 0.4496731
6.5303135, 7.7839518, 0.4501627
6.4113693, 7.8682446, 0.44987
6.474648, 7.864706, 0.4506418
6.435977, 7.8946495, 0.45001286
6.473423, 7.710884, 0.44929463
6.3945684, 7.686717, 0.45020002
6.434014, 7.6279316, 0.44893572
6.346688, 7.9294605, 0.44971713
6.2931566, 7.908567, 0.4500364
6.2719665, 7.7921076, 0.44994822
6.291875, 7.869156, 0.44994685
6.271614, 7.7698083, 0.44990015
6.3432574, 7.970235, 0.4497915
6.487278, 7.6941133, 0.4497053
6.3582034, 7.797166, 0.44970566
6.451456, 7.830137, 0.45043495
6.330123, 7.8317432, 0.44969237
6.4122467, 7.8125544, 0.45000726
6.3733687, 7.7326126, 0.4498686
6.3725533, 7.91425, 0.44966793
6.20892, 7.849648, 0.4492427
6.3505416, 7.885913, 0.44968325
6.501987, 7.7488523, 0.4496989
6.432494, 7.790102, 0.45033014
6.41187, 7.7507334, 0.45019814
6.2513328, 7.7676024, 0.45007834
6.446166, 7.8711257, 0.4501972
6.405644, 7.906216, 0.44976884
6.367608, 7.7719336, 0.44976684
6.363744, 7.811224, 0.44970593
6.493561, 7.8668513, 0.44946793
6.3132644, 7.7499013, 0.44967827
6.348917, 7.733102, 0.44973376
6.349927, 7.9123254, 0.44970202
6.3653, 7.6890507, 0.4498978
6.2266293, 7.8118043, 0.45052263
6.3777294, 7.86679, 0.44970214
6.3860207, 7.8305616, 0.44977716
6.3296347, 7.8105884, 0.44968167
6.288623, 7.810641, 0.4498593
6.3313217, 7.874693, 0.44972733
6.330495, 7.929019, 0.4497835
6.3948936, 7.809236, 0.44948077
6.4290347, 7.928618, 0.4498681
6.4743505, 7.907809, 0.45042896
6.5378103, 7.810317, 0.4501671
6.2503076, 7.834893, 0.45028144
6.4549036, 7.70885, 0.4489364
6.3513765, 7.831099, 0.44967568
6.308918, 7.851012, 0.44979692
6.493037, 7.715846, 0.4497003
6.3133116, 7.890069, 0.44983497
6.387557, 7.723484, 0.4500079
6.428622, 7.605955, 0.4489349
6.4130855, 7.692136, 0.45042813
6.4712815, 7.7687683, 0.44894022
6.408107, 7.971515, 0.44969508
6.2056837, 7.8028812, 0.44907886
6.454429, 7.9565783, 0.45000863
6.37495, 7.8569775, 0.44969523
6.5561156, 7.872746, 0.4501628
6.4094877, 7.645158, 0.45056915
6.52948, 7.8454123, 0.4496941
6.404966, 7.8894525, 0.44978988
6.3319616, 7.789737, 0.44967914
6.413489, 7.833659, 0.44968003
6.2283688, 7.8689313, 0.4497325
6.2501397, 7.892544, 0.45048985
6.2820873, 7.9253874, 0.45019358
6.414404, 7.9927707, 0.4496929
6.2337627, 7.9128904, 0.44907805
6.366227, 7.628232, 0.45005262
6.330893, 7.987495, 0.4499074
6.2526045, 7.9310007, 0.45059597
6.355522, 8.017267, 0.44980735
6.1936474, 7.814232, 0.44935668
6.447713, 7.6816688, 0.44893655
6.436077, 7.64951, 0.4492319
6.506775, 7.8302116, 0.44928983
6.5678716, 7.8488946, 0.45068827
6.4064155, 7.666834, 0.45043314
6.4695573, 7.891399, 0.45031697
6.548695, 7.847762, 0.45016915
6.490177, 7.7720747, 0.44929355
6.444875, 7.9102573, 0.4500556
6.4328756, 7.9486694, 0.4498589
6.464432, 7.975378, 0.4500583
6.3686233, 7.9304194, 0.44967952
6.4275646, 7.8364477, 0.4501028
6.314971, 7.709098, 0.44967866
6.380554, 7.876709, 0.44970477
6.391305, 7.607406, 0.4504311
6.335638, 7.6516013, 0.44976678
6.457519, 7.9667997, 0.4500033
6.167918, 7.8294654, 0.4499789
6.3155966, 7.932782, 0.44989628
6.4621153, 7.6677413, 0.4492932
6.490607, 7.93255, 0.4505603
6.3658357, 7.996447, 0.44972238
6.2466564, 7.791628, 0.45018846
6.2713213, 7.827299, 0.45002937
6.3251224, 7.8522615, 0.44971853
6.213441, 7.8928246, 0.44935337
6.5592413, 7.819298, 0.45068896
6.29315, 7.850791, 0.44989485
6.391327, 7.971017, 0.44967744
6.3682437, 7.9481263, 0.44968504
6.267701, 7.8718147, 0.45019436
6.329051, 7.7090673, 0.4496915
6.2566094, 7.9460487, 0.45058095
6.251623, 7.7518625, 0.45003358
6.191801, 7.8664246, 0.44965625
6.2258, 7.7692456, 0.4503814
6.3135033, 7.867799, 0.4498055
6.3897924, 7.6354203, 0.4503181
6.409419, 7.6104183, 0.4507055
6.527487, 7.773905, 0.45016858
6.288759, 7.949912, 0.45018324
6.3078017, 7.788619, 0.44972682
6.3379917, 8.012564, 0.44989803
6.372529, 7.6668453, 0.4500118
6.5258803, 7.8331413, 0.4497007
6.452724, 7.7736034, 0.45070595
6.49222, 7.8031235, 0.4491605
6.350836, 7.770235, 0.44968045
6.430977, 7.726399, 0.45056456
6.4451056, 7.6716595, 0.44893885
6.570303, 7.8886466, 0.450429
6.4071918, 7.774548, 0.45008123
6.4600954, 7.65988, 0.4492951
6.3093023, 7.96732, 0.4500404
6.264097, 7.9162226, 0.45037678
6.33738, 7.953533, 0.44979507
6.386414, 7.655488, 0.4501904
6.466877, 7.8231792, 0.4507017
6.3294153, 7.896502, 0.44975868
6.237645, 7.927805, 0.44907433
6.300074, 7.818372, 0.44979078
6.2885275, 7.891498, 0.45002756
6.4236293, 7.585099, 0.44893083
6.187258, 7.8282366, 0.44955996
6.2633257, 7.855295, 0.45018038
6.434761, 7.7083673, 0.45070556
6.4407325, 7.7926507, 0.4504214
6.290766, 7.7242513, 0.4497227
6.393942, 7.9231663, 0.44969857
6.2653565, 7.80474, 0.45004442
6.388812, 7.8477354, 0.44976366
6.31093, 7.9158835, 0.4498846
6.495705, 7.791688, 0.44929102
6.5292163, 7.9058447, 0.4493009
6.440056, 7.72793, 0.45070913
6.4540133, 7.897747, 0.45020223
6.4276214, 7.7457647, 0.45041788
6.4888964, 7.8978806, 0.45071638
6.363498, 8.044925, 0.4498066
6.5076237, 7.7691774, 0.44969317
6.385047, 7.892414, 0.44971102
6.3717394, 7.5972953, 0.45018622
6.514614, 7.857013, 0.44930002
6.4447346, 7.8067207, 0.4504239
6.4719405, 7.840586, 0.4506984
6.313091, 7.980933, 0.4500263
6.1541705, 7.8330293, 0.45032138
6.1974854, 7.8891063, 0.44965464
6.28673, 7.7683573, 0.44980034
6.3518405, 7.651047, 0.44988203
6.411204, 7.9252625, 0.44977364
6.3672724, 7.7099457, 0.4498736
6.3751087, 7.7990494, 0.44976225
6.392409, 7.741396, 0.4500214
6.1756063, 7.8608375, 0.4499662
6.3595433, 7.860325, 0.44968396
6.427015, 7.8640294, 0.45002002
6.470906, 7.7348633, 0.44911715
6.200075, 7.839964, 0.44935006
6.4863973, 7.82198, 0.4489394
6.5048513, 7.8847647, 0.44892436
6.407758, 7.7967377, 0.4500228
