6.1289225, 5.347295, 0.29972658
6.110107, 5.349725, 0.29977128
6.111186, 5.3112793, 0.2997668
6.1284585, 5.3885016, 0.29972646
6.112333, 5.3867855, 0.29981652
6.110127, 5.372385, 0.29984933
6.130738, 5.3109064, 0.29978696
6.088334, 5.3311167, 0.29972214
6.0903754, 5.349976, 0.2997489
6.1058464, 5.362853, 0.30004543
6.0855985, 5.3938656, 0.2996992
6.0654325, 5.3705854, 0.29978403
6.0721784, 5.329812, 0.2997878
6.0902004, 5.2902155, 0.2997843
6.0675507, 5.3089147, 0.29984415
6.1109757, 5.28928, 0.29987192
6.15207, 5.286128, 0.29985696
6.13288, 5.2685, 0.29980916
6.0909786, 5.2686734, 0.29983923
6.1082745, 5.4315386, 0.2997305
6.1514826, 5.429059, 0.29973534
6.1699624, 5.3923283, 0.29981396
6.0905643, 5.411073, 0.2998069
6.0719733, 5.3877206, 0.29985395
6.171963, 5.3090544, 0.2997458
6.1882105, 5.328915, 0.29960826
6.192768, 5.3361454, 0.30004308
6.1499114, 5.269333, 0.29979628
6.1674533, 5.2936683, 0.29974663
6.050929, 5.3094487, 0.29984233
6.052491, 5.368209, 0.29977185
6.0686526, 5.430711, 0.2997699
6.0535355, 5.41756, 0.3000218
6.0472407, 5.4094324, 0.2997752
6.030942, 5.3902955, 0.299853
6.0288715, 5.3879757, 0.30004495
6.0330763, 5.3474383, 0.29970115
6.027681, 5.328756, 0.2998401
6.048335, 5.2910004, 0.29980466
6.0695286, 5.2700505, 0.29986393
6.071858, 5.247722, 0.29978803
6.129209, 5.250703, 0.29985315
6.192115, 5.2667265, 0.29987293
6.1743245, 5.2455835, 0.29988033
6.18738, 5.3124647, 0.29972175
6.1098733, 5.230558, 0.29982877
6.154161, 5.2259264, 0.29985985
6.0714064, 5.4494214, 0.29977846
6.0869675, 5.452963, 0.29971844
6.0917926, 5.466921, 0.2998156
6.1122446, 5.447861, 0.29983935
6.1252856, 5.4530754, 0.29979384
6.1908817, 5.4086194, 0.29974368
6.0521183, 5.4282107, 0.29970533
6.1907773, 5.389594, 0.299693
6.214534, 5.3657603, 0.29962793
6.03158, 5.407715, 0.29977277
6.210775, 5.2899737, 0.29973763
6.21117, 5.3491874, 0.2998316
6.167507, 5.2321978, 0.2998258
6.1854124, 5.2530985, 0.29980913
6.2032647, 5.2744007, 0.30002433
6.20566, 5.277034, 0.29983044
6.0110497, 5.3091755, 0.29982835
6.02851, 5.271344, 0.2998112
6.0055175, 5.2931967, 0.29985306
6.0113883, 5.3686604, 0.29973954
6.0113187, 5.3872886, 0.2997218
6.0274286, 5.4509068, 0.29699534
6.0095444, 5.4103107, 0.29985452
5.990583, 5.38869, 0.2997654
5.986298, 5.4025774, 0.30003983
5.99128, 5.348028, 0.29981604
5.989187, 5.330623, 0.2998042
6.051379, 5.2293267, 0.29982737
6.0921307, 5.208543, 0.29979432
6.1489525, 5.210577, 0.299805
6.106992, 5.213089, 0.29985788
6.2304454, 5.2500057, 0.2998382
6.130964, 5.1894903, 0.29978323
6.0887613, 5.1905136, 0.29991055
6.1421456, 5.197155, 0.2999104
6.2477784, 5.3921075, 0.2995755
6.253662, 5.345472, 0.29983544
6.2493143, 5.2713614, 0.29977074
6.247614, 5.3331294, 0.29981795
6.268476, 5.35657, 0.30002064
6.2067156, 5.212527, 0.29989457
6.1877046, 5.193106, 0.29977036
6.22614, 5.234147, 0.29975575
6.2448297, 5.2503157, 0.29985684
6.25124, 5.2587357, 0.30002022
5.9725695, 5.328262, 0.29981408
5.992556, 5.2876496, 0.2998588
5.96855, 5.31112, 0.2998418
5.987077, 5.2728496, 0.29978788
6.0086155, 5.231465, 0.29987836
5.973017, 5.26816, 0.29983547
5.9705777, 5.3696, 0.29975852
5.9506373, 5.3491383, 0.299845
5.949632, 5.329855, 0.29981408
5.950685, 5.3084006, 0.29983523
6.0735555, 5.187081, 0.29979992
6.0307703, 5.2101216, 0.29986912
6.113334, 5.1672626, 0.2997778
6.1239724, 5.174279, 0.2999234
6.168755, 5.16995, 0.2998221
6.106022, 5.153063, 0.29981384
6.15057, 5.149265, 0.2997973
6.094947, 5.1454744, 0.29983974
6.0528493, 5.16737, 0.2998351
6.166499, 5.1516075, 0.29985693
6.184747, 5.174446, 0.29978192
6.266804, 5.292809, 0.2997825
6.2869434, 5.3137474, 0.29981658
6.2902074, 5.30789, 0.30004326
6.2034526, 5.196584, 0.29989782
6.26981, 5.2110567, 0.2998166
6.2934384, 5.2276053, 0.29986182
5.928703, 5.3309774, 0.29984158
5.9300327, 5.3093896, 0.29983097
5.951134, 5.289677, 0.2998208
5.9660974, 5.252572, 0.29985616
5.932545, 5.2882123, 0.29985228
5.9917803, 5.2285156, 0.29984358
5.9886856, 5.210521, 0.29979634
5.9711585, 5.2089005, 0.29982728
5.9312096, 5.2687454, 0.29984972
5.911723, 5.2893696, 0.29980496
6.048739, 5.151107, 0.2998391
6.011391, 5.1683884, 0.2997124
6.0876675, 5.1316104, 0.29983738
6.146988, 5.1325316, 0.2998182
6.0725574, 5.129093, 0.29981712
6.126793, 5.1135845, 0.29983672
6.3096786, 5.2295847, 0.2998512
6.31336, 5.2494493, 0.2997805
5.8883343, 5.311388, 0.2983729
5.891038, 5.2692623, 0.29982325
5.969824, 5.1901894, 0.2998397
5.9900484, 5.1698217, 0.29982436
5.9317007, 5.209199, 0.29983848
5.8689623, 5.290986, 0.29868558
5.869373, 5.269963, 0.29978248
6.0270357, 5.1122994, 0.29984105
5.9908795, 5.1484857, 0.29977265
6.062214, 5.096315, 0.29985327
6.1077456, 5.092565, 0.29975766
6.105302, 5.0744724, 0.29984865
6.0122495, 5.1080527, 0.29985455
6.0717235, 5.048216, 0.29978526
5.911281, 5.2498436, 0.2997822
6.068921, 5.111289, 0.29977444
6.2509375, 5.4077864, 0.2994535
5.9264054, 5.35359, 0.29699254
5.9490438, 5.230971, 0.29978636
5.949567, 5.364732, 0.30002576
5.9488897, 5.1710835, 0.29977047
6.168413, 5.4309564, 0.2997276
6.3289433, 5.251275, 0.2997796
6.233128, 5.3877068, 0.29955503
6.1720467, 5.452022, 0.30010697
6.2287593, 5.373082, 0.29959592
5.888684, 5.2913823, 0.29981503
6.346785, 5.2921605, 0.30004647
6.129828, 4.930003, 0.29983243
6.1099753, 4.90893, 0.29982942
5.926215, 5.1931753, 0.29979813
6.2273607, 5.367483, 0.30002147
6.030078, 5.1301546, 0.29977345
6.2721353, 5.3673263, 0.29975185
6.072445, 5.5067286, 0.29095954
6.1505694, 5.4866304, 0.29976958
6.307565, 5.3322964, 0.29974034
5.847654, 5.271519, 0.29792163
6.1086497, 5.5076423, 0.30009782
6.1291423, 5.5134077, 0.29975072
6.13204, 5.530449, 0.3086303
6.1294746, 5.5906534, 0.29965842
6.091644, 5.586226, 0.30010137
6.0685806, 5.6045256, 0.2921205
6.1115065, 5.5918603, 0.2995992
6.129712, 5.6298394, 0.29980552
6.1079965, 5.631087, 0.29973876
6.0513086, 5.624173, 0.30008098
6.0734367, 5.644954, 0.29986465
6.094037, 5.6260877, 0.29955873
6.111456, 5.648298, 0.29973713
6.149722, 5.652513, 0.29956692
6.1298203, 5.6692686, 0.2998637
6.172038, 5.6255183, 0.29987597
6.09185, 5.667926, 0.29968002
6.026828, 5.6485205, 0.29633886
6.070901, 5.6896663, 0.29975408
6.0889945, 5.6881714, 0.30012542
6.0889587, 5.6907463, 0.29960388
6.1295214, 5.681079, 0.3001274
6.1291904, 5.6929817, 0.29949972
6.1131577, 5.6930404, 0.29944143
6.1491675, 5.6910634, 0.2995263
6.171756, 5.6884294, 0.2995411
6.1915298, 5.647819, 0.2996091
6.1882133, 5.6721387, 0.29967156
6.169839, 5.665422, 0.299922
6.1077814, 5.7114835, 0.299822
6.132955, 5.718359, 0.30006024
6.1535153, 5.7050567, 0.29984057
6.128002, 5.7073154, 0.29980275
6.06981, 5.7104425, 0.29965204
6.09007, 5.710028, 0.299725
6.02823, 5.6886954, 0.29985872
6.0074587, 5.7049236, 0.3001258
6.047364, 5.7116113, 0.29958102
6.0338383, 5.6990976, 0.30012655
6.032144, 5.710412, 0.2994852
6.0115223, 5.670167, 0.29886195
6.086409, 5.7300444, 0.30015278
6.0513897, 5.724216, 0.29987782
6.05444, 5.7334557, 0.30009714
6.0894766, 5.734309, 0.2995242
6.0670166, 5.7328877, 0.30013737
6.127935, 5.736493, 0.29949638
6.131155, 5.724933, 0.30019712
6.149717, 5.732351, 0.29947636
6.19116, 5.690207, 0.29963732
6.1909595, 5.7134175, 0.30013108
6.187799, 5.7042294, 0.2999249
6.174509, 5.7296996, 0.2994928
6.2117114, 5.710533, 0.30012494
6.089053, 5.752111, 0.29969883
6.1099396, 5.7484016, 0.29969347
6.1515427, 5.746405, 0.299781
6.0481706, 5.7535295, 0.29952586
6.027137, 5.7289424, 0.29982257
6.0307417, 5.736658, 0.30006328
6.073151, 5.7484217, 0.29955986
6.010897, 5.72864, 0.29972005
5.9880004, 5.75381, 0.29955432
6.0144496, 5.7541523, 0.29943416
5.971027, 5.704751, 0.29651675
6.030834, 5.7523313, 0.29942054
5.9701695, 5.729926, 0.29960093
6.0083127, 5.7451477, 0.30014783
5.9887114, 5.74902, 0.3001323
5.9928308, 5.727408, 0.29966787
6.091789, 5.773163, 0.30017737
6.0528193, 5.767773, 0.29965594
6.0281425, 5.7699547, 0.29984486
6.1486015, 5.7647834, 0.30017745
6.128628, 5.7780147, 0.29940766
6.1291738, 5.767584, 0.3001798
6.1912713, 5.746607, 0.29989403
6.192598, 5.7560854, 0.3001032
6.209785, 5.7293863, 0.29957655
6.171961, 5.7650886, 0.30025035
6.2299323, 5.7329025, 0.29969576
6.251929, 5.728537, 0.2996515
6.229344, 5.7557235, 0.3001821
6.2495756, 5.7170043, 0.29941007
6.107458, 5.7903457, 0.2996104
6.071502, 5.7905035, 0.29939714
6.131998, 5.78912, 0.2996617
6.1691785, 5.790255, 0.2997918
6.150134, 5.788482, 0.29970196
6.0091195, 5.7715597, 0.29978934
6.0294013, 5.795566, 0.29942113
6.0486746, 5.7949157, 0.29949266
5.9900136, 5.7705894, 0.2996729
5.967825, 5.754272, 0.30013725
5.9683256, 5.744557, 0.2999189
6.012244, 5.7884836, 0.30018663
6.0115056, 5.795331, 0.2995015
5.9902854, 5.7931848, 0.30018136
5.9893565, 5.7837105, 0.29996085
5.9491897, 5.7725344, 0.29949236
5.9706, 5.7950583, 0.30011648
5.9470744, 5.728102, 0.29630166
5.97034, 5.76973, 0.29954854
5.955133, 5.71776, 0.3001262
5.9277835, 5.7471514, 0.2975381
6.112624, 5.8038597, 0.29993182
6.0897026, 5.815221, 0.30011776
6.0682883, 5.8094463, 0.29989907
6.0881944, 5.8077326, 0.29979247
6.0299263, 5.809553, 0.29973757
6.051336, 5.8088727, 0.29981694
6.0096264, 5.8109202, 0.29967293
6.149034, 5.8106713, 0.30020478
6.1267314, 5.8152695, 0.30024463
6.191215, 5.7899094, 0.29983905
6.211488, 5.7859383, 0.29979634
6.2111645, 5.771708, 0.2994864
6.186798, 5.8089137, 0.3002618
6.226148, 5.788341, 0.2998796
6.270521, 5.707073, 0.30757934
6.250574, 5.7709002, 0.29954785
6.2723174, 5.7503996, 0.30015033
6.2702537, 5.7417064, 0.29996306
6.26883, 5.7702894, 0.2995656
6.290692, 5.7315664, 0.2992192
6.282627, 5.7178044, 0.3072977
6.250894, 5.7866225, 0.29988888
6.052277, 5.8374295, 0.29942033
6.0933714, 5.8229294, 0.3003125
6.0484347, 5.827226, 0.30023104
6.0702424, 5.8252707, 0.30027866
6.072768, 5.833828, 0.29942292
6.0878687, 5.835066, 0.29950687
6.1346817, 5.828698, 0.2995028
6.107578, 5.8315425, 0.29939973
6.1483054, 5.8315554, 0.29962063
6.190426, 5.831368, 0.29972428
5.991344, 5.8093085, 0.29954484
6.0092373, 5.824432, 0.29997885
6.0282035, 5.8304276, 0.30021504
5.966542, 5.8018756, 0.30025077
5.9723563, 5.8120723, 0.2995059
5.9498467, 5.78804, 0.29983938
5.988, 5.82605, 0.2999077
5.991544, 5.8349037, 0.30013415
5.9673433, 5.8296595, 0.2998755
5.9506674, 5.8151846, 0.29945102
5.910168, 5.7697816, 0.3001302
5.907496, 5.765979, 0.29586548
5.9291835, 5.7904134, 0.29976553
5.908698, 5.7911744, 0.29964936
5.9528794, 5.827869, 0.29974905
6.1109033, 5.8552895, 0.3000761
6.0935774, 5.857803, 0.30007657
6.1128826, 5.843937, 0.29980707
6.089306, 5.8488717, 0.29984054
6.0680776, 5.848196, 0.2997412
6.0485897, 5.8519726, 0.29974985
6.0100465, 5.851865, 0.2995636
6.030236, 5.847975, 0.29957044
5.988428, 5.854854, 0.29951736
6.1538796, 5.852701, 0.30014634
6.149037, 5.843461, 0.29990512
6.2089686, 5.8311167, 0.299759
6.2312355, 5.8049817, 0.30026576
6.2476573, 5.8149, 0.29945648
6.189393, 5.84929, 0.3001545
6.27159, 5.814152, 0.29947767
6.25241, 5.828222, 0.29976937
6.291512, 5.7675877, 0.29954422
6.290479, 5.7944717, 0.30012324
6.289592, 5.7847886, 0.29990926
6.315248, 5.758095, 0.29928273
6.289999, 5.8142204, 0.29950124
6.0687346, 5.876658, 0.299324
6.072079, 5.8638453, 0.3001427
6.028254, 5.8726377, 0.30016237
6.0560026, 5.878875, 0.29932463
6.0494866, 5.86917, 0.30017787
6.109769, 5.8742566, 0.2994205
6.132949, 5.869936, 0.29939207
6.1243153, 5.8604045, 0.3002543
6.169743, 5.8695235, 0.29946637
6.1921506, 5.8662815, 0.29945844
6.209002, 5.87016, 0.29959062
6.232062, 5.8451834, 0.30014035
6.229491, 5.8578467, 0.29932344
5.969126, 5.844761, 0.30023947
5.9726768, 5.85454, 0.2994218
5.992636, 5.877023, 0.30007654
5.9902787, 5.8672595, 0.29982334
6.011361, 5.8652444, 0.29988986
5.9298267, 5.830181, 0.29965788
5.950699, 5.853702, 0.29960158
5.94856, 5.8498034, 0.30023238
5.9094954, 5.8040943, 0.2999429
5.912865, 5.8126817, 0.30015978
5.8893375, 5.78787, 0.2968339
5.9682984, 5.869709, 0.2997541
5.950091, 5.870086, 0.2996475
5.929693, 5.844829, 0.2999902
5.9091244, 5.832042, 0.29956108
5.887771, 5.8074536, 0.29986477
5.8907084, 5.8171697, 0.3001044
5.9120135, 5.8564715, 0.30013937
5.911661, 5.8464065, 0.29990342
5.891288, 5.834002, 0.29948044
5.868118, 5.8081565, 0.29607663
5.932416, 5.8708215, 0.29954743
6.1280026, 5.885908, 0.29978055
6.107873, 5.889215, 0.29979736
6.0907116, 5.886901, 0.29967418
6.108707, 5.89888, 0.30005887
6.0695095, 5.8915443, 0.29970613
6.048964, 5.8895774, 0.29956117
6.0312552, 5.889903, 0.2994825
6.0098534, 5.891615, 0.29941112
5.971377, 5.8856907, 0.30016422
5.9707975, 5.8974442, 0.2993249
6.1736965, 5.884665, 0.2997712
6.148654, 5.88549, 0.2998369
6.150616, 5.893655, 0.30005816
6.2922406, 5.8389764, 0.3000771
6.1886835, 5.8933115, 0.30014896
6.2098584, 5.880898, 0.29986775
6.212397, 5.8907394, 0.300133
6.3098, 5.813964, 0.29952154
6.252457, 5.868812, 0.29963186
6.266639, 5.873668, 0.29977545
6.328496, 5.7860646, 0.29997903
6.332025, 5.8251324, 0.29979527
6.3493056, 5.811582, 0.29950434
6.3516493, 5.792455, 0.30372015
6.309149, 5.8535304, 0.2993253
6.0903306, 5.91712, 0.29929748
6.050851, 5.9115024, 0.30014738
6.0884566, 5.9063263, 0.30018157
6.0470138, 5.901759, 0.29986542
6.0724807, 5.90743, 0.30014125
6.0130286, 5.903704, 0.29973707
6.03059, 5.9147897, 0.30012995
6.112992, 5.9138284, 0.29929715
6.1083703, 5.906134, 0.30025592
6.1317925, 5.9030848, 0.3002535
6.1280947, 5.9171495, 0.29944098
6.154204, 5.900501, 0.30025637
6.193809, 5.907984, 0.29937586
6.1690907, 5.9112854, 0.2994064
6.232034, 5.890275, 0.30015677
6.2074924, 5.913642, 0.29952508
6.22891, 5.910556, 0.29951733
5.9499016, 5.8913198, 0.30016175
5.9453945, 5.8822417, 0.29990703
5.969967, 5.91178, 0.29967925
5.989959, 5.9088087, 0.2997322
5.9071136, 5.865029, 0.30030444
5.911843, 5.8746567, 0.2994907
5.8893824, 5.8496675, 0.29981536
5.928166, 5.8860183, 0.2998772
5.928413, 5.895445, 0.30010846
5.949696, 5.9103136, 0.29950178
5.910166, 5.888054, 0.29979163
5.9301586, 5.91243, 0.29937935
5.890255, 5.867078, 0.30022207
5.8694177, 5.850828, 0.29968658
5.8511667, 5.8334947, 0.300164
5.8709536, 5.865765, 0.29655772
6.151591, 5.927325, 0.2998029
6.108678, 5.929324, 0.29971233
6.129273, 5.930139, 0.29981068
6.0920053, 5.9292603, 0.29964018
6.068131, 5.929569, 0.29953927
6.0497537, 5.931894, 0.29951078
6.0327053, 5.9299927, 0.29936618
6.011542, 5.9346604, 0.29936847
6.007771, 5.9243164, 0.30025482
5.987966, 5.9375963, 0.2992982
5.9510803, 5.934196, 0.30012673
5.971121, 5.929723, 0.30015647
5.9509206, 5.92436, 0.29986635
6.189228, 5.9351873, 0.30013803
6.2945747, 5.8845687, 0.30008575
6.312199, 5.866097, 0.2996331
6.2889194, 5.869541, 0.2996956
6.214901, 5.927457, 0.2997026
6.2503066, 5.908182, 0.29948485
6.2665305, 5.9112563, 0.29959014
6.289956, 5.9111686, 0.299612
6.3136277, 5.898754, 0.2992954
6.3666215, 5.811272, 0.29947582
6.3302574, 5.8672333, 0.29967317
6.3495426, 5.8441877, 0.3002523
6.350608, 5.8559957, 0.29941455
6.0886097, 5.9510326, 0.30025807
6.1098986, 5.9474254, 0.30024517
6.0712805, 5.9423814, 0.29991692
6.049359, 5.945609, 0.29989502
6.0281386, 5.9474735, 0.29982632
6.0295563, 5.9578977, 0.30013636
6.0084815, 5.9501038, 0.29977778
5.992061, 5.9495773, 0.29965293
6.1283345, 5.9577465, 0.2993819
6.1316166, 5.9442515, 0.30023456
6.1481013, 5.955403, 0.29938063
6.1726594, 5.953487, 0.29939818
6.1910105, 5.942598, 0.30036512
6.191506, 5.9548707, 0.29949042
6.208017, 5.9547877, 0.29952523
6.249899, 5.936216, 0.3002839
6.2468834, 5.9238405, 0.29991522
6.232134, 5.9503818, 0.29927644
6.225162, 5.9402585, 0.30028772
5.932238, 5.928869, 0.29645282
5.9512897, 5.9495664, 0.29339597
5.969594, 5.949886, 0.29949707
6.129526, 5.9699383, 0.29976153
6.1516194, 5.9654922, 0.299702
6.167133, 5.966668, 0.29978853
6.1085844, 5.9701824, 0.29968143
6.091487, 5.9698486, 0.29959178
6.0707245, 5.9701347, 0.29949316
6.048184, 5.974834, 0.29950857
6.033136, 5.964748, 0.30036366
6.009796, 5.966263, 0.3002545
6.0151486, 5.977754, 0.2993782
5.989328, 5.9711137, 0.30024517
5.973036, 5.967341, 0.29626632
6.2107534, 5.965247, 0.2998552
6.2929482, 5.923843, 0.29983857
6.3634267, 5.8674006, 0.29902595
6.068548, 5.994398, 0.30024734
6.0893674, 5.9905634, 0.30023637
6.110598, 5.986853, 0.3002229
6.072173, 5.981607, 0.2998565
6.1285615, 5.9979024, 0.29936278
6.0523667, 5.993613, 0.3001183
6.0508423, 5.9856157, 0.2998553
6.0280724, 5.9868703, 0.29974484
6.0072713, 5.989868, 0.29968667
5.9934845, 5.9874024, 0.2974064
6.1490746, 5.9862638, 0.30036455
6.150422, 5.995274, 0.29936242
6.172279, 5.9930325, 0.2993611
6.1692863, 5.984192, 0.30036223
6.1890597, 5.995536, 0.29949534
6.207295, 5.994825, 0.2995162
6.250144, 5.970081, 0.2995154
6.130217, 6.0096793, 0.29976735
6.1081586, 6.0114207, 0.29972047
6.152237, 6.006026, 0.2997317
6.167851, 6.00603, 0.29978675
6.170313, 6.01727, 0.30019048
6.192869, 6.015298, 0.3001899
6.187613, 6.0068445, 0.29987714
6.0935235, 6.0069323, 0.29949445
6.0714307, 6.010949, 0.29949987
6.050274, 6.0147457, 0.29948643
6.0265694, 6.016212, 0.2993443
6.030161, 6.0054884, 0.30035025
6.212832, 6.006767, 0.29985854
6.0519834, 6.026038, 0.2998759
6.0899563, 6.0278387, 0.30019218
6.070865, 6.023915, 0.2998714
6.0691023, 6.031637, 0.3001895
6.1116953, 6.0243835, 0.3001897
6.03221, 6.0275116, 0.29768106
6.1874714, 6.030341, 0.2993165
6.129175, 6.0460467, 0.2997042
6.11261, 6.058978, 0.30009794
6.0904164, 6.0492644, 0.29959935
6.171293, 6.0434933, 0.29976785
6.0699544, 6.050058, 0.29949117
6.0526447, 6.050041, 0.29603815
6.1505637, 6.072586, 0.29915488
6.1524553, 6.071769, 0.30619958
6.108131, 6.0871725, 0.29975486
6.0487247, 6.467788, 0.30014083
6.069572, 6.472787, 0.2992373
6.048313, 6.5074124, 0.3000816
6.0165143, 6.496437, 0.30014148
6.124527, 6.1057262, 0.3081474
6.027824, 6.508494, 0.29923758
6.0290747, 6.4302683, 0.29950938
6.1741047, 5.773591, 0.29943863
6.0376225, 6.517504, 0.30008224
6.071203, 6.43592, 0.2993428
6.0499353, 6.488224, 0.2992367
6.1081533, 6.0478144, 0.2996558
6.0387278, 6.4590626, 0.2993429
6.071901, 6.5095997, 0.29919824
6.091941, 6.4735384, 0.3000815
6.0063934, 6.4659038, 0.3002636
6.0284076, 6.4677043, 0.29934263
6.0275, 6.4858956, 0.30014038
6.131769, 6.0852604, 0.29963687
6.0497746, 6.4309206, 0.3002641
6.069855, 6.452374, 0.30014098
6.0917625, 6.49434, 0.299198
6.049768, 6.450652, 0.29934266
6.0841, 6.4626794, 0.29923674
6.0086703, 6.4468246, 0.29950953
6.028323, 6.4468374, 0.30026397
6.0072827, 6.487407, 0.29934257
6.069588, 6.489575, 0.30008212
6.1111536, 6.0663195, 0.30037317
6.0951786, 6.436618, 0.30014145
6.0888395, 6.4254236, 0.29934302
6.109127, 6.4476643, 0.29923755
6.106561, 6.4843483, 0.29919755
6.1137266, 6.496076, 0.30009168
6.091386, 6.511771, 0.3000927
6.1086617, 6.4631753, 0.30008125
6.0069165, 6.506439, 0.3001409
6.032298, 6.547905, 0.2991977
6.069481, 6.5298867, 0.30009273
6.092538, 6.5332985, 0.29923227
6.00822, 6.529666, 0.29923725
6.0275073, 6.5279684, 0.30008143
6.04998, 6.5293536, 0.299198
6.0716515, 6.551911, 0.2992319
6.0490212, 6.549886, 0.30009216
5.967322, 6.5087185, 0.30026346
5.9871473, 6.46714, 0.29950875
5.9855514, 6.446855, 0.300445
5.9779034, 6.476847, 0.29950938
5.987318, 6.5091825, 0.29934278
5.966006, 6.4670367, 0.30044565
5.987733, 6.4847226, 0.30026364
5.987277, 6.5294724, 0.30014107
5.9673457, 6.4889607, 0.2995092
5.9979577, 6.4970965, 0.29934347
6.1096396, 6.1500816, 0.29945502
6.12926, 6.14691, 0.29944462
6.0079155, 6.550769, 0.30008215
6.010211, 6.409114, 0.29971144
6.0674076, 6.4048247, 0.29951063
6.0291367, 6.3900366, 0.29945135
6.054225, 6.394619, 0.3004466
6.00158, 6.382178, 0.30000603
6.050714, 6.4150763, 0.29951036
5.9930043, 6.4101787, 0.29915318
6.042559, 6.4018025, 0.30044684
6.0085464, 6.4265194, 0.30044597
6.0491605, 6.3834157, 0.29973322
6.011028, 6.3938265, 0.2990433
5.98838, 6.4275494, 0.29973212
6.0747824, 6.415062, 0.30026376
6.0287223, 6.4112134, 0.30044588
6.0905185, 6.392488, 0.29950896
6.0700912, 6.3857, 0.30044597
6.0897336, 6.406861, 0.30026487
6.109678, 6.4288673, 0.3001405
6.110465, 6.414166, 0.2993423
6.0917115, 6.5526714, 0.30017957
6.1142454, 6.5343866, 0.30017892
6.1152925, 6.516173, 0.29923138
6.122623, 6.440568, 0.29923528
6.128866, 6.4712543, 0.29919845
6.1298094, 6.4863634, 0.3000922
6.1297464, 6.4518175, 0.30008143
5.9670796, 6.448003, 0.2997316
6.129732, 6.506802, 0.2992312
5.9707656, 6.430332, 0.29916698
6.1290936, 6.407432, 0.29920673
6.1106977, 6.3856783, 0.29950708
6.1472526, 6.4435887, 0.30008182
6.1511855, 6.4751077, 0.30009207
6.14624, 6.4624166, 0.2991974
6.1494036, 6.429394, 0.29914978
6.1507483, 6.5107784, 0.30017865
6.149276, 6.4955587, 0.29923162
6.115565, 6.556344, 0.2993446
5.994307, 6.5468345, 0.29922637
5.9734645, 6.526577, 0.29929686
6.0213223, 6.560743, 0.2991982
6.052893, 6.571491, 0.29923105
6.072075, 6.5715165, 0.30017853
6.033944, 6.592627, 0.2990536
6.0307617, 6.570743, 0.30009243
6.014536, 6.5696945, 0.29911134
6.0415807, 6.584788, 0.29923093
6.053457, 6.5923853, 0.3001788
6.0952997, 6.573979, 0.2993441
6.128897, 6.5462165, 0.29934347
6.138687, 6.5571575, 0.3003475
6.085008, 6.5840964, 0.29934427
6.075913, 6.593797, 0.29934272
6.095585, 6.5941133, 0.30034712
5.932045, 6.4852314, 0.2995045
5.9475455, 6.4890633, 0.30044526
5.952861, 6.5079103, 0.29926622
5.947965, 6.4693236, 0.2997321
5.949943, 6.4502544, 0.2991006
5.9698544, 6.4098616, 0.2991987
5.948864, 6.428104, 0.3000058
5.969519, 6.408126, 0.30000585
5.9296923, 6.4495673, 0.3000058
5.932084, 6.4698734, 0.2990428
6.1511736, 6.177677, 0.29951975
6.149146, 6.1660247, 0.30202687
6.08981, 6.1728296, 0.30028817
6.1101213, 6.1904187, 0.29975706
6.1097875, 6.1689177, 0.3003126
6.151307, 6.187423, 0.29999423
6.1685867, 6.174693, 0.29932463
6.0131826, 6.3741317, 0.30000708
5.970837, 6.391312, 0.29935434
5.9900208, 6.390944, 0.30000645
6.029377, 6.3638716, 0.30000666
5.992357, 6.3743095, 0.29935437
6.006895, 6.3641586, 0.29935506
5.984502, 6.362065, 0.30032647
6.0689487, 6.3701463, 0.29960677
6.0898056, 6.3758636, 0.3004455
6.049784, 6.3707356, 0.29912055
6.089701, 6.363388, 0.29969248
5.9488926, 6.4113765, 0.29935378
6.0498533, 6.35237, 0.300006
6.045059, 6.341654, 0.29935375
6.029336, 6.3502984, 0.2993546
6.009668, 6.345244, 0.30032676
6.0691, 6.3428636, 0.300006
5.9647694, 6.3626223, 0.29970902
5.9714975, 6.372005, 0.30032635
5.9891076, 6.344849, 0.2997099
5.9485765, 6.391657, 0.30032575
6.107823, 6.3506513, 0.29949215
6.1309853, 6.3882103, 0.30026463
6.1106224, 6.366846, 0.30044612
6.1287003, 6.375962, 0.29951003
6.0905952, 6.3507953, 0.29912183
6.141536, 6.400737, 0.299342
6.1504807, 6.410853, 0.3001409
6.1483765, 6.3818507, 0.30026448
6.105303, 6.584609, 0.3003478
6.1272345, 6.5658026, 0.30034772
6.1514235, 6.5485144, 0.30034685
6.149916, 6.5322466, 0.29934365
6.1696434, 6.4667206, 0.3000925
6.1641703, 6.422749, 0.2992372
6.169276, 6.4527745, 0.29900464
6.1708193, 6.4341025, 0.30008197
6.168393, 6.4860535, 0.29923153
6.166048, 6.5026593, 0.30017793
5.9304023, 6.4308076, 0.2993539
6.17168, 6.5363293, 0.30034727
6.1655827, 6.5231285, 0.29934382
5.9211125, 6.402708, 0.29970843
5.929715, 6.410344, 0.30032602
6.1687045, 6.3913155, 0.2993423
6.169844, 6.404029, 0.30014053
6.1491423, 6.368799, 0.2995096
6.1289163, 6.347377, 0.29973224
6.1329184, 6.3585043, 0.3004456
6.1906757, 6.4584975, 0.30009267
6.1895595, 6.444857, 0.2991974
6.190353, 6.427461, 0.30008107
6.191775, 6.491029, 0.30017883
6.1810074, 6.480482, 0.29923025
6.188315, 6.414711, 0.29923657
6.18868, 6.51164, 0.29934385
6.189493, 6.527153, 0.30034652
6.1501327, 6.572162, 0.29954126
6.130563, 6.587361, 0.29954207
6.0650826, 6.6063976, 0.29934406
6.0852394, 6.6051126, 0.3003461
6.108104, 6.6080766, 0.29954115
6.16473, 6.562186, 0.29954126
6.1730733, 6.5747395, 0.30060375
6.1293926, 6.6084833, 0.30060446
6.0880795, 6.6302533, 0.29954132
6.10861, 6.6293373, 0.30060402
5.914652, 6.449559, 0.29935384
5.9105515, 6.43197, 0.300326
5.9503994, 6.3702664, 0.29953724
5.929392, 6.390456, 0.29956794
5.8867545, 6.446985, 0.29953256
5.8952684, 6.4516726, 0.30029497
5.889966, 6.429826, 0.2993828
6.1515017, 6.212734, 0.29965132
6.166781, 6.1948237, 0.3004853
6.129674, 6.213576, 0.29947993
6.1722164, 6.184273, 0.29998884
6.1707435, 6.209555, 0.2996522
6.1102734, 6.2054634, 0.30048528
6.129688, 6.2238665, 0.2999964
6.0839224, 6.2018313, 0.2999926
6.1296973, 6.2339706, 0.30051666
6.090419, 6.2103887, 0.30048433
6.1099463, 6.227938, 0.29997084
6.0710955, 6.195185, 0.29951918
6.0680594, 6.2063384, 0.29999366
6.0690503, 6.183483, 0.30053198
6.0898614, 6.2289944, 0.29975948
6.168197, 6.2268496, 0.3005307
6.171519, 6.2388086, 0.29953733
6.190619, 6.208897, 0.29976094
6.0290565, 6.333971, 0.3003263
5.9907165, 6.3315663, 0.29917124
6.008311, 6.3285675, 0.29952377
6.024704, 6.323353, 0.29970866
5.9472756, 6.3442454, 0.30010325
5.9554806, 6.355511, 0.29911304
5.9342365, 6.3738236, 0.29911247
6.0521235, 6.322277, 0.30032617
5.968884, 6.328155, 0.3001038
6.068086, 6.3305864, 0.29935417
6.0839887, 6.323855, 0.29935393
6.090312, 6.3337326, 0.30000597
6.1101146, 6.3263254, 0.30000576
6.11762, 6.338852, 0.2990431
5.915408, 6.39234, 0.29911283
6.0711384, 6.313911, 0.3003259
6.0675483, 6.3032327, 0.29970846
6.031387, 6.312002, 0.29924664
6.0487785, 6.307655, 0.29952833
6.007463, 6.3042464, 0.30010313
5.9917727, 6.3132663, 0.30010313
5.986425, 6.303627, 0.29953805
6.0911245, 6.306161, 0.30032587
5.9344907, 6.354919, 0.30010295
5.94924, 6.328743, 0.2995383
5.963455, 6.302127, 0.30053318
5.9055223, 6.3668995, 0.29953814
6.1294794, 6.308225, 0.2993546
6.1308017, 6.3344693, 0.29904303
6.1471124, 6.3416038, 0.2997315
6.108109, 6.314959, 0.29935363
6.1499863, 6.3530235, 0.30044517
6.1525555, 6.3298674, 0.29914808
6.1714005, 6.374638, 0.30026385
6.1690407, 6.3628044, 0.29950926
6.170551, 6.347256, 0.30044734
6.1894913, 6.3853073, 0.299343
6.1920342, 6.3973756, 0.30014095
6.1320305, 6.6327243, 0.29983035
6.15326, 6.6133447, 0.29983085
6.1888556, 6.5481763, 0.29954118
6.19079, 6.56412, 0.3006047
6.2103596, 6.4839554, 0.30017892
6.2094097, 6.469882, 0.29923022
6.2099204, 6.4521227, 0.30009142
6.201387, 6.440954, 0.29919705
6.210217, 6.408626, 0.29923758
6.2096972, 6.421812, 0.3000818
6.206724, 6.504028, 0.29932645
6.2138853, 6.516428, 0.30034658
6.2093196, 6.55451, 0.30060446
5.8956237, 6.3935037, 0.30010223
5.8876314, 6.386014, 0.2995379
6.209692, 6.3651958, 0.3002639
6.188419, 6.357811, 0.29950848
6.190551, 6.342498, 0.30044496
6.2055907, 6.381283, 0.29934224
6.1701746, 6.3296475, 0.29939795
6.1494927, 6.3027864, 0.29935414
6.2284427, 6.4639935, 0.29923093
6.2309036, 6.4773173, 0.30017745
6.23082, 6.4462347, 0.3000921
6.2296934, 6.433156, 0.29919866
6.2298837, 6.404043, 0.2992372
6.22822, 6.496236, 0.29934323
6.2293315, 6.3886204, 0.30014127
6.210381, 6.575343, 0.29983056
6.188922, 6.5876226, 0.29983056
6.1450887, 6.626173, 0.2995112
6.1837807, 6.6139464, 0.29935125
6.168457, 6.628055, 0.29852238
6.106018, 6.6668124, 0.29954743
5.876318, 6.4372206, 0.29906195
5.8674273, 6.4107103, 0.29953784
5.906462, 6.347183, 0.30053258
5.9295535, 6.3269753, 0.30053273
5.8866997, 6.3670845, 0.3005325
5.897629, 6.375004, 0.29953814
5.854292, 6.406168, 0.30051896
6.1900234, 6.2359447, 0.29953837
6.1701956, 6.2495356, 0.30010295
6.1494875, 6.2535176, 0.30010357
6.188733, 6.2237463, 0.30053365
6.129598, 6.247239, 0.29953885
6.13016, 6.257877, 0.3001025
6.149561, 6.2428875, 0.2995385
6.205691, 6.2119384, 0.29973
6.109405, 6.252347, 0.2995376
6.1907825, 6.2589746, 0.2991108
6.211273, 6.2332067, 0.29953703
6.090668, 6.244355, 0.30053285
6.130518, 6.2712097, 0.29911244
6.110358, 6.2767334, 0.29911318
6.1499257, 6.272108, 0.2994113
6.070652, 6.2506695, 0.30053204
6.0651946, 6.2414975, 0.29999566
6.049766, 6.2227173, 0.30048516
6.049636, 6.2360234, 0.2994803
6.090223, 6.2690635, 0.30010286
6.0815516, 6.2606506, 0.2995379
6.0525355, 6.2571206, 0.30053198
6.0245476, 6.2225695, 0.299965
6.0493155, 6.2471514, 0.29999638
6.0162406, 6.2151003, 0.29192942
6.0701294, 6.275968, 0.30010256
6.0685287, 6.2651424, 0.29953772
6.190263, 6.2685056, 0.29963833
6.1691885, 6.26837, 0.29942587
6.211319, 6.2560716, 0.29911387
6.2078543, 6.2438903, 0.30010426
6.011029, 6.2901287, 0.29945472
6.02677, 6.282233, 0.29953808
6.029727, 6.2929068, 0.30010316
6.0543346, 6.296727, 0.29911235
6.0497813, 6.2839446, 0.30010235
5.9880104, 6.287233, 0.3005089
5.9430957, 6.303068, 0.2999979
5.9496937, 6.3116283, 0.30053303
5.906382, 6.328168, 0.29415792
5.8870707, 6.3469496, 0.29353687
6.0715356, 6.290334, 0.29913986
6.0892854, 6.2899194, 0.2994463
6.1098194, 6.288251, 0.2997091
6.1144333, 6.298356, 0.3003261
6.1288385, 6.2828116, 0.29970905
5.867615, 6.3679943, 0.29535025
6.047713, 6.2731194, 0.29953754
6.03061, 6.26604, 0.3005318
6.0104313, 6.2635627, 0.299996
6.0102296, 6.2754593, 0.300532
5.988887, 6.270548, 0.29959723
6.1704617, 6.2979174, 0.29935485
6.149141, 6.288918, 0.3003262
6.169274, 6.3095465, 0.30000648
6.169549, 6.284433, 0.30032682
6.1876802, 6.330164, 0.29966372
6.189703, 6.305324, 0.30000576
6.2095194, 6.3532066, 0.29950967
6.211811, 6.338251, 0.30044577
6.209007, 6.3271627, 0.29973218
6.2299256, 6.3762245, 0.29934314
6.2295513, 6.349577, 0.2995094
6.24102, 6.4605618, 0.29923016
6.249327, 6.5042543, 0.30034688
6.2481675, 6.4901695, 0.29934335
6.2510996, 6.471821, 0.30017835
6.248806, 6.4419684, 0.30009288
6.2494807, 6.4287224, 0.29919815
6.24944, 6.385019, 0.30014113
6.244009, 6.401198, 0.29923788
6.249542, 6.4127903, 0.30008292
6.253107, 6.5377297, 0.30292606
5.8478847, 6.38808, 0.2950295
6.2495775, 6.3728895, 0.2993426
6.251679, 6.3463287, 0.2995089
6.2302885, 6.3237534, 0.29973212
6.2097497, 6.3156004, 0.29904318
6.209692, 6.301878, 0.3000056
6.189208, 6.294219, 0.29935488
6.26967, 6.454178, 0.29923093
6.269808, 6.4675703, 0.30017787
6.270443, 6.484562, 0.2993436
6.27356, 6.4978504, 0.30034614
6.269751, 6.4249783, 0.29919913
6.2694573, 6.437892, 0.30009368
6.2696137, 6.409409, 0.30008188
6.2698364, 6.3970037, 0.29923695
6.2676816, 6.5173893, 0.29954064
6.271012, 6.369975, 0.2993419
6.1135902, 6.7102356, 0.30022013
6.228888, 6.2415433, 0.30010134
6.2086573, 6.2777205, 0.30032563
6.232954, 6.253601, 0.2991115
6.229537, 6.275039, 0.30032513
6.2295337, 6.264451, 0.29970816
6.2103224, 6.2907205, 0.29935414
6.0286846, 6.2498846, 0.29974645
6.01385, 6.236565, 0.30048528
6.009725, 6.2532034, 0.29951766
5.990097, 6.2475786, 0.3004839
6.2313395, 6.2879004, 0.29935294
6.248045, 6.262621, 0.2997076
6.229051, 6.3126416, 0.29904214
6.2501473, 6.332482, 0.30044448
6.2500944, 6.3100367, 0.29904333
6.268783, 6.355864, 0.3002621
6.2717423, 6.3301697, 0.30044582
6.289087, 6.4639378, 0.30017787
6.2900734, 6.450603, 0.29923236
6.285887, 6.48129, 0.29934135
6.291233, 6.4949236, 0.30175474
6.2834334, 6.513896, 0.2992646
6.2897, 6.422015, 0.29919833
6.292479, 6.3941865, 0.29923597
6.2905383, 6.353745, 0.30026352
6.288305, 6.342512, 0.29950982
6.270195, 6.31262, 0.29932535
6.247107, 6.2969885, 0.30000716
6.3093176, 6.4775467, 0.2992024
6.309173, 6.4479337, 0.29923028
6.3134737, 6.419305, 0.29919696
6.309486, 6.404642, 0.30007923
6.311283, 6.3779416, 0.30014002
6.30746, 6.3665485, 0.29934216
6.3082466, 6.341162, 0.2995079
6.1111054, 6.751265, 0.2994915
6.129109, 6.7513313, 0.30071634
6.125953, 6.7270756, 0.29949158
6.084352, 6.7289557, 0.2990641
6.1037235, 6.7255745, 0.30021992
6.0903015, 6.7495, 0.3002202
6.2692227, 6.294985, 0.3000057
6.269251, 6.2847953, 0.29938608
6.2891316, 6.3131995, 0.29944956
6.308979, 6.316223, 0.2994673
6.307275, 6.308592, 0.30810034
6.3321714, 6.447126, 0.29925814
6.3298206, 6.4302754, 0.300093
6.3281116, 6.3653674, 0.29934055
6.3279943, 6.3912745, 0.29923669
6.3308654, 6.3403583, 0.29940164
6.323836, 6.3271227, 0.30211642
6.3474646, 6.416873, 0.29919836
6.3518896, 6.3646274, 0.29934102
6.153682, 6.750632, 0.30002984
6.0914116, 6.7906065, 0.2994921
6.1427445, 6.767489, 0.30002955
6.098497, 6.7751913, 0.2994914
6.1305776, 6.7889833, 0.30003005
6.117027, 6.772488, 0.30071706
6.107857, 6.790842, 0.30071643
6.167142, 6.767736, 0.2993555
6.1535926, 6.7891626, 0.299355
6.071827, 6.789601, 0.30021915
6.3678856, 6.4161143, 0.29919657
6.3719616, 6.3898473, 0.29923582
6.366021, 6.374295, 0.30262348
6.1731296, 6.7887573, 0.30068767
6.1224556, 6.8051963, 0.3000294
6.111462, 6.830383, 0.30002955
6.0489116, 6.8102984, 0.29906392
6.0796723, 6.819533, 0.2994921
6.0643554, 6.8090234, 0.30022067
6.09213, 6.828271, 0.30071628
6.055163, 6.789043, 0.29912287
6.1667595, 6.8059535, 0.30058286
6.157092, 6.8162537, 0.30068737
6.1438794, 6.806749, 0.2993554
6.149793, 6.8308706, 0.30068716
6.133613, 6.8279734, 0.2993556
6.1854377, 6.8091207, 0.3000611
6.1721296, 6.8322773, 0.30006048
6.0570717, 6.8304305, 0.3002182
6.03089, 6.810143, 0.2998318
6.042248, 6.831074, 0.29906425
6.1954913, 6.834107, 0.29944912
6.2063994, 6.8166776, 0.29944953
6.1040545, 6.8498683, 0.30002922
6.1243973, 6.849852, 0.29935536
6.070216, 6.8473597, 0.2994903
6.084599, 6.8497863, 0.30071583
6.1167, 6.8707376, 0.2993538
6.0956144, 6.8701873, 0.3000868
6.0253143, 6.830626, 0.29980877
6.0323195, 6.849249, 0.29927328
6.051184, 6.8498707, 0.30022007
6.0181856, 6.7946076, 0.3006041
6.0008535, 6.8058863, 0.2995407
6.064409, 6.8669286, 0.29949212
6.0776367, 6.8724327, 0.30071628
6.186132, 6.8510537, 0.29944858
6.1635213, 6.8495245, 0.30006027
6.206407, 6.82682, 0.29930043
6.1538496, 6.871666, 0.3000619
6.1758738, 6.872216, 0.29944783
6.21168, 6.849875, 0.29885253
6.1942806, 6.871804, 0.29898685
5.9942746, 6.8304596, 0.2995413
6.2302547, 6.8533244, 0.3003421
6.090611, 6.8924966, 0.30002925
6.1103606, 6.890235, 0.2993553
6.1268644, 6.8882484, 0.30068666
6.1462536, 6.891564, 0.30006123
6.072796, 6.890297, 0.30071706
6.0559926, 6.892379, 0.2994996
6.1277676, 6.9084835, 0.30045968
6.1043487, 6.9111853, 0.2993549
6.085784, 6.9109516, 0.3000307
6.0149126, 6.8710713, 0.29965186
6.0105205, 6.8904157, 0.29983044
5.9853873, 6.8698864, 0.29954192
6.0277925, 6.8877277, 0.29898208
6.053475, 6.911901, 0.2994347
6.210161, 6.8891745, 0.30034244
6.1676455, 6.891724, 0.29944947
6.2224326, 6.866168, 0.30034152
6.1905622, 6.8908906, 0.29885465
6.15862, 6.91633, 0.29944903
6.1826396, 6.909894, 0.2988545
6.235582, 6.8887305, 0.29980433
6.2449174, 6.8730063, 0.29980397
6.202407, 6.9058385, 0.30034405
6.0231786, 6.909648, 0.29906467
5.970563, 6.8655005, 0.30034733
5.9823155, 6.885817, 0.29954225
6.064464, 6.930629, 0.30068275
6.114769, 6.9297457, 0.30068803
6.0949464, 6.932016, 0.2992881
6.13459, 6.928195, 0.3000607
6.154508, 6.929133, 0.29944834
6.1751437, 6.9303923, 0.29885364
6.0494227, 6.931571, 0.29949126
6.032675, 6.931503, 0.30021954
6.0070972, 6.9084682, 0.2998316
6.129245, 6.9483256, 0.3000608
6.074231, 6.9492426, 0.30015436
5.990723, 6.911488, 0.3006031
6.0112734, 6.931323, 0.29944763
5.978348, 6.9088244, 0.2995391
5.962425, 6.9133377, 0.30034748
5.954345, 6.8856225, 0.2993437
6.2253175, 6.908441, 0.29980394
6.215876, 6.929379, 0.29980496
6.2512517, 6.907825, 0.29928526
6.1928797, 6.9295163, 0.3003431
6.2618437, 6.8899775, 0.29928565
6.1687083, 6.950485, 0.29885483
6.186396, 6.948045, 0.30034256
6.2076735, 6.950432, 0.29980412
6.2423644, 6.924806, 0.2992845
6.2751884, 6.913613, 0.29878628
6.231429, 6.9491625, 0.29928598
6.0108747, 6.94935, 0.29933187
5.950776, 6.9083643, 0.29934362
5.9267807, 6.8893266, 0.29922876
6.056563, 6.970181, 0.30071694
6.0429087, 6.9703984, 0.29949272
6.0913916, 6.968683, 0.2993549
6.1055136, 6.9711866, 0.30068627
6.1440167, 6.9672704, 0.29944915
6.0267754, 6.969338, 0.3002191
6.0130086, 6.9741626, 0.29906535
6.107614, 6.9910955, 0.3004887
6.138064, 6.9941154, 0.29944935
6.0877595, 6.9895606, 0.29935476
6.0706787, 6.9884505, 0.30003187
5.9720745, 6.9532814, 0.29954007
5.9824224, 6.971807, 0.3006026
5.998193, 6.9677253, 0.29982996
5.970568, 6.966135, 0.29953852
5.9448266, 6.954839, 0.29934224
5.93561, 6.9118834, 0.30017617
5.909343, 6.9125314, 0.3000921
6.0113196, 6.9880505, 0.29906458
6.256264, 6.9488697, 0.29878658
6.2669845, 6.927781, 0.29878658
6.202136, 6.966554, 0.29980457
6.223313, 6.9703474, 0.29928505
6.2762017, 6.9501686, 0.30045342
6.174252, 6.9905357, 0.3003438
6.195323, 6.989248, 0.2998051
6.160334, 6.981312, 0.29885632
6.217386, 6.9880514, 0.2992856
6.238419, 6.993134, 0.2987865
6.2473116, 6.9693546, 0.29878756
6.2671065, 6.9690313, 0.30045414
5.9433923, 6.9684925, 0.2993432
5.9553504, 6.9702816, 0.30034807
6.098294, 7.013872, 0.30068663
6.0850163, 7.0075407, 0.29935586
6.15454, 7.009301, 0.29863793
6.134939, 7.0104957, 0.29944927
6.169963, 7.00936, 0.30030355
6.1898394, 7.0104585, 0.29980484
5.993193, 7.0153575, 0.29983273
6.1134844, 7.0309544, 0.3000603
6.150049, 7.0312057, 0.29885322
5.9287887, 6.971881, 0.30017665
5.9663744, 7.00949, 0.2995414
5.9171553, 6.969756, 0.2992282
5.8955307, 6.9308844, 0.29919866
5.8933396, 6.9521756, 0.29919663
6.035438, 7.0331717, 0.29949042
6.006808, 7.0343094, 0.2990672
6.2690325, 6.989822, 0.30026922
6.294027, 6.968006, 0.3000225
6.233547, 7.0081415, 0.29878747
6.2112746, 7.0089307, 0.29928598
6.285054, 6.9864044, 0.3000232
6.185161, 7.0313725, 0.29980358
6.205757, 7.0307856, 0.2992853
6.227423, 7.029517, 0.2987876
6.2755823, 7.0091133, 0.30002284
6.2450647, 7.0296874, 0.300454
6.3110113, 6.9885697, 0.2996166
5.964858, 7.029571, 0.2995412
5.9769683, 7.0321946, 0.30060482
5.939543, 7.0132074, 0.2993413
5.901557, 6.9912124, 0.3000896
6.0633283, 7.0496473, 0.30002868
6.0470567, 7.050936, 0.3007158
6.0795, 7.0531445, 0.29936123
6.0342712, 7.0464516, 0.29948992
6.005737, 7.0485573, 0.2990631
6.128671, 7.05051, 0.29944897
5.990581, 7.0500717, 0.2998313
6.126743, 7.065623, 0.29944998
6.091281, 7.0746202, 0.30068782
6.0780535, 7.0687437, 0.29935464
6.1781163, 7.0703073, 0.29980236
6.1441727, 7.070453, 0.29885396
5.913999, 7.00911, 0.29922944
5.8901057, 6.990356, 0.29919365
5.9491806, 7.050966, 0.30034786
5.8887186, 7.012495, 0.29907864
5.8655124, 6.9889936, 0.2992326
5.989284, 7.0724635, 0.2998339
6.3029733, 7.005073, 0.29961655
6.29362, 7.0274153, 0.2996163
6.222014, 7.0515304, 0.29878646
6.3288507, 7.0086217, 0.29923534
6.197669, 7.070531, 0.29928663
6.285603, 7.049994, 0.29961643
6.278562, 7.0733957, 0.2996158
5.9625306, 7.0699506, 0.2995419
5.9364724, 7.0514426, 0.29934525
6.0313478, 7.0894012, 0.29949278
6.0032253, 7.092245, 0.2990671
6.1064987, 7.0942926, 0.300061
6.194345, 7.091083, 0.2992829
6.1423283, 7.085687, 0.29885352
6.1752963, 7.089987, 0.29980314
6.1299706, 7.1142287, 0.29917794
6.074971, 7.1121354, 0.2993547
6.054045, 7.1097145, 0.300249
6.214515, 7.089317, 0.29878858
6.19163, 7.110911, 0.29928595
6.252056, 7.090353, 0.30001968
6.2111154, 7.1109586, 0.29878557
6.0873547, 7.134384, 0.3006872
6.049237, 7.1279597, 0.300425
6.002257, 7.126616, 0.2988687
6.0296183, 7.1312237, 0.29948822
6.1292624, 7.1309934, 0.29916024
6.170918, 7.1289697, 0.29980227
6.132782, 7.1473737, 0.299004
6.102913, 7.154542, 0.30006024
6.169214, 7.1491446, 0.29980603
6.0733166, 7.150134, 0.29935434
6.049109, 7.1481795, 0.300403
6.029126, 7.151334, 0.2994925
6.1024113, 7.169482, 0.30006024
6.0728803, 7.1667676, 0.29935366
6.118826, 7.1740108, 0.2994505
6.1669865, 7.1859875, 0.2998061
6.1179256, 7.232956, 0.2994473
6.2282233, 5.6725717, 0.2993201
5.89175, 5.8770385, 0.2994535
5.88899, 5.2514277, 0.2998198
6.2412453, 5.31597, 0.2998372
5.8849435, 6.406026, 0.30010355
6.1692905, 4.9101295, 0.29981
6.1721377, 5.808327, 0.30021068
6.0277624, 5.231465, 0.2998001
6.129302, 6.187421, 0.29980403
6.125236, 5.2909384, 0.2998382
6.0111237, 5.250231, 0.29982385
5.9516816, 5.2488403, 0.2999194
6.205763, 5.3340497, 0.2997662
6.067641, 5.2114463, 0.29968694
6.089886, 5.2497077, 0.2996579
6.1490135, 6.229757, 0.30050606
6.211048, 6.266681, 0.29970792
6.3056726, 5.888661, 0.30020234
6.2282724, 6.530288, 0.29954103
5.9189563, 6.9513125, 0.29923016
6.287854, 5.828991, 0.29983613
6.1709986, 5.352287, 0.29985717
6.129258, 5.8961654, 0.30005562
6.14801, 5.411375, 0.2997725
6.229355, 6.3614492, 0.30026385
6.2700033, 6.3820333, 0.3001407
6.0816045, 6.160537, 0.29964507
6.206221, 7.15238, 0.2987312
6.2076497, 5.3902183, 0.29976797
6.0889726, 5.5864906, 0.29578263
6.1526203, 5.666067, 0.29987472
6.046705, 5.352616, 0.29976967
6.26975, 5.828791, 0.29980826
6.0508595, 6.0353494, 0.30019024
6.081992, 5.1170115, 0.29980218
6.1174517, 5.5502625, 0.3098785
6.216552, 6.3788466, 0.29934278
6.167499, 5.2863245, 0.30002537
6.1876674, 6.2466717, 0.30010092
5.9088016, 6.409215, 0.29945755
6.2511935, 6.2857685, 0.29935393
6.188802, 5.7310486, 0.29955992
5.9480214, 5.8052344, 0.30021775
6.0090313, 5.3520455, 0.29977152
6.147704, 6.647832, 0.2981376
6.0694733, 4.890976, 0.29982767
6.0948105, 6.6454453, 0.30060366
6.2113605, 5.4279637, 0.29975018
6.111493, 5.4916005, 0.29971915
6.269845, 6.2731457, 0.30843422
5.970221, 5.1700287, 0.2997949
6.0487113, 5.394017, 0.29980403
6.2344112, 5.769972, 0.29949844
6.147786, 5.9126964, 0.29938167
6.186776, 6.28117, 0.30032688
6.0873957, 5.65084, 0.30010912
6.109071, 5.4132504, 0.29966193
6.254473, 6.399353, 0.2992374
5.913197, 6.3748126, 0.30010304
6.1477785, 6.197893, 0.3004831
6.328206, 6.3515315, 0.30026218
6.32945, 5.288108, 0.29974484
6.289664, 6.4346805, 0.3000926
5.9137373, 5.904042, 0.30020863
6.1907454, 5.377467, 0.30002066
6.0472584, 5.473171, 0.29608095
6.1661835, 5.937263, 0.3001358
6.107573, 5.3318934, 0.2997663
6.0310364, 5.3086247, 0.2998187
6.048739, 5.2105126, 0.29982394
6.2305603, 5.814662, 0.2994217
6.1133003, 5.734649, 0.2994094
6.04901, 5.190833, 0.299637
6.151576, 5.348276, 0.29984215
6.202506, 6.5412865, 0.299541
5.8929844, 5.7781796, 0.30020174
6.2889085, 5.2102456, 0.29980126
6.270505, 5.785902, 0.2999034
5.991271, 5.1890006, 0.299843
6.2037754, 5.4624043, 0.29946792
6.2305527, 5.8716526, 0.29966867
6.2651577, 5.275645, 0.29971907
6.047679, 6.002053, 0.30036247
6.247234, 6.321525, 0.29973108
6.0278344, 5.9055414, 0.29986608
6.3728633, 5.824058, 0.29979593
6.08991, 6.0672274, 0.30026942
6.290405, 6.3679237, 0.29934096
6.18676, 5.775307, 0.29950672
6.032276, 5.287538, 0.2998603
5.928907, 5.229299, 0.29982728
5.984123, 5.961093, 0.29991403
6.1323147, 5.328393, 0.29977214
6.1507263, 5.3900776, 0.29978245
6.229335, 5.74553, 0.29996142
6.1267095, 6.2018805, 0.30048552
6.050508, 5.6864915, 0.29991695
6.229445, 5.4265614, 0.29949954
5.9713035, 6.349624, 0.29937506
6.070449, 5.288657, 0.2998172
6.0103273, 5.2098846, 0.29978943
6.0091257, 5.190599, 0.2998297
5.9265532, 6.347187, 0.2995381
6.049244, 5.6713, 0.2995659
5.870672, 5.8273797, 0.30018494
6.2298856, 6.566853, 0.29941478
5.9900727, 5.8949895, 0.29938367
6.029493, 5.9745126, 0.29938033
6.2075567, 5.7016983, 0.29992402
6.0089602, 5.9167953, 0.30005777
6.2886114, 5.802902, 0.30031025
6.0709176, 5.347893, 0.29973647
5.9286847, 5.2507763, 0.29980606
6.2081637, 5.805155, 0.300224
6.0087695, 5.4317565, 0.29763576
6.037697, 5.779667, 0.3001058
6.31202, 6.392374, 0.29923484
6.0107355, 5.1501474, 0.2997562
6.1885953, 5.882678, 0.2998643
6.0080314, 5.3312426, 0.29985577
6.2713785, 6.3440447, 0.2995084
6.309119, 6.3276014, 0.30044454
6.09157, 4.909389, 0.29984152
6.186802, 5.4316015, 0.29974663
6.2493463, 6.5254126, 0.29933056
6.031333, 5.861788, 0.29990828
6.1094375, 5.608409, 0.29976818
6.0310626, 5.1884627, 0.2997386
6.0528703, 5.3308535, 0.2997772
5.930634, 5.8544636, 0.30022305
6.0714226, 5.477945, 0.30010748
5.9701986, 6.285217, 0.29999658
5.850443, 5.2517595, 0.29380178
6.241886, 5.3217025, 0.3000426
5.993179, 5.247519, 0.29980034
6.045571, 6.768829, 0.29983065
6.0918584, 5.428292, 0.29971927
6.027794, 5.1716213, 0.29974356
6.323686, 5.196375, 0.29922658
6.2304096, 5.6908903, 0.29975313
6.3073077, 5.828698, 0.29984936
6.128568, 6.6675386, 0.2983656
6.0700593, 5.6321015, 0.29958323
6.0490046, 5.2704005, 0.29987103
6.2486863, 5.743649, 0.29995996
6.285608, 5.899613, 0.29929706
6.0696735, 5.691822, 0.30012715
6.1059246, 5.6738963, 0.29987353
5.907747, 5.3319225, 0.29843277
6.1694684, 5.4100227, 0.29972774
6.2519975, 5.9748163, 0.30599475
6.222035, 5.2969604, 0.2998344
6.1614413, 5.2183633, 0.29985625
6.111292, 5.582037, 0.30010265
5.9683566, 5.2916436, 0.29980257
5.987659, 5.9259977, 0.30017212
6.245393, 6.2525887, 0.29899555
6.229017, 5.311295, 0.29971623
6.030477, 6.229783, 0.30048454
6.089479, 4.8696165, 0.2998177
6.0931854, 6.1921954, 0.2996544
5.9903655, 5.1289287, 0.29977372
5.882236, 6.9278007, 0.3000806
6.0692234, 5.9545965, 0.30026716
6.247656, 5.1915855, 0.29980627
6.2283764, 6.2991877, 0.3000055
6.209388, 5.6893816, 0.29966965
6.2110844, 5.4079757, 0.29980564
6.0895257, 6.033289, 0.29935482
6.2688866, 5.9507294, 0.29942855
5.9312496, 5.775085, 0.29943997
6.3101735, 5.7828035, 0.29989108
6.171341, 6.0297227, 0.29928768
6.1124434, 6.2174225, 0.2994797
6.1735964, 6.597731, 0.29983148
6.331354, 5.7726903, 0.299258
6.2896795, 5.854346, 0.29932356
5.910039, 5.310052, 0.2998082
6.1301303, 5.3696003, 0.2998577
6.166134, 5.7497993, 0.2998969
6.164437, 5.500846, 0.29916495
6.133068, 5.4263444, 0.29981613
6.1097126, 4.8897023, 0.29984426
6.1517825, 5.388395, 0.30002227
6.1347537, 4.8666883, 0.2998433
6.344953, 6.350351, 0.30273762
6.012308, 5.2677107, 0.29980317
5.9501543, 5.210449, 0.299841
6.0878806, 5.6070232, 0.29985225
6.0883164, 5.874255, 0.299343
6.111944, 6.033979, 0.29917794
6.192921, 5.9821563, 0.30036128
6.1488743, 5.371553, 0.29974616
6.0458474, 5.6292257, 0.29501498
6.1298985, 6.03369, 0.29925746
6.212166, 5.7440224, 0.29989216
6.033687, 5.7422028, 0.30019325
6.027713, 5.3729906, 0.29974008
6.168831, 5.9764166, 0.30010426
5.867892, 6.388668, 0.30053255
5.8719716, 5.2301702, 0.2949745
6.146012, 5.8021774, 0.29999638
6.008061, 6.829423, 0.30060422
6.0915008, 5.3124332, 0.3000244
6.1724415, 5.924819, 0.29979324
6.229821, 5.719107, 0.29940987
6.0714517, 5.227762, 0.29966304
5.970479, 5.3566837, 0.3000263
6.2309275, 6.3350873, 0.30044565
6.130322, 5.4093285, 0.29974073
6.1857815, 5.368984, 0.29977253
6.2120976, 5.8162465, 0.2994225
6.069701, 5.4087663, 0.29973346
6.1286716, 5.6534557, 0.29950756
6.152424, 4.888891, 0.2998169
6.147621, 5.312313, 0.2997309
5.9906645, 5.688056, 0.29902828
5.9883575, 5.3091826, 0.29984877
6.106983, 5.862773, 0.30025074
6.1874237, 5.966988, 0.29985592
6.1521797, 5.446148, 0.29976735
6.2308106, 5.991731, 0.299354
6.2673826, 5.7148294, 0.29932797
6.1511083, 5.328949, 0.2997558
6.2289457, 5.828761, 0.29974326
6.090956, 4.8883944, 0.29983985
6.1345654, 5.4692063, 0.29975066
5.9500313, 5.7617083, 0.30020243
6.1706686, 5.3690233, 0.29979813
6.091196, 5.367521, 0.30004448
6.0295706, 5.425079, 0.30002087
6.0303445, 5.249358, 0.29985687
6.145627, 6.1520653, 0.30393064
6.092526, 5.3666553, 0.29983237
6.1939206, 6.318458, 0.29904294
6.1739216, 5.4659386, 0.29980206
6.272044, 5.855204, 0.2993249
6.2948823, 6.3792734, 0.30013797
6.082983, 5.940419, 0.2999187
5.94702, 5.273019, 0.29978696
6.0893555, 5.3094544, 0.29986516
6.169542, 5.650669, 0.29959708
6.2689557, 5.7299476, 0.29971313
5.98682, 5.37226, 0.299768
6.069359, 5.8174043, 0.30009013
6.166975, 5.343907, 0.30004227
6.1075, 5.2721534, 0.2997935
6.2494264, 6.3583035, 0.3002639
5.9720225, 5.229016, 0.29980445
6.0097413, 5.668164, 0.30012566
6.3040533, 5.2418737, 0.3000276
6.1685534, 5.9445686, 0.30036396
6.046456, 5.784367, 0.3002514
6.172522, 4.868705, 0.2998289
6.1925507, 4.887493, 0.29982665
6.18962, 4.8699584, 0.2998085
6.0864496, 4.852952, 0.2998346
6.030724, 4.8701725, 0.29983443
6.0696754, 4.851055, 0.299836
6.0720525, 4.868159, 0.2998325
6.0514665, 4.848633, 0.29982775
6.0671506, 4.833782, 0.29982308
6.107408, 4.8322096, 0.29983532
6.1167307, 4.8451004, 0.29981408
6.125786, 4.8539395, 0.2998278
6.095631, 4.826414, 0.29983938
6.154582, 4.846115, 0.29983622
6.170347, 4.8502274, 0.29984242
6.1521397, 4.827215, 0.2998158
6.1690855, 4.830857, 0.29983225
6.0488777, 4.831125, 0.29982513
6.089792, 4.8099833, 0.29982448
6.0073476, 4.8723097, 0.29378036
5.988969, 4.8524094, 0.29495946
6.034023, 4.827332, 0.2998241
6.009207, 4.850879, 0.2998225
6.047564, 4.811343, 0.29982656
6.03107, 4.809278, 0.29982153
6.0726476, 4.7883816, 0.29982552
6.1341925, 4.8069873, 0.2998372
6.113122, 4.787396, 0.2998246
6.1292276, 4.791561, 0.29982066
6.151698, 4.8089404, 0.2998303
6.2103643, 4.80885, 0.29971227
6.193726, 4.7876554, 0.29962704
6.030381, 4.789693, 0.2998278
6.011842, 4.8083396, 0.2998295
6.0924726, 4.7678103, 0.29982144
6.064887, 4.7743487, 0.29982758
6.1099434, 4.7695975, 0.29982588
5.990471, 4.829607, 0.29982692
5.970456, 4.8090043, 0.29982823
6.0548863, 4.7660103, 0.29982987
6.0103006, 4.769859, 0.2998259
6.0743823, 4.7450304, 0.299828
6.0459948, 4.753389, 0.29982775
6.090486, 4.749553, 0.2998284
6.1075873, 4.7511296, 0.29982212
6.1914206, 4.768416, 0.29981178
6.2106743, 4.78907, 0.29959974
6.1718373, 4.7488623, 0.29968998
6.036885, 4.744511, 0.29982594
6.089401, 4.7304344, 0.29982954
6.0717297, 4.7282457, 0.29982612
5.9483438, 4.812147, 0.29738766
6.153157, 4.7256117, 0.2997989
6.1328244, 4.708159, 0.2998297
6.231952, 4.749526, 0.2998296
6.1678133, 4.7317386, 0.2998249
6.2137628, 4.7265935, 0.29982552
6.249264, 4.771324, 0.2998235
6.1947713, 4.705608, 0.2998302
6.148226, 4.710984, 0.29982743
6.111309, 4.68814, 0.29982764
6.129329, 4.6902184, 0.2998296
6.207047, 4.710664, 0.2998194
6.2551937, 4.745652, 0.29984084
6.26759, 4.73203, 0.29983476
6.2474585, 4.711786, 0.29982457
6.249508, 4.7298036, 0.29983646
6.2673497, 4.752222, 0.2998137
6.230844, 4.709041, 0.29982385
6.274099, 4.7679353, 0.29983616
6.2290115, 4.7301083, 0.29982126
6.186575, 4.692323, 0.29982203
6.228899, 4.6920667, 0.29982147
6.212308, 4.688504, 0.29982343
6.284673, 4.7535357, 0.29982755
6.292257, 4.789051, 0.2997522
6.2875295, 4.772859, 0.29984322
6.194347, 4.6670284, 0.29982755
6.169909, 4.671345, 0.29983085
6.2078104, 4.6723504, 0.29982567
6.1527963, 4.649768, 0.29982626
6.223225, 4.6760783, 0.2998194
6.2915277, 4.7105064, 0.2998319
6.3166614, 4.744237, 0.2998397
6.285675, 4.694294, 0.29982984
6.2735415, 4.6878138, 0.29982284
6.267662, 4.6715684, 0.29982108
6.254163, 4.665442, 0.299827
6.1723175, 4.6483483, 0.2998243
6.205655, 4.65397, 0.29983053
6.1874814, 4.6516085, 0.29982552
6.2500796, 4.6494102, 0.29982075
6.2367597, 4.6435165, 0.29982865
6.3300567, 4.750156, 0.2998075
6.1887803, 4.632688, 0.29982507
6.228136, 4.630617, 0.29983002
6.332451, 4.6864305, 0.29983658
6.3257146, 4.673041, 0.29984164
6.21146, 4.6095886, 0.29982513
6.036524, 6.9109917, 0.30021983
6.1741686, 6.5563927, 0.2995412
6.229594, 6.51223, 0.29955178
6.141018, 6.500048, 0.2992307
6.1490626, 6.9477363, 0.29945007
6.3318524, 5.811283, 0.2994823
5.9900837, 6.8490767, 0.29938975
6.190368, 5.9745255, 0.3001045
6.248325, 5.754856, 0.30020154
6.1283674, 5.502924, 0.30009615
6.1359434, 7.169233, 0.29885197
5.877105, 6.415867, 0.30010238
6.2855988, 6.9330797, 0.30045274
6.211796, 6.4378777, 0.29919755
6.0760784, 6.61569, 0.30034795
5.961859, 7.087969, 0.29947013
6.1130676, 4.927345, 0.2998195
6.0374503, 7.0130806, 0.2994925
6.3091745, 5.7688837, 0.2995926
6.1904116, 5.4489737, 0.29980642
6.106139, 6.5226955, 0.2992316
6.193307, 6.796976, 0.30006126
6.0818334, 7.031959, 0.29935646
6.0090604, 7.0091624, 0.29906353
6.219399, 6.4993095, 0.2992975
6.131811, 7.0290313, 0.29944748
6.117757, 6.678632, 0.3113562
6.067248, 6.1651015, 0.293353
6.1563416, 7.0927744, 0.30034208
6.2084274, 7.131348, 0.29878625
6.04815, 5.4517164, 0.29974934
6.3098044, 6.4321623, 0.3000922
6.130447, 6.2937107, 0.30032724
5.8685136, 6.9517827, 0.29923797
6.094578, 6.4560647, 0.29923636
5.968988, 4.831432, 0.29634017
6.1430383, 6.730179, 0.3007162
5.974598, 6.933838, 0.2995411
5.959212, 6.4988685, 0.29950872
6.018656, 6.5179167, 0.29923674
6.2491803, 4.831411, 0.2996836
6.133784, 6.8686, 0.30068776
6.013776, 6.8089933, 0.30060485
6.2412176, 6.985171, 0.29878682
5.931131, 6.9485645, 0.30017763
5.9851203, 6.949513, 0.3006035
5.9611998, 6.8486753, 0.29934126
5.909439, 5.230432, 0.29984012
6.108727, 6.078347, 0.29941064
5.915284, 6.467757, 0.30000564
6.1403403, 7.104769, 0.29885605
5.996153, 6.4758716, 0.30026266
5.947601, 6.931479, 0.29934254
6.0761843, 7.0924954, 0.2993549
6.1639366, 6.9673347, 0.29885393
5.9514437, 6.431438, 0.29916668
6.0446424, 6.6034904, 0.30017823
6.0911345, 5.4878817, 0.29976815
6.296321, 6.4793687, 0.2993411
6.1738276, 4.921004, 0.29986
5.9861054, 6.2465315, 0.2911633
6.0722203, 6.231122, 0.2996091
6.038186, 6.498509, 0.299235
5.8715935, 5.83464, 0.29948398
5.9414015, 6.989768, 0.29934254
5.8758745, 6.3944726, 0.29960465
6.0705605, 6.355976, 0.29904112
6.0919814, 6.25737, 0.29953876
6.0206413, 7.022966, 0.30021784
6.1683207, 5.6370254, 0.3001256
5.974824, 7.068271, 0.3006075
6.289612, 6.406711, 0.30008173
6.020595, 6.923643, 0.29906407
6.1877546, 7.1470513, 0.2992854
6.0819473, 6.501536, 0.29919815
5.91238, 6.8898034, 0.30008993
6.188437, 5.672017, 0.30012617
6.2550125, 6.8921256, 0.29938856
6.3696275, 6.4056005, 0.30301282
6.1075463, 5.473274, 0.299767
6.119796, 7.150283, 0.29944897
6.1994123, 4.8992486, 0.30382875
6.030453, 7.107831, 0.2994927
6.1240726, 7.0905437, 0.29945034
6.0677557, 5.654979, 0.3001124
6.2823467, 4.807845, 0.29982254
6.1012816, 6.9229255, 0.2993599
5.9885917, 7.0873656, 0.29983118
5.9536033, 5.1867647, 0.29981923
6.1494446, 6.033236, 0.29932895
5.938539, 7.0279837, 0.2993452
6.0451307, 7.089633, 0.30068365
5.9680767, 6.990124, 0.2995426
6.095717, 6.9486156, 0.29916775
5.9582186, 6.9446383, 0.30034584
5.966002, 6.890676, 0.3003477
6.1906276, 6.3695226, 0.3002643
6.1116853, 5.611456, 0.3000826
6.108737, 6.26349, 0.30010363
6.0861464, 7.170912, 0.30068666
5.9784837, 6.4950795, 0.30026355
6.1907854, 6.4752507, 0.29921383
5.8739, 5.306781, 0.29537886
6.1724668, 7.1134686, 0.29980418
6.181369, 6.77641, 0.300688
6.0887513, 7.10822, 0.30068702
6.1510606, 7.153776, 0.30034262
5.9823256, 6.3818917, 0.299354
6.106058, 6.5642524, 0.2993448
5.8920407, 6.966325, 0.2991962
6.036448, 6.3769274, 0.29904372
6.0324106, 6.867136, 0.29906496
6.3176565, 6.976274, 0.2996172
6.147025, 7.049938, 0.298852
5.9258986, 7.007041, 0.30017975
5.948338, 7.0686226, 0.30034128
6.002638, 7.1069894, 0.29906082
6.148329, 6.314651, 0.30000687
6.1500993, 6.591037, 0.30060482
5.978825, 7.008284, 0.3006047
6.2693624, 4.7915373, 0.29984206
6.251345, 6.458076, 0.299232
5.9655414, 5.1528673, 0.299798
6.029247, 5.4324074, 0.2998024
6.0639453, 6.770892, 0.2990653
5.9954877, 6.991414, 0.2998294
6.21026, 6.392747, 0.30014127
6.098552, 6.6180944, 0.29954016
6.0613294, 7.07321, 0.3000297
6.0237174, 6.9934, 0.30022082
5.9859366, 5.414242, 0.29650718
6.148367, 5.6145597, 0.2995317
5.8713746, 5.2492347, 0.29982993
6.0701213, 5.669234, 0.2996155
5.9112186, 7.0288415, 0.29918003
6.201983, 7.0495324, 0.29910755
6.1141706, 7.008881, 0.30015343
6.068856, 5.4915166, 0.29724798
6.0741, 7.129463, 0.29935646
6.018305, 7.0513487, 0.30021846
6.134982, 6.417056, 0.30013978
6.009891, 4.7892265, 0.29982895
5.9694576, 5.785668, 0.29989836
6.111794, 6.810539, 0.30029723
6.3298073, 5.270171, 0.29977834
6.1850214, 7.052648, 0.2997013
6.1099153, 6.1332855, 0.30079067
6.12752, 4.9120555, 0.2998073
6.1185436, 6.5978937, 0.29954082
6.053274, 7.1681213, 0.30020234
6.0886827, 6.148592, 0.2946399
6.152787, 6.987282, 0.2990034
6.3484554, 5.8709736, 0.29971296
6.032512, 7.069896, 0.2994914
6.108671, 7.0706754, 0.30006212
6.0043945, 7.069409, 0.2990645
6.28594, 5.740397, 0.29995754
6.2294717, 6.416933, 0.3000824
5.997619, 6.293662, 0.2996074
6.149709, 6.053904, 0.3000987
6.1041584, 7.128163, 0.3000603
5.9944105, 6.890427, 0.30060554
6.08383, 6.808722, 0.29949075
6.2885256, 5.7516675, 0.30020308
6.0491004, 7.028765, 0.3007181
6.113421, 6.6528916, 0.29983094
6.1174674, 6.4776487, 0.29919767
6.093581, 7.0511894, 0.3006888
6.2253747, 6.231675, 0.29953617
6.0763535, 6.828815, 0.29949188
6.0697474, 6.1733484, 0.30008137
6.2573724, 6.9925957, 0.30045465
5.968304, 5.3494153, 0.2998508
5.9095654, 5.2101417, 0.2998117
5.9022574, 6.4241567, 0.29970866
6.310089, 4.7293253, 0.2998195
6.045503, 6.953693, 0.29949173
6.013577, 6.8534503, 0.29985183
6.331215, 6.4178376, 0.29919818
6.3702235, 5.269765, 0.2997382
5.9899673, 4.7907867, 0.2998278
6.351053, 4.709843, 0.29982698
6.048811, 6.1894503, 0.300526
6.138134, 6.179869, 0.29951912
6.129313, 5.610357, 0.2996589
6.369414, 5.8540244, 0.2993335
6.3031588, 5.7394238, 0.2993431
6.31176, 6.467007, 0.3043212
6.2493773, 5.8903484, 0.30018517
5.907779, 5.272822, 0.29988208
5.924442, 6.905605, 0.29922777
6.2046447, 5.6390057, 0.29848912
6.1114984, 6.0954037, 0.30011073
6.2081594, 4.8851323, 0.29946455
6.147781, 5.5927677, 0.29966536
6.30274, 6.952253, 0.30002153
6.2898536, 6.2932725, 0.30691367
6.1675777, 7.1742215, 0.2998049
6.118033, 7.211038, 0.29944876
5.9910398, 5.7073927, 0.29977074
5.974491, 6.2951436, 0.30053258
5.895065, 6.415266, 0.299113
6.107988, 6.689857, 0.29241288
6.0734053, 6.7501054, 0.2990653
6.2178, 7.0714445, 0.29878524
6.1019163, 7.1913695, 0.30006132
6.169598, 5.449763, 0.29978472
6.313267, 5.907408, 0.2995259
6.1300173, 5.4909716, 0.29975456
5.950495, 6.84672, 0.29037
6.3346734, 6.99781, 0.29923508
6.3525558, 6.4328556, 0.30308616
5.9213157, 6.930001, 0.29923156
6.23037, 7.0929203, 0.3004435
6.066468, 5.4703326, 0.29981056
6.18789, 5.4708223, 0.29941034
6.037215, 6.7911134, 0.29983273
6.026786, 4.8932843, 0.29256704
6.0700245, 6.216166, 0.30048457
6.2048383, 6.0242095, 0.29879048
6.186829, 6.1920905, 0.30358624
6.348594, 5.826841, 0.2998449
6.0106573, 5.7131996, 0.29946622
6.145883, 5.469468, 0.29980925
6.34784, 6.376192, 0.300141
6.27129, 5.795716, 0.30012345
6.2518454, 4.606911, 0.29982558
6.26979, 5.8437343, 0.30016336
6.1694736, 4.7114677, 0.29982126
6.145891, 4.8734226, 0.29984257
6.2141604, 5.8590026, 0.29932362
6.109321, 5.2505355, 0.2997206
6.1276655, 4.749982, 0.29982424
6.089283, 4.7098384, 0.29982638
6.127698, 5.5299325, 0.29945374
6.2344713, 5.1863585, 0.29983214
6.1301208, 5.8042603, 0.29999745
6.1515884, 6.3970466, 0.29934314
6.1527944, 5.048444, 0.29983386
6.3645697, 4.726798, 0.2998019
6.272068, 5.305907, 0.2997318
6.0066566, 5.132657, 0.2997997
6.314357, 4.6688004, 0.2998317
5.9293275, 5.7650266, 0.30014846
6.2832894, 5.296685, 0.2996559
6.0293036, 5.3347135, 0.30002573
6.1273384, 5.2333155, 0.29979122
6.1691394, 5.716157, 0.30012956
6.166287, 5.830123, 0.29963627
6.208142, 4.8724174, 0.29983923
6.291441, 6.3286037, 0.30044514
6.2347794, 7.070595, 0.30045232
6.1228204, 6.4224396, 0.30014205
6.049607, 4.870396, 0.2998327
6.232465, 6.509609, 0.30034724
6.1914077, 4.729216, 0.29982567
6.0024652, 6.241626, 0.30048442
6.1323013, 6.0215387, 0.30018938
6.110583, 5.030172, 0.29980123
6.2762656, 5.3118377, 0.3000421
6.1722136, 5.4843154, 0.29949287
6.1754904, 6.517936, 0.29934284
6.1282864, 4.77175, 0.29982463
6.1235895, 5.09573, 0.2997952
5.9696937, 6.3142123, 0.29953852
6.211764, 5.228251, 0.2998141
6.3134785, 5.8015394, 0.3003125
6.135725, 5.064137, 0.29985708
6.0887413, 5.2309484, 0.2995449
6.278001, 5.2440624, 0.29980344
6.2888265, 5.1890464, 0.29984865
5.8553534, 6.951659, 0.30013755
6.33051, 5.22904, 0.29986176
6.2700143, 5.804073, 0.30031145
6.1906543, 4.829405, 0.29984224
5.8924394, 5.8884034, 0.29707354
6.3421426, 5.779092, 0.29953185
6.16815, 5.091454, 0.2998333
6.1449046, 6.0852065, 0.29964176
6.178843, 6.463892, 0.29962885
6.149701, 5.7751546, 0.299408
6.165584, 5.897058, 0.30019403
6.069526, 5.1706066, 0.29980963
5.9296103, 5.8089256, 0.30018598
6.2916923, 4.6499147, 0.29981685
6.3502746, 5.836834, 0.30007735
6.3145266, 5.287123, 0.29977763
6.1121535, 5.768831, 0.3001516
6.032828, 5.9972715, 0.30010372
6.1495085, 7.1856976, 0.30034155
6.269919, 5.2309976, 0.29981816
6.2079773, 4.8511868, 0.29982385
6.147434, 5.873473, 0.2995017
6.322164, 6.4754105, 0.29939175
6.1972647, 5.1426334, 0.29994774
6.268817, 5.1900268, 0.2998399
6.2701, 4.6299024, 0.2998216
6.051838, 6.334069, 0.29923272
6.291307, 5.1692643, 0.29949299
6.2118516, 6.537031, 0.29954013
6.255502, 5.285048, 0.29973966
6.2269254, 4.773939, 0.29981303
6.1301146, 5.3946185, 0.30002344
6.310387, 6.352363, 0.3002628
6.131837, 6.4361405, 0.2992376
6.1484094, 5.6284637, 0.29985118
6.0961595, 5.084494, 0.29985753
6.1705165, 5.674628, 0.30012703
5.9387536, 6.890143, 0.30017817
6.251399, 6.272848, 0.30032468
6.0332904, 6.279245, 0.29953837
6.291569, 5.328788, 0.29979926
6.1139803, 5.1068625, 0.29981458
6.087905, 5.7915697, 0.2994478
6.2525973, 4.5881796, 0.29982787
6.1758537, 5.1849546, 0.2998734
6.251999, 5.2084937, 0.29985452
6.271616, 4.6097465, 0.29982913
6.208404, 4.75066, 0.2998352
6.189562, 4.849006, 0.2998399
6.146222, 4.6722813, 0.29982775
6.1107817, 5.6842594, 0.30012503
6.3624144, 4.737281, 0.30767834
6.065284, 5.321715, 0.30002487
6.069374, 5.722914, 0.29992363
6.283937, 5.248251, 0.3000256
6.328537, 5.853337, 0.29933378
6.2302747, 4.7915053, 0.29983005
6.148032, 4.7719736, 0.29982665
6.1645527, 4.6953807, 0.29982787
6.3311996, 6.403003, 0.30008182
6.0659957, 5.375668, 0.3000428
6.296367, 5.2656198, 0.2997971
6.227291, 4.8676786, 0.2995592
6.1548815, 5.08736, 0.29981267
6.328617, 5.844783, 0.3002519
5.9112267, 5.9104652, 0.2932968
6.050711, 5.6469226, 0.2998361
6.1673083, 6.6085453, 0.2996097
6.052473, 5.6952324, 0.300125
6.1697702, 4.7911634, 0.29983333
6.3322535, 5.309607, 0.29984522
6.233895, 4.8270297, 0.29967833
6.131794, 6.056185, 0.30009887
6.147791, 5.9785867, 0.30010548
6.3707166, 5.249814, 0.29958254
6.170633, 4.769196, 0.2998275
6.0092793, 5.691601, 0.29982626
6.1269035, 5.846444, 0.2996258
6.1878614, 5.8185506, 0.2994201
6.0636435, 5.767044, 0.29993373
6.0282574, 4.8516717, 0.299823
6.088225, 5.4069777, 0.3000205
6.170281, 4.8118825, 0.29981625
6.2286735, 5.9752984, 0.3002164
5.950391, 5.746283, 0.29985434
6.333089, 6.4582334, 0.30666706
6.044354, 5.0737033, 0.29980046
6.3088274, 5.845485, 0.3002507
6.171396, 5.8409777, 0.29990643
6.207646, 5.152568, 0.29983854
6.0774794, 6.339076, 0.3000069
6.3479843, 6.390343, 0.29923698
5.990971, 5.8424864, 0.3003118
6.099392, 6.4196687, 0.2993436
6.0474815, 5.132691, 0.2997957
6.269059, 5.170509, 0.29983342
6.1706505, 5.8516746, 0.3001664
6.129691, 5.8550873, 0.30013558
6.111013, 4.72901, 0.29982919
6.147545, 5.9467397, 0.30036452
6.1478305, 4.791707, 0.29983607
6.248303, 5.8565717, 0.2993252
6.0939536, 5.471883, 0.30010942
6.194019, 5.207803, 0.2998525
6.2884674, 5.254226, 0.29975125
6.1478844, 5.0713444, 0.2997537
6.069363, 5.7757626, 0.3001532
6.11131, 5.764741, 0.2998416
6.205131, 5.7613177, 0.30024892
6.086762, 5.7643743, 0.29996097
6.3025265, 5.9248915, 0.29994363
6.048706, 5.2508736, 0.2998144
6.2740574, 5.932808, 0.30021372
6.151428, 6.045317, 0.29978016
6.131752, 5.129305, 0.2998375
6.232574, 5.147664, 0.29978848
6.272503, 5.888094, 0.30015686
6.155698, 6.44991, 0.2992104
6.2493486, 5.9521976, 0.29942137
6.148221, 4.6916428, 0.29983062
6.048831, 4.890142, 0.29982305
6.208492, 5.84851, 0.3001763
6.247748, 4.813543, 0.29983687
6.1699286, 5.7587695, 0.30010492
6.344633, 5.2144647, 0.29922196
6.1304693, 5.750423, 0.29980472
6.109999, 5.725009, 0.30012837
6.289008, 4.631652, 0.29982546
6.130484, 4.6692815, 0.29982686
6.306427, 4.6535964, 0.29982358
6.209177, 5.6691384, 0.30012634
6.233084, 5.9941516, 0.30802518
6.1869035, 5.9255238, 0.29985115
6.1681623, 5.3317595, 0.29949892
6.1890984, 7.1330056, 0.29928505
6.2166433, 5.1651473, 0.29979348
6.2103896, 4.770008, 0.29983893
6.0514197, 5.953485, 0.30013764
6.2316284, 5.924673, 0.29991674
6.0873485, 5.6541147, 0.2996258
6.113067, 6.395673, 0.30026314
6.245412, 4.794397, 0.2998378
6.2500095, 5.7067685, 0.30013546
6.227161, 5.1714563, 0.29985043
6.264166, 4.595443, 0.29982978
6.247806, 4.574818, 0.29982686
6.3049407, 4.791282, 0.2992696
6.26816, 7.0299935, 0.30002153
6.017048, 7.07051, 0.30021986
6.332383, 5.8908844, 0.30650946
6.3475637, 6.444919, 0.29884493
6.2268853, 5.1108255, 0.29977575
6.06901, 6.6245565, 0.3003316
6.264492, 5.9635496, 0.29978937
6.20596, 5.45362, 0.29960838
6.31771, 7.0322013, 0.2992347
6.202509, 6.866209, 0.29885417
6.097965, 6.813315, 0.30071604
6.307459, 5.2723627, 0.29972175
6.068714, 4.910437, 0.2998415
6.111797, 5.646712, 0.3001223
5.98889, 4.811035, 0.29982963
6.0457044, 6.870242, 0.30021933
6.251128, 7.010184, 0.3004549
6.265576, 5.1534023, 0.29973376
6.0516005, 7.0063343, 0.300715
5.8460555, 5.823519, 0.29591003
5.9947467, 6.354868, 0.3003268
6.142536, 5.576342, 0.2987818
6.0407023, 6.986067, 0.29949152
6.3486395, 4.7289357, 0.29984188
5.963517, 7.0507393, 0.29954037
6.1528993, 7.1279364, 0.3003438
5.9872756, 5.709668, 0.30012617
5.853608, 6.972914, 0.3001399
6.2271667, 5.410506, 0.29978517
6.3873324, 5.8440104, 0.29946393
6.0241776, 6.7772994, 0.3005087
5.9713817, 5.1318254, 0.29460338
6.178398, 6.974521, 0.30034292
5.992162, 7.0278482, 0.29983103
5.942395, 6.381686, 0.29970813
6.041693, 6.4210806, 0.29950863
5.976608, 6.3366055, 0.299155
6.351258, 5.267463, 0.29973564
6.16891, 5.051879, 0.29971164
6.014565, 6.3151593, 0.2991298
6.0875387, 4.932266, 0.29981104
6.2564836, 7.0709004, 0.30002317
6.1054997, 6.5015154, 0.30009276
6.0482154, 6.208093, 0.29978815
5.992225, 5.348454, 0.30002666
6.1244726, 6.968878, 0.3000608
5.9070463, 6.9320087, 0.30009112
5.9345975, 6.335047, 0.29961511
6.0863457, 5.0536947, 0.2998215
6.3286676, 5.2112603, 0.2997241
5.915379, 6.9903817, 0.29923096
6.118442, 7.187323, 0.2994511
5.8670483, 6.9687324, 0.29923865
6.162176, 7.050251, 0.3003418
6.274844, 4.8063517, 0.29977247
6.017987, 6.4769673, 0.29934317
6.055076, 6.6155553, 0.29927152
6.365643, 5.2353554, 0.3084522
5.9120297, 5.1901474, 0.29535523
6.3237796, 5.2985015, 0.30004507
5.9534483, 6.990248, 0.3003471
6.110121, 6.950058, 0.30057576
6.3338594, 4.7630854, 0.2988835
6.091763, 6.0859613, 0.2963197
6.238413, 7.0546436, 0.3004524
6.138357, 6.81775, 0.29935366
6.0604124, 6.881797, 0.29949227
6.128308, 6.5244823, 0.3001782
6.065784, 7.0259204, 0.30002955
6.390912, 5.8335247, 0.30506104
6.212555, 5.9729095, 0.30010444
5.9275727, 6.870277, 0.2913048
6.2280226, 4.811303, 0.2997388
6.0078316, 4.8318486, 0.29982275
6.091084, 5.5119495, 0.300096
6.1641264, 6.9082117, 0.29937652
5.929246, 5.815139, 0.29951826
6.1333704, 6.716351, 0.29949126
6.08682, 7.147537, 0.30068868
6.053921, 5.658005, 0.3001173
6.131936, 5.4641614, 0.30009782
6.186369, 7.1700687, 0.2990028
6.3837233, 5.2562776, 0.2996475
5.9883275, 6.926686, 0.3006023
6.2632046, 4.8286405, 0.29947346
6.158742, 7.0734215, 0.30034178
6.210291, 6.2211514, 0.30048838
6.331745, 4.7075653, 0.2998147
6.227362, 7.110481, 0.30045485
6.1273627, 6.1677504, 0.3004195
6.0160413, 4.8852057, 0.29052156
5.8917136, 5.8232384, 0.30024958
5.966386, 6.26887, 0.29412967
6.352418, 5.2294254, 0.29953542
6.0280437, 6.2079453, 0.2935717
6.3039002, 4.795333, 0.30878168
5.9268756, 6.308432, 0.2943368
6.002422, 6.852397, 0.3005695
6.249566, 5.1510186, 0.29982826
5.974831, 4.844697, 0.29314685
6.3857965, 5.255441, 0.30735114
6.051067, 5.0889125, 0.29983723
6.2300863, 5.9336615, 0.3001767
6.145503, 5.4758506, 0.30003712
6.36481, 5.236004, 0.29934487
5.978008, 6.831019, 0.3003063
6.101306, 6.7009783, 0.29906502
6.3491135, 5.78713, 0.29959786
6.118849, 6.738065, 0.29949203
6.127574, 5.570131, 0.29956034
6.2812715, 7.0638566, 0.29961607
6.1456127, 5.641337, 0.30013725
6.3072596, 5.2121415, 0.29978985
6.170269, 5.269295, 0.29983968
6.1874924, 4.7510786, 0.29982284
6.066295, 5.154067, 0.2998412
6.2890267, 5.1366396, 0.3307517
6.3760886, 5.2457476, 0.30875203
6.08614, 4.794146, 0.29982156
6.1730905, 5.382377, 0.30002052
6.2503366, 4.6293883, 0.29982743
6.108762, 5.484947, 0.30003825
5.9670177, 5.714693, 0.3001262
6.1909657, 5.2889457, 0.2997961
6.1511035, 5.348751, 0.3000434
6.3430014, 5.8879237, 0.29929325
6.1704497, 5.61302, 0.29939258
6.385187, 4.696086, 0.2998357
6.0893893, 5.070093, 0.29983822
6.135034, 7.19496, 0.29885414
6.022863, 5.8222785, 0.2999967
6.144559, 5.72293, 0.30020198
6.109857, 5.18979, 0.29986405
5.934818, 6.2964997, 0.29190037
6.0329475, 5.0702395, 0.29671714
6.1100674, 5.5089808, 0.29980394
6.011562, 5.833487, 0.30020678
6.0775156, 5.9191484, 0.29929668
6.1926327, 5.348383, 0.29982057
6.370492, 4.689456, 0.29981726
6.3336687, 4.7274013, 0.29983392
6.1546206, 5.6367807, 0.30006954
6.003406, 5.881481, 0.3002503
6.2714868, 4.6490107, 0.29982373
6.1737814, 5.4691043, 0.30003566
6.0306697, 5.6638985, 0.30013627
6.1095386, 5.5302787, 0.30010206
6.1342096, 6.15932, 0.30008218
6.207076, 5.652587, 0.29968685
6.306545, 4.6932034, 0.29982802
6.1547465, 6.018865, 0.300189
6.2271633, 4.59316, 0.29982483
6.1732817, 5.8130474, 0.29961306
6.16885, 6.171043, 0.30881274
6.2118397, 5.307623, 0.29977053
6.090377, 5.1685014, 0.2997794
6.074971, 5.318266, 0.30002707
6.2327623, 4.6072397, 0.29982662
6.130725, 5.209707, 0.29984748
6.251022, 5.3708816, 0.29974988
6.368655, 6.4288177, 0.29966852
6.2292037, 5.3507433, 0.29971805
6.0135803, 6.0047503, 0.30020034
6.134761, 5.0260367, 0.29979527
6.14231, 5.5232477, 0.29925364
6.2896705, 4.671927, 0.29982415
6.230292, 5.33108, 0.299876
6.189597, 5.630171, 0.29952198
6.168309, 6.063356, 0.29963446
6.1119213, 5.3053036, 0.30002573
6.3110743, 4.710991, 0.29983562
5.9681873, 5.9253664, 0.29972732
6.031522, 5.088124, 0.29984915
6.3704634, 4.677429, 0.29980302
6.1523104, 5.291452, 0.30002642
6.1461544, 5.252319, 0.29986823
6.172369, 6.0538917, 0.3067793
6.11479, 5.9595184, 0.29938048
6.1347327, 7.2083898, 0.29885262
5.955743, 4.825423, 0.29535297
6.3513207, 5.28887, 0.29979014
6.346374, 4.6931305, 0.29980862
6.1306725, 5.9851084, 0.30025366
5.9283032, 5.901224, 0.30025062
6.2070975, 5.3318877, 0.30004403
5.973857, 7.090969, 0.30060244
5.9519467, 7.008255, 0.30034685
6.068037, 6.909864, 0.3007162
6.103713, 6.7647924, 0.29949206
6.1481256, 5.5101447, 0.2996091
5.870034, 6.425238, 0.30010328
6.0160317, 7.0891304, 0.3002215
6.102314, 6.400555, 0.30026424
5.948058, 6.287527, 0.29384023
6.177758, 6.4970527, 0.30017877
6.114504, 6.5762925, 0.30034783
6.1494684, 6.1516066, 0.29933298
5.924455, 7.029152, 0.3001761
6.0324345, 5.148255, 0.2998219
5.9401317, 7.0050693, 0.29935092
5.987788, 7.1093197, 0.29982638
6.138754, 6.5393214, 0.2993439
6.0533514, 6.99246, 0.30071768
6.21106, 5.668418, 0.29972342
6.2628074, 7.047183, 0.300023
5.9754634, 6.4568686, 0.30044514
5.999545, 6.957041, 0.29983085
6.0898814, 5.6158695, 0.3000823
5.8433127, 6.9675126, 0.29901636
6.199042, 6.976387, 0.2998029
6.220092, 7.0697436, 0.2977575
6.062702, 6.4414554, 0.29934213
6.3311663, 6.376785, 0.300139
5.9567447, 6.8717775, 0.29934576
6.321022, 6.970507, 0.2996142
6.1182103, 5.043457, 0.29984948
5.9788136, 6.5194926, 0.29934296
6.0495586, 5.1107526, 0.29979658
5.973972, 6.848792, 0.3003476
6.237979, 6.9340553, 0.29928458
5.905182, 6.949561, 0.30009508
6.122331, 6.6978087, 0.3002191
6.1286, 5.050014, 0.2998474
6.096569, 6.7378016, 0.30021888
6.0674515, 7.011968, 0.30003014
6.3112025, 5.190254, 0.29959863
6.078064, 6.3988614, 0.29951042
6.062058, 5.621787, 0.3000828
5.878172, 6.970922, 0.3000844
5.85317, 5.848585, 0.29551694
6.168471, 5.605677, 0.30484486
6.0773363, 6.7764993, 0.30022055
5.892537, 5.2273607, 0.29983965
6.029723, 5.672775, 0.29953754
6.126664, 6.6480117, 0.29931074
5.9955482, 4.8646812, 0.2916892
6.2498136, 5.3614874, 0.30002064
6.3502564, 5.2490745, 0.29974997
6.1298566, 5.6079187, 0.3000822
6.3867707, 6.407838, 0.3089107
6.0879035, 7.3100295, 0.30069202
6.386085, 4.7088165, 0.2997241
6.287577, 4.6115646, 0.29982784
6.310657, 4.628987, 0.2998193
6.348381, 4.7452216, 0.2995951
6.0137033, 5.8737864, 0.300113
6.329174, 5.7930937, 0.30013862
6.143041, 5.11614, 0.2998453
6.2936935, 4.7313366, 0.29981893
6.007169, 5.3428707, 0.30002624
6.1307216, 5.6439395, 0.30013475
6.147647, 4.751098, 0.29966432
5.956918, 5.797972, 0.3001055
6.069943, 6.0707555, 0.2897842
6.2277527, 4.8524113, 0.29980215
6.0103264, 5.3942676, 0.30004302
6.3676147, 4.712463, 0.29984042
6.21244, 4.6289835, 0.2998325
5.896281, 6.357076, 0.3005325
6.2311606, 5.324821, 0.30004296
6.0708637, 4.8093157, 0.29981908
6.165267, 5.7051983, 0.29988006
6.389196, 5.2689075, 0.2993963
6.148636, 5.677991, 0.30012548
6.2482233, 5.8056126, 0.30031243
6.2835817, 5.9468617, 0.29871622
6.2100053, 4.830154, 0.2998429
6.330429, 5.8982964, 0.29943818
6.2443085, 5.847665, 0.30022508
6.116457, 5.9995155, 0.29936266
6.1917257, 5.278222, 0.3000272
6.251243, 4.690925, 0.2998261
6.087996, 5.865593, 0.30025148
6.170191, 5.1307755, 0.2997958
6.11163, 5.813049, 0.30014294
5.950809, 5.7560487, 0.30007857
6.127953, 4.733369, 0.29982448
6.223317, 5.217173, 0.2997848
6.3502183, 5.309449, 0.29978642
6.2631946, 5.349395, 0.299759
6.2078056, 5.754406, 0.30010292
6.1889505, 4.8102436, 0.29982767
6.108536, 4.7089076, 0.2998273
6.268989, 4.713335, 0.29984266
6.291131, 5.8462367, 0.30025274
6.241363, 5.988878, 0.2986103
6.2366486, 5.2634616, 0.30002567
6.283289, 5.382119, 0.3034844
6.247015, 5.692135, 0.2998217
6.1576033, 5.1636276, 0.29991674
6.2521977, 5.7970033, 0.30012318
6.168753, 7.37051, 0.29980645
6.128692, 7.351581, 0.299178
6.150237, 7.3293056, 0.30033916
6.1511264, 7.349064, 0.30034494
6.102781, 7.2885838, 0.3000641
6.1351666, 7.293799, 0.2988541
6.1259446, 7.388834, 0.29936203
6.1869617, 7.3960733, 0.2992897
6.1045356, 7.3317037, 0.30005938
6.1408205, 7.4062405, 0.2988543
6.0756803, 7.330288, 0.29935855
6.119428, 7.308735, 0.29944932
6.1713457, 7.411435, 0.2998059
6.0765676, 7.347026, 0.29935682
6.153747, 7.393821, 0.30034268
6.1346474, 7.3730597, 0.29900002
6.1355877, 7.307542, 0.29884738
6.118714, 7.286861, 0.29945275
6.105739, 7.3542814, 0.30005777
6.140047, 7.395082, 0.29884672
6.169883, 7.3896847, 0.2998074
6.1291885, 7.3319383, 0.29912558
6.10802, 7.390328, 0.300062
6.0911655, 7.3703146, 0.3006884
6.0776577, 7.3653684, 0.29935408
6.094015, 7.410568, 0.30068567
6.1249933, 7.407934, 0.2994531
6.142371, 7.4269876, 0.29885447
6.156483, 7.43095, 0.3003436
6.1264405, 7.4267282, 0.29944706
6.080598, 7.4081306, 0.29935503
6.18911, 7.4274883, 0.29928967
6.172447, 7.4264493, 0.29980487
6.173817, 7.443797, 0.29980314
6.1280365, 7.4461637, 0.29945013
6.1440196, 7.4472523, 0.29885146
6.0299544, 7.3451743, 0.2986852
6.190644, 7.4471593, 0.2992848
6.0788913, 7.3843527, 0.29935393
6.0361023, 7.3867116, 0.2994958
6.0059776, 7.367259, 0.29668918
6.112484, 7.4474087, 0.30005962
6.0837264, 7.4469156, 0.29935303
6.130209, 7.4705305, 0.29944736
6.145837, 7.4680037, 0.29885587
6.17566, 7.4652615, 0.29980168
6.209293, 7.4693666, 0.29878438
6.2075677, 7.448489, 0.29878637
6.1923866, 7.467803, 0.29928446
6.1776695, 7.486996, 0.29980305
6.1483097, 7.4941025, 0.29885176
6.194373, 7.4894595, 0.2992853
6.109897, 7.486458, 0.30031163
6.085551, 7.4676414, 0.29936117
6.0092874, 7.3935533, 0.29906917
6.211204, 7.4906383, 0.29878923
6.037554, 7.406976, 0.2994949
6.0414724, 7.4519486, 0.29916012
6.0538383, 7.4489675, 0.30071494
6.0107136, 7.413324, 0.29906294
6.012136, 7.430833, 0.29897267
6.0394135, 7.430929, 0.29949185
5.996306, 7.4099574, 0.2996188
5.988055, 7.3859496, 0.29534182
6.0460825, 7.4691505, 0.29961246
6.070606, 7.469492, 0.30002823
6.0878725, 7.4921885, 0.29935282
6.073264, 7.4881606, 0.29908144
6.1050196, 7.518625, 0.2995255
6.110545, 7.5083957, 0.30037275
6.134092, 7.5102577, 0.2994482
6.163914, 7.5115724, 0.30034015
6.190429, 7.5119567, 0.29947737
6.2133803, 7.5130277, 0.2987894
6.2254086, 7.4880276, 0.3004516
6.1522927, 7.5326524, 0.29885042
6.1907754, 7.534686, 0.29954562
6.1313314, 7.533751, 0.2993225
6.2153997, 7.5323787, 0.29878262
6.091778, 7.530645, 0.29935527
6.0899143, 7.512717, 0.29935417
6.10755, 7.5289073, 0.3005854
6.0442204, 7.4862304, 0.2994964
5.997355, 7.4266715, 0.29983976
5.9835105, 7.431223, 0.30060238
5.9682264, 7.4115763, 0.29864973
6.229882, 7.532807, 0.30045775
6.2447853, 7.5112906, 0.3000228
6.013425, 7.448038, 0.29907492
6.030071, 7.4917345, 0.30021954
6.0104604, 7.4695163, 0.29931772
5.970549, 7.4242334, 0.2995398
5.999338, 7.4514003, 0.29982856
5.9442263, 7.4276, 0.2978472
6.0117254, 7.4905257, 0.299352
6.046654, 7.5115275, 0.29949266
6.064469, 7.530662, 0.30059087
6.0483456, 7.528407, 0.29949737
6.0937386, 7.548834, 0.29935747
6.1390715, 7.5556417, 0.29939014
6.15459, 7.553375, 0.29885095
6.2105784, 7.5534997, 0.2990039
6.2469125, 7.5322165, 0.30002835
6.2323556, 7.5551186, 0.3004503
6.1398134, 7.562585, 0.29944354
6.1454167, 7.5749435, 0.29909366
6.1867366, 7.57116, 0.2998046
6.2085195, 7.564035, 0.2990981
6.220768, 7.579829, 0.29878777
6.069364, 7.573801, 0.3005787
6.05157, 7.5590615, 0.29948878
6.0961514, 7.5703526, 0.2993566
6.0758123, 7.5508547, 0.30016738
6.0209694, 7.530777, 0.2990658
6.006439, 7.5112586, 0.2997365
5.9458623, 7.4452667, 0.29934418
5.9584517, 7.4489512, 0.30034968
5.974021, 7.468567, 0.29954395
6.266883, 7.5566144, 0.299626
5.9883485, 7.489376, 0.30060437
6.013279, 7.5260787, 0.29944617
5.9758806, 7.4904637, 0.29954362
5.947742, 7.4696207, 0.29934314
5.93409, 7.471323, 0.3001788
5.9217253, 7.469401, 0.29923034
5.963495, 7.5093646, 0.30035156
5.9779534, 7.5137033, 0.2995398
6.022979, 7.5505815, 0.29906127
6.0527797, 7.5701904, 0.29949638
6.008619, 7.55187, 0.2998341
6.02515, 7.5714116, 0.2990725
6.111889, 7.589587, 0.3006889
6.0681934, 7.5898128, 0.30072004
6.097727, 7.5839553, 0.29935226
6.152319, 7.5879803, 0.2990915
6.1892323, 7.5916953, 0.29980177
6.236481, 7.589858, 0.30045545
6.2218513, 7.5887504, 0.2987858
6.20543, 7.590266, 0.2992868
6.2680545, 7.566924, 0.29962057
6.1461334, 7.614734, 0.29944354
6.13013, 7.612117, 0.3000657
6.161069, 7.6075644, 0.29885283
6.2077, 7.608319, 0.29928148
6.08541, 7.6081777, 0.30002922
6.270211, 7.5853944, 0.29961655
6.2554984, 7.6060667, 0.300024
6.057482, 7.611478, 0.29949194
6.055035, 7.590291, 0.29949313
6.0272245, 7.5905066, 0.2990681
6.0423837, 7.6089854, 0.30022427
6.010425, 7.569352, 0.29983455
5.9939084, 7.54825, 0.30060944
5.981668, 7.552937, 0.2995414
5.97944, 7.5297956, 0.29954553
5.949498, 7.491243, 0.299346
5.950964, 7.5085, 0.29934716
6.272891, 7.607218, 0.29961634
5.92492, 7.509863, 0.29922795
5.9096375, 7.4891243, 0.30009428
5.954642, 7.5493793, 0.29933912
5.9389105, 7.529125, 0.300174
6.01282, 7.591716, 0.2998276
6.029584, 7.6115446, 0.2990552
5.985277, 7.588646, 0.29953638
5.9691057, 7.5689225, 0.30034238
6.1030846, 7.6281834, 0.2993574
6.1318893, 7.625947, 0.30005682
6.059099, 7.625151, 0.29949746
6.0603614, 7.6355667, 0.2994899
6.1484833, 7.633124, 0.2994557
6.1636314, 7.627613, 0.29885224
6.1936564, 7.62642, 0.29980963
6.21074, 7.627453, 0.2987333
6.2268486, 7.6280293, 0.29878512
6.2559576, 7.6313114, 0.30009478
6.2908955, 7.6111536, 0.29923436
6.1504884, 7.64828, 0.29944822
6.166882, 7.652218, 0.2988584
6.1053863, 7.6462784, 0.299353
6.1188865, 7.6453567, 0.30068895
6.196586, 7.64817, 0.29979858
6.230059, 7.6507344, 0.2986324
6.213254, 7.6502876, 0.29928178
6.0754786, 7.649881, 0.30071765
6.062401, 7.652175, 0.29949033
6.2937493, 7.633087, 0.29920495
6.275959, 7.6310205, 0.299622
6.2783933, 7.6510687, 0.2998689
6.032698, 7.650903, 0.2991426
6.016858, 7.6279426, 0.2998286
5.927829, 7.5440493, 0.2992281
5.9007897, 7.5312986, 0.29920134
5.9446197, 7.5905476, 0.3001728
5.9302855, 7.571362, 0.29922995
5.958557, 7.590047, 0.29934546
5.898905, 7.507637, 0.29920748
5.90228, 7.5492907, 0.2991964
5.9147964, 7.551844, 0.30009237
5.8856993, 7.5107117, 0.30008316
5.874406, 7.5212445, 0.2992471
5.932082, 7.5906467, 0.29923233
5.960862, 7.6128144, 0.29933533
5.9895706, 7.6287956, 0.29953504
5.9597507, 7.601995, 0.2993446
5.962512, 7.628784, 0.29934785
6.1088276, 7.6725993, 0.29935277
6.0933814, 7.671438, 0.3000298
6.1343346, 7.6705832, 0.30020097
6.049544, 7.668461, 0.30022055
6.169431, 7.6708584, 0.29885426
6.199375, 7.668396, 0.29980648
6.2137194, 7.6732135, 0.29936907
6.233339, 7.675273, 0.29878435
6.1308665, 7.6881146, 0.30043146
6.1566286, 7.6929884, 0.29944742
6.1862273, 7.6897974, 0.3003416
6.1117043, 7.6939735, 0.29935417
6.2126675, 7.692522, 0.29949355
6.0670094, 7.6884713, 0.29948917
6.0072727, 7.6702476, 0.3006016
5.993992, 7.6681094, 0.2995382
5.9919214, 7.650011, 0.29954568
6.026246, 7.689276, 0.29971832
5.9654856, 7.656688, 0.29935613
5.9056134, 7.5878525, 0.29920188
5.876562, 7.549209, 0.2992383
5.9347296, 7.618144, 0.29924065
6.1133804, 7.706176, 0.2993548
6.128178, 7.7134132, 0.30068567
6.084262, 7.7096567, 0.30067158
6.1587787, 7.7080536, 0.299447
6.041309, 7.708621, 0.29906273
6.026549, 7.7086067, 0.29983094
6.175984, 7.716829, 0.2988525
6.1014786, 7.730991, 0.3000263
6.1300163, 7.726296, 0.30069125
6.1743846, 7.729984, 0.29898518
6.0577416, 7.7317595, 0.30021447
6.0437946, 7.727864, 0.29906246
6.0718393, 7.725052, 0.2994988
6.1197953, 7.7514067, 0.29934996
6.120462, 7.75603, 0.29935682
6.075368, 7.750786, 0.29948682
6.09161, 7.7690682, 0.30071375
6.122193, 7.7678056, 0.2993529
6.1879873, 7.4117575, 0.29928854
6.085164, 6.4424915, 0.3001409
6.2602053, 6.32007, 0.29973233
6.0728693, 7.4935317, 0.30003268
6.030191, 6.946354, 0.30022216
6.0173993, 6.4559164, 0.30026385
6.024696, 7.429973, 0.30021963
5.9924116, 7.5329537, 0.30060044
6.150689, 7.5176325, 0.29885328
6.0770392, 5.0626273, 0.29982978
6.231537, 5.7079086, 0.30011532
6.268722, 5.9228544, 0.29991734
6.2317786, 5.9639792, 0.2998543
6.169583, 7.0188513, 0.2994179
6.017818, 6.4390287, 0.2995108
6.1055837, 7.106017, 0.3000632
6.1453238, 6.220653, 0.29999685
6.181796, 6.9626493, 0.30034444
6.055956, 7.4711847, 0.30057287
6.1067667, 5.4685073, 0.30010903
6.134522, 6.3184776, 0.30000693
6.0926843, 7.392661, 0.30068725
6.06228, 6.561239, 0.29923025
5.9502783, 7.0319967, 0.30034676
6.0954313, 7.428569, 0.30068904
6.063587, 6.4217815, 0.30026373
6.238737, 7.607859, 0.30045557
6.1324396, 7.4938607, 0.29944372
6.015023, 7.113716, 0.3002129
6.179608, 7.506685, 0.29980838
6.2054133, 7.7101264, 0.29980692
6.060469, 7.3304443, 0.30003014
6.2814374, 6.283768, 0.29910395
6.0506735, 5.9612036, 0.30036554
6.113446, 6.2381268, 0.30053264
6.1201506, 6.860919, 0.29935807
6.090302, 7.0862536, 0.30068916
6.047705, 7.368384, 0.30072156
6.1559253, 5.4965153, 0.30009866
6.1472597, 6.848515, 0.3005318
6.08238, 7.430895, 0.29935423
5.9030366, 6.972713, 0.3000928
6.2610006, 6.5358686, 0.2998208
6.183986, 7.5473666, 0.29980412
6.0883007, 5.4901876, 0.30003938
6.1494465, 7.2136683, 0.299826
6.072511, 7.1900125, 0.29935575
6.224601, 7.6108475, 0.29879665
6.1521683, 7.3684363, 0.30034515
6.190867, 7.6047645, 0.29980266
5.9608145, 6.924609, 0.3003453
6.1705685, 7.571161, 0.30033964
6.063913, 7.386854, 0.30002967
5.9047503, 6.463116, 0.29915074
5.9899445, 5.884592, 0.3002523
5.9428396, 6.8654246, 0.30017838
6.22129, 6.8345146, 0.29885194
6.082001, 6.542238, 0.29923272
6.332495, 5.80064, 0.30030787
5.880292, 6.9468994, 0.30008107
6.3853374, 6.3900237, 0.29909632
6.3088965, 4.7707887, 0.29984358
6.324296, 5.906518, 0.29893246
6.0520086, 7.4271626, 0.3007216
6.123237, 7.55438, 0.3000578
5.8482676, 6.9486337, 0.29032066
5.921894, 5.8607507, 0.3003113
6.163221, 6.240249, 0.29953778
6.3021364, 5.316931, 0.29999053
6.2009892, 7.160923, 0.30687678
5.915369, 6.357301, 0.29953858
6.108939, 5.5315657, 0.2980546
6.0688934, 7.7029295, 0.2994955
5.8468614, 7.5298114, 0.29657292
6.383348, 5.828778, 0.29984874
6.391642, 5.2718425, 0.30861434
6.128071, 6.075319, 0.29941106
6.073615, 7.7633896, 0.299326
6.128854, 6.065085, 0.30042908
5.9755487, 7.631062, 0.30033794
6.045509, 7.3307304, 0.30069742
6.1016836, 7.22591, 0.3000594
6.191149, 5.471047, 0.30783165
6.026442, 4.7732573, 0.29982796
6.189769, 5.1298985, 0.29977357
6.1070337, 4.951317, 0.29980177
6.283906, 5.3746676, 0.29934254
6.2980547, 5.3427935, 0.2998224
6.1234674, 4.895539, 0.29983395
6.088073, 5.509372, 0.29794163
5.9260488, 7.523385, 0.29922742
6.1094227, 4.81213, 0.2998271
6.238471, 5.268919, 0.2998403
6.1384544, 5.141642, 0.29980788
6.119649, 5.120953, 0.2998456
6.351238, 6.4020414, 0.30008173
6.066708, 5.4134994, 0.30002266
6.1050363, 4.8723063, 0.2998309
6.127269, 5.3561206, 0.3000457
6.085757, 7.2067585, 0.30064481
6.042741, 5.383332, 0.30004492
6.217088, 5.241749, 0.29973122
6.04519, 4.793968, 0.29982394
6.270786, 7.0910096, 0.30772597
6.18383, 4.912059, 0.29899892
6.0825095, 5.0397944, 0.29981408
6.059982, 6.479974, 0.29923803
6.035062, 7.371091, 0.29948804
6.022257, 7.006734, 0.30022004
6.1656127, 7.030507, 0.3003444
5.9605103, 6.3809795, 0.30032605
6.0967207, 6.318956, 0.29935429
6.2323422, 6.5490475, 0.30377778
6.1114826, 7.0458827, 0.30006284
6.141011, 6.90693, 0.30005944
5.9004297, 7.007142, 0.3000885
5.9237804, 6.3645415, 0.3001036
6.0155473, 6.358533, 0.29935393
5.9660354, 5.392894, 0.2976595
6.213988, 5.1278567, 0.29981044
6.024108, 5.920728, 0.30025584
6.0965233, 7.026586, 0.3006906
6.2798057, 5.3230734, 0.29999053
6.037323, 6.477114, 0.3001407
5.8341374, 6.963617, 0.2935857
5.9970865, 6.4573016, 0.29950926
6.175858, 6.418646, 0.29923692
6.252565, 7.0534863, 0.30018374
6.2440033, 7.647421, 0.30045587
6.080649, 7.0421863, 0.2993575
5.9980516, 6.516339, 0.30014133
6.0477324, 5.7777333, 0.30010563
6.2677455, 5.084103, 0.3367374
6.1594567, 6.779416, 0.29935375
6.2088346, 5.981001, 0.3003624
6.2702756, 5.0499687, 0.33068702
6.289597, 5.0306797, 0.33067772
6.252257, 5.0271187, 0.33063033
6.2696548, 5.008872, 0.3306025
6.248781, 5.010087, 0.33064932
6.2920713, 4.9881883, 0.3306726
6.268065, 4.990887, 0.33069748
6.2316723, 5.007813, 0.33068198
6.2490997, 4.9910007, 0.33067
6.229407, 4.9914837, 0.33068857
6.2732625, 4.9674892, 0.33070943
6.288482, 4.9707236, 0.33067238
6.251356, 4.9747343, 0.3307171
6.2381363, 4.9796886, 0.33070922
6.2125077, 4.990366, 0.33068994
6.2834444, 4.957202, 0.330709
5.890404, 6.9079967, 0.2923544
6.151122, 4.9105606, 0.29986355
6.1728487, 5.108718, 0.29983866
6.0293427, 7.6717997, 0.29945463
5.980226, 7.5380826, 0.29954347
6.2530274, 7.586141, 0.3000272
5.87897, 7.5740013, 0.2986614
5.984211, 7.5783167, 0.29953635
6.0156636, 7.6174526, 0.29983017
6.308769, 5.3518863, 0.30352828
6.3033037, 6.4203377, 0.2991978
6.150437, 7.1648183, 0.3003432
6.061535, 7.3496637, 0.30002955
6.245193, 5.134102, 0.2998668
6.1458125, 4.9493847, 0.299411
6.368723, 5.291211, 0.29933092
6.1677647, 4.8938437, 0.2998254
6.1255937, 5.0128884, 0.29980493
6.3222647, 5.3430405, 0.29905617
6.350589, 4.670388, 0.29983032
6.04985, 4.7315784, 0.2998278
6.2498865, 6.250994, 0.31153893
6.3365808, 5.320239, 0.29991364
6.3339224, 4.649338, 0.29981485
6.3710856, 5.2912645, 0.3075225
6.1366653, 7.7713685, 0.30068418
6.257433, 5.2203074, 0.29982436
5.868755, 7.504044, 0.29909545
6.3235083, 4.6362257, 0.29981843
6.122018, 5.3018103, 0.30002737
6.2053556, 5.941497, 0.3003688
6.2512817, 7.098301, 0.29957548
6.0144033, 5.4299245, 0.30002072
6.0820827, 6.766029, 0.30022055
6.028393, 5.784719, 0.30017912
6.1609097, 5.5039616, 0.3069037
6.2358947, 5.7980657, 0.3001185
6.053921, 5.482758, 0.30010837
6.0734415, 6.9710855, 0.30002618
6.298849, 7.014416, 0.29961628
6.039513, 6.896499, 0.30021966
5.9977655, 6.8733435, 0.30060384
6.152255, 5.6037254, 0.30008188
6.1839247, 5.617498, 0.29822877
6.185842, 6.0442104, 0.29957384
6.1991434, 6.913499, 0.3003427
6.2870464, 5.0643387, 0.33403063
6.251932, 5.048269, 0.33068234
6.2096734, 5.009569, 0.33065793
6.190818, 6.192603, 0.29970753
6.1507297, 5.938843, 0.30013692
6.069515, 7.5099287, 0.30025646
6.155014, 7.411787, 0.30034
6.206419, 7.4335384, 0.29878512
6.1468253, 7.734342, 0.3000578
5.9200892, 6.940676, 0.29922915
6.2100787, 5.089195, 0.2995776
6.0344305, 7.5361433, 0.30021852
6.2201066, 6.0053253, 0.299909
6.189454, 5.1106615, 0.29982823
6.3702307, 5.836367, 0.30007783
6.385001, 5.2818995, 0.2996248
6.2502203, 5.1699224, 0.29979804
5.957233, 7.432864, 0.30034915
6.0889645, 7.3322678, 0.3006858
6.2472935, 7.116517, 0.29988
6.087102, 7.289297, 0.30068797
6.149832, 7.3188605, 0.3003339
6.020539, 6.4018908, 0.29973218
6.080613, 5.9801364, 0.2998547
6.3722296, 5.807369, 0.30913576
5.921394, 6.4412107, 0.29935306
6.2177477, 6.874466, 0.30034405
6.2092834, 5.1099176, 0.2998075
6.2658253, 6.2674494, 0.2992951
6.1069956, 5.8209333, 0.30024356
6.2003717, 6.5807467, 0.29983103
6.324945, 5.759346, 0.2985267
6.043042, 5.740301, 0.30020404
6.304837, 6.492505, 0.29981062
5.9297934, 6.429434, 0.30016595
5.8777065, 5.8695307, 0.30017942
6.308281, 5.8382583, 0.3000731
6.1033654, 6.301889, 0.3003262
6.1735983, 7.5961046, 0.30034924
6.1199665, 7.322405, 0.29945186
6.1161146, 7.725752, 0.2993576
6.0635495, 7.6613755, 0.29948923
5.8633246, 7.550834, 0.300151
6.0468535, 7.3546906, 0.30071956
6.0007944, 7.613758, 0.30061427
6.030614, 7.620594, 0.29905775
6.386412, 6.411369, 0.29930788
6.1034427, 7.306866, 0.30005866
5.972532, 7.4501553, 0.29954758
6.125059, 7.5701914, 0.3000563
6.223776, 7.469832, 0.3004556
6.1534486, 7.7748165, 0.29939756
6.086775, 7.2792425, 0.30067855
6.148884, 5.030873, 0.2995042
6.091099, 7.2710986, 0.2905016
6.2486916, 4.844891, 0.29938555
6.064152, 7.3034987, 0.29238534
6.230062, 5.1293697, 0.29990253
5.95206, 7.5211124, 0.29935136
6.106883, 7.5463743, 0.30069238
6.234105, 7.0827227, 0.29950872
6.2847786, 5.154978, 0.2993546
5.873851, 5.7926426, 0.29295483
6.362451, 5.799729, 0.29988635
6.1226435, 5.546064, 0.3115732
6.2411637, 5.6783724, 0.2994199
6.0897274, 6.6553426, 0.29960167
6.0229864, 7.4078693, 0.3002212
5.8870754, 7.5283885, 0.3000747
5.9228888, 7.484561, 0.29922643
6.264365, 5.4004703, 0.29899704
5.995819, 6.4373155, 0.30044603
6.0562773, 5.3249407, 0.30002266
6.1319666, 6.7726607, 0.30025607
6.0471935, 6.1856074, 0.2915765
6.2503247, 5.414257, 0.30937228
6.0377426, 6.4394875, 0.30026454
6.102322, 6.5436125, 0.30017954
6.1794467, 6.779174, 0.30068746
6.1110806, 7.2524586, 0.2962408
6.323677, 5.235703, 0.3000254
6.1608787, 6.3000107, 0.2993568
6.2848125, 6.380269, 0.3001383
6.0218515, 6.582081, 0.30009174
5.980795, 7.3882313, 0.30017027
6.3458147, 6.346753, 0.29894054
6.2071247, 4.8917127, 0.31016645
6.116846, 5.3984847, 0.30001968
6.010004, 6.2891254, 0.3003165
6.1327925, 4.8262625, 0.29983526
6.0549674, 7.3170023, 0.3000925
6.2763414, 7.085304, 0.2991913
5.956476, 6.3370743, 0.3001023
6.0820556, 6.9268146, 0.300032
6.1241918, 6.9745693, 0.29952675
6.070613, 5.492059, 0.30005035
6.113627, 7.6038203, 0.30067724
5.916795, 6.337728, 0.30053335
6.0589156, 6.955764, 0.30071437
6.035676, 7.5482044, 0.3002246
6.2276583, 7.511421, 0.30045837
6.1593637, 7.4648056, 0.30033672
6.1610994, 7.2009373, 0.30341345
6.3097296, 5.7934995, 0.30013043
6.3033347, 5.1763854, 0.29984766
5.99673, 5.398946, 0.30004412
6.3426137, 4.6555586, 0.2998209
6.138236, 6.5181017, 0.3001781
6.300965, 4.9751935, 0.33069974
6.1028986, 6.240879, 0.3005326
6.1164103, 6.1098843, 0.30593103
6.1315536, 5.298533, 0.30002052
6.137175, 5.6798167, 0.30012703
6.157617, 5.455566, 0.30010763
6.1943617, 5.4466333, 0.30010867
6.148815, 7.747829, 0.30006436
6.322694, 4.994921, 0.33062774
6.1256604, 6.32117, 0.3000071
6.360635, 6.3644924, 0.2993422
6.056548, 5.378763, 0.3000432
6.0789747, 6.0648494, 0.30009857
6.1888037, 5.0721693, 0.29981488
6.0212946, 7.3841724, 0.30021745
5.8773985, 6.3773575, 0.30053246
6.031782, 7.5096583, 0.30022228
6.0145936, 7.12685, 0.30022717
5.904988, 6.383217, 0.30010328
5.92087, 7.4490213, 0.29490662
5.8383484, 6.9580765, 0.28803295
6.103735, 7.7469273, 0.30002344
6.252931, 4.8470993, 0.30885446
6.061816, 6.5825357, 0.30017838
6.0261636, 7.441866, 0.2996853
6.0811863, 7.572195, 0.3000375
5.956855, 6.477501, 0.30044585
5.868762, 5.8698416, 0.2760836
6.109423, 6.958824, 0.29988098
5.910774, 7.503641, 0.30009514
5.98501, 7.4501452, 0.3006004
6.1705685, 5.06951, 0.29978067
6.0118337, 5.4468937, 0.29152855
6.1881485, 5.0918007, 0.29984242
6.154259, 6.3798575, 0.30026793
6.1953726, 6.2797194, 0.30032393
6.203682, 5.795722, 0.30000407
6.1421127, 5.5226135, 0.30986583
5.879392, 6.95662, 0.30008194
5.9469566, 5.9401917, 0.30025476
6.1412354, 5.717098, 0.30005977
6.1114807, 5.4000587, 0.30002266
6.040969, 6.2616353, 0.30053425
6.121182, 6.362692, 0.30044913
6.258431, 6.4399443, 0.30009243
6.009592, 6.010849, 0.28582096
6.2795625, 5.249642, 0.30003485
6.1593785, 6.438471, 0.30008236
5.914057, 5.89863, 0.30007568
5.913107, 5.3471136, 0.29300573
5.990036, 7.507997, 0.3006059
5.916746, 7.5739093, 0.30009755
6.3193007, 5.2997437, 0.30004662
6.039698, 6.9938173, 0.2994915
6.0654626, 7.4081717, 0.30002812
6.166979, 7.761631, 0.29915428
6.1534176, 7.669884, 0.2994379
6.088441, 7.6329174, 0.300031
6.06798, 7.4397836, 0.30004
5.890726, 5.2116623, 0.29415995
5.92714, 6.990737, 0.30017444
5.8996544, 5.900843, 0.28869843
6.0489326, 7.386442, 0.30071378
6.096995, 7.447043, 0.30068737
6.0514402, 7.683587, 0.3002289
5.931338, 7.434698, 0.3001848
5.9703193, 7.5811534, 0.3003496
5.9466715, 7.61145, 0.3001913
6.160511, 7.060897, 0.3003429
6.2348995, 7.5770307, 0.30046386
6.2491646, 7.553049, 0.3000278
6.383266, 4.716471, 0.30979148
6.106911, 7.3737493, 0.30005938
6.083394, 6.560212, 0.3001776
6.056902, 6.499786, 0.30008215
5.956107, 7.5649824, 0.29934457
6.108585, 7.561362, 0.30067736
6.181088, 7.65322, 0.30033833
6.090021, 7.35172, 0.30068707
6.1268325, 7.58525, 0.3000628
5.999015, 6.0001144, 0.29034713
6.0512524, 7.4177775, 0.30072555
6.171874, 7.6882753, 0.29885167
5.9367685, 7.060055, 0.29933926
6.067805, 6.917145, 0.29989463
5.8771358, 6.984128, 0.30008665
6.2601094, 6.940852, 0.2987851
6.11024, 7.420434, 0.30006784
6.027138, 7.4593797, 0.3002277
6.1343555, 7.644923, 0.3000541
6.070465, 7.609162, 0.3007245
6.115688, 7.620436, 0.3006853
5.9868107, 7.6033325, 0.29954183
6.0569406, 7.182284, 0.30003753
5.9401865, 7.5434785, 0.30017763
6.09994, 7.602619, 0.29935563
5.9601927, 7.4707937, 0.30035204
6.037899, 7.568936, 0.30021387
6.0854797, 7.725619, 0.30072775
6.2029247, 6.5209484, 0.30034643
5.975723, 7.05155, 0.30059826
6.0451913, 7.6328564, 0.30021885
6.009652, 7.6900806, 0.30059585
5.996155, 7.570403, 0.30061418
6.0999126, 7.479132, 0.30069977
6.0785847, 7.6741076, 0.30071625
6.073312, 7.2043104, 0.29864594
6.1744227, 7.602673, 0.30034655
6.022757, 6.7808084, 0.3006066
6.161166, 7.484258, 0.30034882
6.096981, 7.698435, 0.3000299
6.1144986, 7.469921, 0.3000617
6.058353, 7.498001, 0.30071917
6.059714, 6.4594126, 0.3001387
5.923693, 7.042704, 0.30017635
5.981271, 7.4010286, 0.30060682
6.166415, 7.534979, 0.30034032
6.0421696, 6.88464, 0.30022603
6.121245, 6.984386, 0.3000629
6.018559, 7.642816, 0.2998448
6.1545773, 7.1092377, 0.30034235
5.9655747, 7.5322933, 0.3003586
5.9776454, 7.6502204, 0.30033544
