8.535721, 8.920601, 0.3233675
8.510256, 8.914613, 0.3174112
8.550167, 8.888697, 0.32095605
8.555365, 8.961838, 0.3340798
8.5708685, 8.929816, 0.33176392
8.508186, 8.95115, 0.3231171
8.533081, 8.956536, 0.32885498
8.486203, 8.946922, 0.31815046
8.569674, 8.863883, 0.31741697
8.530202, 8.852851, 0.3078295
8.549342, 8.997453, 0.33895802
8.510558, 8.989486, 0.33009568
8.5938015, 8.9720335, 0.3432973
8.532467, 8.993795, 0.33506835
8.602628, 8.938998, 0.33951357
8.450386, 8.941149, 0.3102675
8.473982, 8.983465, 0.32200956
8.621658, 8.910445, 0.3383584
8.612395, 8.877109, 0.32801718
8.593905, 8.83721, 0.31804144
8.588978, 9.007126, 0.34831858
8.551099, 9.035791, 0.34592694
8.534615, 9.032523, 0.34217608
8.507865, 9.027892, 0.33621773
8.658987, 8.922823, 0.3479848
8.650653, 8.954359, 0.35150164
8.4519005, 8.980585, 0.31727892
8.648627, 8.889281, 0.33719555
8.652381, 8.857071, 0.33287957
8.6271105, 8.848233, 0.3264124
8.592515, 8.803291, 0.31250283
8.526499, 9.06442, 0.34999028
8.49762, 9.060677, 0.34353608
8.691517, 8.904756, 0.34828034
8.690739, 8.871223, 0.34283027
8.670248, 8.830653, 0.33238208
8.627273, 8.7859955, 0.31369555
8.708879, 8.816537, 0.33496183
8.748143, 8.832456, 0.3454299
8.673673, 8.742265, 0.31365868
8.689304, 8.776815, 0.32500386
8.729054, 8.792712, 0.33554447
8.770213, 8.809963, 0.34660402
8.631188, 8.726463, 0.30259395
8.761988, 8.77792, 0.33719686
8.467893, 8.905987, 0.3077625
8.467731, 8.869054, 0.30165756
8.71719, 8.881455, 0.34978026
8.643877, 8.79191, 0.3179669
8.698519, 8.720565, 0.31569046
8.490092, 9.02528, 0.33234566
8.491819, 8.986217, 0.32591832
8.671711, 8.897464, 0.3431371
8.568134, 9.001874, 0.34336326
8.56932, 8.829529, 0.31192952
8.488115, 8.873342, 0.30631924
8.672122, 8.864247, 0.33797932
8.69799, 8.841244, 0.33962828
8.510445, 9.061962, 0.34649122
8.631388, 8.816528, 0.32235882
8.6080065, 8.905798, 0.33512253
8.689283, 8.748298, 0.31777552
8.65125, 8.733805, 0.3077986
8.6701, 8.709421, 0.3082104
8.740847, 8.858415, 0.35098082
8.729742, 8.764488, 0.32853338
8.654306, 8.703401, 0.30406976
8.687574, 8.808219, 0.32934737
8.714427, 8.75827, 0.32443607
8.651375, 8.823675, 0.3274979
8.725158, 8.823036, 0.3392868
8.665262, 8.767572, 0.3187047
8.427863, 8.978186, 0.31225982
8.628679, 8.882466, 0.3321257
8.612451, 8.780848, 0.30989674
8.543113, 8.886788, 0.31925902
8.687411, 8.837148, 0.33686087
8.606576, 8.807968, 0.31604895
8.612003, 8.977302, 0.34774378
8.561705, 9.038015, 0.34837058
8.726298, 8.85249, 0.34710485
8.706014, 8.877088, 0.34682876
8.704199, 8.722833, 0.3172025
8.629383, 8.947351, 0.34615618
8.5182295, 8.880384, 0.31334218
8.548918, 8.857942, 0.31233925
8.673019, 8.802663, 0.32553998
8.470633, 9.022904, 0.3281789
8.462377, 8.981869, 0.3195075
8.653002, 8.76297, 0.3155194
8.568415, 8.965161, 0.33718535
8.48775, 8.909814, 0.31224394
8.591919, 8.9358225, 0.33688647
8.571407, 8.894693, 0.3261022
8.547064, 8.923468, 0.3260549
8.589929, 8.871525, 0.32144594
8.633778, 8.9145155, 0.34136438
8.44991, 8.902872, 0.3037673
8.628589, 8.75406, 0.3092107
8.6862955, 8.688023, 0.30524784
8.631622, 8.694958, 0.29817715
8.783007, 8.815482, 0.35006443
8.595196, 8.901774, 0.33194858
8.469581, 8.944072, 0.3144566
8.618013, 8.943742, 0.3433135
8.522259, 9.030263, 0.33940482
8.665821, 8.925264, 0.34972057
8.609013, 8.747144, 0.30419385
8.412383, 8.936661, 0.302219
8.623629, 8.980793, 0.3506078
8.559146, 8.860833, 0.3148211
8.613623, 8.720186, 0.29807034
8.509167, 8.878177, 0.31121993
8.524137, 8.881861, 0.3147416
8.701829, 8.908633, 0.3509717
8.769389, 8.781071, 0.3391987
8.447619, 8.866032, 0.29671475
8.427642, 8.938252, 0.30541173
8.550957, 8.79019, 0.30216476
8.76078, 8.837704, 0.3488535
8.709145, 8.845633, 0.34256476
8.674305, 8.771009, 0.3210729
8.741886, 8.79799, 0.338986
8.7049465, 8.782969, 0.32913956
8.750915, 8.773254, 0.3342128
8.435624, 8.900637, 0.3006358
8.661544, 8.678114, 0.29900986
8.4426, 8.979557, 0.3153174
8.787059, 8.789001, 0.34371755
8.527958, 8.918708, 0.3215406
8.657143, 8.7967415, 0.3214044
8.724024, 8.884153, 0.35159653
8.59034, 8.740745, 0.29944208
8.691597, 8.717815, 0.3138639
8.548926, 8.823725, 0.3067645
8.559646, 8.999842, 0.34135184
8.525305, 8.816807, 0.3011826
8.541552, 8.787377, 0.29985577
8.560308, 8.999983, 0.34151608
8.727956, 8.732752, 0.3233024
8.664966, 8.799642, 0.32343814
8.600595, 8.7768, 0.30689746
8.7569275, 8.8042965, 0.3430229
8.644831, 8.759935, 0.3134079
8.594128, 8.742027, 0.30039963
8.536372, 8.821323, 0.30297887
