5.6267276, 7.1696186, 0.07161655
5.6499867, 7.146502, 0.047996167
5.64723, 7.1492167, 0.030578028
5.666754, 7.1287365, 0.050967116
5.6686997, 7.127689, 0.07030227
5.627561, 7.167928, 0.0889207
5.63782, 7.1581745, 0.090733
5.647458, 7.148085, 0.070351616
5.5984206, 7.1982408, 0.08462313
5.588162, 7.207522, 0.06971192
5.587695, 7.2092094, 0.05161795
5.6079574, 7.188497, 0.09022678
5.6681476, 7.1291065, 0.09101471
5.688136, 7.109093, 0.07083286
5.687892, 7.1083236, 0.091688156
5.6688805, 7.1272416, 0.10836649
5.630318, 7.166915, 0.12863666
5.687942, 7.109285, 0.13095672
5.727902, 7.068453, 0.071355194
5.7287707, 7.0680285, 0.029076915
5.706948, 7.089313, 0.06978385
5.70779, 7.089398, 0.11054631
5.746487, 7.049591, 0.051069614
5.746911, 7.049836, 0.110443376
5.7476745, 7.048288, 0.09223335
5.749483, 7.047629, 0.07021705
5.728798, 7.067354, 0.109491274
5.750501, 7.0464735, 0.029680775
5.7387896, 7.058344, 0.028880492
5.728618, 7.067311, 0.009840888
5.737504, 7.0579553, 0.13626237
5.729518, 7.0673103, 0.12803143
5.770219, 7.026354, 0.088936895
5.74912, 7.046598, 0.12852792
5.789597, 7.0067687, 0.08831065
5.788448, 7.008686, 0.12964004
5.826953, 6.9717717, 0.14843981
5.8473935, 6.949199, 0.20965652
5.8462763, 6.950095, 0.17073572
5.849025, 6.9468813, 0.19006738
5.870311, 6.9262276, 0.1898547
5.867701, 6.928502, 0.1703203
5.8345113, 6.9620566, 0.24839191
5.8678126, 6.9288845, 0.24954692
5.867744, 6.928232, 0.23067631
5.846396, 6.9496574, 0.25173917
5.8483543, 6.9478564, 0.23016427
5.8677373, 6.9283795, 0.21044452
5.8581357, 6.93769, 0.23258218
5.867282, 6.9142914, 0.1517526
5.8990974, 6.8968954, 0.1909353
5.8866534, 6.9096813, 0.1914412
5.889387, 6.906644, 0.21010566
5.88799, 6.9085226, 0.22943129
5.8879557, 6.9080057, 0.17069396
5.8689723, 6.9274106, 0.27019674
5.89797, 6.8981376, 0.24647374
5.8865647, 6.9097342, 0.27038962
5.9084845, 6.887484, 0.2097501
5.9068923, 6.889613, 0.23039973
5.9072404, 6.889118, 0.24996749
5.910041, 6.886549, 0.16840169
5.9274416, 6.8691845, 0.20884909
5.92781, 6.868558, 0.16987258
5.927218, 6.868792, 0.19048999
5.9262934, 6.870089, 0.25021404
5.930163, 6.866249, 0.22884354
5.9383416, 6.857904, 0.25161442
5.927632, 6.8668637, 0.1530103
5.947859, 6.848501, 0.22948636
5.947899, 6.848336, 0.24992578
5.9473357, 6.8486123, 0.18975477
5.948437, 6.8480678, 0.20951189
5.958312, 6.837868, 0.23089337
5.968656, 6.8278046, 0.22904663
5.9684544, 6.828147, 0.20878477
5.9687943, 6.827983, 0.18944953
5.9782586, 6.8180556, 0.23217326
5.969356, 6.8271465, 0.16923578
5.9896326, 6.806609, 0.24845132
5.9878263, 6.808547, 0.21033242
5.9885283, 6.807731, 0.22878797
5.9879375, 6.8086348, 0.19125074
5.97763, 6.8185773, 0.29020345
5.997688, 6.7987924, 0.25615594
5.9878335, 6.80847, 0.2699591
5.9973574, 6.7987814, 0.19251435
5.9985743, 6.797481, 0.26828244
6.0076103, 6.788687, 0.21230248
6.0081477, 6.788053, 0.24907051
6.0077004, 6.78854, 0.23149101
6.0087976, 6.7874837, 0.26968879
6.01787, 6.778418, 0.2097551
6.0280123, 6.768176, 0.2506108
6.0288286, 6.767412, 0.22947493
6.0185823, 6.7778745, 0.29017743
6.027616, 6.768813, 0.18889539
6.02877, 6.767459, 0.20869252
6.0273905, 6.769226, 0.1704362
6.037436, 6.758656, 0.23283494
6.0492063, 6.746998, 0.22857729
6.047979, 6.748273, 0.21092242
6.046808, 6.7494817, 0.19107778
6.0478625, 6.7486496, 0.1690533
6.0692554, 6.727013, 0.25048018
6.078641, 6.717783, 0.2064008
6.0662727, 6.730103, 0.18915448
6.077171, 6.7189736, 0.18997143
6.086716, 6.7095013, 0.23030718
6.0840726, 6.7122717, 0.21359226
5.8906713, 6.90578, 0.2494929
5.5864654, 7.2102714, 0.11116349
6.067338, 6.7289433, 0.2091217
6.068509, 6.728016, 0.17095323
5.9084735, 6.8877654, 0.27005303
5.977377, 6.8183317, 0.17085278
5.7071505, 7.088953, 0.03046908
6.0088863, 6.7876253, 0.1911648
5.9790673, 6.817337, 0.18512967
5.628017, 7.167767, 0.03174379
5.8882303, 6.906132, 0.15177445
5.852251, 6.9453306, 0.152407
5.706144, 7.089061, 0.008920151
5.5892177, 7.2072725, 0.090164125
5.588625, 7.2083144, 0.0306553
5.6275454, 7.1688066, 0.11011894
5.9677043, 6.8269944, 0.15452848
5.708347, 7.087742, 0.13055381
5.5588436, 7.2384286, 0.07217539
5.9895535, 6.8088903, 0.2917516
5.5692906, 7.2263346, 0.08910851
5.568987, 7.227173, 0.029137652
5.647853, 7.149396, 0.110713705
5.9070797, 6.889161, 0.190035
5.689214, 7.1071286, 0.049548905
5.5666223, 7.2307634, 0.07094755
5.907867, 6.8859353, 0.15334496
5.9886546, 6.8079214, 0.15423211
5.6075172, 7.188247, 0.0514916
5.7274103, 7.0690947, 0.050646514
5.6885138, 7.107118, 0.029715871
5.709763, 7.086769, 0.09037973
6.028465, 6.7678633, 0.2692076
5.570281, 7.2266293, 0.049163416
5.957987, 6.838434, 0.21331222
6.0181603, 6.778159, 0.27263182
5.553018, 7.24265, 0.10611877
5.8686914, 6.9263144, 0.15364812
6.0088983, 6.7872534, 0.16940376
5.918909, 6.87715, 0.24966583
5.667799, 7.1288843, 0.030433195
6.046679, 6.7497597, 0.27049705
6.029812, 6.7669106, 0.29008654
5.606982, 7.1903176, 0.028985195
5.7496004, 7.050044, 0.14710042
5.7453637, 7.0512443, 0.012591215
6.0667424, 6.7295647, 0.23061642
5.947806, 6.8484235, 0.16985327
5.610186, 7.1902547, 0.14776465
6.0492845, 6.747048, 0.24938352
5.678197, 7.117805, 0.107520245
5.7182097, 7.0776887, 0.06964422
5.75788, 7.038059, 0.1282866
5.650732, 7.1457253, 0.088999905
5.9785724, 6.81773, 0.26894355
6.098255, 6.697917, 0.24865554
5.7592473, 7.037454, 0.1082837
5.937735, 6.8583646, 0.23541637
5.66966, 7.1269484, 0.12935683
6.0580897, 6.738429, 0.23152387
5.738279, 7.058085, 0.0633004
5.8373632, 6.9586163, 0.1924523
6.0097604, 6.786866, 0.15167011
5.7677364, 7.0283165, 0.035039265
5.857985, 6.9384627, 0.20854925
5.8583336, 6.9380903, 0.27230948
5.7672334, 7.029272, 0.07034615
5.6093116, 7.187292, 0.07165896
5.7282233, 7.06903, 0.09005092
5.767763, 7.0290427, 0.050491378
5.8778744, 6.918419, 0.20793356
5.7677712, 7.028743, 0.13109948
5.9375443, 6.858532, 0.2924678
5.6193824, 7.176029, 0.03052957
5.8586493, 6.93748, 0.16258469
6.047466, 6.7481604, 0.15287589
5.8980355, 6.8980894, 0.21791787
5.6877522, 7.109169, 0.11032241
5.917908, 6.878462, 0.23272453
5.786845, 7.0093718, 0.111029096
5.6321793, 7.167572, 0.14565612
5.64721, 7.1473184, 0.010202067
5.6296177, 7.167006, 0.05167476
5.9180274, 6.8784566, 0.27618703
6.037975, 6.7581778, 0.2144356
5.784938, 7.0113087, 0.07195401
6.0252504, 6.7692547, 0.15408206
5.977538, 6.8185806, 0.21364485
5.9585276, 6.8377614, 0.25199458
6.0181875, 6.7778716, 0.25227508
5.967861, 6.8284755, 0.24903089
5.7782717, 7.019146, 0.055499885
5.833759, 6.951562, 0.15039612
5.6689477, 7.1274962, 0.011262023
5.8782053, 6.9179797, 0.25147557
5.6072803, 7.188933, 0.008250333
5.9886928, 6.807286, 0.17156652
5.94778, 6.8475504, 0.15329923
5.76805, 7.0278125, 0.11123292
5.9986706, 6.797553, 0.28695256
6.068472, 6.727854, 0.15349327
5.710011, 7.086996, 0.048547983
5.577323, 7.2177844, 0.13529737
6.058206, 6.73821, 0.254439
5.9382663, 6.857577, 0.19254594
5.957993, 6.838278, 0.18936555
5.5887103, 7.2075205, 0.010719463
5.917938, 6.8782215, 0.17587599
5.898115, 6.898464, 0.17401616
5.579021, 7.2175136, 0.14835525
5.590495, 7.2049093, 0.1273832
5.597397, 7.1985674, 0.06729032
5.598665, 7.197283, 0.13180685
6.018537, 6.777499, 0.22549917
5.7975492, 6.997925, 0.08976782
5.5541196, 7.242845, 0.06865114
5.609068, 7.1864357, 0.1090198
5.758278, 7.0381355, 0.049244598
5.801808, 6.994295, 0.09827502
5.577808, 7.218794, 0.10596456
5.9984746, 6.7979455, 0.20598698
5.9576406, 6.83872, 0.27217394
5.967269, 6.8290024, 0.26924098
6.058751, 6.7377615, 0.17272252
6.037662, 6.75883, 0.2753368
6.069958, 6.7263775, 0.26919287
5.80571, 6.9913673, 0.113201246
5.6785016, 7.1184072, 0.014539909
5.607204, 7.1891074, 0.13129501
6.0839677, 6.712478, 0.1911539
5.9984465, 6.79792, 0.22827366
5.6784344, 7.1174664, 0.050129555
5.6581664, 7.1385393, 0.027055811
5.7580667, 7.037923, 0.086696304
5.697293, 7.0985537, 0.08650002
5.7119045, 7.090668, 0.14734045
5.671223, 7.129737, 0.14611328
5.577985, 7.2179775, 0.08842611
5.8579597, 6.93827, 0.19324708
5.5794177, 7.2179, 0.05095129
6.058591, 6.737786, 0.269985
5.9384108, 6.857727, 0.17278042
5.877751, 6.918444, 0.28979737
5.8483644, 6.932032, 0.15002099
5.689877, 7.11074, 0.14729673
5.7277427, 7.069924, 0.14740372
5.878302, 6.918316, 0.26516873
6.05806, 6.7384286, 0.18935959
5.898073, 6.898585, 0.22909938
5.8780107, 6.91774, 0.17106082
6.018169, 6.7782483, 0.19134802
5.637999, 7.158864, 0.11154659
5.770842, 7.0297937, 0.14597937
5.838066, 6.9580746, 0.23327026
5.6976776, 7.0989475, 0.050162267
5.6580763, 7.1387687, 0.14642407
5.717567, 7.078766, 0.11156774
5.9181986, 6.8778334, 0.29003158
6.0779734, 6.718392, 0.17120992
5.5995727, 7.195836, 0.050308287
6.1014214, 6.694744, 0.25641885
5.5681252, 7.2287292, 0.12841277
5.6877384, 7.1084146, 0.007934828
5.7784767, 7.0185733, 0.13264921
5.586576, 7.211665, 0.14661211
5.61871, 7.1772404, 0.10960598
5.778427, 7.018581, 0.091261744
5.697734, 7.0991054, 0.10768534
5.857295, 6.9389725, 0.24671386
6.038595, 6.7576895, 0.28966013
5.9183, 6.878132, 0.18975358
5.6575093, 7.13849, 0.12788704
5.878269, 6.9172683, 0.222051
5.947345, 6.8488884, 0.26960883
6.0385127, 6.757512, 0.18764475
5.796736, 6.9993668, 0.10180827
5.678025, 7.1186433, 0.06821196
5.657922, 7.137975, 0.068819255
5.9584875, 6.8377123, 0.28786066
5.838459, 6.9581065, 0.26521128
5.638731, 7.1575117, 0.033324115
6.0576944, 6.738557, 0.20884264
5.9384623, 6.858174, 0.21156129
5.9780254, 6.8180885, 0.25282726
5.5521917, 7.244756, 0.053489506
6.038525, 6.757782, 0.2478696
6.0583725, 6.7389708, 0.292418
5.7376432, 7.058758, 0.09404371
5.657596, 7.137537, 0.050953276
5.6781235, 7.1193085, 0.08585496
6.038007, 6.758609, 0.16785726
5.758512, 7.038223, 0.14273392
5.8349543, 6.961687, 0.17329356
5.5520883, 7.245157, 0.13037702
5.878704, 6.9179926, 0.18698856
5.757451, 7.038211, 0.034265127
5.577963, 7.2174425, 0.073313564
5.6589403, 7.1379204, 0.090556934
5.554342, 7.2429056, 0.14746282
5.5991125, 7.1981144, 0.028057605
5.567029, 7.25128, 0.1491665
5.957917, 6.8380427, 0.16772962
5.67871, 7.1181345, 0.12561315
5.6386375, 7.1584387, 0.0543983
6.0790563, 6.717215, 0.24872668
5.566378, 7.229985, 0.11272212
6.0769386, 6.7192802, 0.23174718
5.557146, 7.2388153, 0.11259352
5.738218, 7.05744, 0.048508406
5.8340473, 6.9625626, 0.22809456
5.618435, 7.1778116, 0.052956253
5.8094525, 6.988704, 0.14612088
5.5578327, 7.238062, 0.033397365
6.0182195, 6.778398, 0.17285046
5.6398034, 7.155327, 0.067818776
5.8389816, 6.957599, 0.2117486
5.777414, 7.018213, 0.10713549
5.8391504, 6.9563723, 0.24965774
5.71931, 7.077525, 0.08872174
5.598214, 7.198065, 0.14079662
5.8377037, 6.959546, 0.16345799
5.6386704, 7.158774, 0.12485372
5.9278717, 6.868294, 0.26923645
5.5523014, 7.2432356, 0.029032469
5.998232, 6.7976923, 0.1696862
5.8101163, 6.986052, 0.13084948
5.8346596, 6.9615684, 0.20951232
5.596681, 7.1997495, 0.008370664
5.62816, 7.1683598, 0.006242038
5.618576, 7.1785007, 0.07433643
5.698702, 7.0970154, 0.028505769
5.559216, 7.2372184, 0.04737734
5.9182954, 6.877971, 0.20846818
5.570694, 7.2274537, 0.14498067
5.699751, 7.0966415, 0.14500564
5.7590575, 7.0383635, 0.06938172
5.9382496, 6.857956, 0.27087313
5.559866, 7.2355375, 0.093797445
5.659655, 7.1359897, 0.11755015
5.7795925, 7.018735, 0.14922358
5.578444, 7.217984, 0.026811473
5.779096, 7.017299, 0.0790261
