8.507738, 7.683222, 0.24870709
8.5235815, 7.668037, 0.24902456
8.513279, 7.670987, 0.29016247
8.527638, 7.6541557, 0.27404273
8.500942, 7.7028074, 0.21491055
8.511229, 7.687793, 0.22796209
8.4938345, 7.688768, 0.27079338
8.55108, 7.6487484, 0.22912928
8.555086, 7.6285133, 0.27164468
8.546074, 7.6640205, 0.20207146
8.555239, 7.6351805, 0.25391886
8.568028, 7.622788, 0.24747902
8.472755, 7.7261963, 0.23097742
8.471155, 7.7073584, 0.28827634
8.465778, 7.7207055, 0.26430574
8.462054, 7.7311335, 0.24664167
8.459383, 7.738364, 0.23461199
8.558091, 7.6541357, 0.19086477
8.561651, 7.643395, 0.20983997
8.574936, 7.6304717, 0.21025613
8.575044, 7.6358514, 0.19602424
8.585487, 7.600923, 0.26071802
8.564839, 7.612819, 0.2887527
8.571924, 7.608955, 0.27374646
8.590085, 7.623465, 0.19079947
8.589714, 7.6086154, 0.23020345
8.599359, 7.5920315, 0.24928325
8.5871105, 7.5948105, 0.27257675
8.447302, 7.7440104, 0.25087637
8.43943, 7.7381783, 0.28643203
8.43263, 7.7514286, 0.26933143
8.590717, 7.5854416, 0.29222295
8.615288, 7.5756817, 0.252254
8.601353, 7.584458, 0.26399618
8.608893, 7.583467, 0.24789873
8.610015, 7.595018, 0.21518171
8.622756, 7.583316, 0.20711084
8.627998, 7.5639853, 0.24435692
8.626196, 7.570882, 0.23088728
8.420612, 7.7626853, 0.27095884
8.415955, 7.774786, 0.25132522
8.402748, 7.785983, 0.2563047
8.640634, 7.5608034, 0.22148232
8.636823, 7.5746517, 0.19496576
8.654997, 7.5513105, 0.21087131
8.671663, 7.5422564, 0.2012335
8.390774, 7.8100543, 0.22683188
8.482232, 7.7026763, 0.2692711
8.488302, 7.715024, 0.21521883
8.5321455, 7.6735687, 0.21219356
8.452029, 7.7309504, 0.27284476
8.408095, 7.756114, 0.23806356
8.354126, 7.8365993, 0.22446162
8.64459, 7.5449915, 0.252781
8.344158, 7.8465667, 0.20674317
8.343175, 7.847549, 0.23413773
8.350698, 7.8400526, 0.18919982
8.651395, 7.5465584, 0.29778552
8.583491, 7.608096, 0.24702784
8.658727, 7.5304484, 0.25119328
8.653216, 7.557983, 0.19796215
8.606313, 7.607459, 0.19214723
8.59775, 7.5978723, 0.2381024
8.611768, 7.5888124, 0.22691187
8.593029, 7.614015, 0.2079713
8.511252, 7.6723886, 0.26804596
8.635012, 7.5707355, 0.20955636
8.567778, 7.631007, 0.22673336
8.491146, 7.701349, 0.2436331
8.533145, 7.6653523, 0.23280464
8.619589, 7.5940733, 0.18704376
8.446229, 7.7521067, 0.2325025
8.616512, 7.5668173, 0.2722537
8.353531, 7.837221, 0.19413081
8.669031, 7.546634, 0.19151399
8.538719, 7.6534576, 0.24790436
8.378302, 7.797853, 0.28911102
8.541915, 7.642935, 0.2672292
8.466703, 7.718032, 0.26890922
8.651944, 7.5626116, 0.18913004
8.486426, 7.6919956, 0.2868567
8.430179, 7.7631893, 0.24486588
8.64692, 7.5347877, 0.27357116
8.3985195, 7.794506, 0.24496046
8.620613, 7.5906506, 0.19337326
8.545513, 7.665686, 0.1991772
8.608164, 7.6013317, 0.20340748
8.40432, 7.8030996, 0.20731635
8.499243, 7.6767626, 0.28722978
8.658679, 7.5366035, 0.23996064
8.5488615, 7.6442194, 0.24645552
8.531062, 7.6823463, 0.19855747
8.515426, 7.6913323, 0.20814109
8.385247, 7.8041363, 0.25462264
8.509342, 7.678346, 0.25734186
8.5487585, 7.6559477, 0.21626164
8.389638, 7.793055, 0.2719702
8.492757, 7.696659, 0.25178176
8.432381, 7.7574396, 0.2542117
8.51513, 7.659746, 0.29120356
8.649508, 7.5494666, 0.2290939
8.661427, 7.5301886, 0.21363892
8.551936, 7.6317754, 0.29280567
8.391296, 7.811692, 0.21864367
8.338236, 7.8524866, 0.19647135
8.525654, 7.660684, 0.2620687
8.508659, 7.6681237, 0.20231885
8.425929, 7.7666535, 0.2371748
8.56949, 7.6177263, 0.25697815
8.536894, 7.6592507, 0.23745494
8.429764, 7.7519603, 0.29304183
8.39841, 7.816632, 0.18720989
