9.154438, 8.191415, 0.48797375
9.154945, 8.182151, 0.5110819
9.139052, 8.191193, 0.52927095
9.170532, 8.178711, 0.47902825
9.171137, 8.166219, 0.51041895
9.186774, 8.164713, 0.473225
9.1388855, 8.195858, 0.51738167
9.137288, 8.2066345, 0.49317878
9.124725, 8.215091, 0.50416046
9.137168, 8.18293, 0.5560695
9.15515, 8.166563, 0.5516871
9.139145, 8.179726, 0.5592734
9.106405, 8.231385, 0.5098188
9.107317, 8.206893, 0.5720268
9.107003, 8.221874, 0.5333188
9.123201, 8.193176, 0.56604093
9.139047, 8.175755, 0.5700274
9.187344, 8.151193, 0.5074198
9.203464, 8.142265, 0.4886475
9.187206, 8.156044, 0.4949607
9.203058, 8.151142, 0.46629888
9.171208, 8.152485, 0.54647154
9.187388, 8.14201, 0.5315218
9.138863, 8.168652, 0.5897479
9.170848, 8.14314, 0.572108
9.187237, 8.135908, 0.54803866
9.203544, 8.12607, 0.53117234
9.07476, 8.256927, 0.5267337
9.091265, 8.23227, 0.54779285
9.091841, 8.246915, 0.51397
9.093212, 8.218658, 0.5863936
9.075399, 8.246904, 0.5514708
9.219864, 8.115021, 0.51758385
9.219795, 8.111917, 0.5259695
9.236161, 8.115585, 0.47357285
9.074251, 8.262619, 0.5130623
9.043347, 8.282352, 0.5436709
9.058315, 8.277269, 0.51698977
9.042808, 8.288153, 0.52981013
9.044019, 8.271897, 0.5694426
9.052113, 8.267287, 0.5953373
9.027275, 8.285647, 0.5733578
9.025702, 8.303794, 0.5295316
9.012163, 8.296566, 0.5867469
8.972859, 8.349764, 0.55082214
8.964093, 8.351301, 0.57051176
8.961556, 8.369669, 0.5288024
9.202888, 8.112657, 0.5683222
9.216883, 8.128245, 0.49052078
9.0589485, 8.27056, 0.5330184
9.219179, 8.099913, 0.5592787
9.026527, 8.295794, 0.54850894
9.069305, 8.236259, 0.50364053
9.170381, 8.1808195, 0.4738527
9.170604, 8.138337, 0.5857629
8.994794, 8.327667, 0.5498822
9.127456, 8.186789, 0.5917184
8.990101, 8.330493, 0.53666466
9.187352, 8.139556, 0.5381062
9.122996, 8.206877, 0.530432
9.059779, 8.257173, 0.5661036
9.155115, 8.176721, 0.5249838
9.219357, 8.13856, 0.45684907
9.107193, 8.217081, 0.5454844
8.946824, 8.374063, 0.5546301
8.979797, 8.336021, 0.5683728
9.236503, 8.111074, 0.48565406
9.219522, 8.1353, 0.4650109
9.170729, 8.175466, 0.48707786
9.154921, 8.158778, 0.5728442
9.205421, 8.133915, 0.5055722
9.123153, 8.201868, 0.54323465
9.09212, 8.243382, 0.5225377
9.235862, 8.123509, 0.45348033
9.010004, 8.31766, 0.5352215
9.154634, 8.153645, 0.5871686
9.059985, 8.247772, 0.59034175
8.995608, 8.319646, 0.5688987
8.947156, 8.368424, 0.5667972
9.122096, 8.221383, 0.49452102
9.171242, 8.161379, 0.52291816
9.186791, 8.127155, 0.57232445
9.027556, 8.279459, 0.58896905
9.108753, 8.200628, 0.59182125
9.154147, 8.195338, 0.47838092
9.2430525, 8.129367, 0.45007122
8.988717, 8.326604, 0.56914234
9.075584, 8.242266, 0.56321365
9.042342, 8.292637, 0.51925135
9.155046, 8.179541, 0.51773095
8.921653, 8.400479, 0.5223339
8.924181, 8.398373, 0.5297018
9.091482, 8.221903, 0.57456326
9.222295, 8.0903015, 0.59537965
9.010748, 8.310813, 0.5513555
8.947996, 8.361396, 0.58314216
9.075708, 8.236219, 0.57885015
9.171256, 8.155818, 0.5375522
8.962816, 8.36148, 0.54703313
