8.72398, 8.739563, 0.44500703
8.736166, 8.708682, 0.45138517
8.706574, 8.644581, 0.45938057
8.763802, 8.649927, 0.4671459
8.786867, 8.667106, 0.46823844
8.824954, 8.65573, 0.47925302
8.837261, 8.664929, 0.47984198
8.840195, 8.6671295, 0.47997543
8.851131, 8.675327, 0.4804825
8.848795, 8.600053, 0.4942422
8.871757, 8.655054, 0.4864113
8.890153, 8.668805, 0.48729122
8.869682, 8.615585, 0.49525514
8.924985, 8.694923, 0.48892236
8.934051, 8.663645, 0.49831903
8.927765, 8.658903, 0.49807513
8.865452, 8.725996, 0.47188017
8.964005, 8.651332, 0.504772
8.923724, 8.621355, 0.5028
8.9379835, 8.5954895, 0.5122598
8.937553, 8.561751, 0.51719993
8.894276, 8.529937, 0.5150415
8.90933, 8.574268, 0.5108765
8.85239, 8.753407, 0.46640098
8.961286, 8.612747, 0.5134338
8.949585, 8.570618, 0.5177882
8.977133, 8.590925, 0.5191689
8.966812, 8.548122, 0.5273042
8.909522, 8.506176, 0.52438575
8.889101, 8.491259, 0.5233465
8.953903, 8.506237, 0.5315831
8.802023, 8.757742, 0.4545628
8.811321, 8.764736, 0.45497346
8.8368025, 8.783843, 0.45620102
8.981786, 8.59436, 0.519399
9.001801, 8.609156, 0.5203786
8.963077, 8.5129175, 0.5320576
9.010468, 8.547483, 0.53450406
8.997626, 8.538112, 0.5338357
8.974224, 8.48896, 0.53760123
8.791866, 8.78936, 0.44903702
8.813192, 8.805352, 0.45004514
9.020696, 8.587861, 0.5297704
8.826199, 8.583286, 0.4931375
8.907258, 8.643595, 0.49707082
8.8100395, 8.684392, 0.46934965
8.8179245, 8.650476, 0.47892204
8.944618, 8.636915, 0.50379133
9.015221, 8.518665, 0.5397639
8.994413, 8.603694, 0.52001595
8.813609, 8.724246, 0.46458733
8.839362, 8.743616, 0.46576992
8.777381, 8.697155, 0.46284404
8.947664, 8.602646, 0.51276475
8.800612, 8.6021, 0.4829697
8.876258, 8.694149, 0.4817007
8.90104, 8.676983, 0.48777026
8.918817, 8.690298, 0.48862374
8.80199, 8.678351, 0.46899912
8.943177, 8.670456, 0.4987843
8.831251, 8.624844, 0.48447976
8.993734, 8.567913, 0.5286222
8.795345, 8.752751, 0.45423737
8.869042, 8.580818, 0.5000955
8.854978, 8.718039, 0.47149464
9.021606, 8.5556345, 0.535057
