5.795583, 6.8699408, 0.15051228
5.768138, 6.8726215, 0.14928104
5.7853236, 6.892009, 0.15029763
5.7874494, 6.8501663, 0.14987831
5.7690983, 6.8285613, 0.14975312
5.793564, 6.8302603, 0.14989528
5.8088584, 6.8332872, 0.15064397
5.8317785, 6.846552, 0.1500303
5.750066, 6.8503847, 0.1500481
5.810822, 6.867394, 0.14971745
5.811262, 6.8510733, 0.150086
5.749645, 6.8254647, 0.14973265
5.7520347, 6.807808, 0.14961463
5.786918, 6.810319, 0.14932555
5.811182, 6.810074, 0.15041958
5.828425, 6.8306475, 0.14963734
5.8523083, 6.867082, 0.14940631
5.847938, 6.850077, 0.15019935
5.8715215, 6.846902, 0.15006563
5.792929, 6.790981, 0.14932153
5.7258344, 6.8108325, 0.15034717
5.767366, 6.7905564, 0.15003729
5.8083944, 6.7890644, 0.14997691
5.848388, 6.810046, 0.15027218
5.829459, 6.7899795, 0.15017821
5.8695025, 6.8296432, 0.1496807
5.733551, 6.789084, 0.1503951
5.748634, 6.7717853, 0.15023471
5.7730885, 6.7682695, 0.14997411
5.7889495, 6.769088, 0.14965793
5.709362, 6.790856, 0.1494599
5.7274184, 6.770869, 0.14992413
5.812725, 6.7701077, 0.14987688
5.8511066, 6.789851, 0.15006989
5.8707356, 6.809774, 0.14940664
5.8708143, 6.7904663, 0.14996058
5.890611, 6.809321, 0.15038688
5.769115, 6.7509823, 0.14956176
5.7311087, 6.751383, 0.14982156
5.7128315, 6.7656693, 0.14939022
5.752089, 6.744365, 0.15055421
5.7920146, 6.750018, 0.14998056
5.8089447, 6.7486815, 0.14937475
5.687847, 6.789455, 0.15033785
5.691265, 6.8124785, 0.15004604
5.8495207, 6.772052, 0.14969124
5.829198, 6.7508373, 0.15030259
5.868305, 6.7712946, 0.1505594
5.889764, 6.7904673, 0.14999449
5.850581, 6.7495193, 0.14965932
5.708794, 6.751861, 0.15022212
5.773095, 6.7253513, 0.14945711
5.729623, 6.7308555, 0.14949329
5.789051, 6.7304826, 0.1500776
5.8103685, 6.7293167, 0.14912371
5.6926274, 6.747223, 0.15002847
5.670465, 6.7712874, 0.14950615
5.711485, 6.726502, 0.15047503
5.8279157, 6.7291284, 0.14987369
5.848911, 6.732009, 0.15037642
5.8897653, 6.7726293, 0.14965662
5.9090257, 6.7914505, 0.15024614
5.8911595, 6.747225, 0.1496772
5.9103823, 6.7682924, 0.15042259
5.7499895, 6.708016, 0.1499548
5.78936, 6.7070193, 0.14972135
5.768436, 6.7121177, 0.15033896
5.70715, 6.711416, 0.15011922
5.8103657, 6.709907, 0.14971446
5.8309517, 6.709815, 0.14965987
5.8701367, 6.7276287, 0.14959213
5.8509912, 6.7074537, 0.15047668
5.889119, 6.726364, 0.15048769
5.90954, 6.752298, 0.15011618
5.9289904, 6.772684, 0.1493741
5.692032, 6.7105355, 0.14956804
5.6704583, 6.7331176, 0.14908084
5.7696376, 6.6889377, 0.15043457
5.7127357, 6.688086, 0.1500065
5.7286887, 6.693038, 0.15029152
5.808419, 6.689356, 0.15020034
5.8289804, 6.6912713, 0.14907788
5.671542, 6.7097087, 0.14959787
5.6494718, 6.7468257, 0.15016092
5.631304, 6.7500763, 0.14956833
5.6878095, 6.6909842, 0.14917967
5.867256, 6.6914997, 0.150326
5.8890386, 6.708732, 0.15029182
5.909531, 6.729722, 0.14971885
5.932565, 6.7490273, 0.14984117
5.9116683, 6.709419, 0.1494585
5.929338, 6.729685, 0.15065223
5.950142, 6.751343, 0.15014042
5.732198, 6.6682363, 0.15043812
5.7901235, 6.6694355, 0.1499426
5.692837, 6.666318, 0.14914872
5.668147, 6.6880207, 0.15012188
5.706666, 6.6705456, 0.14955749
5.830225, 6.669104, 0.14939748
5.8499336, 6.6732574, 0.14977556
5.88982, 6.6893654, 0.14990966
5.8707466, 6.6679206, 0.1505407
5.905944, 6.6937013, 0.15046152
5.930686, 6.7109237, 0.1502827
5.948902, 6.7323546, 0.14963311
5.652195, 6.687243, 0.14958893
5.6465917, 6.711565, 0.14967616
5.630856, 6.7320237, 0.14939179
5.630293, 6.708301, 0.14972146
5.7697706, 6.6522903, 0.14985034
5.7486935, 6.649522, 0.15005244
5.7128344, 6.6473613, 0.14945722
5.808729, 6.6520085, 0.14952229
5.8289347, 6.650691, 0.15017135
5.850458, 6.6509476, 0.14935188
5.627156, 6.68933, 0.15030129
5.648513, 6.6733603, 0.14931063
5.6147933, 6.7284546, 0.15042707
5.609665, 6.710167, 0.15008189
5.870137, 6.650522, 0.15014367
5.8883886, 6.651591, 0.15023474
5.9121737, 6.6687803, 0.1504258
5.8900676, 6.674406, 0.14959571
5.9305844, 6.6894636, 0.14976607
5.9331036, 6.668846, 0.1494558
5.950082, 6.689754, 0.15065701
5.970243, 6.708156, 0.15003842
5.9905095, 6.728715, 0.14947492
5.7295337, 6.628622, 0.14975725
5.7497826, 6.627774, 0.15045379
5.7090154, 6.632925, 0.14912608
5.768933, 6.6311746, 0.14930756
5.789919, 6.6336246, 0.15022345
5.811631, 6.627784, 0.14974107
5.69238, 6.6283097, 0.15015848
5.829131, 6.6329827, 0.14998886
5.8519506, 6.6279488, 0.14941545
5.8695216, 6.632279, 0.14972699
5.911493, 6.6470594, 0.14988038
5.892746, 6.626652, 0.15053913
5.9474716, 6.6723323, 0.15009274
5.926904, 6.652143, 0.15057018
5.968893, 6.690487, 0.14950813
5.9910703, 6.708804, 0.14896035
5.6090503, 6.6718063, 0.14966193
5.790682, 6.6121593, 0.14993677
5.7715263, 6.607865, 0.14951
5.7504044, 6.6110754, 0.1501222
5.7311673, 6.610226, 0.14953378
5.710634, 6.6097136, 0.14959817
5.808767, 6.609289, 0.15055127
5.8284326, 6.6116266, 0.14954503
5.8495345, 6.606854, 0.15024729
5.8694096, 6.61172, 0.14927413
5.6462035, 6.630967, 0.15032083
5.9101954, 6.631531, 0.14945306
5.890323, 6.6074643, 0.1499916
5.929197, 6.631934, 0.15024625
5.948973, 6.650547, 0.14959422
5.9693203, 6.670556, 0.15019032
5.972481, 6.6478343, 0.15052502
5.985883, 6.690325, 0.14999878
5.993106, 6.668652, 0.14999042
6.010976, 6.6888294, 0.14930986
5.7501693, 6.591529, 0.14981289
5.7686563, 6.589662, 0.15048476
5.789034, 6.591851, 0.14951226
5.8099675, 6.5910664, 0.15024741
5.833138, 6.5869603, 0.14973749
5.8704143, 6.589576, 0.14966522
5.9290986, 6.6110663, 0.14970702
5.908409, 6.592194, 0.1503263
5.9912267, 6.6525397, 0.1495311
5.9509964, 6.6082435, 0.15050697
5.790726, 6.568901, 0.149752
5.769779, 6.5716066, 0.15020664
5.808793, 6.572821, 0.14985026
5.7510324, 6.570895, 0.14956711
5.8314285, 6.56605, 0.15051834
5.849386, 6.571478, 0.14948568
5.8715734, 6.5675874, 0.15020466
5.891559, 6.571752, 0.14918977
5.9332733, 6.5895014, 0.14971966
5.9107156, 6.570728, 0.14987102
5.945763, 6.594436, 0.14992014
5.7688675, 6.551655, 0.14982355
5.789475, 6.5487275, 0.150455
5.808719, 6.5520296, 0.1494419
5.83022, 6.5479527, 0.15009445
5.846781, 6.551265, 0.15033838
5.8872747, 6.551562, 0.15022415
5.871295, 6.5475874, 0.14973015
5.9278946, 6.570511, 0.15050898
5.908582, 6.5518084, 0.14931326
5.7901716, 6.529295, 0.15010709
5.8086543, 6.5304365, 0.15010545
5.748367, 6.5303097, 0.14972787
5.82892, 6.529071, 0.1496526
5.8505735, 6.529661, 0.15039606
5.8714943, 6.5295763, 0.14953187
5.8902535, 6.5315313, 0.15000506
5.809607, 6.509925, 0.1503517
5.8328147, 6.5092015, 0.14943478
5.8497934, 6.5110455, 0.14994918
5.87035, 6.507764, 0.15055166
5.7910414, 6.489362, 0.14936103
5.8509846, 6.4902773, 0.14951633
5.868768, 6.4908667, 0.15009265
5.885891, 6.4922915, 0.15048233
5.8677177, 6.4696403, 0.14955443
5.830113, 6.4499774, 0.14970458
5.73021, 6.647954, 0.15006804
5.9678283, 6.7915964, 0.14990997
5.950041, 6.770985, 0.14955933
5.889399, 6.8292427, 0.1506845
5.8486786, 6.8930254, 0.14959705
5.8081894, 6.451887, 0.14911395
5.6891956, 6.7713704, 0.1501808
5.907886, 6.611523, 0.15049951
5.951573, 6.6299944, 0.14981134
5.7502956, 6.6886406, 0.1496862
5.731993, 6.8308496, 0.15012309
5.687801, 6.652723, 0.14999615
5.651885, 6.728638, 0.15004085
5.667964, 6.74967, 0.14917943
5.9698462, 6.629606, 0.14989898
5.9124565, 6.808835, 0.14947614
5.710024, 6.8048506, 0.14964636
5.8507566, 6.589862, 0.1499312
5.670067, 6.6700706, 0.14996888
5.8699865, 6.751355, 0.15026857
5.8900895, 6.589454, 0.14955653
5.687979, 6.7302246, 0.1496622
5.8097925, 6.6717978, 0.14981534
5.670161, 6.7882857, 0.14967468
5.952639, 6.7100863, 0.1497882
5.8487005, 6.689596, 0.14984663
5.8726907, 6.709261, 0.14954795
5.9315624, 6.786798, 0.14997554
5.770472, 6.6705966, 0.15017322
5.78917, 6.6492267, 0.15053186
5.750083, 6.7309947, 0.1502855
5.969818, 6.7298684, 0.14958204
5.8049293, 6.9111795, 0.14958122
5.8801594, 6.47924, 0.15017325
5.8872814, 6.51272, 0.1494381
5.6696587, 6.65166, 0.1497231
5.790889, 6.6913505, 0.14952685
5.730665, 6.707319, 0.14959258
5.8918343, 6.8687425, 0.14947613
5.850212, 6.4511433, 0.1503226
6.026713, 6.6778607, 0.14968374
5.747429, 6.8687167, 0.15000212
5.7136054, 6.8277607, 0.15004618
5.950458, 6.790163, 0.14870885
6.0103135, 6.6683874, 0.14936058
5.7302203, 6.8489003, 0.14981937
5.905789, 6.530534, 0.14996564
6.030578, 6.6927085, 0.15032189
5.9880486, 6.770064, 0.15043344
5.8298416, 6.7678847, 0.15061578
5.9028907, 6.5116153, 0.14993101
5.7505126, 6.6713414, 0.14943619
5.9827113, 6.638088, 0.15068294
5.590082, 6.687987, 0.1496683
5.9658403, 6.6178865, 0.1494042
5.729753, 6.5909443, 0.14901884
5.8143535, 6.8893843, 0.1497702
5.6320667, 6.6269436, 0.14984536
5.654633, 6.7690783, 0.14936066
5.850212, 6.8264804, 0.15062559
5.753355, 6.785273, 0.1493813
5.952742, 6.8083987, 0.1491592
5.772341, 6.80852, 0.15000686
5.773378, 6.8450437, 0.1491815
5.8323817, 6.806491, 0.14945298
5.8329296, 6.8845406, 0.15062761
5.8521113, 6.90648, 0.149962
5.67859, 6.8048735, 0.15015537
5.770192, 6.8875456, 0.14946066
5.9330244, 6.829572, 0.1490456
5.7897024, 6.906834, 0.15068163
5.7913475, 6.468419, 0.14926095
6.028751, 6.731717, 0.14928992
5.924998, 6.550639, 0.14987172
6.007036, 6.6539392, 0.15016258
5.8311677, 6.9102106, 0.15019868
5.88811, 6.8506465, 0.15022632
5.828882, 6.871211, 0.15024161
5.6290994, 6.7616396, 0.14817661
5.865117, 6.45284, 0.14993592
5.5987644, 6.721796, 0.1498538
