6.3704786, 4.828927, 0.44982103
6.391374, 4.830251, 0.44982383
6.3526406, 4.8083105, 0.44982287
6.39398, 4.865958, 0.4498342
6.3762236, 4.8436203, 0.44984442
6.388548, 4.8516293, 0.44980305
6.4133973, 4.8479123, 0.44980222
6.407649, 4.871788, 0.449805
6.427922, 4.8920126, 0.44980985
6.4325533, 4.8682075, 0.44984025
6.3463416, 4.8923945, 0.44981688
6.414348, 4.8871145, 0.44985363
6.329211, 4.8708324, 0.44982418
6.4335146, 4.9083223, 0.44981048
6.4500823, 4.890316, 0.44984537
6.450468, 4.9296966, 0.4498132
6.4675145, 4.9120693, 0.44978878
6.453014, 4.907701, 0.44976357
6.354927, 4.907445, 0.44984597
6.3360157, 4.925173, 0.44958776
6.310368, 4.89016, 0.4497657
6.327641, 4.911214, 0.44956
6.3101554, 4.8698483, 0.44982904
6.345146, 4.933366, 0.44958743
6.3737283, 4.92699, 0.4498406
6.330284, 4.889527, 0.4498092
6.4555097, 4.945366, 0.44983554
6.474637, 4.925145, 0.44981837
6.4918604, 4.9469047, 0.44983304
6.4671974, 4.950886, 0.4498422
6.4745827, 4.9657173, 0.44983062
6.365419, 4.953665, 0.44970432
6.353707, 4.9476786, 0.44964945
6.3049374, 4.974475, 0.4497711
6.286972, 4.952019, 0.44982663
6.3723297, 4.968429, 0.44981983
6.3913755, 4.949092, 0.44980213
6.389451, 4.9697766, 0.44983009
6.42661, 4.993514, 0.4498083
6.409062, 4.971508, 0.44983822
6.5086007, 4.9918175, 0.44986853
6.5120373, 4.968195, 0.44979396
6.494536, 4.9878817, 0.44977775
6.3886895, 4.98911, 0.44983864
6.3242126, 4.9959292, 0.4498346
6.271042, 4.9687915, 0.44983086
6.28979, 4.989831, 0.44978818
6.3121586, 5.009101, 0.44983822
6.272232, 4.9488378, 0.4498407
6.3089485, 4.991534, 0.44981295
6.327123, 5.013544, 0.44984138
6.2901163, 4.968866, 0.44983608
6.2516613, 4.9291644, 0.44981182
6.2662997, 4.9336367, 0.44979548
6.252732, 4.968412, 0.44984487
6.4076853, 4.9927435, 0.44982672
6.406801, 5.011767, 0.4497907
6.4344225, 5.0073824, 0.4497783
6.4242682, 5.0341063, 0.44988516
6.531407, 4.9892187, 0.4499092
6.548782, 5.0105906, 0.44977146
6.532565, 5.008094, 0.44980195
6.5299225, 5.0299215, 0.44983983
6.5130825, 5.008694, 0.44983828
6.3480268, 5.0306015, 0.44980168
6.331308, 5.0295506, 0.44981778
6.230848, 4.94955, 0.44981572
6.269614, 5.0082226, 0.44981137
6.2271547, 4.972894, 0.44986197
6.2473855, 4.993927, 0.44979012
6.270859, 5.027897, 0.44983914
6.2909117, 5.0293303, 0.4498396
6.288964, 5.0506206, 0.44980976
6.312419, 5.0466, 0.44979852
6.352137, 5.04699, 0.44982678
6.20924, 4.9897623, 0.4498352
6.227142, 5.0121493, 0.44977888
6.4324613, 5.0473914, 0.44978425
6.4443746, 5.0535917, 0.4498289
6.4517097, 5.068457, 0.44981906
6.4714184, 5.049453, 0.4496585
6.4702597, 5.0706377, 0.44955605
6.3703294, 5.0697947, 0.44978976
6.350062, 5.0684505, 0.44983786
6.3668327, 5.05287, 0.44989133
6.3085, 5.071214, 0.44987747
6.191534, 4.9278927, 0.44982556
6.190984, 4.970193, 0.44980815
6.2311883, 5.029077, 0.44981703
6.2697477, 5.0693717, 0.4497833
6.3259177, 5.0930815, 0.4498513
6.385972, 5.073801, 0.4498483
6.3705707, 5.0888944, 0.44984648
6.4691005, 5.090466, 0.44984612
6.4886637, 5.071248, 0.44967687
6.48719, 5.1131606, 0.4498171
6.3931746, 5.107567, 0.44983464
6.3880873, 5.091172, 0.4497854
6.3503976, 5.109951, 0.4497891
6.290972, 5.1082997, 0.44981244
6.3069296, 5.1128497, 0.44982976
6.350998, 5.12883, 0.4498217
6.4067717, 5.112076, 0.44987822
6.3726354, 5.1284046, 0.44987172
6.503492, 5.133956, 0.44988972
6.4279613, 5.131906, 0.44980118
6.411999, 5.128628, 0.4498217
6.388288, 5.171744, 0.44987231
6.4058642, 5.1936407, 0.44979194
6.368246, 5.1901402, 0.4498369
6.447347, 5.154143, 0.44983447
6.207602, 4.9301033, 0.44981954
6.506073, 5.0933948, 0.44973603
6.3897734, 4.81038, 0.44981492
6.36893, 5.151395, 0.4498108
6.244766, 4.8958077, 0.44983277
6.5470195, 5.051423, 0.44982854
6.5343547, 5.047466, 0.44975537
6.291425, 4.86981, 0.4498267
6.3952937, 5.0034485, 0.4498208
6.3108635, 4.8476534, 0.44980755
6.291435, 5.008753, 0.44982797
6.3710227, 4.7905703, 0.44981408
6.2493258, 5.088935, 0.4498381
6.4085026, 5.1513853, 0.4497829
6.431869, 5.1475444, 0.44985062
6.388712, 5.1313987, 0.44984707
6.48855, 4.970423, 0.449812
6.3537407, 5.08727, 0.4498284
6.4944353, 5.08694, 0.44986832
6.2738004, 4.9863663, 0.44977698
6.5142474, 5.1072006, 0.44956067
6.4944334, 5.1270795, 0.44983643
6.2469697, 4.9527035, 0.4498229
6.4142427, 5.0261636, 0.44987646
6.3715, 5.109646, 0.44982752
6.4766016, 5.105757, 0.44977692
6.3265405, 5.052918, 0.44980508
6.270484, 5.088801, 0.4498929
6.405594, 4.933334, 0.449771
6.3313394, 5.108356, 0.4498267
6.3098893, 5.0920153, 0.44977868
6.4504857, 4.990018, 0.44980243
6.2291803, 4.9904823, 0.44983506
6.33075, 4.849531, 0.44982204
6.405053, 5.0946984, 0.44986403
6.3667045, 4.812753, 0.4498005
6.3108406, 4.8280897, 0.4498294
6.3929954, 4.927932, 0.44981128
6.4681106, 5.012551, 0.44989184
6.387731, 4.911009, 0.449822
6.410778, 4.9503703, 0.44981986
6.368258, 4.8917675, 0.44982332
6.370997, 4.909163, 0.449852
6.351409, 4.8704557, 0.44980136
6.248921, 5.070636, 0.44979385
6.3330593, 4.7873816, 0.44983214
6.2524037, 5.0087852, 0.44979468
6.3259897, 4.8331833, 0.44981623
6.484358, 5.032606, 0.44977558
6.306983, 5.153108, 0.44980064
6.4495854, 5.1698475, 0.44984382
6.4725847, 5.0282173, 0.4498088
6.430951, 4.9708467, 0.44984454
6.4912186, 5.046827, 0.4498538
6.3420796, 5.0152626, 0.44984013
6.285087, 4.854136, 0.44979393
6.4506564, 5.009422, 0.44981802
6.5098763, 5.0702553, 0.44983047
6.433339, 5.1873717, 0.4497648
6.3312106, 4.771707, 0.4484689
6.208154, 5.033522, 0.4498049
6.329346, 5.1719723, 0.4497899
6.5259356, 4.974848, 0.44975823
6.454947, 5.026334, 0.4498558
6.2096415, 4.970865, 0.4498182
6.268998, 5.049681, 0.4498289
6.446653, 4.875141, 0.44981128
6.428814, 4.852675, 0.44981492
6.288555, 5.070319, 0.4498218
6.53052, 5.091, 0.44983733
6.308267, 4.8109345, 0.44983977
6.487768, 4.930846, 0.4498301
6.507592, 4.951999, 0.4498283
6.409089, 4.8316402, 0.44981474
6.5545125, 4.9257383, 0.44984022
6.5732837, 4.947299, 0.44979012
6.4933515, 4.8468895, 0.44987017
6.4740424, 4.8242903, 0.44982928
6.548679, 4.910857, 0.4498399
6.565787, 4.8914685, 0.44982365
6.5831146, 4.953926, 0.44975805
6.585867, 4.9135656, 0.44983354
6.5760965, 4.9045153, 0.44983712
6.594045, 4.927048, 0.44981602
6.565914, 4.9325275, 0.4498275
6.531743, 4.8893647, 0.44980183
6.546847, 4.8932753, 0.4498209
6.6106057, 4.947957, 0.4498261
6.591257, 4.968542, 0.4499036
6.5142226, 4.826523, 0.44983196
6.514087, 4.8672566, 0.44983727
6.486164, 4.831983, 0.44981596
6.504182, 4.8546743, 0.44981247
6.5321946, 4.8491964, 0.44983816
6.469036, 4.8103533, 0.44980448
6.5262394, 4.875272, 0.4497608
6.452327, 4.7893624, 0.4498208
6.5497894, 4.8710957, 0.4497709
6.6115856, 4.989982, 0.44980285
6.432395, 4.7680383, 0.44982487
6.3668013, 4.7745886, 0.44983053
6.229063, 4.9300895, 0.44980767
6.232164, 4.908252, 0.44982454
6.2091007, 4.9499803, 0.44980985
6.368083, 5.1706915, 0.44987157
6.5518193, 5.0281725, 0.4498375
6.2466617, 5.0330825, 0.44983348
6.3072042, 5.0310583, 0.44983107
6.3345523, 5.065716, 0.44989166
6.5138617, 5.02625, 0.44977835
6.434841, 4.926702, 0.44978648
6.3470073, 4.7921095, 0.4498262
6.2116356, 4.908148, 0.44981396
6.4150805, 5.167216, 0.4498985
6.1494975, 4.97045, 0.4498114
6.396678, 5.1437306, 0.4498065
6.390148, 5.0500364, 0.4498529
6.349032, 5.1505227, 0.44982442
6.372761, 5.027891, 0.44978335
6.310248, 4.9492626, 0.4498276
6.4325724, 5.1096783, 0.4498646
6.292515, 4.926793, 0.44979092
6.4905324, 4.809462, 0.44979554
6.502679, 4.814677, 0.44984466
6.644931, 4.9939885, 0.4498574
6.452004, 5.1278596, 0.44981593
6.370702, 5.0073752, 0.449834
6.413101, 5.068012, 0.4498261
6.328229, 4.953821, 0.44982478
6.388915, 5.0302215, 0.4498032
6.351666, 4.9906383, 0.44983935
6.3347244, 4.969117, 0.44978863
6.4510927, 5.1087337, 0.44984975
6.3082886, 4.928784, 0.44985148
6.345847, 4.9760017, 0.44981846
6.2917857, 4.907828, 0.44980457
6.406673, 5.052587, 0.44979945
6.43026, 5.0895634, 0.44980496
6.4756284, 5.1469746, 0.4498759
6.4692664, 5.131435, 0.44979054
6.4290953, 4.9513407, 0.4498307
6.507964, 5.0505004, 0.44976768
6.5219073, 4.835314, 0.4499065
6.423712, 4.8374095, 0.44978458
6.405493, 4.8145723, 0.44981652
6.5637465, 5.014244, 0.44988108
6.6015973, 4.9352646, 0.44979033
6.3875055, 4.791879, 0.4498095
6.42636, 5.0731025, 0.44980946
6.3433743, 4.854146, 0.4498291
6.5021963, 4.9365263, 0.4498406
6.267832, 4.835515, 0.44849932
6.54731, 4.993453, 0.44986042
6.4833307, 4.9126225, 0.44980666
6.467701, 4.8929424, 0.44981068
6.264396, 4.873393, 0.4498281
6.289164, 5.090485, 0.44983718
6.4640217, 4.7968664, 0.44985285
6.3491507, 5.210604, 0.44838962
6.445395, 4.773218, 0.44980878
6.49148, 5.008497, 0.4498877
6.333619, 4.809343, 0.44982627
6.188159, 4.9131765, 0.44646633
6.189764, 4.949749, 0.44980133
6.4268003, 4.749801, 0.44981274
6.3958173, 4.8878655, 0.44986543
6.3509583, 4.831188, 0.44982523
6.4749804, 4.987322, 0.4497832
6.3699183, 4.8696365, 0.44979465
6.4494886, 4.970065, 0.44983786
6.5724382, 5.0484924, 0.4498456
6.4137816, 4.9103737, 0.44983009
6.2944694, 4.8270397, 0.44982022
6.6051965, 4.975105, 0.4498445
6.572987, 4.96799, 0.44985637
6.599729, 5.0019264, 0.4499167
6.4761715, 4.845926, 0.44984066
6.430693, 4.7885146, 0.44981503
6.447131, 4.80925, 0.44982034
6.169909, 4.988764, 0.44980657
6.457585, 4.8222246, 0.4497696
6.5379167, 4.923735, 0.4498408
6.495096, 4.8697886, 0.4498445
6.5910716, 4.990455, 0.44977367
6.510124, 4.8884573, 0.449776
6.4021688, 4.718832, 0.4498303
6.412314, 4.765365, 0.44981772
6.5554557, 4.945701, 0.44980636
6.5271425, 4.910115, 0.44982985
6.368414, 4.9900575, 0.4498437
6.522495, 4.958501, 0.44981068
6.3917093, 4.7132587, 0.44893426
6.447897, 5.090266, 0.44985735
6.4429483, 4.858259, 0.44981056
6.289525, 4.890552, 0.44981652
6.3514442, 4.769911, 0.44982058
6.583669, 5.036003, 0.4499184
6.3061314, 4.911478, 0.44981635
6.407076, 4.7323017, 0.44981158
