6.589825, 6.4295573, 0.5994091
6.572404, 6.409933, 0.59962165
6.6287613, 6.447652, 0.59942466
6.5920553, 6.4871984, 0.59993774
6.573318, 6.494535, 0.5998181
6.5935206, 6.4084115, 0.5998602
6.612468, 6.427385, 0.5996572
6.5654097, 6.476621, 0.59991646
6.55187, 6.4676666, 0.5999344
6.5332413, 6.4728575, 0.5998293
6.5489, 6.492498, 0.59976923
6.6098175, 6.5074887, 0.59985346
6.5898166, 6.5136952, 0.5997695
6.6492085, 6.4655905, 0.5992877
6.631532, 6.4119406, 0.6001845
6.552286, 6.3889203, 0.5998595
6.530637, 6.4068575, 0.59930927
6.595338, 6.367341, 0.5997052
6.572249, 6.370847, 0.599318
6.5300837, 6.3902817, 0.5996174
6.677962, 6.424253, 0.5992356
6.6709948, 6.466243, 0.59946626
6.648829, 6.4313927, 0.5999391
6.664056, 6.4501166, 0.5997049
6.571116, 6.531731, 0.5997201
6.566644, 6.513645, 0.59973174
6.510822, 6.4490485, 0.59992373
6.5132537, 6.4246807, 0.6001846
6.52678, 6.490604, 0.5997378
6.531224, 6.507442, 0.59971356
6.552779, 6.528417, 0.599723
6.6294417, 6.388929, 0.59955734
6.606647, 6.3793926, 0.5995099
6.509004, 6.48896, 0.5997183
6.5078835, 6.4695354, 0.59978175
6.4864235, 6.4705086, 0.5997416
6.4901323, 6.449017, 0.5998515
6.4890146, 6.432584, 0.59997445
6.6458282, 6.512639, 0.59995496
6.6527243, 6.5335865, 0.5998303
6.6261516, 6.5279584, 0.5997855
6.668599, 6.4929814, 0.6002889
6.610654, 6.5474415, 0.59971786
6.5923195, 6.551791, 0.59972644
6.692964, 6.487573, 0.5992859
6.5697093, 6.548933, 0.5997512
6.664175, 6.4137487, 0.59933156
6.648171, 6.3947544, 0.5996376
6.510529, 6.373016, 0.59978604
6.550265, 6.350726, 0.59959155
6.4903197, 6.388268, 0.59930533
6.5961175, 6.3302817, 0.59971774
6.570353, 6.332104, 0.5992717
6.6053786, 6.334972, 0.5997013
6.6296597, 6.350104, 0.59956706
6.510194, 6.345722, 0.5992304
6.70749, 6.42402, 0.5995814
6.688234, 6.3863196, 0.59926975
6.7124863, 6.447565, 0.5994416
6.686944, 6.512227, 0.6001704
6.5875764, 6.568996, 0.599796
6.469593, 6.429361, 0.5999286
6.468129, 6.450578, 0.5997835
6.471774, 6.4065237, 0.6001729
6.669609, 6.3700514, 0.59951276
6.4545093, 6.4513626, 0.5977213
6.448534, 6.4313884, 0.5998407
6.4492307, 6.4142666, 0.5999774
6.6480303, 6.550386, 0.59974515
6.6712904, 6.554044, 0.5997761
6.6286216, 6.565603, 0.59972006
6.6545763, 6.567885, 0.5997214
6.6078167, 6.5675616, 0.59974617
6.7070317, 6.508981, 0.60033727
6.726999, 6.4776964, 0.59978306
6.727893, 6.492906, 0.59950095
6.7027225, 6.5391054, 0.5999764
6.669261, 6.3521914, 0.59988105
6.650473, 6.3277054, 0.59955585
6.549499, 6.3102756, 0.5996919
6.509775, 6.3290334, 0.5996911
6.6288815, 6.31082, 0.59983194
6.7298203, 6.38967, 0.5997894
6.7490883, 6.4519105, 0.59938455
6.7495313, 6.410109, 0.59943575
6.732939, 6.4456234, 0.59919
6.707142, 6.350676, 0.5996529
6.7118745, 6.5506444, 0.59992456
6.610327, 6.6073303, 0.59687907
6.6909657, 6.335534, 0.5999404
6.67024, 6.5879364, 0.5997242
6.6923175, 6.5715103, 0.5997536
6.6462135, 6.585553, 0.5997377
6.6320453, 6.6080813, 0.5998996
6.6638536, 6.606457, 0.59977764
6.746626, 6.5130363, 0.59931976
6.6676555, 6.305436, 0.5996336
6.6095185, 6.2726526, 0.5995356
6.646156, 6.2735467, 0.59953535
6.6327314, 6.2668347, 0.59958124
6.5870175, 6.2476826, 0.59958357
6.752764, 6.34313, 0.59963703
6.772211, 6.372447, 0.59994507
6.7869186, 6.4550533, 0.59981227
6.7689238, 6.424664, 0.599272
6.7906427, 6.389051, 0.5996546
6.7305837, 6.3092885, 0.59956133
6.7855725, 6.4925976, 0.5990608
6.713506, 6.5889454, 0.5997335
6.7317286, 6.5870132, 0.5997765
6.753026, 6.5677576, 0.5999595
6.651811, 6.6263766, 0.5999602
6.712123, 6.2950845, 0.59983
6.6903863, 6.6090574, 0.599741
6.6897693, 6.627044, 0.5998188
6.712517, 6.6306944, 0.5997733
6.6947756, 6.6497602, 0.599957
6.7891126, 6.5084624, 0.59980506
6.6910763, 6.2668147, 0.59966576
6.79079, 6.329278, 0.5998296
6.791306, 6.3467836, 0.5994778
6.8119054, 6.4252634, 0.5998924
6.8315964, 6.4474654, 0.5994964
6.8115015, 6.4873605, 0.59930426
6.8035965, 6.4718704, 0.59958786
6.8277984, 6.377053, 0.5996324
6.732915, 6.2698936, 0.5995801
6.7635555, 6.297488, 0.59965724
6.809195, 6.528908, 0.5995113
6.731327, 6.610414, 0.599717
6.7131057, 6.2294874, 0.5997924
6.6930795, 6.2087913, 0.59972024
6.827688, 6.3146467, 0.60012335
6.7931147, 6.2680345, 0.5996129
6.8499165, 6.4102983, 0.5998776
6.850775, 6.464389, 0.59927565
6.7871933, 6.2501593, 0.5997289
6.689566, 6.710363, 0.59929544
6.686748, 6.194212, 0.5996979
6.70757, 6.1654086, 0.59962744
6.4729548, 6.3725305, 0.5994523
6.6722608, 6.187504, 0.5996332
6.466408, 6.352913, 0.5997911
6.6666956, 6.1665263, 0.59963655
6.5296736, 6.283852, 0.6003207
6.686568, 6.133872, 0.5996513
6.729956, 6.74926, 0.59960383
6.712046, 6.793106, 0.5992551
6.688797, 6.793154, 0.59963393
6.747551, 6.8134346, 0.59925556
6.7378554, 6.8235593, 0.599711
6.703442, 6.838844, 0.59907645
6.665352, 6.817968, 0.599076
6.6454306, 6.075445, 0.59523743
6.7730813, 6.8440776, 0.59971005
6.792559, 6.8536325, 0.5996499
6.7261996, 6.868415, 0.5996656
6.691053, 6.8488035, 0.5996652
6.749995, 6.8690195, 0.59920746
6.6522584, 6.827927, 0.5996667
6.6520495, 6.8452015, 0.60031307
6.6860394, 6.0493193, 0.59987265
6.8112783, 6.86679, 0.5997102
6.7674494, 6.8900747, 0.59958804
6.7932186, 6.890637, 0.5990768
6.74491, 6.9164233, 0.5992513
6.7081356, 6.895917, 0.59925437
6.652097, 6.8679585, 0.599321
6.671204, 6.8761196, 0.5992594
6.6309876, 6.855665, 0.5992512
6.628715, 6.873331, 0.59999675
6.6098843, 6.8473673, 0.5993252
6.627815, 6.8960977, 0.5989913
6.6673074, 6.0161533, 0.5997819
6.711836, 6.003301, 0.5998057
6.6521254, 6.0103135, 0.5997422
6.85023, 6.8745036, 0.599258
6.8147573, 6.910487, 0.5993194
6.8297873, 6.912598, 0.59907854
6.781636, 6.937583, 0.59925425
6.7708206, 6.949213, 0.59999585
6.709301, 6.9367003, 0.5989903
6.6878767, 6.9254866, 0.5989905
6.650886, 6.906997, 0.59899086
6.6266894, 6.913782, 0.59975576
6.650301, 6.926899, 0.5998029
6.710186, 6.956574, 0.5998492
6.6692686, 6.950773, 0.59928095
6.590621, 6.850936, 0.59981155
6.5905266, 6.890604, 0.59932286
6.571597, 6.872061, 0.5989915
6.5953755, 6.9027905, 0.5998524
6.61004, 6.935163, 0.5989039
6.7095222, 5.9918637, 0.59948015
6.631535, 5.988799, 0.59991044
6.6911764, 5.9659305, 0.5997084
6.72755, 6.0109644, 0.59990114
6.6267734, 5.973935, 0.5996438
6.872741, 6.9042172, 0.5997114
6.8540983, 6.944184, 0.5996659
6.871003, 6.937849, 0.59908104
6.770002, 6.970149, 0.59899074
6.8051577, 6.969315, 0.5999966
6.7336483, 6.9690504, 0.5998533
6.6897235, 6.9713626, 0.5983857
6.7097187, 6.9867964, 0.59921277
6.745092, 6.9939604, 0.5990931
6.791552, 6.992004, 0.59942144
6.652522, 6.9529085, 0.59890217
6.631067, 6.943631, 0.59890264
6.608616, 6.957919, 0.5998909
6.5888634, 6.9273586, 0.59890324
6.629607, 6.965701, 0.59989065
6.6509895, 6.974356, 0.59988976
6.6870017, 6.990361, 0.59988654
6.57208, 6.8938828, 0.59985185
6.550802, 6.9155216, 0.5989031
6.5684805, 6.9455633, 0.5998893
6.589144, 6.9514847, 0.5998893
6.609972, 5.9470787, 0.5997963
6.588167, 5.993803, 0.5998175
6.666737, 5.934089, 0.5998279
6.6515145, 5.9276247, 0.59975976
6.806991, 6.99156, 0.59899324
6.853939, 6.9898615, 0.599626
6.830747, 6.96981, 0.59937483
6.873171, 6.99283, 0.59925103
6.890876, 6.9670243, 0.5996596
6.7695894, 7.011907, 0.598903
6.7122245, 7.00246, 0.59988856
6.7324567, 7.0131207, 0.5996597
6.687946, 7.0178046, 0.59901077
6.6698003, 7.0101333, 0.5990084
6.712213, 7.028781, 0.5990115
6.77151, 7.033299, 0.59988856
6.629244, 6.9949093, 0.5990109
6.609869, 6.988768, 0.59901303
6.5891395, 6.9832306, 0.5990098
6.567783, 6.978811, 0.5990115
6.5503826, 6.9412913, 0.5998888
6.6492214, 7.027314, 0.60013604
6.52877, 6.9102654, 0.5989026
6.5102015, 6.906977, 0.59890306
6.509817, 6.935942, 0.59989005
6.5296416, 6.9755616, 0.59901124
6.5501847, 6.976464, 0.5990115
6.5917797, 5.933761, 0.5996773
6.632373, 5.9094934, 0.5997605
6.5861845, 5.914111, 0.59984225
6.647157, 5.911971, 0.6001689
6.6281614, 5.8891625, 0.5997222
6.84566, 7.0146627, 0.59899193
6.829827, 7.023878, 0.59984905
6.886961, 7.0331035, 0.5993254
6.9301205, 6.9749045, 0.5990768
6.794057, 7.0457554, 0.5998887
6.749222, 7.0468144, 0.5990115
6.769027, 7.0570197, 0.59901094
6.710088, 7.051111, 0.600136
6.6437917, 7.059469, 0.5993437
6.689851, 7.073488, 0.5993411
6.7033577, 7.0784674, 0.5993409
6.809199, 7.0529003, 0.59981924
6.748048, 7.068722, 0.6001384
6.806818, 7.0774207, 0.59901226
6.830003, 7.0464025, 0.5989048
6.5906453, 7.012165, 0.6001387
6.5686817, 7.0095563, 0.6001379
6.5487375, 7.0091753, 0.60013777
6.5082664, 6.9773083, 0.599011
6.5897665, 7.052042, 0.5993429
6.6108212, 7.053434, 0.5993425
6.6306787, 7.0566144, 0.5993423
6.6702356, 7.0669, 0.5993437
6.4888396, 6.936228, 0.5998896
6.488198, 6.982604, 0.5990112
6.5285373, 7.0117354, 0.60013795
6.511681, 7.016751, 0.6001381
6.5705385, 5.9084215, 0.59978974
6.6107793, 5.874888, 0.5994774
6.865119, 7.0452023, 0.5998495
6.731338, 7.089881, 0.5993415
6.649462, 7.0914917, 0.60062635
6.6290364, 7.088833, 0.60062665
6.7100477, 7.1078563, 0.60062766
6.6931376, 7.1022615, 0.60062766
6.729259, 7.1149793, 0.6006264
6.755684, 7.1007466, 0.5993418
6.7859254, 7.115331, 0.59934324
6.5685678, 7.0533557, 0.5993427
6.551967, 7.0570464, 0.5993421
6.4696984, 6.992419, 0.59901154
6.609419, 7.0883393, 0.6006265
6.588463, 7.0908165, 0.60062695
6.5719156, 7.095944, 0.6006273
6.541842, 7.0607986, 0.5993412
6.4498367, 6.946323, 0.5998896
6.490128, 7.030102, 0.6001383
6.5478344, 5.869023, 0.5996841
6.586776, 5.833258, 0.5997413
6.592722, 5.8490424, 0.59974426
6.6489773, 7.134731, 0.59992903
6.6883955, 7.1387634, 0.5999284
6.6689763, 7.1358833, 0.5999289
6.629358, 7.1363935, 0.59992844
6.7104397, 7.1438575, 0.59992766
6.729817, 7.149554, 0.5999291
6.7492123, 7.156195, 0.5999293
6.76791, 7.1312695, 0.60062677
6.529669, 7.067997, 0.5993428
6.4245753, 6.9651127, 0.5998897
6.553338, 7.107321, 0.60058737
6.413189, 6.970805, 0.59796995
6.570687, 5.8280106, 0.59979546
6.5516458, 5.809991, 0.59982014
6.607158, 7.1426454, 0.5999289
6.594451, 7.150266, 0.5998484
6.72768, 7.188041, 0.5992627
6.709822, 7.185078, 0.59926194
6.690018, 7.1835117, 0.59926134
6.510996, 5.830818, 0.59971637
6.548897, 5.786927, 0.6000886
6.6362567, 7.196146, 0.5991885
6.6697974, 7.1846104, 0.59926194
6.688847, 7.227956, 0.6008067
6.675847, 7.2326074, 0.60077566
6.650186, 7.18932, 0.5992613
6.4875, 5.793123, 0.59972656
6.465412, 5.852597, 0.5997232
6.526194, 5.7562256, 0.59959716
6.4697695, 5.8671, 0.5998743
6.62716, 6.797839, 0.5990742
6.5305057, 6.9378524, 0.5998893
6.5857563, 6.2725534, 0.6002385
6.6515965, 6.770134, 0.59956074
6.532491, 5.768874, 0.5998049
6.527121, 5.934153, 0.6000753
6.8717403, 6.95389, 0.59962326
6.5729403, 6.9220138, 0.5989022
6.4287133, 6.409259, 0.5999436
6.691497, 6.9469476, 0.59985065
6.6074634, 6.8050003, 0.59966695
6.6733637, 6.2452607, 0.5995824
6.5729017, 6.5708375, 0.59592456
6.54753, 5.8488708, 0.5997696
6.6532593, 7.061909, 0.59934425
6.829702, 6.507007, 0.5994726
6.610725, 6.3486567, 0.59932965
6.8491025, 6.9315505, 0.5993281
6.6364355, 5.825222, 0.5998069
6.544871, 5.772639, 0.59983766
6.6341085, 6.5462303, 0.59973776
6.711896, 6.0526185, 0.5997013
6.4652047, 5.8940945, 0.5965946
6.568586, 5.810722, 0.59977895
6.8109207, 6.274099, 0.5996735
6.65337, 5.9543858, 0.5996774
6.5859413, 5.888085, 0.59993005
6.5867205, 6.531968, 0.59972095
6.6071796, 5.852564, 0.5997564
6.566355, 5.7332406, 0.5997832
6.733542, 5.946038, 0.5996991
6.4296837, 6.3895035, 0.6001514
6.7852297, 6.902614, 0.5996637
6.511634, 6.390386, 0.59944785
6.826891, 6.4320636, 0.59990185
6.7257943, 6.8072033, 0.5994401
6.627657, 6.832693, 0.60031265
6.8491154, 6.3343735, 0.5996671
6.547059, 6.509963, 0.5997256
6.6310434, 6.5902977, 0.59978837
6.64951, 5.904973, 0.5999806
6.60796, 6.5353813, 0.5997317
6.7539306, 5.971036, 0.6001924
6.8518047, 6.366969, 0.5993835
6.8428154, 6.352238, 0.59982425
6.748616, 6.3716273, 0.5995798
6.6115956, 6.49344, 0.5999691
6.506669, 5.855252, 0.599564
6.76818, 6.828405, 0.599338
6.890465, 6.464656, 0.5998441
6.5515895, 6.8645597, 0.5989924
6.7113023, 6.375638, 0.5999648
6.709703, 6.3239436, 0.59963846
6.7901483, 6.425143, 0.5995672
6.7285147, 6.1880507, 0.5995527
6.60684, 5.913673, 0.5996921
6.7325363, 6.3549786, 0.5999187
6.686338, 6.4697623, 0.59954125
6.546665, 5.9525566, 0.59966505
6.7148743, 5.9230766, 0.5999254
6.787066, 6.371491, 0.59982973
6.4471073, 5.815578, 0.5996552
6.612059, 6.0085173, 0.5998332
6.633058, 6.3331094, 0.599827
6.7058225, 5.973119, 0.5997985
6.8486633, 6.887844, 0.59966487
6.8724537, 6.3239126, 0.59954613
6.6273947, 5.8755283, 0.5995032
6.4743795, 5.871174, 0.6001723
6.5918, 5.7670994, 0.5996063
6.7497616, 6.2486644, 0.59969217
6.4518037, 6.3694773, 0.5993311
6.772369, 6.2461066, 0.59966046
6.60975, 6.8889885, 0.5985211
6.693879, 6.0101113, 0.59984493
6.7720265, 6.404787, 0.599937
6.6102, 6.3858485, 0.5993899
6.6895256, 6.7329416, 0.5997371
6.8719063, 6.972251, 0.60031044
6.486314, 5.916067, 0.5960454
6.6871376, 6.2937717, 0.5994233
6.7683372, 5.987563, 0.5997236
6.608844, 6.445653, 0.59928256
6.87187, 6.428051, 0.59962106
6.8102894, 6.3453856, 0.59951663
6.833856, 6.3074574, 0.59955746
6.830509, 6.4766054, 0.59981304
6.6921444, 5.893093, 0.5994746
6.4909153, 5.8881187, 0.59975946
6.549998, 5.83529, 0.59963775
6.6972303, 7.021903, 0.59901196
6.569416, 5.7898545, 0.59972554
6.531874, 5.805856, 0.59981495
6.650302, 6.294002, 0.59958386
6.814611, 6.299309, 0.5995451
6.4911475, 6.3679447, 0.599711
6.5061707, 5.7275014, 0.59409386
6.648645, 6.192457, 0.599687
6.61335, 5.9910173, 0.5997561
6.632956, 6.51505, 0.5998808
6.7267246, 6.5688663, 0.59985113
6.6889324, 6.589861, 0.5997145
6.589298, 5.9706454, 0.59987205
6.749016, 7.007147, 0.5992125
6.624756, 6.0552053, 0.59661174
6.6694226, 5.990492, 0.5997898
6.5069766, 5.89126, 0.5997379
6.4686065, 6.3899193, 0.6003728
6.61265, 5.794822, 0.60002434
6.627902, 6.4002304, 0.5992328
6.805578, 7.032202, 0.598903
6.5097485, 5.9326625, 0.59825885
6.5510354, 5.88665, 0.5998522
6.7616777, 6.5703015, 0.5999814
6.6692076, 6.229539, 0.5995179
6.754087, 6.228906, 0.59980834
6.551666, 6.886821, 0.59985113
6.6349664, 6.027549, 0.59965307
6.771528, 6.450328, 0.59974205
6.8692007, 6.888095, 0.599314
6.691263, 6.346081, 0.5995526
6.88998, 6.3945394, 0.600047
6.7069936, 6.7427416, 0.59973544
6.6880035, 6.549733, 0.59984076
6.67013, 6.5289516, 0.59992146
6.5111485, 5.9120173, 0.5997161
6.6514645, 6.6096425, 0.59984004
6.569064, 5.872463, 0.5996487
6.6487284, 6.3535004, 0.5997385
6.894104, 6.911748, 0.59954673
6.79181, 6.871192, 0.60021704
6.534533, 5.790095, 0.5996893
6.6513314, 7.0028377, 0.59900934
6.6718225, 6.983409, 0.5998873
6.8112607, 6.2518744, 0.5995236
6.7686863, 6.2291355, 0.5998557
6.6696362, 6.5690236, 0.59972584
6.811677, 6.328285, 0.59974205
6.703273, 6.6477375, 0.5999081
6.575632, 5.9548206, 0.59948146
6.647479, 5.8922353, 0.59969044
6.741904, 6.954372, 0.59899056
6.6510963, 6.250158, 0.599666
6.5538464, 5.7975655, 0.59957516
6.5466914, 6.409554, 0.59939915
6.6305923, 5.950265, 0.59973377
6.73279, 6.407382, 0.5992735
6.7298265, 6.2127156, 0.599792
6.511909, 5.8678117, 0.5998525
6.5092006, 5.7939935, 0.59966457
6.8473234, 6.4958987, 0.5995327
6.6627316, 6.518326, 0.5999712
6.8888354, 6.383647, 0.59939384
6.792029, 7.0036, 0.5997732
6.767822, 7.106483, 0.59934306
6.626276, 6.469716, 0.600314
6.631281, 5.814504, 0.5996238
6.6840053, 5.8823686, 0.60003394
6.768566, 6.4668593, 0.5992812
6.5471935, 5.907351, 0.59991115
6.5471435, 5.9694796, 0.5984967
6.729583, 5.990885, 0.5996271
6.5295334, 6.5260706, 0.59781635
6.47433, 5.825446, 0.59976315
6.549483, 6.5483003, 0.5963021
6.7239122, 6.530057, 0.6001817
6.5285177, 5.92637, 0.5998155
6.901461, 6.9568186, 0.59908545
6.5701666, 6.316635, 0.5997858
6.673405, 5.8681326, 0.599781
6.805179, 6.442168, 0.5992675
6.5558224, 5.9277506, 0.599631
6.6083493, 6.90813, 0.5998515
6.7295914, 6.432638, 0.59966755
6.6305194, 6.812374, 0.5995189
6.60876, 6.2545204, 0.5996811
6.7909513, 7.069143, 0.59880656
6.766398, 6.493794, 0.5998088
6.791248, 6.289451, 0.5995527
6.4539037, 7.007444, 0.5989407
6.7656484, 6.8743906, 0.59907705
6.6527157, 6.8851323, 0.59999484
6.8221884, 6.8575253, 0.599254
6.7697215, 6.9485674, 0.6000037
6.669146, 6.0482244, 0.59973645
6.746845, 5.9633985, 0.5999351
6.6869707, 6.885626, 0.59930027
6.7131786, 7.082326, 0.5993422
6.592808, 6.2731, 0.59963477
6.870235, 6.3677907, 0.5996935
6.654672, 5.8457594, 0.6001364
6.836157, 6.3287477, 0.59965885
6.6735253, 6.7240505, 0.5997377
6.6698203, 5.947289, 0.59983784
6.490556, 5.810393, 0.59983784
6.6706595, 6.328159, 0.5998784
6.828257, 7.0652905, 0.59989023
6.927041, 6.987714, 0.5995946
6.4538236, 5.8494334, 0.5997036
6.909356, 6.436395, 0.5999337
6.766105, 6.986933, 0.5998533
6.4913206, 5.85038, 0.59952796
6.7480736, 6.2141476, 0.5994946
6.5261817, 6.4552054, 0.59993523
6.607978, 5.786033, 0.59988177
6.747811, 6.4768205, 0.59976995
6.5452285, 5.707617, 0.6000712
6.5284348, 5.91086, 0.59975266
6.671551, 6.2777233, 0.5998326
6.5665874, 5.9907956, 0.5970263
6.531614, 5.851117, 0.5996053
6.7113457, 6.412982, 0.5996798
6.7070713, 6.6075745, 0.59972274
6.7516985, 6.7682753, 0.5997341
6.883041, 6.4023824, 0.59962857
6.666108, 5.9663124, 0.59978104
6.769305, 6.270491, 0.59951884
6.6729174, 5.82786, 0.599629
6.65261, 5.809554, 0.59952855
6.6474605, 5.832788, 0.599911
6.6326475, 5.7850175, 0.59970367
6.6658216, 5.8524055, 0.599657
6.59009, 5.744551, 0.5998482
6.605787, 5.775134, 0.59954596
6.5881596, 5.7288055, 0.59966135
6.610129, 5.7493505, 0.5997994
6.7304063, 5.907856, 0.59960455
6.7390113, 5.9267054, 0.5999799
6.76782, 5.9553666, 0.5997069
6.748645, 5.9518137, 0.59974295
6.774827, 5.965699, 0.59991884
6.7060356, 5.9091883, 0.5997626
6.8939953, 6.3539863, 0.5996595
6.793431, 5.99031, 0.59961176
6.715858, 5.8897386, 0.59966403
6.924962, 6.3908124, 0.59975463
6.9370646, 6.405548, 0.5993862
6.907302, 6.4135876, 0.5996359
6.6904535, 5.866691, 0.599676
6.708089, 5.8718443, 0.5995362
6.710991, 5.816854, 0.6000882
6.6897945, 5.7900577, 0.599702
6.696793, 5.801779, 0.59986997
6.7055597, 5.8065624, 0.5999273
6.6726065, 5.7700167, 0.5996833
6.672282, 5.767995, 0.6000664
6.6539493, 5.7465434, 0.5997846
6.634843, 5.72784, 0.5995534
6.633636, 5.719296, 0.6000669
6.627793, 5.7085605, 0.59992653
6.610016, 5.688081, 0.5996771
6.647789, 5.732521, 0.5995946
6.749591, 5.865661, 0.60013235
6.7542176, 5.8747225, 0.59955937
6.769935, 5.8900366, 0.5997931
6.81306, 5.945075, 0.5999801
6.790846, 5.915139, 0.5994575
6.7943974, 5.925722, 0.5996587
6.7337656, 5.848808, 0.5998744
6.7263455, 5.834563, 0.5996468
6.7482576, 5.8511186, 0.59986585
6.6868386, 5.77139, 0.59971565
6.749093, 5.8345423, 0.5995689
6.711459, 5.787243, 0.5996022
6.666234, 5.754382, 0.5998755
6.6701956, 5.7352076, 0.5995925
6.6504183, 5.7086344, 0.59989053
6.630911, 5.6899347, 0.5996711
6.766966, 5.8681607, 0.5998086
6.791585, 5.888479, 0.59967244
6.808889, 5.9061723, 0.59978825
6.8335667, 5.9450064, 0.5998629
6.8275685, 5.9307313, 0.59959054
6.7345104, 5.743465, 0.5995738
6.7164454, 5.724822, 0.59992397
6.788546, 5.809437, 0.5997309
6.773533, 5.793853, 0.599539
6.76696, 5.7835817, 0.6000694
6.7532673, 5.7683015, 0.5998757
6.6873527, 5.683388, 0.60010076
6.7101283, 5.710948, 0.599814
6.693925, 5.6938677, 0.5996228
6.6727366, 5.6640935, 0.5998806
6.8126793, 5.84841, 0.5995888
6.833809, 5.8697987, 0.59987617
6.853928, 5.896618, 0.59955746
6.8488197, 5.887012, 0.60013855
6.869135, 5.9111404, 0.59976846
6.746421, 5.714389, 0.5998062
6.7260456, 5.7320104, 0.60006636
6.747025, 5.753333, 0.59967947
6.76488, 5.728071, 0.5999476
6.7494, 5.725947, 0.59995174
6.8069525, 5.790406, 0.59974015
6.8088045, 5.7671824, 0.599747
6.7891226, 5.771831, 0.5998511
6.809736, 5.8376603, 0.60011333
6.8266697, 5.8110204, 0.5996572
6.833112, 5.8268185, 0.5998742
6.785035, 5.7520075, 0.59959155
6.706252, 5.6532116, 0.5997089
6.691083, 5.6474967, 0.5996571
6.7099943, 5.668827, 0.59988946
6.73071, 5.6700854, 0.5998789
6.7414584, 5.697123, 0.59959865
6.683983, 5.6262703, 0.599982
6.8248568, 5.8548737, 0.5996507
6.845268, 5.829096, 0.59988016
6.8708606, 5.8710856, 0.5997774
6.869543, 5.858455, 0.59958047
6.891657, 5.8879843, 0.5999848
6.8881135, 5.8732867, 0.5997558
6.770324, 5.6705785, 0.5998411
6.7914524, 5.709818, 0.5996797
6.8101816, 5.7277517, 0.5998672
6.810277, 5.708766, 0.59963655
6.7498994, 5.6508164, 0.59963894
6.8503156, 5.7843585, 0.5998864
6.8307652, 5.7549415, 0.5995399
6.8519025, 5.7690177, 0.5996843
6.827882, 5.7320404, 0.59989023
6.8693295, 5.7888236, 0.5999075
6.7300344, 5.6271243, 0.5999544
6.72882, 5.6112, 0.59977716
6.708133, 5.5944786, 0.59961075
6.8867784, 5.812293, 0.59952676
6.890597, 5.828578, 0.59974766
6.9086614, 5.8313713, 0.5997366
6.687582, 6.088516, 0.59955615
6.5089183, 6.8719783, 0.5974678
6.671081, 6.1483903, 0.6001246
6.7246933, 6.0629134, 0.5999234
6.6079626, 5.660969, 0.5999313
6.55161, 6.291876, 0.5997248
6.5711718, 6.245308, 0.59939504
6.6676846, 6.7683816, 0.59925675
6.6174164, 7.13888, 0.599929
6.433038, 6.3740807, 0.60035187
6.474501, 6.4714417, 0.5942953
6.5279274, 6.348469, 0.59937423
6.5680113, 5.9356823, 0.5997768
6.6148596, 6.5869994, 0.5998177
6.6729803, 6.630182, 0.59990144
6.628377, 6.2253857, 0.59956926
6.5664644, 6.2895045, 0.5995129
6.7120214, 6.028538, 0.5997534
6.535503, 6.881774, 0.59985274
6.470303, 5.7882595, 0.5996912
6.4878244, 6.3297877, 0.5993914
6.609875, 7.016026, 0.6001375
6.5536346, 5.9712057, 0.60022795
6.655417, 5.647015, 0.5996971
6.652027, 6.170015, 0.59951204
6.669694, 7.095722, 0.6006273
6.6491046, 6.2087264, 0.59967315
6.711917, 5.606431, 0.5997376
6.5296307, 5.8949037, 0.59968513
6.610478, 6.2334514, 0.59966224
6.4897084, 6.3536897, 0.5998372
6.4904404, 6.904969, 0.59890246
6.667922, 5.650438, 0.5997215
6.432564, 6.9534245, 0.5984633
6.650561, 5.635256, 0.5996559
6.472717, 6.9384427, 0.59988886
6.511778, 5.742853, 0.60006756
6.6451445, 5.630063, 0.60006654
6.584757, 6.8773274, 0.59899014
6.7497597, 5.670272, 0.59985876
6.612104, 6.3086224, 0.5996343
6.771335, 6.9315915, 0.5992515
6.790129, 6.3088684, 0.59966254
6.6089473, 6.769112, 0.6002055
6.667751, 6.8287783, 0.5994072
6.868123, 7.0283723, 0.59899205
6.6915755, 6.8322763, 0.59907335
6.908677, 5.869521, 0.5996183
6.890241, 6.9498234, 0.5990698
6.885981, 6.4298677, 0.5997874
6.6094775, 6.474306, 0.6001524
6.5652523, 6.4245224, 0.5992889
6.8105426, 6.512363, 0.5999331
6.8056946, 6.3924217, 0.5997842
6.6691823, 6.033135, 0.5997033
6.504358, 6.4084945, 0.6003458
6.67274, 6.389366, 0.5995527
6.7564535, 6.4945383, 0.5997473
6.7714443, 6.9115367, 0.60031307
6.8311234, 7.0058966, 0.59899414
6.80836, 6.9533725, 0.59925544
6.44539, 5.8769617, 0.5962511
6.8505077, 6.450424, 0.59968716
6.7141557, 6.906498, 0.5995492
6.8922505, 6.4469314, 0.5996956
6.570324, 6.80517, 0.6002943
6.767898, 5.770076, 0.5998736
6.6943865, 5.9051604, 0.59973013
6.8664618, 6.4530125, 0.59984165
6.730369, 6.8352695, 0.60021204
6.5841336, 6.3170366, 0.5999592
6.7258387, 7.0352507, 0.5990101
6.689402, 6.451318, 0.599938
6.608507, 5.8900585, 0.5998555
6.7280545, 6.8527136, 0.5990758
6.551055, 5.7133274, 0.5996006
6.7470536, 6.3132677, 0.5996952
6.6705723, 7.034908, 0.60013646
6.6235213, 6.498271, 0.5999807
6.807483, 5.827572, 0.5999572
6.8330398, 6.986027, 0.59999734
6.7089567, 6.2107396, 0.5996888
6.807966, 6.933176, 0.6003107
6.6926003, 6.7645965, 0.60045433
6.5657535, 6.391591, 0.59993905
6.7979703, 5.8229, 0.5999098
6.5747304, 5.747636, 0.59989977
6.70749, 6.4710197, 0.59971946
6.7523546, 6.327811, 0.5994531
6.8085146, 6.8493257, 0.599255
6.8085175, 5.930228, 0.5996796
6.7332954, 5.648547, 0.5996264
6.867724, 5.8143435, 0.59960407
6.748374, 7.097397, 0.599343
6.4636846, 6.9406986, 0.5998892
6.6675878, 5.5948853, 0.59963304
6.689117, 5.990919, 0.59963083
6.830085, 6.5223985, 0.59993184
6.8490944, 5.8724074, 0.59987664
6.6915426, 6.3728766, 0.5997505
6.590856, 6.454438, 0.60028815
6.7482634, 6.436137, 0.5998136
6.6293187, 6.288766, 0.5996401
6.5708904, 5.8908396, 0.5997925
6.712197, 5.6231985, 0.59992105
6.714798, 6.86199, 0.5996592
6.704938, 5.6971073, 0.5996464
6.706253, 6.0741405, 0.59965944
6.7042923, 6.191065, 0.5995072
6.5286126, 6.374299, 0.59993815
6.828502, 6.3538685, 0.5995007
6.829665, 5.770482, 0.59974384
6.8536773, 6.3888793, 0.59963715
6.633083, 6.4861465, 0.6001551
6.7091827, 6.3916807, 0.5994126
6.7916126, 6.4695983, 0.5995013
6.5309567, 5.8693943, 0.5997844
6.6921434, 7.043434, 0.60013694
6.852517, 7.0297356, 0.59949356
6.47029, 6.904489, 0.5980998
6.730053, 6.2304187, 0.5997255
6.4340625, 5.8270855, 0.59971285
6.5047197, 5.9065866, 0.60020494
6.77417, 6.515863, 0.5995134
6.654341, 6.405568, 0.59941983
6.6053367, 6.033456, 0.6002311
6.8665276, 7.0065107, 0.59999746
6.6711907, 6.7860465, 0.5997097
6.7762523, 7.061275, 0.5987926
6.688438, 6.8645973, 0.60031
6.7889833, 6.837703, 0.59925336
6.7081037, 6.8065925, 0.59970963
6.492235, 6.4225974, 0.6000932
6.5676494, 6.3539186, 0.5997224
6.5925584, 5.669526, 0.6000591
6.666308, 6.209744, 0.5997529
6.6852455, 6.7780666, 0.5992563
6.912515, 6.980619, 0.59966683
6.6094947, 6.7888284, 0.5990757
6.633302, 6.1882877, 0.5997229
6.5714474, 6.827886, 0.59925246
6.470472, 5.8101745, 0.5997424
6.651808, 6.6529408, 0.5924626
6.688296, 6.407477, 0.59943527
6.778098, 6.783625, 0.59973645
6.7510734, 6.882641, 0.5996644
6.6706085, 6.935286, 0.5997998
6.547972, 6.4300804, 0.6003362
6.5895133, 5.9495926, 0.59968936
6.9247336, 6.936629, 0.5997111
6.670261, 6.968809, 0.59925586
6.727399, 6.0342164, 0.5997869
6.6450515, 6.312608, 0.5999029
6.8056607, 6.2853193, 0.60002863
6.8306503, 6.410467, 0.59956205
6.573685, 5.845849, 0.59975326
6.766957, 6.548598, 0.6002266
6.830645, 6.872527, 0.59953886
6.6330132, 6.765459, 0.5997142
6.689552, 6.247184, 0.5995486
6.8284197, 6.843812, 0.60045826
6.7919774, 6.534539, 0.5993519
6.704579, 6.568817, 0.5997845
6.647445, 6.035919, 0.59982336
6.5556135, 5.7236824, 0.5996549
6.4278016, 5.8066416, 0.5930357
6.689522, 5.5722494, 0.5998978
6.5113373, 5.767564, 0.59984136
6.4861684, 5.767566, 0.5999157
6.615054, 5.704132, 0.5998857
6.5109954, 5.7519345, 0.59956074
6.5708094, 5.7076435, 0.5998585
6.527001, 6.310289, 0.5993568
6.6095333, 5.967871, 0.59960467
6.669092, 6.6519403, 0.6001296
6.4503593, 6.38941, 0.6002689
6.623999, 6.2576485, 0.5998322
6.445, 5.8308315, 0.6000294
6.5277348, 6.877957, 0.5997915
6.6648464, 6.1463604, 0.5996423
6.69094, 5.5951786, 0.599628
6.5940194, 6.2941647, 0.59978116
6.7097583, 6.729672, 0.599439
6.450459, 5.8343906, 0.59959
6.5470176, 6.2718477, 0.59991735
6.691521, 6.5352793, 0.59995925
6.5921783, 6.226001, 0.59966105
6.726624, 6.2433653, 0.5994872
6.7490277, 6.271772, 0.5995518
6.911524, 5.843019, 0.5998958
6.749357, 6.9297624, 0.59969974
6.770467, 6.3510814, 0.59963405
6.867232, 5.889459, 0.59981453
6.650565, 5.790669, 0.59969586
6.58797, 6.3848433, 0.59935147
6.797124, 6.946699, 0.599252
6.6481094, 5.974681, 0.59948534
6.606562, 5.731421, 0.5996598
6.730483, 6.926362, 0.5999952
6.6574636, 6.368469, 0.5993023
6.6313367, 5.771641, 0.59935814
6.628077, 5.7494135, 0.5998881
6.582341, 6.4776177, 0.59997725
6.8727636, 6.471726, 0.5993813
6.610093, 6.4126577, 0.5999417
6.5819573, 5.7536182, 0.60007334
6.669814, 6.916319, 0.59898794
6.5336213, 5.8308067, 0.59961325
6.63102, 6.0063777, 0.5998194
6.529812, 6.4289913, 0.60023934
6.6698117, 6.887721, 0.5997471
6.7696686, 5.6526885, 0.5996369
6.712467, 6.8522983, 0.5993701
6.8156095, 6.9207444, 0.5996662
6.70978, 6.2746763, 0.5996611
6.7377005, 6.760207, 0.5997392
6.6061563, 5.930819, 0.5998436
6.611989, 6.288475, 0.59975106
6.5528097, 5.987934, 0.5897577
6.749561, 5.6287155, 0.5999539
6.725313, 5.875135, 0.5990831
6.7295284, 6.99037, 0.59890354
6.5892987, 5.8102374, 0.5996902
6.690039, 5.8330803, 0.5997474
6.849076, 5.7529, 0.5996704
6.6156464, 6.9604235, 0.5998896
6.7548146, 7.024308, 0.5998914
6.534402, 6.335697, 0.5998132
6.544822, 6.4591937, 0.5999734
6.7317977, 5.885475, 0.5996849
6.5705347, 5.690077, 0.5997697
6.765456, 6.855615, 0.6002156
6.647897, 6.4470115, 0.59961295
6.7470846, 5.911991, 0.5996121
6.7890306, 5.9515533, 0.59969664
6.691451, 5.8458657, 0.599987
6.7319307, 6.554489, 0.5999766
6.571981, 6.2685647, 0.5995238
6.814047, 7.081454, 0.59900975
6.549208, 6.3634467, 0.59923184
6.587486, 5.7097816, 0.5998559
6.4892826, 5.8304777, 0.5998095
6.790498, 5.967631, 0.5998717
6.749921, 6.5899963, 0.59980047
6.706855, 6.974785, 0.5990646
6.6082697, 6.823065, 0.60031116
6.6327357, 6.4283524, 0.59984267
6.723454, 5.724283, 0.59996897
6.5092983, 6.5043597, 0.5951831
6.769254, 5.9271097, 0.5998304
6.64601, 5.7771163, 0.59961444
6.6834345, 5.9497957, 0.59986264
6.5900073, 6.836182, 0.59925056
6.5904884, 6.8144994, 0.6003127
6.5781174, 6.98073, 0.5990109
6.514532, 6.3073516, 0.5992714
6.688104, 6.0264335, 0.5999186
6.513239, 5.805992, 0.599892
6.669739, 6.0692625, 0.59977937
6.687399, 6.07357, 0.5998711
6.605882, 6.0328197, 0.5937758
6.52644, 6.8505974, 0.5956975
6.748183, 6.2909374, 0.59965694
6.7465787, 5.9272404, 0.5999504
6.6924367, 5.6652164, 0.5998648
6.8323064, 6.389641, 0.5997947
6.8482327, 6.433177, 0.5998281
6.8177214, 6.4044013, 0.599561
6.6475368, 6.7574353, 0.5992543
6.6443396, 5.6953063, 0.59972036
6.8101964, 6.3690395, 0.5996402
6.7224836, 6.7990274, 0.59925556
6.8682637, 6.395579, 0.59962916
6.804363, 7.008856, 0.59985006
6.7310843, 5.8079886, 0.5998756
6.758157, 6.520947, 0.5992951
6.723646, 5.6949944, 0.59959483
6.6735206, 6.432277, 0.60018414
6.824159, 6.92591, 0.5996659
6.678672, 6.4803495, 0.5992873
6.86779, 5.773504, 0.5997026
6.7319894, 6.948924, 0.5989942
6.6857634, 5.7505026, 0.599777
6.6926336, 6.2272396, 0.59960765
6.5674276, 5.965059, 0.5998903
6.8838735, 5.7925944, 0.5999159
6.713311, 6.256958, 0.59955204
6.813923, 6.3056903, 0.59958583
6.48803, 5.865094, 0.59992087
6.731765, 5.708218, 0.59975016
6.795083, 5.6807313, 0.5999221
6.904892, 6.3854246, 0.5996126
6.903179, 5.815197, 0.59951663
6.693363, 6.4243245, 0.5994173
6.785511, 5.670302, 0.59981453
6.664827, 5.8133864, 0.5994741
6.7229996, 5.7942834, 0.5996818
6.7684126, 5.852, 0.5998101
6.856909, 6.317275, 0.5995407
6.6683507, 6.707183, 0.59899694
6.7656937, 5.7503924, 0.5996067
6.8481817, 5.8541675, 0.5995642
6.9249325, 5.844178, 0.5998795
6.7359123, 6.5094852, 0.59928495
6.7921352, 7.0911946, 0.6001365
6.747156, 6.8289337, 0.5997115
6.5508714, 6.3307652, 0.5994776
6.833116, 6.2870984, 0.5994744
6.774289, 6.3298483, 0.5994973
6.6448665, 6.807066, 0.5990755
6.7718472, 6.3060026, 0.59970796
6.893231, 7.0083117, 0.5993739
6.822911, 5.714767, 0.5996834
6.812649, 5.809831, 0.59967285
6.791823, 7.026372, 0.5990025
6.7480903, 6.5266547, 0.60038257
6.5858192, 5.6959457, 0.599828
6.697934, 7.1407275, 0.59992874
6.666987, 5.627271, 0.5999188
6.710828, 6.7158556, 0.5991773
6.4307942, 5.8485236, 0.5986384
6.5188575, 7.0767784, 0.59934247
6.6379366, 6.9224586, 0.59920967
6.652724, 5.608876, 0.5998149
6.5636177, 6.919123, 0.59890187
6.648041, 5.9873705, 0.5998759
6.566197, 6.846094, 0.59961414
6.6851177, 6.1716776, 0.5995595
6.6890087, 6.1507325, 0.59967417
6.937984, 6.94499, 0.599708
6.6353064, 5.9254513, 0.5998112
6.431753, 6.4296975, 0.5959229
6.694437, 5.607712, 0.59976107
6.5907984, 6.3925295, 0.6001871
6.8133917, 6.8302007, 0.6003385
6.5942116, 5.8727007, 0.59951043
6.673915, 6.2812138, 0.5997225
6.7250595, 6.626645, 0.5997335
6.6532173, 6.048698, 0.59978735
6.8729672, 5.828866, 0.5997981
6.602873, 6.2120895, 0.5995497
6.9455266, 6.4038124, 0.5996196
6.7449427, 6.0353703, 0.5996476
6.8545694, 5.808643, 0.5995554
6.793181, 5.7287736, 0.59990567
6.6693115, 5.613507, 0.5998481
6.7178884, 6.488548, 0.59948856
6.9093356, 6.9685125, 0.5993102
6.795801, 6.540546, 0.5992737
6.712619, 5.8293376, 0.5996063
6.952458, 5.823973, 0.59952986
6.7765245, 5.8066196, 0.5997219
6.743992, 6.3909035, 0.59996086
6.7461386, 6.604304, 0.5997445
6.740368, 6.5589604, 0.5999713
6.5070825, 6.353777, 0.6001818
6.607502, 5.649084, 0.59977245
6.8094945, 5.7517815, 0.59954107
6.8363247, 5.787349, 0.59996086
6.6292806, 6.3792534, 0.5998237
6.775162, 5.70496, 0.5996418
6.6816425, 6.311564, 0.59963834
6.6693788, 6.7471647, 0.6003384
6.6362896, 5.623884, 0.599942
6.6826234, 6.9004803, 0.59999436
6.5321493, 6.2948847, 0.599957
6.737695, 7.0410266, 0.59901273
6.630933, 7.0215473, 0.6001378
6.593739, 6.8570724, 0.6000032
6.69275, 6.8140006, 0.6002153
6.6260805, 6.747377, 0.59779525
6.557535, 6.420825, 0.5992944
6.6915727, 5.9335346, 0.5996506
6.8902974, 5.804542, 0.6000699
6.7931976, 5.6893363, 0.60003567
6.487251, 5.8395505, 0.6000354
6.848908, 6.2936645, 0.5994835
6.7517285, 6.0093355, 0.5996501
6.79016, 5.7954345, 0.5995195
6.5715833, 5.945898, 0.60006064
6.830318, 6.2709413, 0.59972167
6.6052527, 5.9858522, 0.6002279
6.570725, 6.437259, 0.6003917
6.8463826, 5.7492023, 0.60006964
6.5698175, 6.3012996, 0.60031766
6.652398, 6.0482273, 0.6002265
6.503823, 6.439536, 0.5999762
6.629953, 6.0168986, 0.60020095
6.75393, 6.9682293, 0.5993134
6.541141, 6.939476, 0.5998907
6.845293, 6.9558134, 0.6003133
6.6683884, 6.128475, 0.5896362
6.673057, 6.856292, 0.6003144
6.6755915, 6.8403726, 0.59966755
6.788416, 6.9700794, 0.5994968
6.5487995, 5.917584, 0.6001951
6.6497917, 6.790527, 0.60021234
6.825667, 7.0880094, 0.5990072
6.8491797, 7.0503855, 0.59921795
6.8432484, 6.974422, 0.5992504
6.8812747, 6.997864, 0.59925264
6.495178, 6.4911423, 0.5966532
6.588185, 6.2086196, 0.5911964
6.631644, 6.632633, 0.59407365
6.7303863, 6.9082456, 0.59925336
6.4974866, 6.9794903, 0.59900975
6.6704254, 6.6918464, 0.5902599
6.587138, 5.6484795, 0.59451103
6.6684947, 6.0285783, 0.6001996
6.5906615, 5.7946978, 0.60008943
6.647485, 5.8655005, 0.5998527
6.6501675, 5.874781, 0.6000415
6.769006, 6.2896423, 0.60012597
6.7068424, 6.0153913, 0.6002387
6.611971, 5.8262124, 0.59991294
6.885215, 6.3711257, 0.5998294
6.4656715, 5.8081336, 0.60013396
6.5536075, 5.7470684, 0.59981316
6.570671, 5.7680984, 0.5996745
6.5846014, 5.786623, 0.59996045
6.6337247, 5.8527126, 0.5996427
6.6681285, 5.8904247, 0.599532
6.729026, 5.9727325, 0.5996207
6.7290716, 6.2893205, 0.5997256
6.7115216, 6.284763, 0.6002767
6.7247133, 6.1683474, 0.5996481
6.687131, 5.921773, 0.6001634
6.5500402, 5.7486777, 0.6000628
6.55675, 5.825889, 0.60012597
6.6268077, 6.3265824, 0.60031724
6.7118273, 5.946577, 0.59985137
6.5248375, 5.882794, 0.60016835
6.6749854, 5.905366, 0.5998376
6.76528, 6.0132446, 0.59964824
6.7186403, 5.961607, 0.6002009
6.9263744, 6.4224334, 0.5996347
6.611752, 5.9566693, 0.6000673
6.52447, 5.785218, 0.600128
6.606441, 5.8132014, 0.59968257
6.5252385, 5.8475537, 0.60003626
6.588376, 5.927619, 0.60020065
6.7057085, 6.1436205, 0.59937906
6.5315228, 5.732516, 0.59984946
6.6498938, 5.943501, 0.6001994
6.6742015, 5.973704, 0.6000657
6.4667854, 5.7741303, 0.6001139
6.7266994, 6.458467, 0.6001791
6.8918047, 6.984679, 0.60030925
6.548397, 6.372692, 0.60018766
6.672011, 6.89494, 0.600007
6.7142677, 6.7673893, 0.60021687
6.7821, 6.5688667, 0.6000944
6.5626316, 6.250623, 0.6000531
6.680807, 6.6899652, 0.59474325
6.5921507, 6.5890083, 0.59269184
6.810923, 6.88263, 0.60021764
6.641888, 6.999291, 0.5990171
6.7445908, 6.89598, 0.60031235
6.4812727, 7.047147, 0.5990468
6.5284176, 5.950821, 0.59844893
6.7489133, 5.8265777, 0.60013455
6.715173, 6.173633, 0.60008055
6.5782657, 6.001455, 0.60020256
6.7857256, 6.316684, 0.60026914
6.78312, 5.8648863, 0.59999144
6.6676593, 5.7239227, 0.6000658
6.850855, 6.345149, 0.6002687
6.8282638, 6.3664937, 0.6000548
6.6227236, 5.6624665, 0.59991455
6.8495145, 6.3972597, 0.60033995
6.704689, 5.765893, 0.59995043
6.6639633, 5.7145276, 0.59993875
6.805568, 5.891988, 0.5996815
6.864741, 6.415387, 0.59994805
6.6946745, 6.1480947, 0.6001837
6.6650414, 6.3438334, 0.6003167
6.7254915, 6.37155, 0.60031414
6.7127724, 6.305503, 0.59939194
6.6324224, 6.6294394, 0.60007423
6.664409, 6.29394, 0.6000467
6.9036674, 7.0118885, 0.5992569
6.6091404, 6.456072, 0.6003843
6.7516336, 6.7856884, 0.6001379
6.6284285, 5.6745095, 0.6000722
6.629224, 6.2501206, 0.6002651
6.614838, 6.8667397, 0.5999968
6.7080154, 6.9140105, 0.60000306
6.60608, 6.2689238, 0.60004723
6.8518124, 6.9074917, 0.600211
6.639794, 6.460898, 0.5992957
6.5981936, 6.800429, 0.5996633
6.567043, 6.450729, 0.6001901
6.630453, 6.2953086, 0.6002847
6.7899485, 6.8106585, 0.6002013
6.8030496, 6.8965006, 0.5990729
6.584528, 6.358484, 0.59981704
6.775661, 6.482947, 0.6001907
6.5990934, 6.4408765, 0.59929496
6.65487, 6.1512704, 0.6000788
6.537654, 6.259714, 0.595477
6.691561, 6.7489266, 0.60007375
6.6066113, 6.228484, 0.6001791
6.546738, 5.6864505, 0.59369755
6.6337986, 6.206208, 0.59948146
6.4527454, 6.404435, 0.6000933
6.8890886, 6.8983703, 0.59924805
6.590026, 6.4697275, 0.6000916
6.8872285, 6.3302417, 0.5995451
6.774866, 7.082148, 0.60013914
6.841395, 6.919651, 0.59908223
6.754159, 6.7555857, 0.59891057
6.620798, 6.3646584, 0.6001265
6.492778, 6.347333, 0.6001821
6.709253, 6.8760343, 0.60030997
6.7717886, 5.9106536, 0.59945357
6.7166824, 6.4098234, 0.6001257
6.5224853, 5.8191137, 0.6001392
6.6874757, 6.9030275, 0.6000027
6.9130898, 6.929327, 0.59970057
6.7736425, 6.437292, 0.60012555
6.7743187, 6.8115807, 0.6004557
6.7478228, 5.891139, 0.5994534
6.667416, 5.791031, 0.59979045
6.8093987, 5.9693537, 0.5996286
6.759558, 7.1600566, 0.599929
6.528728, 6.4171314, 0.6003914
6.6692314, 6.736511, 0.6000744
6.912115, 6.3619466, 0.59966046
6.736811, 6.7897377, 0.6004547
6.8937626, 6.933469, 0.6002135
6.8640018, 6.300083, 0.5992476
6.753874, 7.1250625, 0.60063004
6.937725, 6.9611692, 0.6002078
6.851232, 7.068941, 0.59939694
6.7227697, 7.0567746, 0.6001371
6.682928, 7.0991955, 0.600629
6.7080016, 6.5237665, 0.60016394
6.6092367, 5.671282, 0.60006404
6.8327594, 6.5119195, 0.60018075
6.71072, 5.846012, 0.5999032
6.6751804, 6.1766777, 0.6000098
6.6354017, 6.7828627, 0.60020876
6.5855913, 6.7875547, 0.59397304
6.8629255, 5.9236426, 0.6000472
6.8303933, 5.8830085, 0.6001391
6.8517313, 5.908554, 0.59979737
6.749401, 5.7806554, 0.60006523
6.726051, 5.636893, 0.6000633
6.7673197, 5.688879, 0.6000588
6.854156, 5.7983327, 0.600065
6.7088695, 5.72961, 0.6000731
6.670605, 5.6814976, 0.6001003
6.6842947, 5.584169, 0.6000384
6.6647887, 5.6738095, 0.60000896
6.811136, 5.744102, 0.60006064
6.7364793, 5.7634964, 0.5998426
6.678689, 5.689689, 0.59959257
6.895999, 5.851117, 0.6000782
6.7888107, 5.830338, 0.60007036
6.693632, 5.7094326, 0.599825
6.6590195, 5.666188, 0.5999196
6.758529, 5.7900057, 0.5995176
6.6288457, 5.6287274, 0.60006297
6.8160424, 5.863782, 0.59984845
6.6821113, 5.733308, 0.59953403
6.7485123, 5.818819, 0.60001296
6.488597, 6.4096317, 0.6002372
6.6455045, 5.851502, 0.5995659
6.576792, 6.385931, 0.6001838
6.54314, 5.938358, 0.6000741
6.5873275, 5.860928, 0.600025
6.521558, 5.7779713, 0.6000012
6.770963, 6.7794557, 0.5997361
6.86164, 6.4028826, 0.6003324
6.671872, 5.808329, 0.60007024
6.8001637, 6.5539613, 0.6003921
6.6796274, 6.271232, 0.60027874
6.7647343, 5.8376017, 0.59957975
6.8488064, 6.323715, 0.6001328
6.7297864, 6.3328605, 0.5996427
6.754551, 6.385048, 0.60030794
6.7159257, 6.316414, 0.6000535
6.721866, 6.2697945, 0.6001325
6.842505, 5.935735, 0.5996137
6.778875, 6.3964114, 0.60032374
6.8245134, 5.914639, 0.6000252
6.516471, 6.401454, 0.59928596
6.7360425, 6.181457, 0.6000782
6.700695, 5.7579055, 0.59984165
6.7026925, 5.925619, 0.6001654
6.679224, 6.5148463, 0.6000952
6.7364917, 6.0494876, 0.6002079
6.744713, 6.2989655, 0.60027784
6.729809, 6.541169, 0.6001011
6.797367, 6.321738, 0.6002772
6.647165, 6.475002, 0.60039145
6.5732546, 5.9767413, 0.60022473
6.824955, 6.2933884, 0.6000391
6.6138372, 6.207061, 0.60003483
6.807042, 6.377687, 0.6003452
6.7345066, 5.9658337, 0.6002016
6.655202, 6.502518, 0.6000968
6.713326, 5.774691, 0.6000683
6.8429937, 6.992054, 0.60000765
6.5642467, 5.7508626, 0.60007983
6.686121, 6.1808243, 0.6000112
6.731541, 7.060829, 0.60013574
6.8126106, 6.4122987, 0.6003223
6.7852263, 6.9196277, 0.60031694
6.7642417, 6.584119, 0.59987706
6.492966, 5.8754196, 0.6001743
6.667432, 6.0951033, 0.60011506
6.752513, 5.9872885, 0.5998403
6.532312, 6.365274, 0.6001863
6.587802, 5.6793013, 0.5995898
6.873363, 6.3550696, 0.6002748
6.7509727, 6.2626076, 0.6000333
6.708521, 6.822842, 0.60021293
6.639219, 6.8784075, 0.6000015
6.870723, 6.485018, 0.6001218
6.656631, 6.2615604, 0.60026973
6.5719, 6.342232, 0.6001281
6.715304, 6.1556106, 0.6001778
6.5587277, 6.2489915, 0.60005736
6.643157, 5.9967713, 0.6002239
6.432605, 5.8617754, 0.6001657
6.573972, 6.8484635, 0.6000043
6.847803, 6.428999, 0.60032487
6.913858, 6.4054713, 0.6000569
6.7485056, 6.19565, 0.5995542
6.8107095, 6.4553833, 0.6001301
6.622758, 5.9060464, 0.600171
6.667309, 6.228459, 0.60003346
6.7573504, 6.208118, 0.60001224
6.525782, 6.32153, 0.6001193
6.657631, 6.2431526, 0.60013354
6.6160083, 6.3217416, 0.60032046
6.694366, 6.248851, 0.60008574
6.77997, 5.944953, 0.6001817
6.7396326, 6.3470135, 0.60034513
6.7823977, 6.3458815, 0.6000593
6.7938924, 6.414455, 0.5999692
6.733788, 6.8898177, 0.60030985
6.634928, 6.2338614, 0.6001262
6.835891, 6.4677706, 0.6001263
6.520792, 5.9105706, 0.60020393
6.6831045, 7.0397468, 0.6001379
6.715817, 6.3363066, 0.60033643
6.556512, 6.4532504, 0.60010177
6.636415, 5.841999, 0.60013634
6.7925873, 5.8748474, 0.6001399
6.7685447, 6.3814955, 0.59955966
6.74185, 5.8099427, 0.5998874
6.5974336, 6.007149, 0.60020345
6.7600937, 5.9976263, 0.60006976
6.8617997, 6.864673, 0.5999245
6.6351337, 5.7620187, 0.6000662
6.826092, 6.4976172, 0.59923416
6.7726736, 6.3619943, 0.6003311
6.685184, 6.32264, 0.60032445
6.597397, 5.714448, 0.6000618
6.863189, 6.340502, 0.5996693
6.559222, 5.890855, 0.6001764
6.692421, 6.30612, 0.6000475
6.665457, 5.8782053, 0.6000219
6.748492, 6.330795, 0.60004646
6.8712287, 7.0094047, 0.6000077
6.710692, 5.8574405, 0.6001234
6.503851, 6.3118434, 0.60012513
6.560998, 7.1013985, 0.60062826
6.6434073, 6.7224007, 0.6000779
6.636349, 6.2160373, 0.6000142
6.622479, 6.0388064, 0.60023654
6.648748, 6.230535, 0.59956086
6.498738, 5.8144884, 0.60012835
