8.585594, 7.8135557, 0.3367817
8.609381, 7.772976, 0.3339851
8.592241, 7.8382087, 0.34260783
8.590899, 7.772458, 0.33031905
8.595151, 7.7958617, 0.3353816
8.607265, 7.8227615, 0.3426273
8.574054, 7.787036, 0.32971323
8.572273, 7.764753, 0.3253216
8.610645, 7.802392, 0.33956474
8.610488, 7.8460445, 0.34754926
8.63294, 7.768457, 0.33770168
8.564493, 7.740148, 0.31939223
8.590443, 7.72938, 0.32250145
8.586184, 7.7490554, 0.325122
8.629233, 7.745364, 0.33284888
8.625642, 7.8525996, 0.3516681
8.552674, 7.8432736, 0.335983
8.5901575, 7.870294, 0.34819186
8.61477, 7.8699427, 0.35280666
8.577152, 7.7239704, 0.3189585
8.629072, 7.8761916, 0.3567168
8.651449, 7.8417974, 0.35462317
8.647936, 7.8139625, 0.3488307
8.535151, 7.792523, 0.3232298
8.529691, 7.768777, 0.317847
8.527984, 7.7467027, 0.3135155
8.622878, 7.8956747, 0.35917744
8.605527, 7.8880386, 0.35445178
8.672092, 7.7850432, 0.34825978
8.673528, 7.8074875, 0.35258484
8.590677, 7.709182, 0.31711456
8.573918, 7.7041893, 0.31301346
8.653208, 7.7133393, 0.3300563
8.651871, 7.6914706, 0.32596394
8.669443, 7.734355, 0.33692124
8.508986, 7.8686676, 0.33247045
8.569785, 7.8946333, 0.34891737
8.612161, 7.913217, 0.36047193
8.633175, 7.907668, 0.36341286
8.552952, 7.6941977, 0.30694407
8.684112, 7.834497, 0.3586607
8.688251, 7.8579593, 0.36464384
8.486681, 7.815854, 0.31828523
8.486726, 7.794293, 0.31429335
8.5127125, 7.726415, 0.30692613
8.669919, 7.916669, 0.3720797
8.644809, 7.927801, 0.36942106
8.691797, 7.886232, 0.37055483
8.694105, 7.730294, 0.34101555
8.7117405, 7.769799, 0.3523177
8.710317, 7.8015137, 0.35859948
8.709974, 7.8233376, 0.36248708
8.549176, 7.671582, 0.3023898
8.650171, 7.669576, 0.32181868
8.688356, 7.7064195, 0.33572805
8.673063, 7.671765, 0.3266866
8.644238, 7.6461124, 0.3166016
8.46173, 7.849076, 0.3198065
8.472539, 7.8985586, 0.3295387
8.470336, 7.874487, 0.3262702
8.491243, 7.846689, 0.32495257
8.6364765, 7.9465413, 0.37142003
8.651174, 7.953212, 0.3754688
8.705454, 7.910304, 0.37764192
8.729412, 7.8540564, 0.37182963
8.725697, 7.8749657, 0.37435183
8.446351, 7.7974367, 0.30717054
8.454029, 7.8242397, 0.31364056
8.676048, 7.9419622, 0.37802386
8.70862, 7.9342813, 0.38274738
8.590641, 7.971011, 0.36753586
8.6279745, 7.965273, 0.3734272
8.572577, 7.9479175, 0.35968155
8.72986, 7.705768, 0.34372556
8.746327, 7.7741632, 0.3589595
8.749222, 7.7318773, 0.35206965
8.7496195, 7.796679, 0.36533812
8.755453, 7.8102446, 0.36891222
8.74947, 7.8274884, 0.3708577
8.751574, 7.8506064, 0.3754693
8.668922, 7.6147656, 0.3143759
8.632668, 7.604789, 0.30552608
8.428351, 7.8355803, 0.3109181
8.427685, 7.8577824, 0.3139121
8.649415, 7.9978456, 0.38375258
8.595179, 7.6268134, 0.30366272
8.71169, 7.9583635, 0.387879
8.735638, 7.9240866, 0.38598576
8.76736, 7.8487716, 0.37816942
8.768659, 7.871686, 0.38260394
8.766705, 7.826264, 0.37396938
8.770671, 7.8950434, 0.38729542
8.411361, 7.807244, 0.3023381
8.406982, 7.784088, 0.29717267
8.690572, 7.994144, 0.390746
8.590807, 8.016542, 0.3765399
8.771662, 7.91834, 0.39125615
8.7460165, 7.7089233, 0.34744
8.663187, 7.5916567, 0.309327
8.655827, 8.023736, 0.39002833
8.690784, 8.017183, 0.3952642
8.670144, 8.030463, 0.39402077
8.722424, 7.986181, 0.3952201
8.647702, 8.042968, 0.39229563
8.8302555, 7.8772874, 0.39548412
8.825541, 7.85266, 0.39009896
8.822485, 7.828932, 0.385231
8.836352, 7.791411, 0.37960228
8.813114, 7.7839723, 0.3737299
8.834908, 7.768697, 0.37530586
8.809825, 7.7578073, 0.3684682
8.844216, 7.8171287, 0.38567173
8.611629, 7.6752477, 0.31525302
8.542924, 7.9745526, 0.3556979
8.554101, 7.714723, 0.3127592
8.629055, 7.988455, 0.3781339
8.410133, 7.828319, 0.3060995
8.584213, 7.685411, 0.31168067
8.6079445, 7.6527333, 0.31063193
8.895597, 7.7954593, 0.39186773
8.726999, 7.637848, 0.32978743
8.509085, 7.8907213, 0.33669254
8.592651, 7.994591, 0.37253153
8.547231, 7.7544923, 0.31864297
8.693558, 7.904913, 0.3743781
8.554511, 7.977428, 0.36206797
8.508128, 7.8246527, 0.32402343
8.625049, 8.032353, 0.3860098
8.58822, 7.9026685, 0.35393426
8.724126, 8.032448, 0.4055644
8.59259, 8.024195, 0.36714488
8.56988, 7.6737185, 0.30682757
8.687016, 7.587036, 0.31327063
8.503455, 7.8010855, 0.3187585
8.564646, 7.6531835, 0.30223393
8.714325, 7.632769, 0.32641172
8.437152, 7.774519, 0.3011535
8.632209, 7.64834, 0.31463873
8.570799, 7.829092, 0.3368184
8.530531, 7.8558073, 0.33413035
8.491564, 7.7534018, 0.3077357
8.747901, 7.862319, 0.37690583
8.549791, 7.952818, 0.35635835
8.606448, 7.9555397, 0.36750472
8.565753, 7.805218, 0.3314444
8.652515, 7.734487, 0.33364078
8.488623, 7.731, 0.3030962
8.728888, 7.6715555, 0.33688873
8.525375, 7.8755836, 0.33688408
8.729169, 7.7450542, 0.35047483
8.74688, 7.752594, 0.35525
8.47021, 7.766238, 0.30596066
8.608617, 7.9791265, 0.37249154
8.545335, 7.7323933, 0.31429687
8.629703, 7.92327, 0.36569938
8.729417, 8.0498905, 0.41100094
8.570204, 7.917044, 0.35326725
8.726479, 7.7656393, 0.35358566
8.708398, 7.6933064, 0.33733642
8.547882, 7.8140316, 0.32963842
8.814881, 7.825532, 0.3831404
8.643548, 7.9723735, 0.37772274
8.641575, 7.666115, 0.31954807
8.531231, 7.944685, 0.35129976
8.549282, 7.9302025, 0.35186818
8.732397, 7.8111367, 0.3646132
8.818175, 7.8055468, 0.37854517
8.794035, 7.707521, 0.35656905
8.529098, 7.9081106, 0.34381548
8.633199, 7.6256766, 0.30954218
8.509916, 7.944176, 0.33343363
8.6622305, 8.049815, 0.3963648
8.691145, 7.6025605, 0.31671208
8.707525, 8.048266, 0.4044472
8.489748, 7.7740407, 0.31115237
8.707911, 8.002275, 0.39558634
8.69042, 7.7503366, 0.34383142
8.763914, 7.781761, 0.3637534
8.768044, 7.9315042, 0.39356884
8.723995, 7.8962727, 0.37855786
8.707686, 7.971678, 0.38966772
8.70977, 7.845332, 0.36645344
8.667332, 7.655343, 0.32271957
8.857355, 7.7785378, 0.38140702
8.891397, 7.7713637, 0.38681203
8.670042, 7.688238, 0.32895535
8.687306, 7.9245453, 0.376867
8.801889, 7.710823, 0.3587072
8.668034, 7.635392, 0.31772166
8.863098, 7.803269, 0.38690138
8.692642, 7.7720766, 0.34989917
8.693279, 7.9498553, 0.38279262
8.675295, 7.8744125, 0.3652052
8.786276, 7.902214, 0.39158612
8.7656555, 7.8036985, 0.36970878
8.5106735, 7.697444, 0.3013581
8.568432, 7.871941, 0.3443766
8.830268, 7.7447224, 0.37018642
8.667038, 7.8486233, 0.35884446
8.615394, 8.0049715, 0.37881872
8.508277, 7.8464847, 0.32814315
8.530528, 7.705276, 0.30659792
8.651126, 7.7761254, 0.3426027
8.7262125, 7.6523743, 0.3321094
8.732381, 7.945235, 0.3893305
8.589191, 7.947819, 0.36276314
8.666073, 7.8261666, 0.35457054
8.533714, 7.92344, 0.34762612
8.74295, 7.686165, 0.34288675
8.628881, 7.6892376, 0.32106984
8.804994, 7.733877, 0.36332557
8.704922, 7.7991705, 0.35714164
8.6479845, 7.7531805, 0.3378862
8.647485, 7.564872, 0.30174774
8.466085, 7.8508744, 0.3209489
8.867523, 7.827572, 0.3920897
8.850867, 7.7536535, 0.37575334
8.927347, 7.7909217, 0.38856685
8.794572, 7.6868806, 0.35149398
8.513663, 7.9148, 0.3421976
8.609276, 7.591614, 0.29869226
8.602589, 8.021967, 0.37976378
8.450612, 7.801296, 0.3086807
8.442859, 7.776765, 0.3026608
8.604393, 7.693493, 0.3170284
8.644882, 7.861008, 0.35687706
8.689463, 7.8143826, 0.3569179
8.67033, 7.709699, 0.33275637
8.573006, 7.9631104, 0.36269945
8.671045, 7.742198, 0.33861753
8.600122, 7.9078836, 0.35720205
8.706838, 7.888514, 0.3738586
8.704438, 8.051281, 0.39629143
8.512092, 7.7830696, 0.31709886
8.458559, 7.847787, 0.31895146
8.632235, 8.012745, 0.38348055
8.625973, 7.787151, 0.339764
8.830264, 7.7228837, 0.36635524
8.6901045, 7.7927737, 0.3531304
8.548009, 7.907375, 0.34724295
8.649546, 7.6280937, 0.31281564
8.846996, 7.796115, 0.38251108
8.400056, 7.8028197, 0.2993502
8.735558, 7.726107, 0.3483915
8.612253, 7.935637, 0.3647849
8.5695305, 7.9841485, 0.36617845
8.53042, 7.8121834, 0.32596546
8.547908, 7.8851914, 0.34298593
8.8497305, 7.731227, 0.37160823
8.526474, 7.832263, 0.3289472
8.81405, 7.66716, 0.36631408
8.569885, 7.9318037, 0.3560365
8.69092, 7.837014, 0.361328
8.471893, 7.7456055, 0.30252385
8.801857, 7.6899033, 0.3534832
8.852737, 7.842579, 0.39352328
8.501821, 7.936088, 0.3376227
8.688661, 7.6225467, 0.31960824
8.712198, 7.71632, 0.3421115
8.487223, 7.9035726, 0.33505094
8.821577, 7.807041, 0.37950072
8.528866, 7.7257833, 0.30993026
8.73474, 7.8342385, 0.36924854
8.618778, 8.05341, 0.38745838
8.546594, 7.7972393, 0.32630673
8.715002, 7.7390614, 0.3466536
8.725269, 7.786093, 0.3587332
8.426499, 7.813223, 0.30633673
8.550873, 7.826148, 0.33246568
8.7302, 7.966977, 0.3930257
8.443322, 7.867566, 0.31348523
8.697375, 7.6470995, 0.32551885
8.628992, 7.6610856, 0.31620386
8.605727, 7.789469, 0.3362714
8.728201, 7.6172147, 0.32651243
8.882563, 7.7447777, 0.38190192
8.742706, 7.882314, 0.37960023
8.752926, 7.9095564, 0.38636768
8.668845, 7.573067, 0.30734035
8.713848, 7.611513, 0.32271063
8.889675, 7.815153, 0.3941906
8.918545, 7.783857, 0.39314026
8.756478, 7.9337077, 0.3917538
8.509476, 7.749917, 0.31054997
8.472401, 7.7885284, 0.31046945
8.79132, 7.8707542, 0.3868056
8.685344, 7.968897, 0.38491648
8.549966, 7.8640394, 0.33937004
8.46678, 7.829405, 0.31704378
8.494953, 7.8627987, 0.32868922
8.645365, 7.7961783, 0.34364206
8.829251, 7.7085176, 0.3623696
8.491158, 7.832147, 0.32219157
8.617403, 7.698744, 0.3204854
8.627534, 7.724185, 0.3269365
8.71298, 7.86915, 0.37107348
8.849254, 7.8301744, 0.38981736
8.769333, 7.751298, 0.35942546
8.658012, 7.8667636, 0.36048356
8.66706, 7.8930173, 0.36709064
8.649834, 7.5864816, 0.30582997
8.655676, 7.609573, 0.31088266
8.881041, 7.7304344, 0.35978705
8.542474, 7.6480527, 0.2969904
8.509359, 7.686968, 0.29829055
8.629308, 7.592399, 0.30279264
8.743853, 7.6659207, 0.33793777
8.512978, 7.9367795, 0.3463282
8.715473, 7.549091, 0.3135404
8.787973, 7.770272, 0.36639646
8.748537, 7.884966, 0.3811861
8.794786, 7.838786, 0.3816632
8.513703, 7.7091713, 0.30404902
8.596079, 7.928454, 0.36031958
8.516426, 7.8064003, 0.32222474
8.656968, 7.978538, 0.38143128
8.717417, 7.983833, 0.3938232
8.528309, 7.8878555, 0.3397851
8.768055, 7.696615, 0.3495862
8.60604, 7.758375, 0.32855964
8.845406, 7.773296, 0.37814385
8.809275, 7.8902087, 0.39381662
8.772138, 7.7199097, 0.3544598
8.487614, 7.709463, 0.2990454
8.708071, 7.5882893, 0.31764683
8.574028, 7.852351, 0.34175095
8.702673, 7.6696343, 0.3321181
8.547497, 7.7760563, 0.3226031
8.789807, 7.8143573, 0.3762953
8.576773, 8.01103, 0.3713835
8.78824, 7.7923646, 0.3703763
8.694926, 7.6250324, 0.32126677
8.46718, 7.722584, 0.29744086
8.52976, 7.684987, 0.3009345
8.5707, 7.638136, 0.3008161
8.669791, 7.7623596, 0.34374815
8.610899, 7.632952, 0.30780616
8.562265, 7.8473325, 0.3385796
8.586291, 7.92411, 0.3576676
8.610542, 8.025621, 0.38198715
8.807152, 7.8667393, 0.38910735
8.828122, 7.690845, 0.35710326
8.718675, 7.7406187, 0.34762514
8.695892, 7.86135, 0.366725
8.774078, 7.7207375, 0.3549671
8.757046, 7.6289988, 0.3336954
8.471672, 7.8097553, 0.31429046
8.603675, 7.999609, 0.3755722
8.694611, 7.545476, 0.29945004
8.682137, 7.5781846, 0.3108455
8.548958, 7.9835935, 0.34834516
8.718896, 8.036733, 0.39287832
8.657548, 7.8224936, 0.35221687
8.870298, 7.7842526, 0.38493162
8.75359, 7.777292, 0.36094287
8.781529, 7.9226537, 0.39445123
8.683958, 7.726056, 0.33829734
8.399932, 7.8027587, 0.29933596
8.726117, 7.919722, 0.3833469
8.630484, 7.704048, 0.32397598
8.732306, 7.6817665, 0.34004304
8.624326, 7.6803317, 0.3186328
8.401875, 7.835601, 0.29012525
8.85322, 7.7081923, 0.37455717
8.609273, 7.612356, 0.30222303
8.798517, 7.957178, 0.39636087
8.62353, 7.829716, 0.34704334
8.582232, 7.6635585, 0.30750325
8.617114, 7.8051267, 0.34132493
8.661605, 7.9806705, 0.3827234
8.908552, 7.7758307, 0.39836535
8.703671, 7.6496468, 0.32716283
8.775912, 7.657707, 0.34281886
8.488549, 7.88205, 0.33118668
8.787616, 7.72648, 0.3586087
8.792567, 7.7503724, 0.36376837
8.642664, 7.904454, 0.36458528
8.808753, 7.84507, 0.3854846
8.623767, 7.5764766, 0.2989952
8.667933, 8.006455, 0.38889465
8.772274, 7.6151276, 0.3317138
8.677657, 8.0784645, 0.40836486
8.495548, 7.81947, 0.3206637
8.875845, 7.7393885, 0.38545617
8.472522, 7.906484, 0.31876785
8.432503, 7.8608217, 0.3137457
8.457525, 7.7195535, 0.2938332
