5.85299, 5.2885222, 0.23095594
5.8354025, 5.26789, 0.18984966
5.842151, 5.2777405, 0.22632053
5.8419995, 5.2775664, 0.2713362
5.835331, 5.267447, 0.23193291
5.8354034, 5.2686195, 0.24787514
5.842481, 5.2780643, 0.24659115
5.870341, 5.3059053, 0.27491206
5.8512506, 5.286783, 0.24470529
5.8538027, 5.2893143, 0.27375787
5.862042, 5.2978163, 0.27460152
5.841568, 5.277135, 0.19148369
5.851518, 5.287092, 0.20813937
5.835796, 5.2692127, 0.20857985
5.842543, 5.278128, 0.20856336
5.8358793, 5.2668467, 0.27311912
5.8113384, 5.2458715, 0.14431408
5.8300786, 5.2503066, 0.14850017
5.8474236, 5.2928686, 0.15191123
5.8422837, 5.277834, 0.17039654
5.827888, 5.273392, 0.1486615
5.8619676, 5.29753, 0.17164037
5.892478, 5.32803, 0.2747031
5.8281183, 5.2671247, 0.13173284
5.7928796, 5.2267566, 0.14656466
5.8014297, 5.236964, 0.104873456
5.8217044, 5.257147, 0.109916314
5.8026924, 5.2382007, 0.1329729
5.781722, 5.2172737, 0.13258862
5.791817, 5.227321, 0.13431554
5.82165, 5.2573915, 0.08602518
5.8126783, 5.2482357, 0.08897147
5.773798, 5.2068005, 0.1472359
5.797239, 5.230138, 0.08753412
5.8118353, 5.247369, 0.07167883
5.841168, 5.2565975, 0.068070345
5.7526894, 5.188259, 0.12729356
5.841321, 5.257593, 0.05014356
5.8207846, 5.256305, 0.04461735
5.810585, 5.246072, 0.045557365
5.692167, 5.1277504, 0.12999448
5.702313, 5.1378536, 0.12883775
5.7013655, 5.1370015, 0.112203114
5.6917067, 5.1272697, 0.11162228
5.682952, 5.118548, 0.08236635
5.682739, 5.118313, 0.072382525
5.700332, 5.1359143, 0.07406365
5.6920958, 5.127658, 0.07454834
5.6782103, 5.112443, 0.07352912
5.6924, 5.127963, 0.052423295
5.7017684, 5.1373525, 0.04985715
5.678984, 5.1122108, 0.086704485
5.813522, 5.2490883, 0.13562681
5.8407683, 5.258077, 0.08473636
5.8098145, 5.2454205, 0.10540742
5.7298293, 5.149537, 0.028584464
5.8810744, 5.316832, 0.2749348
5.7968955, 5.2315164, 0.074668266
5.8538356, 5.2860427, 0.29419103
5.860219, 5.295736, 0.21028487
5.8220763, 5.2576323, 0.13507746
5.8519526, 5.2875338, 0.17216259
5.836817, 5.2680974, 0.2927824
5.850519, 5.2860913, 0.19114603
5.8014297, 5.2284565, 0.031852484
5.6903715, 5.1259136, 0.08366699
5.8601055, 5.2955394, 0.24585995
