8.507959, 7.0059047, 0.2183889
8.481807, 6.97748, 0.21756297
8.495052, 6.9816666, 0.21926928
8.471284, 6.9941883, 0.21366428
8.450638, 6.9677005, 0.2135182
8.466505, 6.9527893, 0.21812157
8.453898, 7.052477, 0.19737466
8.471159, 7.0786805, 0.1970877
8.511408, 7.0713263, 0.2047129
8.42016, 7.0196896, 0.198821
8.430843, 6.981422, 0.20840701
8.428113, 7.0222263, 0.19985268
8.430094, 6.9247184, 0.2179021
8.410463, 6.955241, 0.20824838
8.407409, 6.995553, 0.1996618
8.432308, 6.9422264, 0.21366428
8.448386, 6.92609, 0.22144717
8.49233, 6.898988, 0.23545575
8.523979, 6.9296007, 0.2339495
8.546742, 6.95371, 0.23468462
8.556666, 6.9397173, 0.23823516
8.416445, 7.060766, 0.19010378
8.385208, 6.9672723, 0.20229535
8.406654, 6.9134135, 0.21594208
8.431215, 6.901356, 0.22172718
8.390264, 6.9294033, 0.20812662
8.411617, 6.895478, 0.21913995
8.480531, 6.8759685, 0.23653634
8.473609, 6.8739915, 0.23541138
8.4607315, 6.850833, 0.23648316
8.347008, 6.976765, 0.19175872
8.386844, 6.888109, 0.21583658
8.406872, 6.8734193, 0.22411941
8.354618, 6.938162, 0.20091374
8.38735, 6.8485713, 0.2240447
8.453308, 6.8486633, 0.23548444
8.429333, 6.8214107, 0.23784447
8.317648, 6.9465203, 0.19357526
8.368059, 6.8240685, 0.22398636
8.334823, 6.9127617, 0.20076431
8.342788, 6.8357286, 0.21804252
8.4233265, 6.819685, 0.2370371
8.407535, 6.7963414, 0.23746812
8.345238, 6.817586, 0.22090177
8.323769, 6.811541, 0.21797395
8.310563, 6.8453965, 0.21118563
8.30952, 6.884553, 0.20300676
8.287015, 6.7848034, 0.21738413
8.271903, 6.894257, 0.19235215
8.252395, 6.8680325, 0.19530967
8.393385, 6.991163, 0.1978301
8.548421, 6.896399, 0.24550678
8.449744, 7.0716286, 0.1943703
8.352807, 6.8973017, 0.20878997
8.349934, 6.9563303, 0.19785357
8.491286, 6.946347, 0.22516753
8.264013, 6.852446, 0.19931261
8.283058, 6.876857, 0.19944918
8.428615, 7.0442905, 0.19413397
8.328415, 6.7928677, 0.22413197
8.310417, 6.9055285, 0.19751965
8.330048, 6.930743, 0.19767816
8.391218, 7.010503, 0.19506927
8.396532, 7.0339947, 0.19000709
8.450454, 7.009185, 0.20522097
8.328936, 6.8711047, 0.20809144
8.367279, 7.0029564, 0.19197729
8.297951, 6.921166, 0.19339477
8.526192, 6.8701754, 0.24521223
8.471392, 7.036165, 0.20541139
8.2694435, 6.833705, 0.2056143
8.325557, 6.773534, 0.22626138
8.596384, 6.952127, 0.24340934
8.292545, 6.8214917, 0.2112041
8.377344, 6.768047, 0.23885824
8.349494, 6.7925377, 0.22785397
8.457473, 6.949986, 0.216949
8.367054, 6.842696, 0.22132336
8.363344, 6.7457447, 0.23948282
8.38204, 6.7693477, 0.23949544
8.330507, 6.89071, 0.20582171
8.534931, 6.9119525, 0.24108452
8.317169, 6.7897367, 0.22260441
8.56873, 6.9434786, 0.23979756
8.212095, 6.8507376, 0.1898378
8.467352, 7.056861, 0.19908938
8.471053, 6.833469, 0.24345903
8.475068, 7.087434, 0.19563773
8.299272, 6.9409814, 0.19114281
8.416727, 6.998494, 0.20085618
8.585005, 6.9686294, 0.23927274
8.478007, 6.97628, 0.21707684
8.386449, 6.867398, 0.22140309
8.347803, 6.9166346, 0.20248234
8.232609, 6.827637, 0.19174534
8.488735, 7.084501, 0.19931495
8.307329, 6.7685447, 0.22375692
8.617491, 6.978961, 0.24347472
8.401648, 7.0137954, 0.19643861
8.349743, 6.8566866, 0.2164719
8.31159, 6.808128, 0.21632175
8.493746, 7.0230627, 0.21079293
8.514987, 7.0503874, 0.2109666
8.394819, 6.909851, 0.21436878
8.375068, 6.884626, 0.21426389
8.330554, 6.832238, 0.21638817
8.35867, 6.744473, 0.23884612
8.447671, 7.093287, 0.18826434
8.531666, 7.0353575, 0.2156511
8.411737, 6.97544, 0.2059218
8.371435, 6.9237223, 0.20562258
8.457743, 7.0317526, 0.20365344
8.391428, 6.949377, 0.20577079
8.491838, 7.064875, 0.20222582
8.288635, 6.8492985, 0.20543762
8.513373, 7.0927014, 0.20244709
8.375243, 6.964242, 0.20088992
8.40737, 6.8353267, 0.22931182
8.281347, 6.897011, 0.19360647
8.524706, 6.9709816, 0.2257022
8.568919, 6.922398, 0.2455534
8.446639, 6.885228, 0.22943471
8.251093, 6.810729, 0.20383255
8.4751215, 6.914638, 0.22751796
8.545652, 6.997771, 0.22581851
8.334785, 6.7563686, 0.23301032
8.551972, 7.041997, 0.21823579
8.566879, 7.0249624, 0.22594891
8.32938, 6.9500804, 0.1951212
8.381519, 6.807769, 0.23138264
8.295529, 6.8614416, 0.20359781
8.42828, 6.8605094, 0.22955513
8.252248, 6.8064337, 0.19152056
8.309617, 6.9246426, 0.194942
8.428482, 7.064676, 0.19166122
8.36255, 6.783746, 0.23134746
8.482831, 7.1049566, 0.19274032
8.297585, 6.9017544, 0.19580019
8.355964, 6.8206267, 0.22235209
8.270293, 6.8731637, 0.19774255
8.365487, 6.982476, 0.19417767
8.251282, 6.848823, 0.19761455
8.422542, 6.898745, 0.22059384
8.415287, 7.039999, 0.19242541
8.281929, 6.818504, 0.20977908
8.428612, 6.841471, 0.23216888
8.602472, 6.954044, 0.24418941
8.517238, 6.947335, 0.23046817
8.401246, 6.81338, 0.23403756
8.4967375, 6.9212246, 0.23038734
8.502984, 7.0260434, 0.21198358
8.524283, 7.053437, 0.21215557
8.468119, 6.8916664, 0.23228873
8.35562, 6.762078, 0.23584783
8.546746, 6.977951, 0.22854789
8.238194, 6.8845267, 0.18779358
8.448266, 6.866401, 0.23221634
8.382205, 6.78924, 0.23399527
8.543014, 7.039063, 0.21709682
