regionId: 218842629, origin: 0.5411642789840698, 2.1033475399017334, -0.15923148393630981, normal: -0.0011673957342281938, -9.896091796690598E-5, 0.9999907612800598
regionId: 75035255, origin: 0.16450397670269012, 0.7418107986450195, -0.07237875461578369, normal: -0.647161602973938, -0.7600520849227905, -0.05918308347463608
regionId: 658526169, origin: 0.4382076561450958, 0.4255698621273041, -0.007445089053362608, normal: 6.620057974942029E-4, -0.005131036974489689, 0.9999865889549255
regionId: 861153888, origin: -0.027297286316752434, 1.2483837604522705, -0.00936233438551426, normal: 0.0012387551832944155, 0.03036297671496868, 0.9993159174919128
regionId: 2146103926, origin: 0.514494001865387, 1.6114733219146729, -0.016562901437282562, normal: 0.0034135058522224426, 0.009951633401215076, 0.9999446272850037
regionId: 1017275069, origin: 0.9342760443687439, 1.963280200958252, -0.016789821907877922, normal: -0.010133893229067326, 0.0019126379629597068, 0.9999468326568604
regionId: 1790618275, origin: 0.6041335463523865, 2.1802573204040527, -0.016885312274098396, normal: 0.0010119789512827992, 0.007107306271791458, 0.999974250793457
regionId: 156575906, origin: 0.29050812125205994, 0.8814538717269897, -0.006105856038630009, normal: 0.004251127131283283, 0.016423672437667847, 0.9996627569198608
regionId: 1797246844, origin: 1.1121180057525635, 2.5330629348754883, -0.018001286312937737, normal: -8.461754187010229E-4, 0.006415303330868483, 0.9999628663063049
regionId: 501044225, origin: -0.06926047056913376, 1.0498816967010498, -0.07267425209283829, normal: -0.23960146307945251, -0.9700801372528076, -0.03918694332242012
regionId: 478261868, origin: 0.855902373790741, 1.3630707263946533, -0.014765334315598011, normal: 0.007634651847183704, 0.013561941683292389, 0.9998788833618164
regionId: 521240322, origin: 0.3756462037563324, 0.490366667509079, -0.08757853507995605, normal: 0.4091823399066925, 0.8488937616348267, 0.33458808064460754
regionId: 292410619, origin: 0.04861743375658989, 0.22942601144313812, 0.6070045828819275, normal: 0.31439852714538574, 0.8433778285980225, 0.4357377588748932
regionId: 346881447, origin: 1.2621277570724487, 1.6212960481643677, -0.015422734431922436, normal: 0.0055871522054076195, 0.011495432816445827, 0.9999183416366577
regionId: 1815864298, origin: 0.42705485224723816, 1.4234764575958252, -0.06123148649930954, normal: -0.45534276962280273, -0.8748034834861755, -0.165474534034729
regionId: 267626141, origin: 0.7886833548545837, 1.1606051921844482, -0.07672162353992462, normal: -0.2778487503528595, -0.9601241946220398, 0.031009430065751076
regionId: 1646140583, origin: 0.8398265838623047, 1.7944042682647705, -0.07821039855480194, normal: -0.47755229473114014, -0.8770337104797363, -0.052494876086711884
regionId: 196031344, origin: 1.2175843715667725, 1.4040898084640503, -0.08304117619991302, normal: -0.2260296493768692, -0.9740262627601624, 0.013544523157179356
regionId: 1071446893, origin: 0.03928802162408829, 0.4832351505756378, -0.08109907805919647, normal: -0.8810654878616333, 0.43545129895210266, 0.1846773624420166
regionId: 1743965898, origin: 1.3709197044372559, 2.9372262954711914, -0.14470955729484558, normal: 0.08546902984380722, 0.20929653942584991, 0.9741098284721375
regionId: 1767159561, origin: 0.2968932092189789, 0.9020330309867859, -0.009319732896983624, normal: 0.1589369773864746, -0.14314550161361694, 0.9768564105033875
regionId: 831448772, origin: 0.35808563232421875, 0.8440102934837341, -0.0955910012125969, normal: 0.7789678573608398, -0.6263608932495117, 0.02968400903046131
regionId: 658272237, origin: 0.4159385859966278, 0.500040590763092, -0.12726880609989166, normal: 0.28853142261505127, 0.767667829990387, 0.5722200274467468
regionId: 1992203405, origin: 0.9857123494148254, 2.3785815238952637, -0.13997143507003784, normal: -0.1836327463388443, -0.3369302749633789, 0.9234484434127808
regionId: 755254808, origin: 1.1952033042907715, 2.2693734169006348, -0.08088033646345139, normal: -0.45570799708366394, -0.8898809552192688, -0.021025488153100014
regionId: 342956534, origin: 0.047957777976989746, 1.223252296447754, -0.07498028874397278, normal: 0.969415009021759, -0.24400006234645844, -0.02642982453107834
regionId: 1029778482, origin: 0.43564680218696594, 1.420850396156311, -0.0897919237613678, normal: -0.3964034616947174, -0.915221095085144, 0.07235071063041687
regionId: 355807043, origin: 0.9754827618598938, 2.1238298416137695, -0.07548335194587708, normal: -0.7996916174888611, 0.41401025652885437, -0.43484342098236084
regionId: 222453608, origin: 0.8122630715370178, 2.6197502613067627, -0.04576965793967247, normal: 0.9242163300514221, -0.3249146044254303, -0.20063556730747223
regionId: 2052265743, origin: 0.878011167049408, 2.0659890174865723, -0.04447319358587265, normal: -0.8588168621063232, 0.46927112340927124, 0.20547080039978027
