1.225201964378357, 2.2532315254211426, -0.15058425068855286
1.2717570066452026, 2.2279953956604004, -0.1488819271326065
1.2531342506408691, 2.2440731525421143, -0.15131686627864838
1.2697088718414307, 2.231285333633423, -0.12658247351646423
1.2881791591644287, 2.226090669631958, -0.12845638394355774
1.2677946090698242, 2.232492446899414, -0.10807284712791443
1.2527052164077759, 2.232494831085205, -0.07021157443523407
1.2320821285247803, 2.2486207485198975, -0.09068264067173004
1.206591248512268, 2.2670717239379883, -0.08992938697338104
1.231438398361206, 2.2482779026031494, -0.07009252160787582
1.1712712049484253, 2.2727248668670654, -0.09015898406505585
1.2667186260223389, 2.232516288757324, -0.0695243775844574
1.232452630996704, 2.2487783432006836, -0.050832610577344894
1.2678605318069458, 2.2318661212921143, -0.04941166192293167
1.2548344135284424, 2.2307872772216797, -0.05158248916268349
1.2333486080169678, 2.2489166259765625, -0.02991502173244953
1.210585117340088, 2.252991199493408, -0.048836857080459595
1.268141746520996, 2.2313172817230225, -0.029893627390265465
1.2099529504776, 2.2662417888641357, -0.050692860037088394
1.1867185831069946, 2.271606206893921, -0.0500863753259182
1.1876047849655151, 2.26922345161438, -0.0692109689116478
1.1955738067626953, 2.252633571624756, -0.049059879034757614
1.1485806703567505, 2.2890446186065674, -0.07121822983026505
1.1858153343200684, 2.2701151371002197, -0.028110014274716377
1.1273927688598633, 2.3079161643981934, -0.07067734003067017
1.1229195594787598, 2.2971889972686768, -0.026092499494552612
1.0941953659057617, 2.3288071155548096, -0.09063073247671127
1.230039119720459, 2.263277053833008, -0.13078054785728455
1.0921612977981567, 2.3294577598571777, -0.04956301301717758
1.2082511186599731, 2.2545206546783447, -0.02995762974023819
1.0486462116241455, 2.3524019718170166, -0.048191241919994354
0.9866072535514832, 2.3852148056030273, -0.04955805838108063
1.2637717723846436, 2.244060516357422, -0.1321387141942978
1.2848763465881348, 2.229146957397461, -0.1656426042318344
1.2299070358276367, 2.249962329864502, -0.10916706174612045
1.226922869682312, 2.2506494522094727, -0.1275678426027298
1.0121270418167114, 2.3687021732330322, -0.05153771489858627
1.2453339099884033, 2.246826171875, -0.08817250281572342
1.0619597434997559, 2.3340606689453125, -0.1070375069975853
1.2505979537963867, 2.2468276023864746, -0.1116323322057724
1.2659311294555664, 2.2438995838165283, -0.08939185738563538
1.0564746856689453, 2.3307430744171143, -0.11507196724414825
1.094926357269287, 2.324225425720215, -0.07289265096187592
1.2550567388534546, 2.244647979736328, -0.13124778866767883
1.1682850122451782, 2.287984609603882, -0.026438429951667786
1.2252426147460938, 2.2548828125, -0.16595494747161865
1.2464065551757812, 2.249372720718384, -0.028761086985468864
1.209145426750183, 2.2666430473327637, -0.02940867282450199
1.2475675344467163, 2.24906063079834, -0.06763731688261032
1.2098653316497803, 2.2541677951812744, -0.06848826259374619
1.2471685409545898, 2.248443126678467, -0.049089010804891586
1.2536672353744507, 2.232736587524414, -0.1293758898973465
1.2662476301193237, 2.2307934761047363, -0.0896369069814682
1.0889278650283813, 2.3110246658325195, -0.10533710569143295
1.1503326892852783, 2.288651704788208, -0.0508173406124115
1.2073971033096313, 2.267263650894165, -0.06863104552030563
1.1703903675079346, 2.2832460403442383, -0.0910194143652916
0.9550008177757263, 2.386460065841675, -0.05016763135790825
