0.5088760256767273, 1.387169361114502, -0.0510241836309433
0.4875667691230774, 1.404295563697815, -0.11007756739854813
0.4504580497741699, 1.4102044105529785, -0.06958351284265518
0.4470202922821045, 1.4236818552017212, -0.12881755828857422
0.4481658339500427, 1.4235602617263794, -0.1112353503704071
0.42846134305000305, 1.4272348880767822, -0.06978794187307358
0.46804574131965637, 1.405805230140686, -0.08965971320867538
0.4907589256763458, 1.391261100769043, -0.0898425504565239
0.42871788144111633, 1.4270395040512085, -0.12887854874134064
0.44688040018081665, 1.423170566558838, -0.08963729441165924
0.45046451687812805, 1.4110229015350342, -0.05041533708572388
0.4908510744571686, 1.3915479183197021, -0.029534995555877686
0.49050116539001465, 1.3912451267242432, -0.049317341297864914
0.49011656641960144, 1.390906572341919, -0.06971330940723419
0.4299568235874176, 1.4290285110473633, -0.028524179011583328
0.4649282991886139, 1.4212359189987183, -0.11095134168863297
0.43257707357406616, 1.4142481088638306, -0.06960323452949524
0.45092496275901794, 1.4138182401657104, -0.012947635725140572
0.4486180245876312, 1.4239518642425537, -0.14977231621742249
0.450562447309494, 1.411587119102478, -0.029674502089619637
0.40998440980911255, 1.4311202764511108, -0.030521903187036514
0.3871140480041504, 1.4457935094833374, -0.07000917196273804
0.39182743430137634, 1.4340494871139526, -0.030698304995894432
0.40987062454223633, 1.4302042722702026, -0.05024484544992447
0.4663670063018799, 1.4215301275253296, -0.1301240622997284
0.39190882444381714, 1.4344455003738403, -0.013791827484965324
0.4310922920703888, 1.4141786098480225, -0.0291963592171669
0.40728387236595154, 1.4455407857894897, -0.08994296193122864
0.352944552898407, 1.4515987634658813, -0.030544975772500038
0.41129064559936523, 1.432094693183899, -0.012594957835972309
0.3522811233997345, 1.451859474182129, -0.011257939040660858
0.491738885641098, 1.3926740884780884, -0.012037912383675575
0.4730730652809143, 1.3942652940750122, -0.07016050815582275
0.36001303791999817, 1.4675178527832031, -0.09947459399700165
0.41027963161468506, 1.4431438446044922, -0.1318245232105255
0.44573062658309937, 1.4259533882141113, -0.1662471741437912
0.34918835759162903, 1.4661250114440918, -0.029930809512734413
0.413875937461853, 1.418287754058838, -0.04751698672771454
0.4502451419830322, 1.3971376419067383, -0.06890536844730377
0.4323838949203491, 1.413370966911316, -0.049049101769924164
0.452585369348526, 1.3941311836242676, -0.051430750638246536
0.4721812903881073, 1.394383192062378, -0.012753883376717567
0.43411511182785034, 1.3993070125579834, -0.00861438736319542
0.3484750986099243, 1.4604833126068115, -0.04659992456436157
0.43006664514541626, 1.4146944284439087, -0.012187915854156017
0.36285319924354553, 1.5137152671813965, -0.0990367978811264
0.35269829630851746, 1.4516335725784302, -0.06888037174940109
0.4554843604564667, 1.3964433670043945, -0.029105138033628464
0.4728395342826843, 1.3943123817443848, -0.05000464618206024
0.33429116010665894, 1.4688876867294312, -0.04855873063206673
0.471510648727417, 1.3949552774429321, -0.02896382473409176
0.359760046005249, 1.4383870363235474, -0.009632687084376812
0.3342466354370117, 1.4491721391677856, -0.03254558518528938
0.33690884709358215, 1.4643166065216064, -0.09511300176382065
