0.009812569245696068, 1.0299423933029175, -0.04952586442232132
-0.031072959303855896, 1.045987606048584, -0.02981005422770977
-0.03150789439678192, 1.0463837385177612, -0.10977347195148468
-0.05109890550374985, 1.0472444295883179, -0.06987451761960983
-0.031422488391399384, 1.0460773706436157, -0.09085029363632202
-0.012395058758556843, 1.044628381729126, -0.11222135275602341
-0.013442248106002808, 1.045046329498291, -0.0920676663517952
-0.03102606162428856, 1.0458670854568481, -0.06969451159238815
-0.09201517701148987, 1.064998745918274, -0.07108435779809952
-0.09004095941781998, 1.0656284093856812, -0.09039825201034546
-0.09328953176736832, 1.0656445026397705, -0.10937970876693726
-0.050631824880838394, 1.0467944145202637, -0.1092885211110115
-0.07192528247833252, 1.062671184539795, -0.09110358357429504
-0.11074814200401306, 1.0675452947616577, -0.04960768297314644
-0.11118683964014053, 1.0677919387817383, -0.07002084702253342
-0.05091588944196701, 1.0481280088424683, -0.08930052071809769
-0.111803337931633, 1.0680474042892456, -0.11152836680412292
-0.009695779532194138, 1.0306103229522705, -0.05029672011733055
-0.09138312935829163, 1.0669516324996948, -0.02755199559032917
-0.10961608588695526, 1.0679107904434204, -0.028950834646821022
-0.10919681936502457, 1.0666821002960205, -0.08952172100543976
0.009071102365851402, 1.0293301343917847, -0.10921313613653183
-0.06980422139167786, 1.0487207174301147, -0.06910144537687302
-0.05028098076581955, 1.0489732027053833, -0.12989136576652527
-0.05177798122167587, 1.0613763332366943, -0.13020239770412445
-0.009570235386490822, 1.030287504196167, -0.11027121543884277
-0.07051193714141846, 1.0491669178009033, -0.04980086907744408
-0.030819881707429886, 1.0456355810165405, -0.12994255125522614
-0.07057381421327591, 1.0477970838546753, -0.08946436643600464
-0.09043143689632416, 1.05135977268219, -0.05022983253002167
-0.009089073166251183, 1.0304337739944458, -0.07009141892194748
-0.0701417550444603, 1.0488648414611816, -0.030971158295869827
-0.13111256062984467, 1.0666335821151733, -0.06918308138847351
-0.028717033565044403, 1.0331803560256958, -0.050615955144166946
-0.02897881343960762, 1.0327039957046509, -0.03005339205265045
-0.13008341193199158, 1.0677735805511475, -0.029010819271206856
-0.08859320729970932, 1.0507211685180664, -0.030029840767383575
-0.13069918751716614, 1.06641685962677, -0.049708861857652664
-0.01097186654806137, 1.0295860767364502, -0.09029034525156021
-0.06920823454856873, 1.0516098737716675, -0.01038641482591629
-0.05103904753923416, 1.0469557046890259, -0.04977793991565704
-0.10934263467788696, 1.0524897575378418, -0.05162958800792694
-0.03127872571349144, 1.0453133583068848, -0.04985056817531586
-0.030251599848270416, 1.0325595140457153, -0.07091646641492844
-0.050447016954422, 1.0462348461151123, -0.1507921814918518
-0.028813837096095085, 1.0316003561019897, -0.0906355008482933
-0.04935014620423317, 1.0481139421463013, -0.03021039068698883
-0.10837021470069885, 1.0514557361602783, -0.06872516125440598
-0.0892244353890419, 1.048776626586914, -0.06953273713588715
-0.009552870877087116, 1.0473922491073608, -0.02836739271879196
0.009896481409668922, 1.0178178548812866, -0.1103573814034462
-0.1550634354352951, 1.082400918006897, -0.0952715128660202
-0.12756119668483734, 1.054565668106079, -0.04870033636689186
0.02978389710187912, 1.0284925699234009, -0.1517838090658188
-0.1506006121635437, 1.0667603015899658, -0.06914909929037094
-0.06994538754224777, 1.0483479499816895, -0.10927022993564606
-0.06841940432786942, 1.0367783308029175, -0.05078291520476341
-0.04881608486175537, 1.0354877710342407, -0.011498337611556053
0.009865928441286087, 1.029699444770813, -0.1299663484096527
-0.06679631024599075, 1.03609299659729, -0.06999685615301132
-0.049739494919776917, 1.0338432788848877, -0.029462337493896484
-0.05005216971039772, 1.0511234998703003, -0.009767234325408936
-0.07054434716701508, 1.0488157272338867, -0.13091646134853363
-0.1095975935459137, 1.0680712461471558, -0.12958596646785736
-0.07322864979505539, 1.0638972520828247, -0.05079206824302673
0.010218785144388676, 1.0274392366409302, -0.15089595317840576
-0.13068601489067078, 1.0655708312988281, -0.10892944037914276
-0.169596329331398, 1.0677883625030518, -0.07065896689891815
-0.15053260326385498, 1.0681006908416748, -0.02827829122543335
-0.08881159126758575, 1.052759051322937, -0.009979628957808018
-0.02840210124850273, 1.0338016748428345, -0.010752419009804726
-0.08740672469139099, 1.0377860069274902, -0.0492917075753212
-0.009633565321564674, 1.0293906927108765, -0.12899912893772125
-0.1491612046957016, 1.0663400888442993, -0.05058015510439873
-0.12878607213497162, 1.054094910621643, -0.08788259327411652
-0.02951171062886715, 1.05033540725708, -0.009073080494999886
-0.11080985516309738, 1.065850853919983, -0.1499198079109192
-0.1308792382478714, 1.0670807361602783, -0.09142028540372849
-0.1885707974433899, 1.069088339805603, -0.040272075682878494
-0.17288359999656677, 1.0508660078048706, -0.028958316892385483
