0.4091014564037323, 0.5119959115982056, -0.1631353348493576
0.45108890533447266, 0.4915439486503601, -0.16303591430187225
0.3907482326030731, 0.5120143890380859, -0.148982971906662
0.38922134041786194, 0.5081298351287842, -0.13492484390735626
0.4296470880508423, 0.49499621987342834, -0.16187936067581177
0.38950878381729126, 0.5144758820533752, -0.1618567258119583
0.44961297512054443, 0.4123810827732086, -0.022876229137182236
0.43003201484680176, 0.4102763831615448, -0.007506774738430977
0.40970125794410706, 0.4111432135105133, -0.02215578220784664
0.4701535105705261, 0.43101975321769714, -0.04839788004755974
0.5298886299133301, 0.4701462388038635, -0.15026630461215973
0.46959829330444336, 0.4892537295818329, -0.13796930015087128
0.5112152099609375, 0.46717143058776855, -0.13709527254104614
0.5097470879554749, 0.4704265296459198, -0.15033842623233795
0.4698447287082672, 0.43504461646080017, -0.09018241614103317
0.5303104519844055, 0.46964651346206665, -0.13712355494499207
0.5501404404640198, 0.4504559636116028, -0.14986200630664825
0.532982587814331, 0.4137091040611267, -0.06871148943901062
0.40999963879585266, 0.4102388620376587, -0.007279604207724333
0.43047577142715454, 0.4091556966304779, -0.022030549123883247
0.46955353021621704, 0.491894394159317, -0.1629481017589569
0.4900647699832916, 0.49028176069259644, -0.15058152377605438
0.4905492961406708, 0.48990944027900696, -0.1634618043899536
0.46990105509757996, 0.5100830793380737, -0.16323834657669067
0.3490813374519348, 0.5283321142196655, -0.1352466642856598
0.36895662546157837, 0.509712278842926, -0.1321379691362381
0.3508862853050232, 0.5321817398071289, -0.1495433747768402
0.5309286713600159, 0.49060553312301636, -0.13779719173908234
0.5504863262176514, 0.4703417718410492, -0.16310828924179077
0.5307488441467285, 0.5093405842781067, -0.16343848407268524
0.5094090700149536, 0.48929473757743835, -0.1635931432247162
0.5491845607757568, 0.49076321721076965, -0.1635233461856842
0.5304141044616699, 0.4900837242603302, -0.16330142319202423
0.4098820090293884, 0.4095020294189453, 0.003688650671392679
0.33320382237434387, 0.5363027453422546, -0.16163966059684753
0.31087180972099304, 0.5523730516433716, -0.14980511367321014
0.3300606310367584, 0.5520258545875549, -0.1628762036561966
0.2921887934207916, 0.5572322010993958, -0.1616770178079605
0.2902814745903015, 0.5712593793869019, -0.1630707085132599
0.28982946276664734, 0.5707767605781555, -0.15112054347991943
0.24990491569042206, 0.5918958783149719, -0.162978395819664
0.24970567226409912, 0.5908448696136475, -0.15122893452644348
0.21049845218658447, 0.6098654866218567, -0.1513243317604065
0.23135754466056824, 0.5914639830589294, -0.1502404510974884
0.21000179648399353, 0.5883809328079224, -0.13141901791095734
0.19070878624916077, 0.611666738986969, -0.15012072026729584
0.4901444911956787, 0.5101104974746704, -0.15133710205554962
0.5501692295074463, 0.49008169770240784, -0.1507180780172348
0.18811964988708496, 0.6059098243713379, -0.13663902878761292
0.4128427505493164, 0.4970695674419403, -0.16241751611232758
0.1958818882703781, 0.598119854927063, -0.14483381807804108
0.493028849363327, 0.4860389828681946, -0.1359151005744934
0.5667322874069214, 0.4150889813899994, -0.09673943370580673
0.4300019443035126, 0.5508560538291931, -0.1362609565258026
0.4657492935657501, 0.4453941583633423, -0.055158570408821106
0.47477954626083374, 0.45086050033569336, -0.07608457654714584
0.4893721044063568, 0.44314539432525635, -0.06687521189451218
