0.08892654627561569, 0.5508422255516052, -0.05017120763659477
0.046553678810596466, 0.47223255038261414, -0.04750052094459534
0.06498092412948608, 0.4908575415611267, -0.04782617837190628
0.02500477246940136, 0.4510336220264435, -0.08938459306955338
0.046694185584783554, 0.4910787045955658, -0.0885302796959877
0.04722940921783447, 0.5120217204093933, -0.13040895760059357
0.06756889075040817, 0.5131871700286865, -0.06548739969730377
-0.013578520156443119, 0.391156405210495, -0.10789709538221359
0.006783292628824711, 0.39179378747940063, -0.05013982951641083
0.04271967336535454, 0.4709225296974182, -0.07143890112638474
0.06708136200904846, 0.552734911441803, -0.1317538470029831
0.04744226858019829, 0.5096730589866638, -0.11187318712472916
0.028101155534386635, 0.42909300327301025, -0.027044061571359634
0.06944592297077179, 0.533062756061554, -0.08840833604335785
0.08813025802373886, 0.5723363757133484, -0.08509180694818497
0.08425123244524002, 0.5517569184303284, -0.06906671822071075
0.06428556889295578, 0.5329490900039673, -0.13302159309387207
0.0032079347874969244, 0.413690984249115, -0.11417349427938461
-0.017609618604183197, 0.353087455034256, -0.0654815286397934
0.06674721091985703, 0.5513699650764465, -0.10582345724105835
-0.011001349426805973, 0.4097622036933899, -0.13403654098510742
0.0804307758808136, 0.5538224577903748, -0.0838371068239212
0.06707306206226349, 0.5515849590301514, -0.08944117277860641
0.010774977505207062, 0.4485073387622833, -0.10846783220767975
0.04893013834953308, 0.46971213817596436, -0.026200488209724426
0.009061717428267002, 0.43507030606269836, -0.11118853837251663
0.06356452405452728, 0.5138959884643555, -0.04709777235984802
-0.016760602593421936, 0.3733423948287964, -0.11594521999359131
0.06806068122386932, 0.5107079744338989, -0.024388834834098816
0.008253403939306736, 0.43211445212364197, -0.13163141906261444
0.022121407091617584, 0.4324478507041931, -0.06527751684188843
0.027889862656593323, 0.4709351360797882, -0.13185416162014008
0.06489735841751099, 0.5537817478179932, -0.14729700982570648
0.11153338104486465, 0.6131493449211121, -0.08924168348312378
0.04522189497947693, 0.4979829490184784, -0.06971985101699829
-0.03456317260861397, 0.37266579270362854, -0.148870587348938
0.02441631443798542, 0.4727170169353485, -0.14647939801216125
0.00708678038790822, 0.43172475695610046, -0.08974876999855042
-0.015912465751171112, 0.3782039284706116, -0.09621885418891907
0.048577968031167984, 0.490150511264801, -0.02821343205869198
0.0887288898229599, 0.5502263307571411, -0.025720179080963135
0.0276782363653183, 0.42604371905326843, -0.04806780815124512
0.08600436896085739, 0.5735920071601868, -0.06863705813884735
0.07037368416786194, 0.5303582549095154, -0.028500791639089584
0.06151649355888367, 0.5542795062065125, -0.1607232391834259
0.010597119107842445, 0.4282591938972473, -0.06883656978607178
0.0014101833803579211, 0.40882763266563416, -0.06796606630086899
0.045659273862838745, 0.5122537016868591, -0.09003277122974396
0.04707228019833565, 0.49063122272491455, -0.04875481128692627
0.05342588573694229, 0.48865586519241333, -0.00978032499551773
-0.016505815088748932, 0.35791829228401184, -0.04241202026605606
0.007806945592164993, 0.3913331925868988, -0.02620471827685833
0.029133006930351257, 0.4731992185115814, -0.1091659665107727
0.044512566179037094, 0.5335597991943359, -0.16306042671203613
0.026494424790143967, 0.4743269085884094, -0.08111745119094849
0.013294420205056667, 0.38836002349853516, -0.009097234345972538
-0.009262294508516788, 0.428802490234375, -0.13334691524505615
0.07599437236785889, 0.5904541611671448, -0.07144571840763092
0.04729624465107918, 0.5301269888877869, -0.089757040143013
0.009643381461501122, 0.4517287611961365, -0.1325281858444214
-0.026117492467164993, 0.36727607250213623, -0.06335484981536865
0.09421931207180023, 0.5868051052093506, -0.0280123520642519
0.05075167492032051, 0.5453619956970215, -0.08796768635511398
0.054906219244003296, 0.5205720067024231, -0.03972630575299263
0.029198098927736282, 0.49035388231277466, -0.06574197113513947
0.09665311872959137, 0.608156144618988, -0.06663696467876434
0.058190081268548965, 0.5281322002410889, -0.041363783180713654
