0.14669352769851685, 0.7663490176200867, -0.0699453353881836
0.12707430124282837, 0.7864119410514832, -0.08870377391576767
0.14740191400051117, 0.766406774520874, -0.09043271094560623
0.1469326913356781, 0.7660564184188843, -0.10871494561433792
0.16944698989391327, 0.7478637099266052, -0.027142006903886795
0.14796802401542664, 0.7676579356193542, -0.027663107961416245
0.16687175631523132, 0.7464732527732849, -0.06910498440265656
0.1466865986585617, 0.7665070295333862, -0.04950402304530144
0.12768632173538208, 0.7858437299728394, -0.05060458183288574
0.16809916496276855, 0.7473598122596741, -0.04978378117084503
0.1870412975549698, 0.7265254855155945, -0.12979799509048462
0.1871572881937027, 0.7266642451286316, -0.10949412733316422
0.1876503974199295, 0.7270122170448303, -0.0905434638261795
0.20267558097839355, 0.7216386795043945, -0.12844504415988922
0.18775346875190735, 0.7262652516365051, -0.050664737820625305
0.18827126920223236, 0.7279490828514099, -0.027991414070129395
0.20786002278327942, 0.706549882888794, -0.08981651812791824
0.208291158080101, 0.7084992527961731, -0.028600256890058517
0.23062120378017426, 0.688055157661438, -0.049901433289051056
0.16791146993637085, 0.7470921277999878, -0.08970958739519119
0.12706755101680756, 0.7872149348258972, -0.07100097090005875
0.20715847611427307, 0.7065215706825256, -0.10977000743150711
0.18240632116794586, 0.7430298924446106, -0.12804372608661652
0.20790410041809082, 0.7070538997650146, -0.07058625668287277
0.18404290080070496, 0.7422630190849304, -0.15012629330158234
0.18743661046028137, 0.7270129323005676, -0.06916462630033493
0.1266213059425354, 0.7870152592658997, -0.10899700224399567
0.18616236746311188, 0.7255541086196899, -0.1495361328125
0.16701394319534302, 0.7473627328872681, -0.10996802896261215
0.14563043415546417, 0.7654239535331726, -0.1624240130186081
0.16724562644958496, 0.746238648891449, -0.13146643340587616
0.14731097221374512, 0.7661714553833008, -0.1304318755865097
0.23080292344093323, 0.6888490319252014, -0.029540734365582466
0.1297609657049179, 0.7692487835884094, -0.06998835504055023
0.2115909606218338, 0.7113019227981567, -0.008774887770414352
0.2079155296087265, 0.7071788907051086, -0.05046507716178894
0.1294369101524353, 0.768733561038971, -0.09007349610328674
0.16277052462100983, 0.7627561092376709, -0.11253340542316437
0.16602297127246857, 0.7455030083656311, -0.1501341164112091
0.17089422047138214, 0.7302547693252563, -0.1304236501455307
0.15023420751094818, 0.7505069971084595, -0.1097656711935997
0.23023885488510132, 0.6883997321128845, -0.09006457775831223
0.10807137936353683, 0.7871220111846924, -0.08993840962648392
0.2310769110918045, 0.6922640204429626, 0.00273652165196836
0.15052872896194458, 0.7502015829086304, -0.02930600568652153
0.15241175889968872, 0.7522534132003784, -0.009539611637592316
0.10817907750606537, 0.7876154184341431, -0.04977171868085861
0.17113597691059113, 0.7307487726211548, -0.11046801507472992
0.10820803046226501, 0.7869024276733398, -0.07002203911542892
0.14926700294017792, 0.7495068311691284, -0.06949204206466675
0.12983255088329315, 0.7683510184288025, -0.028773009777069092
0.15036751329898834, 0.7489192485809326, -0.08996248245239258
0.10905870050191879, 0.7876855134963989, -0.028400968760252
0.17253540456295013, 0.7325528264045715, -0.009979805909097195
0.17065675556659698, 0.7309714555740356, -0.05032758042216301
0.13174988329410553, 0.7716286778450012, -0.009600544348359108
0.17106324434280396, 0.7312134504318237, -0.09025201946496964
0.17065118253231049, 0.7306889891624451, -0.028818143531680107
0.1917136013507843, 0.7121045589447021, -0.029759565368294716
0.19234398007392883, 0.7116633057594299, -0.11060576885938644
0.1916971504688263, 0.7120236158370972, -0.08978503942489624
0.20324119925498962, 0.7226805686950684, -0.10960174351930618
0.2298818677663803, 0.6886146664619446, -0.07021844387054443
0.19195130467414856, 0.7115162014961243, -0.07030413299798965
0.23025913536548615, 0.6877946853637695, -0.1103692278265953
0.170818492770195, 0.7295342087745667, -0.07091523706912994
0.2078707218170166, 0.7063100337982178, -0.13025245070457458
0.1917584389448166, 0.7111549377441406, -0.04992508888244629
0.21306265890598297, 0.6925313472747803, -0.110463447868824
0.21249108016490936, 0.6932838559150696, -0.05014567822217941
0.08948720991611481, 0.8086420893669128, -0.048214323818683624
0.11192813515663147, 0.7902776598930359, -0.009462942369282246
0.08765831589698792, 0.807150661945343, -0.08911637216806412
0.12549977004528046, 0.7857290506362915, -0.15020538866519928
0.09057000279426575, 0.8102774620056152, -0.028892962262034416
0.18578243255615234, 0.7254251837730408, -0.16326293349266052
0.12941966950893402, 0.7694565057754517, -0.049890678375959396
0.1337333470582962, 0.7548372745513916, -0.05054882913827896
0.09255985170602798, 0.7910979390144348, -0.029743116348981857
0.19334454834461212, 0.7131040692329407, -0.009807780385017395
0.15521876513957977, 0.7360451221466064, -0.06941215693950653
0.12725208699703217, 0.7855556011199951, -0.1305893510580063
0.12920187413692474, 0.769286572933197, -0.13080254197120667
0.15550152957439423, 0.735362708568573, -0.04881976172327995
0.14975592494010925, 0.7494245767593384, -0.051097333431243896
0.15520088374614716, 0.7358438968658447, -0.030522195622324944
0.17693354189395905, 0.7169212698936462, -0.011209432035684586
0.23043109476566315, 0.6875202655792236, -0.13057547807693481
0.1343253254890442, 0.7550196051597595, -0.02950448915362358
0.17621803283691406, 0.7160738706588745, -0.049440305680036545
0.11410217732191086, 0.7735710144042969, -0.030840972438454628
0.16578763723373413, 0.7464491128921509, -0.16299326717853546
0.21391233801841736, 0.6942885518074036, -0.009790359996259212
0.1913718432188034, 0.7117399573326111, -0.13039368391036987
0.11438775062561035, 0.7748244404792786, -0.010022707283496857
0.07572710514068604, 0.8100471496582031, -0.051546595990657806
0.15524791181087494, 0.736633837223053, -0.010675599798560143
0.11280429363250732, 0.7727934122085571, -0.05003906041383743
0.2267461121082306, 0.7034392356872559, -0.08983772993087769
0.21283617615699768, 0.6927794218063354, -0.07048160582780838
0.07812020927667618, 0.7964460849761963, -0.05106757581233978
0.11977367848157883, 0.7592976689338684, -0.06410566717386246
0.19694724678993225, 0.6952102184295654, -0.030015738680958748
0.21297958493232727, 0.6931378841400146, -0.030356936156749725
