0.5084440112113953, 1.3868809938430786, -0.1301528662443161
0.4680368900299072, 1.4067033529281616, -0.1496555209159851
0.5087741017341614, 1.387108564376831, -0.10878084599971771
0.5091366171836853, 1.3868372440338135, -0.14935840666294098
0.4696792662143707, 1.4064490795135498, -0.12979108095169067
0.4901781678199768, 1.3909716606140137, -0.10980197042226791
0.4714190661907196, 1.394802451133728, -0.1307690590620041
0.48987844586372375, 1.389214277267456, -0.15043343603610992
0.5077657103538513, 1.3870917558670044, -0.08994665741920471
0.4868483543395996, 1.403131365776062, -0.09018347412347794
0.4684128761291504, 1.4073848724365234, -0.11071249842643738
0.48471805453300476, 1.4042116403579712, -0.12870906293392181
0.47253909707069397, 1.3948856592178345, -0.10985254496335983
0.49059104919433594, 1.391366720199585, -0.1299867480993271
0.46779775619506836, 1.4060419797897339, -0.1657300889492035
0.4504139721393585, 1.4116311073303223, -0.11046771705150604
0.44993504881858826, 1.4090242385864258, -0.15081904828548431
0.4283537268638611, 1.4268302917480469, -0.1501973420381546
0.43168944120407104, 1.4144237041473389, -0.12996971607208252
0.4881157875061035, 1.4043687582015991, -0.06929048895835876
0.47185075283050537, 1.3938452005386353, -0.08981053531169891
0.5082483887672424, 1.3876951932907104, -0.07024182379245758
0.44983384013175964, 1.410834789276123, -0.09006588160991669
0.43132877349853516, 1.4145090579986572, -0.10915596783161163
0.4686608612537384, 1.4063100814819336, -0.07032276690006256
0.48594218492507935, 1.4050079584121704, -0.04861835390329361
0.4477812945842743, 1.4246231317520142, -0.07048343122005463
0.4687860608100891, 1.4069428443908691, -0.04973888769745827
0.4286896586418152, 1.4267702102661133, -0.08926020562648773
0.4318714737892151, 1.4147616624832153, -0.08998385816812515
0.4109293818473816, 1.4303609132766724, -0.12984396517276764
0.41345369815826416, 1.4168996810913086, -0.08924703299999237
0.4102398753166199, 1.4294286966323853, -0.11037009954452515
0.4873756468296051, 1.4051988124847412, -0.02684933878481388
0.44564318656921387, 1.4241243600845337, -0.04984763264656067
0.4286663234233856, 1.4268823862075806, -0.05010312795639038
0.41056880354881287, 1.4291927814483643, -0.07051153481006622
0.3908173739910126, 1.433504343032837, -0.08908647298812866
0.4473388195037842, 1.4260951280593872, -0.028226381167769432
0.40827080607414246, 1.444764494895935, -0.07007137686014175
0.40740829706192017, 1.4437257051467896, -0.048788562417030334
0.4504116475582123, 1.4299980401992798, -0.011240102350711823
0.3882226049900055, 1.4445592164993286, -0.08866926282644272
0.3721938133239746, 1.43625009059906, -0.06789273768663406
0.3712387681007385, 1.4476406574249268, -0.09040769934654236
0.43020376563072205, 1.4302186965942383, -0.011834949254989624
0.38836467266082764, 1.4442919492721558, -0.048034001141786575
0.3702651858329773, 1.447685956954956, -0.05051647499203682
0.37083402276039124, 1.4470893144607544, -0.06945403665304184
0.3539566993713379, 1.451233983039856, -0.09066508710384369
0.370210200548172, 1.447928786277771, -0.029571615159511566
0.352480947971344, 1.4527829885482788, -0.05008483678102493
0.33497101068496704, 1.461874008178711, -0.07263533025979996
0.3422182500362396, 1.4984138011932373, -0.08935201913118362
0.39123669266700745, 1.433029294013977, -0.10922983288764954
0.4107417166233063, 1.4297221899032593, -0.09064676612615585
0.46766912937164307, 1.4219236373901367, -0.09230121225118637
0.39103132486343384, 1.4341109991073608, -0.06952963769435883
0.42948269844055176, 1.426971673965454, -0.10974279046058655
0.40729328989982605, 1.444291591644287, -0.11061561107635498
0.46914660930633545, 1.4088807106018066, -0.02790248952805996
0.3367477059364319, 1.452713966369629, -0.11126376688480377
0.45039427280426025, 1.4111239910125732, -0.13006490468978882
