0.9540514945983887, 2.145864725112915, -0.010558756068348885
0.9172323346138, 2.1346185207366943, -0.012608567252755165
0.9221453666687012, 2.1423563957214355, -0.031304601579904556
0.9368128776550293, 2.189390182495117, -0.03077040985226631
0.9315740466117859, 2.1686697006225586, -0.02598375640809536
0.913225531578064, 2.1292779445648193, -0.02506851963698864
0.927653968334198, 2.156550407409668, -0.04309254139661789
0.9179962873458862, 2.1423654556274414, -0.013247939758002758
0.9051826596260071, 2.1084980964660645, -0.012380781583487988
0.9197992086410522, 2.1316511631011963, -0.053062908351421356
0.8953123688697815, 2.083803653717041, -0.011189086362719536
0.9015243053436279, 2.092241048812866, -0.028556492179632187
0.9198637008666992, 2.134582281112671, -0.06851476430892944
0.9376398324966431, 2.180274724960327, -0.045778658241033554
0.951342761516571, 2.2171149253845215, -0.04453663155436516
0.9397125840187073, 2.1809375286102295, -0.07646451890468597
0.9028290510177612, 2.090205192565918, -0.04841400682926178
0.8980367183685303, 2.092449426651001, -0.04737554490566254
0.9249846339225769, 2.1485860347747803, -0.09154415130615234
0.935032069683075, 2.1690192222595215, -0.09534814208745956
0.8906356692314148, 2.0696661472320557, -0.012455557473003864
0.8882177472114563, 2.0688862800598145, -0.023003626614809036
0.9018687009811401, 2.094944953918457, -0.06950752437114716
0.884911298751831, 2.052502393722534, -0.01270985882729292
0.8931305408477783, 2.0777993202209473, -0.07365766912698746
0.8810418248176575, 2.057846784591675, -0.043780889362096786
0.9542809724807739, 2.222865581512451, -0.0702660009264946
0.8960365653038025, 2.1815905570983887, -0.0760297179222107
0.964810311794281, 2.2389144897460938, -0.09190002828836441
0.9527555704116821, 2.2174439430236816, -0.1173054575920105
0.8554056286811829, 2.06113338470459, -0.07158894836902618
0.8731788992881775, 2.0290024280548096, -0.011536176316440105
0.873305082321167, 2.0275096893310547, -0.04150664061307907
0.8566865921020508, 2.0562329292297363, -0.054879844188690186
0.8657558560371399, 2.0100369453430176, -0.009427856653928757
0.843147337436676, 2.0311477184295654, -0.021920345723628998
0.8552435040473938, 2.047940492630005, -0.08474910259246826
0.878013014793396, 2.0389254093170166, -0.06862124055624008
0.866162896156311, 2.0073564052581787, -0.05014902353286743
0.9174561500549316, 2.2318971157073975, -0.106419637799263
0.8558427691459656, 1.9864941835403442, -0.010995266027748585
0.8326038122177124, 2.0045595169067383, -0.014009756967425346
0.8381989598274231, 2.023646354675293, -0.02275225892663002
0.8572075963020325, 1.9915025234222412, -0.027972809970378876
0.835838794708252, 2.0100483894348145, -0.028593996539711952
0.8353284597396851, 2.005044460296631, -0.04722067341208458
0.8665454387664795, 1.9996750354766846, -0.06519006937742233
0.8300846815109253, 1.990464448928833, -0.045864928513765335
0.8315839767456055, 1.9921144247055054, -0.0656459778547287
0.9474284648895264, 2.2183778285980225, -0.0882887914776802
0.8165200352668762, 1.9663969278335571, -0.014284639619290829
0.8236419558525085, 1.9717116355895996, -0.055560823529958725
0.8195353746414185, 1.9662798643112183, -0.023892533034086227
0.8231596350669861, 1.9673227071762085, -0.07224532216787338
0.814261257648468, 1.94697105884552, -0.041592005640268326
0.8120220899581909, 1.950474739074707, -0.026362678036093712
0.805691123008728, 1.9286530017852783, -0.02703552134335041
0.8109193444252014, 1.9508758783340454, -0.013392549939453602
0.8497124910354614, 1.9545254707336426, -0.04985300451517105
0.8058443665504456, 1.9312840700149536, -0.052631329745054245
0.7781665921211243, 1.9347529411315918, -0.045823268592357635
0.7924107313156128, 1.9151597023010254, -0.02417909912765026
0.788159966468811, 1.8888697624206543, -0.011208079755306244
