0.9490568041801453, 1.8512941598892212, -0.011162525974214077
0.9304822683334351, 1.8709698915481567, -0.012212946079671383
0.9292067289352417, 1.8896421194076538, -0.011990626342594624
0.9701720476150513, 1.8896443843841553, -0.011454648338258266
0.9511464238166809, 1.9103809595108032, -0.010896065272390842
0.9883919358253479, 1.911094307899475, -0.010690024122595787
0.9493739604949951, 1.932478904724121, -0.011080250144004822
0.9907674789428711, 1.9302523136138916, -0.009755266830325127
0.9703554511070251, 1.9494515657424927, -0.01112410705536604
0.9886234998703003, 1.9688224792480469, -0.009998953901231289
1.010345697402954, 1.9698450565338135, -0.01092240959405899
1.0100157260894775, 1.9905352592468262, -0.011709186248481274
1.0489364862442017, 2.030019521713257, -0.010795290581882
1.05206298828125, 2.0497636795043945, -0.011371700093150139
0.9315486550331116, 1.8294516801834106, -0.010200835764408112
0.9291470050811768, 1.8872582912445068, -0.021886071190238
0.949066698551178, 1.8897175788879395, -0.021346909925341606
1.0111674070358276, 2.0298032760620117, -0.012413588352501392
1.0307976007461548, 2.0099151134490967, -0.021560613065958023
0.9340676665306091, 1.843977689743042, -0.020867332816123962
0.9528673887252808, 1.8668544292449951, -0.02134212851524353
0.9116206765174866, 1.8883572816848755, -0.012237782590091228
1.0082921981811523, 2.0505356788635254, -0.01155781839042902
1.0080710649490356, 1.949662208557129, -0.010174797847867012
0.9906189441680908, 1.993117332458496, -0.02209041640162468
0.9285682439804077, 1.9293487071990967, -0.023814553394913673
0.9295528531074524, 1.9494223594665527, -0.02159450575709343
0.8911163210868835, 1.8491408824920654, -0.011874988675117493
0.9879364967346191, 2.010572671890259, -0.010777056217193604
0.9129945039749146, 1.9122471809387207, -0.023538414388895035
0.9087113738059998, 1.8700478076934814, -0.011938507668673992
0.9688925743103027, 1.9704452753067017, -0.010201693512499332
0.9513604640960693, 1.8709733486175537, -0.01257210224866867
1.0287648439407349, 1.9911385774612427, -0.011613857932388783
0.9150426983833313, 1.850579023361206, -0.0219685360789299
1.0886237621307373, 2.091104030609131, -0.01172805018723011
1.0275174379348755, 2.0323572158813477, -0.012443824671208858
1.0314912796020508, 2.009770393371582, -0.011430380865931511
0.9080186486244202, 1.8292745351791382, -0.021513866260647774
0.9098616242408752, 1.851022720336914, -0.011774559505283833
1.0315340757369995, 2.0497894287109375, -0.021403439342975616
0.928511917591095, 1.850731372833252, -0.010839367285370827
0.948287308216095, 1.890830636024475, -0.011728613637387753
0.888524055480957, 1.870518684387207, -0.010757744312286377
0.9535114169120789, 1.9124763011932373, -0.020867079496383667
0.9121212363243103, 1.7905384302139282, -0.013026338070631027
0.9280781745910645, 1.9522781372070312, -0.011317066848278046
1.0503463745117188, 2.0709288120269775, -0.02115974947810173
1.029568076133728, 2.04948091506958, -0.01143313106149435
0.9318771362304688, 1.9291642904281616, -0.01096393633633852
0.9549692869186401, 1.9327409267425537, -0.022451236844062805
0.910214364528656, 1.8866831064224243, -0.021112818270921707
0.9298264384269714, 1.9088555574417114, -0.010971674695611
1.0708327293395996, 2.069396734237671, -0.009364224970340729
0.9901033639907837, 2.0293467044830322, -0.011332480236887932
0.8867890238761902, 1.8302749395370483, -0.02151123434305191
1.0104856491088867, 2.0688469409942627, -0.010503838770091534
0.9692329168319702, 1.9108524322509766, -0.021793194115161896
0.9092514514923096, 1.9101165533065796, -0.012103209272027016
1.0097368955612183, 2.0102577209472656, -0.011747392825782299
0.9092151522636414, 1.8118510246276855, -0.021275488659739494
1.0271559953689575, 1.9900563955307007, -0.021155377849936485
0.9722939729690552, 1.9826741218566895, -0.022774742916226387
0.8900980353355408, 1.789733648300171, -0.012045783922076225
0.9276044368743896, 1.8094468116760254, -0.011059108190238476
0.9519181251525879, 1.8495968580245972, -0.021434009075164795
0.949573814868927, 1.9507421255111694, -0.01084140781313181
0.8710371851921082, 1.8326354026794434, -0.02149125002324581
1.0086456537246704, 1.950545310974121, -0.02080627530813217
0.928066074848175, 1.9086560010910034, -0.021748192608356476
1.067522644996643, 2.0518360137939453, -0.010515651665627956
0.9113829731941223, 1.929321527481079, -0.012352787889540195
0.8907697200775146, 1.8897433280944824, -0.01143966056406498
1.0242915153503418, 2.032034158706665, -0.020772460848093033
1.0094630718231201, 2.0272552967071533, -0.021840326488018036
0.8491849303245544, 1.8473060131072998, -0.022630754858255386
0.9859592914581299, 2.0073354244232178, -0.024365032091736794
0.99397212266922, 2.049227714538574, -0.012634608894586563
0.9104994535446167, 1.9298291206359863, -0.02229570597410202
0.8734641075134277, 1.909772515296936, -0.013138883747160435
1.0133298635482788, 2.087247371673584, -0.01093869935721159
1.0277234315872192, 2.091763496398926, -0.010908462107181549
0.969075083732605, 1.9291505813598633, -0.022226253524422646
0.8714531660079956, 1.8694719076156616, -0.011253029108047485
0.8492543697357178, 1.850354790687561, -0.012336754240095615
0.887870192527771, 1.870620608329773, -0.023203561082482338
0.9452893733978271, 2.008953094482422, -0.02198129892349243
0.9869803786277771, 2.0698559284210205, -0.010460274294018745
1.0322710275650024, 2.0687379837036133, -0.010800407268106937
0.8768332004547119, 1.9084765911102295, -0.02257881686091423
0.8350990414619446, 1.8311681747436523, -0.02352786995470524
0.9494197964668274, 2.032442808151245, -0.02202741429209709
1.0302623510360718, 2.1081764698028564, -0.010298383422195911
0.9518868923187256, 1.968430519104004, -0.00987072754651308
0.8903232216835022, 1.9094382524490356, -0.011577083729207516
1.070938229560852, 2.090790271759033, -0.013150069862604141
0.9467172026634216, 1.9896103143692017, -0.010941390879452229
0.8671829700469971, 1.8903777599334717, -0.011933035217225552
0.8930824398994446, 1.9498120546340942, -0.011857605539262295
1.0149587392807007, 1.9832872152328491, -0.021915115416049957
0.8320459723472595, 1.8284047842025757, -0.012641952373087406
1.0500441789627075, 2.0890085697174072, -0.009979058988392353
0.9691380858421326, 2.0314345359802246, -0.01026487909257412
0.9712793231010437, 2.0815255641937256, -0.02041635848581791
1.0495076179504395, 2.0504536628723145, -0.02236839383840561
0.9677470922470093, 1.9758005142211914, -0.021109646186232567
0.9135074615478516, 1.8695120811462402, -0.024147434160113335
0.887861967086792, 1.9313629865646362, -0.012763033621013165
0.8527648448944092, 1.867954969406128, -0.021824223920702934
0.8546019196510315, 1.8910521268844604, -0.025174178183078766
0.8679680824279785, 1.9311449527740479, -0.011785974726080894
0.9742000102996826, 2.007392644882202, -0.023063834756612778
0.8724695444107056, 1.884552240371704, -0.02441735379397869
0.9302711486816406, 1.9691323041915894, -0.010621227324008942
0.9442617893218994, 2.0524752140045166, -0.021737614646553993
0.9284467101097107, 2.016335964202881, -0.022013433277606964
0.9895802736282349, 2.090075969696045, -0.010792933404445648
0.9866598844528198, 2.0880544185638428, -0.02342778630554676
0.8723101615905762, 1.9271901845932007, -0.02074991725385189
0.9268768429756165, 2.010463237762451, -0.011418092995882034
0.9682037830352783, 2.0500481128692627, -0.012483302503824234
0.8271908760070801, 1.9069620370864868, -0.022852981463074684
0.9223076105117798, 2.049982786178589, -0.02284911833703518
1.0698723793029785, 2.1168994903564453, -0.022334935143589973
0.98875492811203, 2.033435821533203, -0.02226858027279377
0.8957122564315796, 1.9668797254562378, -0.024359816685318947
0.9330597519874573, 2.030851364135742, -0.022466249763965607
0.853468656539917, 1.86918306350708, -0.011276042088866234
0.8675955533981323, 1.9487435817718506, -0.020587028935551643
0.9506666660308838, 2.0096499919891357, -0.011984745971858501
0.8857585787773132, 1.788394808769226, -0.024096086621284485
1.0068480968475342, 2.009953737258911, -0.021908294409513474
0.8328668475151062, 1.9298866987228394, -0.022904884070158005
0.9474353194236755, 2.051971912384033, -0.011945638805627823
0.8529784679412842, 1.9102579355239868, -0.025842852890491486
0.8074195384979248, 1.8504468202590942, -0.023737208917737007
0.977163553237915, 2.0689659118652344, -0.022084996104240417
0.8071199655532837, 1.8700244426727295, -0.021723732352256775
0.9538066983222961, 2.027785301208496, -0.011607030406594276
0.935539722442627, 2.0471842288970947, -0.014102800749242306
0.8931869268417358, 2.0136172771453857, -0.022618379443883896
0.9097418785095215, 1.8290820121765137, -0.010072479955852032
0.8312268257141113, 1.869002342224121, -0.012287667021155357
0.9913008213043213, 2.1044020652770996, -0.022742899134755135
0.8439120054244995, 1.9540269374847412, -0.026414161548018456
1.0120890140533447, 1.9676423072814941, -0.021657953038811684
0.8372400999069214, 1.886625051498413, -0.022370968014001846
1.0094300508499146, 2.1293210983276367, -0.013039486482739449
0.8153342604637146, 1.8922333717346191, -0.021539006382226944
0.9509413242340088, 1.9895496368408203, -0.028516098856925964
0.8750555515289307, 1.9700126647949219, -0.022218532860279083
0.8701874017715454, 1.8491450548171997, -0.012055863626301289
0.9856788516044617, 2.134023904800415, -0.011637663468718529
0.9565463662147522, 2.0894103050231934, -0.011318625882267952
0.9716315865516663, 1.9105465412139893, -0.011805771850049496
0.9439937472343445, 1.946908950805664, -0.02145007997751236
0.9284636974334717, 2.088632583618164, -0.012143629603087902
0.8501346111297607, 1.9093105792999268, -0.011894683353602886
1.0105421543121338, 2.1095423698425293, -0.008242000825703144
0.7904759049415588, 1.8305507898330688, -0.014667400158941746
0.8323655724525452, 1.9303104877471924, -0.01278612855821848
0.9694486856460571, 2.1089749336242676, -0.009670103900134563
0.8482770323753357, 1.9715173244476318, -0.02205481007695198
0.8916673064231873, 1.8906431198120117, -0.022786902263760567
1.0168178081512451, 2.091338872909546, -0.021655403077602386
0.8904424905776978, 1.9688875675201416, -0.011500588618218899
0.8760627508163452, 1.970757007598877, -0.011363408528268337
1.0074245929718018, 2.073469400405884, -0.020352177321910858
0.9483857750892639, 2.0705316066741943, -0.021854743361473083
0.9331136345863342, 1.9872480630874634, -0.010149282403290272
0.8698499798774719, 1.9518877267837524, -0.013135982677340508
0.8239292502403259, 1.9113187789916992, -0.012949175201356411
1.0295093059539795, 2.088663101196289, -0.025656843557953835
0.8427839875221252, 1.9543384313583374, -0.015673479065299034
0.909717321395874, 2.0094542503356934, -0.01077059656381607
0.8549284338951111, 1.9270780086517334, -0.011975073255598545
0.8090701699256897, 1.8704971075057983, -0.013334499672055244
0.9734240770339966, 2.0681116580963135, -0.011182054877281189
0.9338662624359131, 1.8703458309173584, -0.022655118256807327
1.0437654256820679, 2.024754285812378, -0.021387724205851555
1.0315123796463013, 2.061638832092285, -0.023679768666625023
0.969260573387146, 1.889495849609375, -0.021244192495942116
0.9681017994880676, 2.1193795204162598, -0.02142426185309887
0.9867427349090576, 2.1563973426818848, -0.022257382050156593
1.0519471168518066, 2.1088786125183105, -0.013923947699368
0.897491455078125, 1.8536138534545898, -0.02152184024453163
0.9713903665542603, 2.0517184734344482, -0.023643480613827705
0.8328025937080383, 1.8881696462631226, -0.012027853168547153
0.923707902431488, 2.069653034210205, -0.013235107064247131
0.9326956272125244, 1.9735231399536133, -0.023973416537046432
0.9119629263877869, 1.9889049530029297, -0.009148514829576015
0.9057513475418091, 2.0087594985961914, -0.026829158887267113
1.0692009925842285, 2.0750463008880615, -0.02089586667716503
0.7840096354484558, 1.8722188472747803, -0.02358110621571541
1.0338598489761353, 2.123831272125244, -0.02166551537811756
0.9037719368934631, 1.9676990509033203, -0.022787142544984818
0.9903667569160461, 1.9745151996612549, -0.021790266036987305
0.9819060564041138, 1.9582875967025757, -0.021405015140771866
0.8099805116653442, 1.8500399589538574, -0.013386150822043419
0.9930312037467957, 2.0573232173919678, -0.02511906810104847
0.912343442440033, 1.784159541130066, -0.0230264775454998
0.9159708023071289, 2.0620648860931396, -0.02200683206319809
0.9357551336288452, 1.8291451930999756, -0.02266923524439335
1.0477145910263062, 2.0881433486938477, -0.020316259935498238
0.9916632771492004, 1.930537462234497, -0.022552452981472015
0.8989742994308472, 1.9082958698272705, -0.02108309417963028
0.9070470333099365, 1.9687929153442383, -0.008541409857571125
0.7943780422210693, 1.8435537815093994, -0.023406146094202995
0.885068953037262, 1.9317396879196167, -0.024508800357580185
1.073873519897461, 2.089338779449463, -0.020559847354888916
0.8483690023422241, 1.9707920551300049, -0.012584690004587173
0.8371720314025879, 1.9483389854431152, -0.023385245352983475
0.9508238434791565, 2.0697834491729736, -0.010934443213045597
0.9939526319503784, 2.109834671020508, -0.01073287334293127
0.829445481300354, 1.809598445892334, -0.013740740716457367
0.8894060254096985, 1.7702782154083252, -0.012758653610944748
0.8952512741088867, 2.028596878051758, -0.014176611788570881
0.8697672486305237, 1.8063586950302124, -0.023725466802716255
0.8051372766494751, 1.9309827089309692, -0.014086928218603134
0.9711875915527344, 1.945981502532959, -0.02138858661055565
0.7950677871704102, 1.9088547229766846, -0.011728974990546703
0.9099029898643494, 2.110060930252075, -0.025340858846902847
0.8651060461997986, 1.9932575225830078, -0.011543754488229752
0.8487063646316528, 1.791827917098999, -0.012963335029780865
0.9335534572601318, 2.1288955211639404, -0.014337260276079178
0.9799208045005798, 2.1380419731140137, -0.021667180582880974
0.8496272563934326, 1.8292189836502075, -0.011865333653986454
0.8922745585441589, 1.9487278461456299, -0.025876866653561592
1.034040927886963, 2.1285390853881836, -0.014650361612439156
0.8265339136123657, 1.989243984222412, -0.013985170051455498
0.9665700197219849, 2.027132272720337, -0.025150123983621597
0.8775067925453186, 2.0452873706817627, -0.012729225680232048
0.7675279378890991, 1.9104827642440796, -0.028101449832320213
0.9593163728713989, 2.1719112396240234, -0.022406889125704765
0.858241081237793, 2.0030105113983154, -0.01576404832303524
0.8685197830200195, 1.7901676893234253, -0.013248499482870102
0.7558010220527649, 1.8744534254074097, -0.02585471048951149
0.990858256816864, 1.989649772644043, -0.010641898959875107
0.9025049209594727, 1.9911333322525024, -0.02509806677699089
0.8909890055656433, 1.8100402355194092, -0.01219426840543747
0.8516172170639038, 1.810813546180725, -0.012525398284196854
0.9475387930870056, 1.972766399383545, -0.025400366634130478
0.9700012803077698, 1.930456519126892, -0.010770403780043125
0.9699519276618958, 1.990096092224121, -0.011406668461859226
0.9128217697143555, 2.032005548477173, -0.02743266522884369
1.0169341564178467, 2.0948617458343506, 7.457769243046641E-4
0.8940656185150146, 2.01717209815979, 0.0010266292374581099
0.8510058522224426, 1.9807300567626953, 8.472620393149555E-4
0.9093866944313049, 1.9413408041000366, -0.02133164182305336
0.8725192546844482, 1.8677581548690796, -0.024195943027734756
