0.33194786310195923, 1.0088883638381958, 0.0034367674961686134
0.30944350361824036, 0.972434401512146, 0.0022226765286177397
0.309701144695282, 0.9900352954864502, 0.002633991651237011
0.24924476444721222, 0.9300934076309204, 0.003228704910725355
0.26772040128707886, 0.910000205039978, 0.002747124759480357
0.4107914865016937, 0.9695336818695068, -0.022610854357481003
0.2313816100358963, 0.8903564214706421, 0.0027427400927990675
0.2900351881980896, 0.8512834906578064, 0.0027256354223936796
0.39091330766677856, 0.9483669400215149, -0.022083217278122902
0.30978628993034363, 0.8290210962295532, -0.022033685818314552
0.3101363778114319, 0.8505837917327881, -0.021955620497465134
0.3687726557254791, 0.9072737693786621, -0.022501690313220024
0.3685469627380371, 0.9299710988998413, -0.022124430164694786
0.169645294547081, 0.8273913264274597, 0.003149733180180192
0.1909160614013672, 0.8507204651832581, 0.002685889834538102
0.34908178448677063, 0.8715046048164368, -0.02233240380883217
0.32924768328666687, 0.8702980875968933, -0.0221224594861269
0.2710743248462677, 0.809916615486145, -0.022086676210165024
0.2906119227409363, 0.8088418841362, -0.023066258057951927
0.27038779854774475, 0.7900532484054565, -0.02194715291261673
0.2915712893009186, 0.769148588180542, -0.024474238976836205
0.3511359691619873, 0.9913510680198669, 0.002624795539304614
0.3517611026763916, 1.0489330291748047, 0.002427807543426752
0.2910979390144348, 0.9908470511436462, 0.003080321243032813
0.23083627223968506, 0.8505922555923462, 0.002938773250207305
0.35113945603370667, 1.008697509765625, 0.003938238602131605
0.370406836271286, 0.9921205043792725, 0.002955872332677245
0.28982189297676086, 0.8505002856254578, -0.02186080999672413
0.19006521999835968, 0.8702516555786133, 0.002076830016449094
0.3486537039279938, 0.9096473455429077, -0.023249702528119087
0.21002186834812164, 0.729767918586731, -0.008640222251415253
0.1707555651664734, 0.848807692527771, 0.002445253310725093
0.22987757623195648, 0.9091864824295044, 0.0031134597957134247
0.34902113676071167, 0.892396092414856, -0.022521721199154854
0.38944610953330994, 0.9907888770103455, 0.003006031969562173
0.29008612036705017, 0.8677082061767578, -0.02196265012025833
0.1509934663772583, 0.8484688401222229, 0.003757233964279294
0.3102908730506897, 1.01077139377594, 0.0032682393211871386
0.2474101036787033, 0.7912899255752563, -0.022302284836769104
0.26906853914260864, 0.9721203446388245, 0.0029152061324566603
0.25075775384902954, 0.9711733460426331, 0.0020029630977660418
0.32794344425201416, 0.9088101983070374, 0.002895703539252281
0.30849719047546387, 0.8703529238700867, -0.02254685014486313
0.41187161207199097, 0.9090543985366821, -0.02493366226553917
0.2506582736968994, 0.8106539845466614, -0.022188493981957436
0.2489241063594818, 0.8696359992027283, 0.0026082810945808887
0.23025552928447723, 0.9295105934143066, 0.003548639826476574
0.26949772238731384, 0.8317264914512634, -0.02182670682668686
0.3298678696155548, 0.909515917301178, -0.023060832172632217
0.26963818073272705, 0.9283510446548462, 0.0025031643453985453
0.37053465843200684, 0.950821578502655, -0.022906798869371414
0.32997649908065796, 1.028141736984253, 0.0033676547463983297
0.33065265417099, 1.0522520542144775, 0.0031392183154821396
0.25199955701828003, 0.8295129537582397, -0.02245623804628849
0.18964730203151703, 0.8288831114768982, 0.0034483950585126877
0.3311258852481842, 0.891359806060791, -0.023234693333506584
0.41060078144073486, 0.9292374849319458, -0.022476883605122566
0.207302063703537, 0.9250121712684631, 0.0019206816796213388
0.33025601506233215, 0.851086437702179, -0.022752998396754265
0.3101760149002075, 0.8090999126434326, -0.022384950891137123
0.23059144616127014, 0.9476566910743713, 0.001722801593132317
0.4086000621318817, 0.9866288900375366, -0.022173237055540085
0.40205103158950806, 0.8996416926383972, -0.015603562816977501
