0.3696281313896179, 0.4501148760318756, -0.007835223339498043
0.47357606887817383, 0.4566477835178375, -0.14597947895526886
0.5343326926231384, 0.4368646740913391, -0.14661307632923126
0.49066781997680664, 0.45479628443717957, -0.1479714810848236
0.4711441695690155, 0.4720029830932617, -0.1484653800725937
0.45116859674453735, 0.4311443567276001, -0.027702419087290764
0.311537504196167, 0.5153118371963501, -0.06947610527276993
0.27179786562919617, 0.5347880125045776, -0.06755275279283524
0.3323056995868683, 0.5122137069702148, -0.08919580280780792
0.43392592668533325, 0.4766375422477722, -0.14495216310024261
0.3889836370944977, 0.4909116327762604, -0.10997997969388962
0.49007079005241394, 0.47074639797210693, -0.15010704100131989
0.5313152074813843, 0.4524068236351013, -0.1629042774438858
0.30988967418670654, 0.5311773419380188, -0.11072253435850143
0.2902022898197174, 0.5494641661643982, -0.13278435170650482
0.3115510940551758, 0.5350503921508789, -0.13048045337200165
0.33018702268600464, 0.5306681394577026, -0.1325194090604782
0.22787390649318695, 0.5870416760444641, -0.13566413521766663
0.34983256459236145, 0.4904448091983795, -0.04865734279155731
0.450509637594223, 0.46972763538360596, -0.13352881371974945
0.4564446806907654, 0.4583500623703003, -0.14481908082962036
0.4888186752796173, 0.41660186648368835, -0.048068318516016006
0.5316650867462158, 0.43394267559051514, -0.1320270150899887
0.39195433259010315, 0.4940420389175415, -0.13050542771816254
0.3511026203632355, 0.47409164905548096, -0.024461911991238594
0.37208229303359985, 0.4952707886695862, -0.10975449532270432
0.35911279916763306, 0.4978894591331482, -0.10604465007781982
0.4098620116710663, 0.49009329080581665, -0.13284185528755188
0.4904422461986542, 0.41352489590644836, -0.025593293830752373
0.3298758864402771, 0.5153778195381165, -0.10832807421684265
0.4886714220046997, 0.4504533112049103, -0.13367681205272675
0.19018980860710144, 0.5899519324302673, -0.11058780550956726
0.29195651412010193, 0.5358067750930786, -0.10840030759572983
0.25190871953964233, 0.5523499250411987, -0.08685307949781418
0.4699883759021759, 0.4093853533267975, -0.008556445129215717
0.3491807281970978, 0.5100595951080322, -0.10977545380592346
0.39375656843185425, 0.49701860547065735, -0.14676520228385925
0.43144986033439636, 0.47483083605766296, -0.13189847767353058
0.16966179013252258, 0.5865713953971863, -0.07004165649414062
0.332351416349411, 0.4955984652042389, -0.047276534140110016
0.43064945936203003, 0.4918961524963379, -0.1487085074186325
0.22899697721004486, 0.5722364187240601, -0.11072611808776855
0.3361380696296692, 0.5179484486579895, -0.12714233994483948
0.45134443044662476, 0.4535210132598877, -0.10821705311536789
0.5130970478057861, 0.4377491772174835, -0.14621153473854065
0.4110567271709442, 0.45218876004219055, -0.02828705497086048
0.5104833841323853, 0.45003849267959595, -0.1345909982919693
0.2327890843153, 0.5547279119491577, -0.06799055635929108
0.4289734363555908, 0.42844778299331665, -0.008782662451267242
0.4889087677001953, 0.47309091687202454, -0.16271550953388214
0.29663369059562683, 0.5181318521499634, -0.06351956725120544
0.45008954405784607, 0.4907902777194977, -0.15026497840881348
0.4308106303215027, 0.40972310304641724, 0.003946742042899132
0.3102663457393646, 0.5104963183403015, -0.04894358664751053
0.39229056239128113, 0.4777737557888031, -0.0901152491569519
0.4722471833229065, 0.41367191076278687, -0.025728950276970863
0.3145332932472229, 0.5170385241508484, -0.08884840458631516
0.5111656785011292, 0.45443159341812134, -0.14762765169143677
0.2102741301059723, 0.5728536248207092, -0.08850733190774918
0.49305498600006104, 0.43606746196746826, -0.12769564986228943
0.5108140110969543, 0.43470633029937744, -0.10859578102827072
0.3522239923477173, 0.5146377086639404, -0.1302039921283722
0.31809356808662415, 0.4989015460014343, -0.04227975383400917
0.4324415624141693, 0.43371590971946716, -0.025049183517694473
0.49734315276145935, 0.43900901079177856, -0.14573729038238525
0.5525491833686829, 0.43453115224838257, -0.1480703204870224
0.5491681098937988, 0.42957502603530884, -0.1334245353937149
0.41025570034980774, 0.42932069301605225, 0.003397679654881358
0.4916088581085205, 0.45445725321769714, -0.16227836906909943
0.4498291313648224, 0.4102094769477844, -0.007519488222897053
0.5176953077316284, 0.41648197174072266, -0.0825151801109314
0.47169655561447144, 0.4535558819770813, -0.13147996366024017
0.4496253728866577, 0.4079124927520752, 0.003757008584216237
0.5110901594161987, 0.4547853171825409, -0.1614413857460022
0.4756556451320648, 0.4171411395072937, -0.0426970012485981
0.3752185106277466, 0.49807918071746826, -0.1262292116880417
0.3538881838321686, 0.4965321123600006, -0.08722832798957825
0.28716593980789185, 0.5448152422904968, -0.11196846514940262
0.2900766432285309, 0.5270289182662964, -0.06962794810533524
0.40948134660720825, 0.4299897253513336, -0.007697973400354385
0.43580955266952515, 0.45874863862991333, -0.10502546280622482
0.5072576999664307, 0.43729451298713684, -0.13285580277442932
0.31467029452323914, 0.5374717712402344, -0.14648990333080292
0.5345748662948608, 0.41618120670318604, -0.10343276709318161
0.5505822896957397, 0.3927481472492218, -0.027407972142100334
0.2492264211177826, 0.5722292065620422, -0.13528622686862946
0.3089592456817627, 0.5471411943435669, -0.13507340848445892
0.3272976875305176, 0.48490110039711, -0.011571798473596573
0.4104055166244507, 0.43395519256591797, -0.02233205735683441
0.4558083713054657, 0.4565454423427582, -0.12851926684379578
0.21368035674095154, 0.5765389800071716, -0.1073639765381813
0.45514947175979614, 0.4759617745876312, -0.1631346046924591
0.5540270209312439, 0.4332287013530731, -0.16107594966888428
0.4523996412754059, 0.47501474618911743, -0.14715926349163055
0.2486332803964615, 0.5476468801498413, -0.06875305622816086
0.19233597815036774, 0.5746384263038635, -0.06901757419109344
0.3090621829032898, 0.4883590638637543, -0.00998980924487114
0.40749526023864746, 0.44566425681114197, -0.010159890167415142
0.4894562065601349, 0.40813174843788147, -0.00882158987224102
0.531099796295166, 0.4515957832336426, -0.14878526329994202
0.48957130312919617, 0.43401485681533813, -0.10801607370376587
0.5551483035087585, 0.41549670696258545, -0.1308746635913849
0.43051937222480774, 0.4700183570384979, -0.10969645529985428
0.4370894730091095, 0.4389497935771942, -0.04609216749668121
0.510622501373291, 0.47143688797950745, -0.16289560496807098
0.47484931349754333, 0.438810795545578, -0.10742970556020737
0.23397062718868256, 0.5594075322151184, -0.0836394876241684
0.2922345995903015, 0.5325133204460144, -0.0893106535077095
0.39702123403549194, 0.4789813160896301, -0.10559909045696259
0.35932183265686035, 0.47856661677360535, -0.04309766739606857
0.5075690746307373, 0.4059397876262665, -0.010374610312283039
0.45959901809692383, 0.4391610026359558, -0.08945204317569733
0.32999008893966675, 0.46981266140937805, -0.008632256649434566
0.34953632950782776, 0.4686555564403534, -0.009161127731204033
0.4123932421207428, 0.4749769866466522, -0.11012258380651474
0.27094998955726624, 0.549576461315155, -0.11061271280050278
0.4191090762615204, 0.47965389490127563, -0.14462465047836304
0.41243892908096313, 0.49503594636917114, -0.1473289281129837
0.3708840608596802, 0.4724745452404022, -0.028334438800811768
0.5114908814430237, 0.411638468503952, -0.027123022824525833
0.2958563268184662, 0.5375475287437439, -0.12414830178022385
0.24996082484722137, 0.529004693031311, -0.025058100000023842
0.46966373920440674, 0.4291749894618988, -0.027768662199378014
0.5723072290420532, 0.433415949344635, -0.16246870160102844
0.47808682918548584, 0.4580552875995636, -0.1616019606590271
0.23173858225345612, 0.5767329931259155, -0.13022038340568542
0.19510610401630402, 0.5778292417526245, -0.08660195767879486
0.4705409109592438, 0.40862613916397095, 0.0039771925657987595
0.17006731033325195, 0.5912961959838867, -0.09017904847860336
0.27332592010498047, 0.5543908476829529, -0.1313793659210205
0.46680963039398193, 0.450606107711792, -0.11100488901138306
0.4503074884414673, 0.45114007592201233, -0.08886975049972534
0.2527076005935669, 0.5757535099983215, -0.1481959968805313
0.4714986979961395, 0.4729902148246765, -0.16258057951927185
0.3303260803222656, 0.49169814586639404, -0.027791686356067657
0.27078279852867126, 0.5721708536148071, -0.1499604433774948
0.4289274215698242, 0.44677701592445374, -0.02966438978910446
0.5300222635269165, 0.4701414108276367, -0.163632333278656
0.26999321579933167, 0.5289395451545715, -0.048078060150146484
0.4496309757232666, 0.5100088119506836, -0.15030215680599213
0.45484358072280884, 0.4353521764278412, -0.04674374312162399
0.3882569968700409, 0.4662681221961975, -0.02897263690829277
0.49440810084342957, 0.4350118935108185, -0.08159758895635605
0.4905320405960083, 0.40773099660873413, 0.004068355541676283
0.5137583017349243, 0.4177034795284271, -0.06611120700836182
0.5517041683197021, 0.41592633724212646, -0.10419829189777374
0.17783403396606445, 0.59792560338974, -0.12585380673408508
0.26908373832702637, 0.5672211050987244, -0.13687735795974731
0.43640318512916565, 0.47628381848335266, -0.16072849929332733
0.5540973544120789, 0.4132508337497711, -0.09030910581350327
0.32598191499710083, 0.5263708829879761, -0.11191470921039581
0.5475263595581055, 0.42759907245635986, -0.11157819628715515
0.49116307497024536, 0.4506717920303345, -0.109041228890419
0.19002345204353333, 0.5681046843528748, -0.05095238611102104
0.2777003049850464, 0.5387855172157288, -0.10287584364414215
0.27404990792274475, 0.5359871983528137, -0.08803713321685791
0.17195725440979004, 0.5961995124816895, -0.10860941559076309
0.2931912839412689, 0.515444278717041, -0.04599380120635033
0.47022563219070435, 0.4252219796180725, -0.01052769273519516
0.551618218421936, 0.4524504244327545, -0.16300305724143982
0.37529054284095764, 0.47932711243629456, -0.06292849034070969
0.25671589374542236, 0.5535650849342346, -0.10769060254096985
0.4859050214290619, 0.4234144985675812, -0.012137152254581451
0.4633905291557312, 0.43621402978897095, -0.06445104628801346
0.21069706976413727, 0.557458221912384, -0.04502112790942192
0.3297949731349945, 0.5089113116264343, -0.07152768969535828
0.25881314277648926, 0.5553078055381775, -0.12577813863754272
0.43404626846313477, 0.45888882875442505, -0.0915212482213974
0.23218265175819397, 0.5494372248649597, -0.054622579365968704
0.15382322669029236, 0.5967165231704712, -0.08904542028903961
0.2185383439064026, 0.5575739145278931, -0.06678152829408646
0.21660830080509186, 0.5785446166992188, -0.12088170647621155
0.19158008694648743, 0.5951443910598755, -0.12952779233455658
0.3690512478351593, 0.5089464783668518, -0.11575435101985931
0.3257738947868347, 0.5048885345458984, -0.04893096163868904
0.48990368843078613, 0.4371068477630615, -0.06928163021802902
0.4599802792072296, 0.43896034359931946, -0.06365840137004852
0.34752142429351807, 0.508455753326416, -0.09319565445184708
0.3705744743347168, 0.4928702712059021, -0.08711756020784378
0.41255584359169006, 0.46655604243278503, -0.06609023362398148
0.37243106961250305, 0.4765789210796356, -0.046717800199985504
0.20903129875659943, 0.5648010969161987, -0.06991133838891983
0.3477441668510437, 0.4861547350883484, -0.029424766078591347
0.19928908348083496, 0.5582160949707031, -0.04273519665002823
0.31891685724258423, 0.5183957815170288, -0.10143518447875977
0.1778215616941452, 0.5775208473205566, -0.06673500686883926
0.2025485783815384, 0.5828807950019836, -0.11583602428436279
0.3328549861907959, 0.5354158878326416, -0.14828211069107056
0.29137757420539856, 0.49128052592277527, 0.0031574806198477745
0.4053012430667877, 0.44638970494270325, 0.0020436213817447424
0.3922649323940277, 0.48778167366981506, -0.09279415756464005
0.4738481640815735, 0.45231327414512634, -0.08917131274938583
0.5511419773101807, 0.4033261835575104, -0.030863456428050995
0.19832181930541992, 0.5999175906181335, -0.1624096930027008
0.36617881059646606, 0.494401752948761, -0.07462796568870544
0.42494136095046997, 0.45843368768692017, -0.06554105877876282
0.29015612602233887, 0.5115876793861389, -0.028108322992920876
0.37004393339157104, 0.48147761821746826, -0.030842984095215797
0.2860586941242218, 0.5257872343063354, -0.04785187542438507
0.12804840505123138, 0.5829927325248718, -0.012268164195120335
0.22684259712696075, 0.5642548203468323, -0.08829164505004883
0.30571261048316956, 0.5239869952201843, -0.07088392972946167
0.27374139428138733, 0.5451817512512207, -0.091002456843853
0.22638557851314545, 0.5616812705993652, -0.0778699442744255
0.27137312293052673, 0.5262486934661865, -0.03100859560072422
0.2861635088920593, 0.5041626691818237, -0.011718522757291794
0.26719680428504944, 0.5211182236671448, -0.01653510518372059
0.3938477039337158, 0.4732538163661957, -0.06759122014045715
0.30042949318885803, 0.5357311367988586, -0.09950844943523407
0.13087362051010132, 0.5942080020904541, -0.05012567341327667
0.22275316715240479, 0.5410917401313782, -0.021241823211312294
