0.31318044662475586, 0.7863041162490845, -0.12755948305130005
0.3515130579471588, 0.826143205165863, -0.09127712994813919
0.35246333479881287, 0.8273684978485107, -0.07033419609069824
0.3123183846473694, 0.7873822450637817, -0.06985396891832352
0.3139047622680664, 0.7873392105102539, -0.04960905387997627
0.4319629371166229, 0.9288110733032227, -0.12734360992908478
0.2696165144443512, 0.7293250560760498, -0.07103558629751205
0.3328656256198883, 0.786337673664093, -0.16428211331367493
0.3328605592250824, 0.8086551427841187, -0.0705554187297821
0.33266615867614746, 0.8063462972640991, -0.12714816629886627
0.3131083846092224, 0.7882181406021118, -0.11268244683742523
0.41246992349624634, 0.9081588387489319, -0.07110073417425156
0.29538026452064514, 0.7661542892456055, -0.0518854521214962
0.4514355957508087, 0.9503357410430908, -0.11273093521595001
0.30936774611473083, 0.7702361941337585, -0.11413093656301498
0.37466180324554443, 0.8466242551803589, -0.14966996014118195
0.2755739390850067, 0.7449154257774353, -0.07078787684440613
0.29435375332832336, 0.7667753100395203, -0.1125834733247757
0.39294707775115967, 0.8867324590682983, -0.07006658613681793
0.2521297335624695, 0.7078078985214233, -0.0889420360326767
0.29687729477882385, 0.7824974060058594, -0.11342129111289978
0.2929646372795105, 0.7668008804321289, -0.07098785042762756
0.3113845884799957, 0.7892690896987915, -0.09085503965616226
0.3171945810317993, 0.8042547702789307, -0.09248208999633789
0.3344626724720001, 0.8052594065666199, -0.1636900007724762
0.45362013578414917, 0.9627164006233215, -0.08997852355241776
0.3940351903438568, 0.8878564834594727, -0.04933638498187065
0.35343411564826965, 0.8265539407730103, -0.13010181486606598
0.3488680124282837, 0.8103824257850647, -0.1100834459066391
0.31637874245643616, 0.8043341636657715, -0.11302342265844345
0.4530998170375824, 0.9627110362052917, -0.07091183215379715
0.33684593439102173, 0.8233156204223633, -0.10686240345239639
0.43035003542900085, 0.9286165237426758, -0.11511079967021942
0.3364398181438446, 0.8230192065238953, -0.09045854210853577
0.3164331018924713, 0.7841091156005859, -0.14885659515857697
0.4755692481994629, 0.9873621463775635, -0.12965095043182373
0.25699174404144287, 0.7232663631439209, -0.06827284395694733
0.37951192259788513, 0.8854779005050659, -0.11706875264644623
0.27586591243743896, 0.7438794374465942, -0.05165017768740654
0.3771236538887024, 0.8649173378944397, -0.14914830029010773
0.37136128544807434, 0.8655096888542175, -0.09245848655700684
0.336628258228302, 0.8222852945327759, -0.06894295662641525
0.4332325756549835, 0.9445158839225769, -0.11467581242322922
0.42957040667533875, 0.9301269054412842, -0.009426185861229897
0.31235551834106445, 0.7874963879585266, -0.025001322850584984
0.35548287630081177, 0.8436790704727173, -0.13054825365543365
0.29621002078056335, 0.7851319313049316, -0.12595777213573456
0.39289751648902893, 0.8870489001274109, -0.11404725164175034
0.296428918838501, 0.7830138802528381, -0.09436000138521194
0.31389254331588745, 0.8045517206192017, -0.1248810738325119
0.27494239807128906, 0.7453155517578125, -0.11448957026004791
0.3950277864933014, 0.9045071601867676, -0.1147317886352539
0.40924832224845886, 0.9093327522277832, -0.0916319265961647
0.35518234968185425, 0.8425901532173157, -0.051081717014312744
0.3890046179294586, 0.8684110641479492, -0.028529686853289604
0.3914932608604431, 0.8869984149932861, -0.0915009006857872
0.2579946219921112, 0.7234670519828796, -0.04949848726391792
0.35621505975723267, 0.8422117233276367, -0.14565646648406982
0.4153737723827362, 0.92262202501297, -0.07368265092372894
0.46956896781921387, 0.9678597450256348, -0.10936378687620163
0.37827783823013306, 0.8869264125823975, -0.1280106008052826
0.37298375368118286, 0.8645728826522827, -0.07436181604862213
0.3700643479824066, 0.8492470383644104, -0.05099567770957947
0.3738287091255188, 0.8679708242416382, -0.04942428320646286
0.36862409114837646, 0.8487336039543152, -0.09007313847541809
0.35089796781539917, 0.8289311528205872, -0.02579239197075367
0.4719869792461395, 0.9853988885879517, -0.09093528240919113
0.3362887501716614, 0.8250781297683716, -0.12169826775789261
0.47402989864349365, 0.9927186965942383, -0.1133398711681366
0.39549317955970764, 0.905291736125946, -0.0939587652683258
0.31884321570396423, 0.8033431768417358, -0.04872281104326248
0.43046706914901733, 0.9435899257659912, -0.05282123386859894
0.37172675132751465, 0.8490054607391357, -0.12903621792793274
0.32926130294799805, 0.7908121943473816, -0.1128201112151146
0.31765419244766235, 0.8071142435073853, -0.07358111441135406
0.25700607895851135, 0.72486412525177, -0.09273765236139297
0.3574654459953308, 0.8454310894012451, -0.10737710446119308
0.35541099309921265, 0.825688898563385, -0.14937590062618256
0.45761069655418396, 0.9682866334915161, -0.052494846284389496
0.37492266297340393, 0.8666074872016907, -0.11308630555868149
0.3379994332790375, 0.8229373097419739, -0.04782653599977493
0.33301085233688354, 0.8094707727432251, -0.09164164215326309
0.39669865369796753, 0.8843240141868591, -0.15088289976119995
0.2940141558647156, 0.7633682489395142, -0.1640859693288803
0.2904292047023773, 0.7488754987716675, -0.12850235402584076
0.39466041326522827, 0.8872730135917664, -0.1271054595708847
0.43999311327934265, 0.9627600312232971, -0.10920622944831848
0.29439911246299744, 0.7661088109016418, -0.12698911130428314
0.46066394448280334, 0.9716258645057678, -0.08220179378986359
0.3509066700935364, 0.8268293738365173, -0.10963977128267288
0.4322211444377899, 0.9439026117324829, -0.07207032293081284
0.431696355342865, 0.9386133551597595, -0.047580208629369736
