0.46991220116615295, 0.22908368706703186, 0.0038075947668403387
0.5295053124427795, 0.16955623030662537, 0.0036163029726594687
0.6094151735305786, 0.3101472854614258, -0.0077783153392374516
0.5305325388908386, 0.27011343836784363, 0.004333968739956617
0.44986528158187866, 0.2504022419452667, -0.007318888325244188
0.44965043663978577, 0.2498805969953537, 0.003644289681687951
0.5485437512397766, 0.2115090787410736, 0.0035775320138782263
0.5096331238746643, 0.11024735122919083, 0.0050539541989564896
0.4706834852695465, 0.18888534605503082, 0.003298299154266715
0.5296546816825867, 0.20997749269008636, -0.007418742869049311
0.40894225239753723, 0.31074628233909607, 0.0032807844690978527
0.550011157989502, 0.23039378225803375, -0.007359757088124752
0.5702122449874878, 0.2496398240327835, 0.003669552505016327
0.48986634612083435, 0.1503649204969406, -0.007215539924800396
0.4899626672267914, 0.26996153593063354, -0.007079895585775375
0.5108157396316528, 0.14961060881614685, 0.003382910741493106
0.5503835678100586, 0.30958816409111023, 0.004187049809843302
0.5092054605484009, 0.21028512716293335, 0.003634214401245117
0.5304774641990662, 0.21040095388889313, 0.0036720046773552895
0.512134850025177, 0.11280748248100281, -0.007601510267704725
0.48987698554992676, 0.21028852462768555, -0.0073483712039887905
0.5296533703804016, 0.291314959526062, 0.0045454241335392
0.4907931983470917, 0.11127916723489761, 0.007589307148009539
0.5099321007728577, 0.31002306938171387, -0.007180623710155487
0.4682813882827759, 0.2703040838241577, 0.003603394376114011
0.4297776520252228, 0.3098933696746826, -0.007965781725943089
0.45011192560195923, 0.31024542450904846, -0.007842428050935268
0.5099061131477356, 0.16957776248455048, -0.007109255064278841
0.5898313522338867, 0.3106518089771271, 0.0034675721544772387
0.5104004740715027, 0.31014305353164673, 0.004200797062367201
0.4298047125339508, 0.2891540229320526, 0.004092648159712553
0.4891353249549866, 0.2709043622016907, 0.003810341702774167
0.5298721790313721, 0.30973613262176514, 0.004478163085877895
0.48979121446609497, 0.23038025200366974, -0.007319661322981119
0.5302784442901611, 0.33035582304000854, -0.007757347542792559
0.509259045124054, 0.36985450983047485, 0.004594939295202494
0.4900113046169281, 0.3702087700366974, -0.006922414526343346
0.49003925919532776, 0.35051751136779785, -0.007449505850672722
0.5094283819198608, 0.3494528830051422, -0.0070564900524914265
0.4901644289493561, 0.32992979884147644, -0.007171507924795151
0.5301830768585205, 0.35007303953170776, 0.004025756381452084
0.510095477104187, 0.3507305979728699, 0.003459175815805793
0.529555082321167, 0.3883093297481537, -0.008129730820655823
0.5098609924316406, 0.33061453700065613, 0.0035307714715600014
0.45036688446998596, 0.32988232374191284, 0.003856237046420574
0.4304105341434479, 0.35012882947921753, 0.003436868079006672
0.43034955859184265, 0.32964038848876953, 0.0034682026598602533
0.4709925651550293, 0.3306139409542084, 0.003710576333105564
0.470194548368454, 0.39022812247276306, 0.0038339996244758368
0.43026065826416016, 0.3692842125892639, 0.0039051335770636797
0.41005995869636536, 0.3507373034954071, 0.004167411010712385
0.4702126681804657, 0.3300462067127228, -0.007295606192201376
0.4297213852405548, 0.39007484912872314, -0.00800396129488945
0.3900398015975952, 0.3707100450992584, -0.007773047778755426
0.44972139596939087, 0.3903101086616516, -0.007929755374789238
0.46994760632514954, 0.3701665699481964, -0.0069496119394898415
0.4104096293449402, 0.3702907860279083, -0.00757083622738719
0.4898427724838257, 0.29021286964416504, -0.007460922934114933
0.36930686235427856, 0.16872134804725647, 0.00566705409437418
0.4299905598163605, 0.19001294672489166, 0.0032001957297325134
0.4112548530101776, 0.15422320365905762, -0.006907534319907427
0.5489386320114136, 0.22936458885669708, 0.003982472233474255
0.5099930167198181, 0.12989237904548645, 0.002727536717429757
0.3699219226837158, 0.3699772357940674, -0.007863935083150864
0.3917810022830963, 0.1526360809803009, 0.007029338274151087
0.46975693106651306, 0.23004324734210968, -0.007591567933559418
0.3499157130718231, 0.3499877154827118, -0.008079340681433678
0.3301418423652649, 0.2100529819726944, -0.007940815761685371
0.3701571226119995, 0.4497557282447815, 0.003611185820773244
0.5896806120872498, 0.27057862281799316, -0.007641769014298916
0.38966307044029236, 0.3105117678642273, 0.004205106291919947
0.39007070660591125, 0.3300599455833435, -0.007446011994034052
0.4099404513835907, 0.33026739954948425, -0.007733517326414585
0.42960137128829956, 0.22972917556762695, -0.0070450445637106895
0.33017104864120483, 0.38995879888534546, -0.008187656290829182
0.3311176598072052, 0.17540289461612701, -0.006354899611324072
0.3712373673915863, 0.20868909358978271, 0.004062644671648741
0.34993746876716614, 0.4102010726928711, -0.007572372443974018
0.4293810725212097, 0.2701989412307739, 0.004141629673540592
0.5300655961036682, 0.3502049744129181, -0.007150852587074041
0.4294995069503784, 0.1693676859140396, 0.0038471226580441
0.3698042631149292, 0.4303080439567566, 0.0035848815459758043
0.45056983828544617, 0.16937710344791412, 0.0038295798003673553
0.40967321395874023, 0.39064958691596985, 0.0029571023769676685
0.42997658252716064, 0.29066216945648193, -0.007307863794267178
0.48957955837249756, 0.17031477391719818, 0.0036003245040774345
0.5099976658821106, 0.19102096557617188, 0.004142497666180134
0.45043304562568665, 0.3699800670146942, 0.0031430674716830254
0.3914544880390167, 0.3695380389690399, 0.003799141151830554
0.5493937134742737, 0.25098833441734314, 0.004589173477143049
0.45272308588027954, 0.13427142798900604, -0.0066145360469818115
0.569686770439148, 0.330154150724411, 0.003545922925695777
0.350172758102417, 0.1902010291814804, -0.008856095373630524
0.5297030210494995, 0.3104247748851776, -0.0066618057899177074
0.5101120471954346, 0.36990752816200256, -0.007537103723734617
0.5296316146850586, 0.22968724370002747, -0.007896804250776768
0.589928925037384, 0.3296912610530853, -0.00684623746201396
0.4092555046081543, 0.32968297600746155, 0.004113789182156324
0.33034080266952515, 0.2112581431865692, 0.0036078416742384434
0.4698568880558014, 0.15050315856933594, -0.006983830127865076
0.3302205502986908, 0.3906020224094391, 0.0036674237344413996
0.4083400368690491, 0.2892886996269226, 0.0033479633275419474
0.3895871341228485, 0.38991644978523254, -0.007904200814664364
0.34846943616867065, 0.21035324037075043, 0.003919550683349371
0.38991981744766235, 0.41000044345855713, -0.007448997348546982
0.32989779114723206, 0.3290850818157196, 0.003023859579116106
0.46982690691947937, 0.29000768065452576, -0.007557638455182314
0.35046419501304626, 0.35047975182533264, 0.003970170393586159
0.3296615779399872, 0.44922131299972534, -0.022100208327174187
0.4693819582462311, 0.3498777747154236, 0.0035790340043604374
0.4300435781478882, 0.39080366492271423, 0.0035097405780106783
0.5099818706512451, 0.27039799094200134, -0.007521199528127909
0.3292925953865051, 0.17381630837917328, 0.007318660616874695
0.47177252173423767, 0.13260045647621155, -0.007110041566193104
0.3699243366718292, 0.18991360068321228, -0.008524673990905285
0.37006109952926636, 0.3303108513355255, 0.004701757803559303
0.4500829577445984, 0.2904233932495117, 0.004060841165482998
0.35007143020629883, 0.2501783072948456, -0.00893404707312584
0.5096436142921448, 0.22997356951236725, -0.007482615765184164
0.40999090671539307, 0.19049116969108582, -0.007786255795508623
0.3696942627429962, 0.2704647183418274, 0.0037781507708132267
0.34990888833999634, 0.3903733193874359, -0.008116398006677628
0.35138440132141113, 0.17434534430503845, -0.007506758440285921
0.5484262704849243, 0.17120930552482605, -0.008645650930702686
0.4326995611190796, 0.13641399145126343, -0.005561767145991325
0.4891100823879242, 0.1500123143196106, 0.003589322092011571
0.5049182772636414, 0.13105455040931702, -0.0226807352155447
0.4497653841972351, 0.350119948387146, -0.007629834581166506
0.35033002495765686, 0.42985793948173523, 0.0035886787809431553
0.5498396754264832, 0.31020164489746094, -0.007001939229667187
0.3300909996032715, 0.45005422830581665, -0.007795149926096201
0.35002797842025757, 0.23026353120803833, -0.008202211000025272
0.4919610321521759, 0.36519354581832886, -0.021403158083558083
0.3702039122581482, 0.41046464443206787, -0.007565120700746775
0.44964635372161865, 0.32988977432250977, -0.007319863419979811
0.32984021306037903, 0.24992117285728455, -0.00821609329432249
0.3296295702457428, 0.2903343737125397, -0.008053568191826344
0.3684234619140625, 0.368648886680603, -0.021264703944325447
0.33012333512306213, 0.1885564923286438, 0.004581185057759285
0.4691976308822632, 0.20802435278892517, -0.021381881088018417
0.32932811975479126, 0.31000789999961853, 0.0033365783747285604
0.3700213134288788, 0.21042115986347198, -0.008651097305119038
0.38963624835014343, 0.16852962970733643, 0.004567038733512163
0.5901419520378113, 0.2902548313140869, -0.0071351183578372
0.37001413106918335, 0.39038217067718506, 0.003499196842312813
0.46994251012802124, 0.3501879870891571, -0.00730361370369792
0.5497691631317139, 0.3499552011489868, -0.00714141083881259
0.3890027403831482, 0.19072890281677246, 0.0036105443723499775
0.37108075618743896, 0.17230460047721863, -0.007434161379933357
0.35018470883369446, 0.21025890111923218, -0.008250357583165169
0.32916873693466187, 0.24985013902187347, 0.0031606548000127077
0.39055773615837097, 0.42937538027763367, 0.0035182919818907976
0.49098384380340576, 0.30951178073883057, 0.0043074688874185085
0.3301927149295807, 0.34989848732948303, -0.008633526042103767
0.3300204277038574, 0.33033818006515503, -0.008409890346229076
0.4695248007774353, 0.2498081922531128, -0.007656802888959646
0.5508841276168823, 0.2703233063220978, 0.0034406320191919804
0.3881267309188843, 0.37101200222969055, -0.02198765054345131
0.3496205806732178, 0.1898415982723236, 0.00423783902078867
0.4496322274208069, 0.14898867905139923, 0.004257334396243095
0.4500887095928192, 0.37029725313186646, -0.007582641672343016
0.36742836236953735, 0.465525358915329, -0.010398796759545803
0.5297389626502991, 0.289938747882843, -0.006747085135430098
0.4698421359062195, 0.17142623662948608, 0.0033910952042788267
0.47018182277679443, 0.3700735569000244, 0.003964514937251806
0.32981523871421814, 0.3701404631137848, -0.00792501401156187
0.35010650753974915, 0.41041484475135803, 0.003394557163119316
0.45016470551490784, 0.15081124007701874, -0.007523571606725454
0.33014851808547974, 0.23012199997901917, -0.00761843379586935
0.5099751949310303, 0.21001899242401123, -0.007600847166031599
0.3699674904346466, 0.3098737299442291, -0.007993611507117748
0.44883066415786743, 0.2304379642009735, 0.003737463615834713
0.40949326753616333, 0.2704523205757141, 0.003572912886738777
0.3298055827617645, 0.27040570974349976, -0.009723285213112831
0.509978711605072, 0.2306479811668396, 0.003407746087759733
0.509922206401825, 0.1298479437828064, -0.006980408448725939
0.4506109654903412, 0.34935295581817627, 0.003291892586275935
0.3700016438961029, 0.3500496745109558, -0.008074627257883549
0.3699793219566345, 0.2700866162776947, -0.0077210599556565285
0.39082685112953186, 0.15502363443374634, -0.006368002854287624
0.34955352544784546, 0.43016675114631653, -0.008000081405043602
0.449926495552063, 0.131972074508667, 0.007647192571312189
0.34972840547561646, 0.3699861168861389, -0.008251341059803963
0.3298023045063019, 0.2707294821739197, 0.004554313607513905
0.6090871691703796, 0.33082082867622375, 0.004234875086694956
0.36973774433135986, 0.25171181559562683, 0.0038082008250057697
0.4501197338104248, 0.2694358229637146, 0.0050046867690980434
0.35022613406181335, 0.45013195276260376, -0.007668743841350079
0.3900068402290344, 0.2698912024497986, -0.008178860880434513
0.37001726031303406, 0.4302048683166504, -0.007524366490542889
0.38982653617858887, 0.2900480031967163, -0.008082322776317596
0.34947341680526733, 0.24924081563949585, 0.003839355893433094
0.3299161195755005, 0.4300634264945984, -0.008311904966831207
0.4699210226535797, 0.1902751475572586, -0.007347077131271362
0.3904034495353699, 0.25010305643081665, -0.008695106953382492
0.33003678917884827, 0.19065137207508087, -0.007331822998821735
0.3497958183288574, 0.3700379729270935, 0.003814835101366043
0.4895274341106415, 0.16970913112163544, -0.007549223490059376
0.5296781063079834, 0.18988609313964844, -0.007224282715469599
0.5494058132171631, 0.3697599470615387, -0.007298062089830637
0.4901607036590576, 0.13019207119941711, 0.0039597321301698685
0.4498288333415985, 0.2901727855205536, -0.0077726347371935844
0.5265235900878906, 0.34954071044921875, -0.021503884345293045
0.34962198138237, 0.2896740138530731, 0.0040734028443694115
0.3506213128566742, 0.17250217497348785, 0.006728932727128267
0.34805506467819214, 0.2666921317577362, -0.023749185726046562
0.34991735219955444, 0.26983457803726196, -0.008607657626271248
0.3079233467578888, 0.17217004299163818, 0.0078947264701128
0.19236977398395538, 0.1903717964887619, -0.00673169968649745
0.2698950469493866, 0.2701747715473175, -0.00763552263379097
0.25116440653800964, 0.1722133308649063, -0.0224246047437191
0.30966752767562866, 0.26991865038871765, -0.009106965735554695
0.230002298951149, 0.3098087012767792, -0.009748915210366249
0.22997884452342987, 0.2502419054508209, -0.007980871945619583
0.23017966747283936, 0.2296505570411682, 0.0031641193199902773
0.2494315505027771, 0.3112366497516632, -0.024495825171470642
0.21104398369789124, 0.17146632075309753, 0.0035801511257886887
0.2505367398262024, 0.2098887860774994, 0.0035096444189548492
0.1501460075378418, 0.30991309881210327, -0.008225522935390472
0.21026018261909485, 0.2298576980829239, -0.007845472544431686
0.2503180503845215, 0.31040260195732117, -0.010619193315505981
0.3079949915409088, 0.17357099056243896, -0.006883217953145504
0.22950077056884766, 0.16972364485263824, -0.0072171324864029884
0.30970028042793274, 0.25015711784362793, 0.003953538369387388
0.24977076053619385, 0.26950952410697937, 0.004723102319985628
0.2696363925933838, 0.2691788077354431, 0.004138016141951084
0.3090221583843231, 0.2100091129541397, 0.003631660481914878
0.2295084297657013, 0.23021510243415833, -0.007770555093884468
0.2893669903278351, 0.17152902483940125, -0.007303114514797926
0.25026267766952515, 0.29065030813217163, -0.008701542392373085
0.250972181558609, 0.2300395369529724, 0.003183148568496108
0.28995025157928467, 0.2299925833940506, -0.00778191676363349
0.14993201196193695, 0.26856696605682373, 0.003836081363260746
0.2500714361667633, 0.18877628445625305, 0.0046472856774926186
0.30953192710876465, 0.1905791014432907, -0.0077533177100121975
0.3106188476085663, 0.29213809967041016, 0.0038467268459498882
0.20999933779239655, 0.2102126181125641, -0.007718871813267469
0.23004981875419617, 0.29009705781936646, -0.008232207037508488
0.2899867296218872, 0.27021360397338867, -0.008470065891742706
0.15016889572143555, 0.2894953191280365, -0.007911965250968933
0.18928827345371246, 0.23069274425506592, 0.0032773620914667845
0.23051601648330688, 0.2904425859451294, 0.003368672449141741
0.29011988639831543, 0.29043304920196533, -0.01041219849139452
0.13011938333511353, 0.29000312089920044, -0.007808910217136145
0.2501917779445648, 0.17086084187030792, 0.004349532071501017
0.22980597615242004, 0.18837378919124603, 0.003605956444516778
0.2504127323627472, 0.2495340257883072, -0.008046632632613182
0.27135801315307617, 0.15374772250652313, 0.005546020809561014
0.17040523886680603, 0.25030288100242615, -0.007556150667369366
0.16987653076648712, 0.27053844928741455, -0.008018299005925655
0.2101840227842331, 0.19015206396579742, -0.0077567556872963905
0.23019754886627197, 0.19024452567100525, -0.0074187638238072395
0.2700469195842743, 0.1697423905134201, -0.0072158332914114
0.20972228050231934, 0.24977341294288635, -0.007776561658829451
0.24958255887031555, 0.16937355697155, -0.007656608242541552
0.26983243227005005, 0.24985845386981964, -0.00775584951043129
0.2707252502441406, 0.1888541430234909, 0.004316657315939665
0.18902313709259033, 0.30926352739334106, 0.0029509200248867273
0.2901011109352112, 0.2690350413322449, 0.004398699384182692
0.33029934763908386, 0.28986549377441406, 0.004538067150861025
0.17247873544692993, 0.2320398986339569, -0.006092431955039501
0.29010412096977234, 0.3101269602775574, -0.007789255119860172
0.2900363802909851, 0.21059465408325195, -0.007726870942860842
0.2497934252023697, 0.21033382415771484, -0.0077849701046943665
0.30967503786087036, 0.23021145164966583, -0.007956764660775661
0.24969042837619781, 0.190837100148201, -0.006822281051427126
0.2100852131843567, 0.27016571164131165, -0.008202551864087582
0.2874593436717987, 0.15410159528255463, 0.008147694170475006
0.20951053500175476, 0.3099974989891052, -0.008216858841478825
0.31011566519737244, 0.22894668579101562, 0.003352308413013816
0.26971468329429626, 0.21065732836723328, 0.0033604518976062536
0.15036648511886597, 0.27053090929985046, -0.007530807517468929
0.289773553609848, 0.16849181056022644, 0.004988573491573334
0.2498837560415268, 0.23001892864704132, -0.007521871477365494
0.1898922622203827, 0.2504032254219055, -0.00808203686028719
0.2099575698375702, 0.17028799653053284, -0.007312021683901548
0.1900729238986969, 0.2700519561767578, -0.007865026593208313
0.26984837651252747, 0.289902001619339, -0.009611325338482857
0.2701350152492523, 0.23025518655776978, -0.007618078961968422
0.22963044047355652, 0.21049638092517853, 0.0032384672667831182
0.28964412212371826, 0.19013825058937073, -0.007777400780469179
0.27089884877204895, 0.3123551905155182, 0.003531478112563491
0.3101845681667328, 0.21007418632507324, -0.007560335099697113
0.2694953680038452, 0.1528792828321457, -0.006853788159787655
0.29045599699020386, 0.24987155199050903, -0.008002834394574165
0.18942877650260925, 0.27077165246009827, 0.004368393681943417
0.22932398319244385, 0.2505814731121063, 0.003240729682147503
0.1940358579158783, 0.17253558337688446, -0.006567360833287239
0.18986214697360992, 0.2882132828235626, 0.003833749797195196
0.28692859411239624, 0.1533484011888504, -0.0057151420041918755
0.28976204991340637, 0.24951742589473724, 0.004396017175167799
0.26976773142814636, 0.19036296010017395, -0.007839391939342022
0.23034779727458954, 0.2699953019618988, -0.00825558416545391
0.24989908933639526, 0.2511509656906128, 0.0030904696322977543
0.23004622757434845, 0.2699170708656311, 0.004307492636144161
0.2096044272184372, 0.1902003437280655, 0.004751152358949184
0.30964645743370056, 0.268025666475296, 0.003373450133949518
0.2697971761226654, 0.3101223111152649, -0.008799199014902115
0.30990198254585266, 0.2898329794406891, -0.008512776345014572
0.19032250344753265, 0.3101370334625244, -0.008406504057347775
0.21106484532356262, 0.20969326794147491, 0.0034104674123227596
0.304294615983963, 0.15517526865005493, -0.006126725114881992
0.27016228437423706, 0.2099052369594574, -0.007603982929140329
0.16882959008216858, 0.2891590893268585, 0.003722500056028366
0.2301180064678192, 0.20977148413658142, -0.007569846697151661
0.1895621120929718, 0.1720436066389084, 0.007854880765080452
0.2904473841190338, 0.18965643644332886, 0.004250972531735897
0.2503846287727356, 0.27008405327796936, -0.007964150980114937
0.17039771378040314, 0.2904009521007538, -0.008244430646300316
0.19070325791835785, 0.21042276918888092, -0.007532648276537657
0.11163973808288574, 0.2916277050971985, -0.007263589184731245
0.3100765645503998, 0.2499646097421646, -0.007620236370712519
0.289896160364151, 0.23074260354042053, 0.003200679086148739
0.26970604062080383, 0.17022064328193665, 0.0050478470511734486
0.2683226466178894, 0.30630627274513245, -0.024055231362581253
0.2700207829475403, 0.23049701750278473, -0.02235804870724678
0.1906556785106659, 0.29045918583869934, -0.008392521180212498
0.1699940413236618, 0.31028786301612854, -0.008599354885518551
0.16844014823436737, 0.2508779466152191, 0.004019615706056356
0.3098510801792145, 0.31018584966659546, -0.007943241856992245
0.30481818318367004, 0.15583516657352448, 0.009885401464998722
0.3107720911502838, 0.3099135458469391, 0.003347194055095315
0.19016321003437042, 0.23012031614780426, -0.007501967716962099
0.17061148583889008, 0.2694455683231354, 0.00408342108130455
0.2899502217769623, 0.310145765542984, 0.0031739561818540096
0.37004145979881287, 0.22954988479614258, -0.009421471506357193
0.3099619746208191, 0.41034552454948425, -0.007870432920753956
0.2703110873699188, 0.4299282729625702, -0.00828633550554514
0.2502393424510956, 0.469246506690979, 0.0039499737322330475
0.2700326144695282, 0.4101763367652893, -0.008170969784259796
0.3099033832550049, 0.4299270808696747, -0.008121853694319725
0.290473073720932, 0.4504051208496094, 0.0035184049047529697
0.31010082364082336, 0.47057968378067017, -0.008543645963072777
0.24962642788887024, 0.4516577124595642, 0.003567976178601384
0.310270220041275, 0.43100228905677795, 0.0027675211895257235
0.31013399362564087, 0.450197696685791, -0.007990173064172268
0.24989795684814453, 0.42996808886528015, -0.007991558872163296
0.2891678512096405, 0.43041372299194336, 0.003137290710583329
0.2500213086605072, 0.41023924946784973, -0.008335461840033531
0.250015527009964, 0.4498666226863861, -0.008616841398179531
0.27014803886413574, 0.3677729666233063, 0.004344461485743523
0.2500947415828705, 0.39062854647636414, -0.008698482997715473
0.21141183376312256, 0.3502539396286011, 0.0035369480028748512
0.19119907915592194, 0.3707372844219208, 0.0034720865078270435
0.3100263774394989, 0.33000704646110535, -0.007632499095052481
0.24994955956935883, 0.3500419557094574, -0.00831542070955038
0.18783500790596008, 0.34515467286109924, -0.024538272991776466
0.21013709902763367, 0.39033159613609314, -0.008984936401247978
0.23323461413383484, 0.37070780992507935, -0.02193387597799301
0.2700220048427582, 0.330389142036438, -0.00837110448628664
0.20977924764156342, 0.36995625495910645, -0.00793140847235918
0.22990551590919495, 0.35004693269729614, -0.008093447424471378
0.26984331011772156, 0.3298617899417877, 0.0029465570114552975
0.21026189625263214, 0.3498944938182831, -0.0086966622620821
0.17003072798252106, 0.37024131417274475, -0.008626015856862068
0.17038096487522125, 0.3509325087070465, -0.011171807534992695
0.23035253584384918, 0.3302777409553528, -0.009415344335138798
0.2301439344882965, 0.3505936563014984, 0.0034993202425539494
0.3101317882537842, 0.36941319704055786, 0.004503252916038036
0.19075274467468262, 0.35173550248146057, 0.003553730435669422
0.2299574911594391, 0.4501567482948303, -0.008107979781925678
0.2702257037162781, 0.35108819603919983, 0.004267876967787743
0.2700628340244293, 0.37043991684913635, -0.008231470361351967
0.2905576825141907, 0.33038005232810974, 0.0031320343259721994
0.24962764978408813, 0.3704987168312073, 0.004420795943588018
0.2102336436510086, 0.3697367012500763, 0.004214924294501543
0.19002683460712433, 0.32964229583740234, -0.010026274248957634
0.2886864244937897, 0.33089765906333923, -0.02284524217247963
0.23010435700416565, 0.44977259635925293, 0.0031082364730536938
0.2700948417186737, 0.39015644788742065, -0.008315237239003181
0.1902957707643509, 0.35057854652404785, -0.009175464510917664
0.2696671783924103, 0.349746972322464, -0.008393784053623676
0.16997544467449188, 0.33020517230033875, -0.009202204644680023
0.2103123664855957, 0.3301422595977783, -0.010255389846861362
0.2899303138256073, 0.3298874795436859, -0.008152823895215988
0.20951758325099945, 0.4305090606212616, -0.008485352620482445
0.22944392263889313, 0.3704734742641449, -0.008578258566558361
0.30996716022491455, 0.39039286971092224, -0.008209683001041412
0.2500656545162201, 0.35086289048194885, 0.0033067732583731413
0.20994803309440613, 0.4506891369819641, -0.008216839283704758
0.29008567333221436, 0.3704841732978821, -0.008525369688868523
0.3099668025970459, 0.37049058079719543, -0.008178593590855598
0.2899387776851654, 0.3903343379497528, -0.008525202050805092
0.24997717142105103, 0.33005717396736145, -0.008362841792404652
0.2500135004520416, 0.3700263500213623, -0.008840152993798256
0.16935361921787262, 0.32931482791900635, 0.0028072320856153965
0.2519325315952301, 0.3507865071296692, -0.0222647525370121
0.2295338362455368, 0.47034481167793274, -0.007893400266766548
0.26891225576400757, 0.3496076762676239, -0.021357499063014984
0.3497450053691864, 0.2710617780685425, 0.004381537903100252
0.29011911153793335, 0.3497442603111267, -0.008028028532862663
0.33017876744270325, 0.3102530241012573, -0.00827973522245884
0.36984333395957947, 0.2504829168319702, -0.009228178299963474
0.3900621831417084, 0.1897604614496231, -0.00851215049624443
0.2706896960735321, 0.49017688632011414, 0.00270480802282691
0.3096468448638916, 0.32989734411239624, 0.0032483863178640604
0.19001978635787964, 0.4103608727455139, -0.008802028372883797
0.39015114307403564, 0.17116212844848633, -0.007606100291013718
0.43023252487182617, 0.25017908215522766, -0.007775993552058935
0.3501615524291992, 0.2901547849178314, -0.007579124998301268
0.12978379428386688, 0.34981244802474976, -0.009553126990795135
0.14939966797828674, 0.3485167920589447, -0.01075221411883831
0.14958064258098602, 0.3302557170391083, 0.0021210042759776115
0.38982415199279785, 0.23018209636211395, -0.008388590067625046
0.3901703953742981, 0.210329070687294, -0.00784445833414793
0.3496733009815216, 0.3102101683616638, -0.007921178825199604
0.3894459009170532, 0.2503353953361511, 0.0041217501275241375
0.3696975111961365, 0.2899254262447357, -0.008136609569191933
0.37261632084846497, 0.15574344992637634, -0.006674107629805803
0.35011157393455505, 0.3103141486644745, 0.003534014103934169
0.1511591672897339, 0.3727375566959381, 0.0037356719840317965
0.29002824425697327, 0.35102200508117676, 0.0039946772158145905
0.40941840410232544, 0.16996389627456665, 0.004106791224330664
0.15063467621803284, 0.36996009945869446, -0.009886584244668484
0.3103523552417755, 0.3500080704689026, -0.008329024538397789
0.4104057848453522, 0.17004062235355377, -0.008507302030920982
0.3706536293029785, 0.2901867628097534, 0.003256300464272499
0.2701554596424103, 0.49038413166999817, -0.008910521864891052
0.22980692982673645, 0.49084076285362244, -0.008516962639987469
0.2303539663553238, 0.5103545188903809, -0.008899389766156673
0.38932058215141296, 0.27028802037239075, 0.0036681604105979204
0.410369873046875, 0.15060022473335266, 0.006644743494689465
0.40965932607650757, 0.22995194792747498, -0.008168598636984825
0.4104464054107666, 0.21137991547584534, 0.0031823161989450455
0.20953156054019928, 0.29071781039237976, -0.008209354244172573
0.40957820415496826, 0.1895330250263214, 0.0034630983136594296
0.43029385805130005, 0.15202514827251434, -0.007202502805739641
0.47233158349990845, 0.11355353146791458, 0.008074353449046612
0.19082790613174438, 0.43039095401763916, 0.002604210516437888
0.3695431053638458, 0.3707340955734253, 0.00285014184191823
0.39008602499961853, 0.3905465006828308, 0.00345651526004076
0.2502220571041107, 0.49039721488952637, -0.008364451117813587
0.18861183524131775, 0.20902815461158752, 0.0041250865906476974
0.5502976179122925, 0.34991881251335144, 0.004005418159067631
0.15077616274356842, 0.43031400442123413, 0.0025375003460794687
0.19011932611465454, 0.43013831973075867, -0.008767872117459774
0.3502821624279022, 0.33023035526275635, -0.007977046072483063
0.3302852511405945, 0.3698212504386902, 0.004360071383416653
0.5501177310943604, 0.25044122338294983, -0.007529906462877989
0.3892309069633484, 0.4299096465110779, -0.007671624422073364
0.5681706070899963, 0.21120284497737885, -0.008844733238220215
0.5701020359992981, 0.3099634647369385, -0.007207163609564304
0.5505257844924927, 0.29072901606559753, 0.0034639546647667885
0.4699721336364746, 0.20969745516777039, -0.007624228019267321
0.16997601091861725, 0.450361430644989, -0.009235569275915623
0.30975353717803955, 0.4505133330821991, 0.0034943032078444958
0.2893608808517456, 0.3699529767036438, 0.003744659246876836
0.4700497090816498, 0.2503316104412079, 0.003636521752923727
0.26991602778434753, 0.450221985578537, -0.008296521380543709
0.2898222506046295, 0.41022035479545593, -0.008069957606494427
0.48962709307670593, 0.3495471179485321, 0.003566850209608674
0.15034466981887817, 0.429906964302063, -0.00859661865979433
0.4898018538951874, 0.3900412321090698, -0.007136630825698376
0.41023802757263184, 0.3099455237388611, -0.007968335412442684
0.5263029336929321, 0.3718940317630768, -0.021553682163357735
0.5702882409095764, 0.271697074174881, 0.004359361249953508
0.26935121417045593, 0.3882181644439697, -0.02183092199265957
0.129551500082016, 0.41048163175582886, 0.0045730480924248695
0.5302011966705322, 0.17024897038936615, -0.007316071540117264
0.5700844526290894, 0.35006049275398254, -0.006783837452530861
0.3501676917076111, 0.33012568950653076, 0.003455603728070855
0.1708422601222992, 0.47081202268600464, 0.0033844865392893553
0.07050039619207382, 0.3300323486328125, -0.00842805951833725
0.46980684995651245, 0.3899775743484497, -0.007652464788407087
0.5301362872123718, 0.2496689110994339, -0.007376190274953842
0.40972113609313965, 0.34997859597206116, -0.007700174115598202
0.2905690670013428, 0.39025208353996277, 0.003749965690076351
0.37001097202301025, 0.32986465096473694, -0.00756255304440856
0.36978474259376526, 0.3903005123138428, -0.007638675160706043
0.4899460971355438, 0.19000346958637238, -0.00802080798894167
0.5501568913459778, 0.290339857339859, -0.007371940650045872
0.4501408040523529, 0.2701314389705658, -0.007360835559666157
0.2887565791606903, 0.46927905082702637, 0.0035590913612395525
0.45030543208122253, 0.23010008037090302, -0.007547852583229542
0.43511319160461426, 0.1381077915430069, -0.021502681076526642
0.28998661041259766, 0.43002715706825256, -0.008414426818490028
0.10939398407936096, 0.3508802652359009, 0.0022152888122946024
0.3895331025123596, 0.41072237491607666, 0.0037771461065858603
0.4313562214374542, 0.13370569050312042, 0.010109741240739822
0.4297056496143341, 0.3499571681022644, -0.007833246141672134
0.09034270793199539, 0.33025944232940674, -0.009209325537085533
0.16939061880111694, 0.40806978940963745, 0.003244138555601239
0.2698815166950226, 0.40933334827423096, 0.002994983922690153
0.13023489713668823, 0.37094029784202576, -0.011283491738140583
0.17025242745876312, 0.46969282627105713, -0.008782876655459404
0.3901713192462921, 0.35015225410461426, -0.007734659593552351
0.23059752583503723, 0.38904592394828796, 0.0032026171684265137
0.4898519515991211, 0.249477818608284, -0.007570941466838121
0.18999990820884705, 0.39079806208610535, -0.008610088378190994
0.4097152054309845, 0.38979673385620117, -0.007874201983213425
0.4904683828353882, 0.22954800724983215, 0.003276839619502425
0.4500458240509033, 0.19073650240898132, 0.003433365374803543
0.5301267504692078, 0.3296099305152893, 0.0037056102883070707
0.5100569725036621, 0.39031437039375305, -0.007152587175369263
0.5701741576194763, 0.2504042387008667, -0.007784613408148289
0.5505488514900208, 0.21013063192367554, -0.006946391426026821
0.570216178894043, 0.29015064239501953, -0.006978987250477076
0.4499455988407135, 0.19016924500465393, -0.007260097190737724
0.5297914743423462, 0.3701191842556, -0.007159297354519367
0.10968845337629318, 0.36860203742980957, -0.011196189559996128
0.2900855243206024, 0.47028398513793945, -0.008320330642163754
0.23010733723640442, 0.38989144563674927, -0.008355118334293365
0.4906196892261505, 0.13050131499767303, -0.0074905212968587875
0.10987155884504318, 0.35016804933547974, -0.009748932905495167
0.5498860478401184, 0.32959896326065063, -0.007277655880898237
0.46971139311790466, 0.14957912266254425, 0.004126374144107103
0.21089568734169006, 0.4489050805568695, 0.003384701907634735
0.47037744522094727, 0.27044421434402466, -0.007465075235813856
0.07004458457231522, 0.3700162172317505, -0.009877873584628105
0.06975267827510834, 0.3890780210494995, -0.010927330702543259
0.10966344177722931, 0.41020169854164124, -0.008179613389074802
0.1301875114440918, 0.4501272439956665, -0.008968615904450417
0.13025592267513275, 0.47065573930740356, 0.0028056155424565077
0.12985514104366302, 0.4701865613460541, -0.008826629258692265
0.40952882170677185, 0.2100067436695099, -0.008096843957901001
0.08992957323789597, 0.4100089371204376, -0.008742126636207104
0.14957882463932037, 0.5099232196807861, -0.00850599817931652
0.1302434355020523, 0.4899633526802063, -0.008606964722275734
0.1295669823884964, 0.4909099340438843, 0.0026203575544059277
0.1108955666422844, 0.5102317929267883, 0.0030195987783372402
0.1503542810678482, 0.5299951434135437, -0.008363411761820316
0.17022910714149475, 0.390512079000473, 0.0038170237094163895
0.33071616291999817, 0.3496305048465729, -0.022692261263728142
0.2086755484342575, 0.3890111744403839, 0.00336146866902709
0.15003441274166107, 0.3900085389614105, 0.0038850693963468075
0.30988946557044983, 0.35095879435539246, 0.003619944676756859
0.23066343367099762, 0.4702039957046509, 0.003927513957023621
0.2699490785598755, 0.3898247480392456, 0.003220716491341591
0.49155983328819275, 0.11476655304431915, -0.006209161132574081
0.5300456881523132, 0.2508551776409149, 0.004240893293172121
0.22848841547966003, 0.3252209424972534, -0.02396586909890175
0.4498399794101715, 0.20989978313446045, -0.00821002572774887
0.2500351667404175, 0.48954132199287415, 0.002529705408960581
0.4074934124946594, 0.32863184809684753, -0.022079408168792725
0.38934600353240967, 0.28926554322242737, 0.0036146705970168114
0.15007799863815308, 0.4700053036212921, 0.002659775083884597
0.5098986625671387, 0.19004778563976288, -0.007633622735738754
0.3302992284297943, 0.4104252755641937, -0.007924488745629787
0.46914297342300415, 0.28966760635375977, 0.003941662609577179
0.13021403551101685, 0.4303944408893585, -0.008940193802118301
0.4695207178592682, 0.30973124504089355, -0.008006644435226917
0.32950374484062195, 0.4504276216030121, 0.0034353050868958235
0.3293512761592865, 0.4103741943836212, 0.003309081308543682
0.23051048815250397, 0.4097428619861603, -0.00824655406177044
0.18968267738819122, 0.3702867031097412, -0.0081950007006526
0.5687700510025024, 0.3491818606853485, 0.0037016847636550665
0.12969332933425903, 0.39023569226264954, -0.008294020779430866
0.6299940943717957, 0.6101855635643005, -0.007654115092009306
0.1497557908296585, 0.4901525676250458, -0.008458459749817848
0.26993852853775024, 0.47024184465408325, -0.008072765544056892
0.09068357199430466, 0.5099243521690369, -0.008374454453587532
0.5096272230148315, 0.14970630407333374, -0.008233114145696163
0.19042061269283295, 0.49004340171813965, -0.008745741099119186
0.13025501370429993, 0.5099844336509705, -0.008563343435525894
0.43042218685150146, 0.17034325003623962, -0.007628018036484718
0.11022908985614777, 0.49005261063575745, -0.008354184217751026
0.5299587249755859, 0.2308046817779541, 0.0037128203548491
0.511252760887146, 0.2502621114253998, 0.00402390630915761
0.43012189865112305, 0.18989357352256775, -0.007655648980289698
0.4303801953792572, 0.3104725778102875, 0.003215055214241147
0.5098515748977661, 0.1702994704246521, 0.0034256966318935156
0.17007645964622498, 0.38989654183387756, -0.00829731859266758
0.39017078280448914, 0.310072660446167, -0.007543493062257767
0.5100390315055847, 0.32997846603393555, -0.0072825588285923
0.4696052670478821, 0.12950746715068817, 0.005055669229477644
0.5698447227478027, 0.31056180596351624, 0.003875034861266613
0.2704327702522278, 0.43085232377052307, 0.0029776704031974077
0.07020930200815201, 0.4102427065372467, -0.009167442098259926
0.41029688715934753, 0.25066763162612915, -0.007842035964131355
0.36953049898147583, 0.31039440631866455, 0.003904089331626892
0.15020306408405304, 0.40835991501808167, 0.0039807758294045925
0.5498338341712952, 0.270262211561203, -0.006697149481624365
0.3296273946762085, 0.3512609899044037, 0.0035564748104661703
0.11022870242595673, 0.45039594173431396, -0.00892245676368475
0.16959699988365173, 0.4306366443634033, 0.0029251582454890013
0.05042712390422821, 0.36997151374816895, -0.009481222368776798
0.15011408925056458, 0.39020586013793945, -0.00873839482665062
0.6900405287742615, 0.6106835603713989, 0.0033020225819200277
0.6705243587493896, 0.5896535515785217, -0.007702574133872986
0.6674222350120544, 0.6231610774993896, -0.021335497498512268
0.6498224139213562, 0.6303685307502747, -0.006272450555115938
0.710983395576477, 0.5702295899391174, 0.004205702804028988
0.7898139357566833, 0.7696961760520935, -0.007044781930744648
0.7301445603370667, 0.769650399684906, -0.007017016876488924
0.7701669931411743, 0.7289710640907288, 0.0026599548291414976
0.769707202911377, 0.7102025151252747, -0.006739858537912369
0.7507036924362183, 0.790094256401062, -0.006812659092247486
0.8299327492713928, 0.7897829413414001, -0.0075520481914281845
0.8299631476402283, 0.8094772696495056, -0.006603643763810396
0.8502865433692932, 0.8302183151245117, -0.007748206611722708
0.7710936069488525, 0.8295541405677795, -0.007496926002204418
0.8301095366477966, 0.7505192160606384, -0.006914327386766672
0.8302421569824219, 0.7698007225990295, -0.007285183761268854
0.809796929359436, 0.7298160195350647, -0.006314556114375591
0.7904559373855591, 0.8489522933959961, 0.002753662643954158
0.829358696937561, 0.9099100232124329, -0.0070838951505720615
0.8502787947654724, 0.9093721508979797, -0.0067713032476603985
0.8290889263153076, 0.9296209216117859, -0.008061754517257214
0.7695919275283813, 0.8894974589347839, -0.007490360178053379
0.2695223391056061, 0.4691409468650818, 0.003821672173216939
0.749747633934021, 0.7507206201553345, 0.003609135514125228
0.849461555480957, 0.8104429841041565, -0.00720164505764842
0.7896863222122192, 0.7099236845970154, -0.006643965840339661
0.8486788868904114, 0.790446937084198, -0.007750730030238628
0.8097570538520813, 0.8301424980163574, -0.007092719431966543
0.7886510491371155, 0.7307482361793518, 0.003319925395771861
0.11062241345643997, 0.39072349667549133, -0.009864517487585545
0.7696179747581482, 0.8496822714805603, -0.007164621260017157
0.7505027055740356, 0.8299848437309265, -0.00783525314182043
0.8099176287651062, 0.9095926284790039, -0.007457821164280176
0.790045440196991, 0.810094952583313, -0.007670877501368523
0.7698505520820618, 0.8701238632202148, -0.007641867268830538
0.8100624680519104, 0.7901359796524048, -0.007271880749613047
0.789929211139679, 0.8302092552185059, -0.007109737955033779
0.7305590510368347, 0.7908533811569214, 0.0038928797002881765
0.7901854515075684, 0.8700568079948425, -0.007120593450963497
0.7302945852279663, 0.8298003673553467, -0.007274196483194828
0.8102402687072754, 0.8899683356285095, -0.007772548124194145
0.7299368381500244, 0.7897707223892212, -0.007634544279426336
0.8699943423271179, 0.8895533680915833, -0.006673575844615698
0.8497238755226135, 0.8501271605491638, -0.0071921865455806255
0.7695013284683228, 0.7703222036361694, -0.0063062091358006
0.7500439882278442, 0.8499948382377625, -0.007617785595357418
0.8305919170379639, 0.8303425908088684, -0.0075476025231182575
0.7898454666137695, 0.9097355008125305, -0.00796456728130579
0.8702496290206909, 0.8697370290756226, -0.006973939016461372
0.7100527882575989, 0.7093155384063721, 0.0028590019792318344
0.7306561470031738, 0.7700304388999939, 0.0032544599380344152
0.7905264496803284, 0.8501340746879578, -0.0072449687868356705
0.7298901081085205, 0.7296815514564514, -0.007036047521978617
0.8101085424423218, 0.8699637651443481, -0.007336391601711512
0.7898795008659363, 0.8899332284927368, -0.0073786103166639805
0.789747416973114, 0.7303721904754639, -0.006734447553753853
0.8292711973190308, 0.8900572657585144, -0.007200733758509159
0.749690055847168, 0.7494704127311707, -0.006413646508008242
0.8296025991439819, 0.870186984539032, -0.007494843564927578
0.8498002290725708, 0.8700472712516785, -0.0069009424187242985
0.7497981786727905, 0.6500406861305237, -0.0067695737816393375
0.5711513161659241, 0.2898349165916443, 0.0038792085833847523
0.41024309396743774, 0.29049327969551086, -0.007897634990513325
0.8697155714035034, 0.909049928188324, -0.008178145624697208
0.16926582157611847, 0.449456125497818, 0.0021661033388227224
0.5698112845420837, 0.3299444615840912, -0.006788602564483881
0.3897254168987274, 0.3299558162689209, 0.004256850574165583
0.5285874009132385, 0.1510550081729889, 0.003610295709222555
0.7490599155426025, 0.8097103238105774, 0.0032330758403986692
0.43036454916000366, 0.2494683861732483, 0.004149762913584709
0.5900044441223145, 0.3098686635494232, -0.007127581629902124
0.429830402135849, 0.37014657258987427, -0.007864585146307945
0.8098867535591125, 0.7103099822998047, -0.006803847383707762
0.7501457333564758, 0.72991943359375, -0.007103277835994959
0.41006988286972046, 0.27000561356544495, -0.007877612486481667
0.7497580051422119, 0.5897455811500549, -0.006540540140122175
0.8696528673171997, 0.8502050042152405, -0.006876037456095219
0.45077359676361084, 0.3901810050010681, 0.0037693288177251816
0.350434273481369, 0.45052048563957214, 0.003344255033880472
0.5100353956222534, 0.2501864731311798, -0.007025374099612236
0.509777307510376, 0.2899933457374573, -0.0070648593828082085
0.13012732565402985, 0.5299443006515503, -0.008555577136576176
0.5500759482383728, 0.1902843713760376, -0.007909943349659443
0.849819004535675, 0.8900827169418335, -0.0070091430097818375
0.09015811234712601, 0.3913116753101349, -0.011481118388473988
0.4098747670650482, 0.3692225217819214, 0.003757103346288204
0.790003776550293, 0.7503688931465149, -0.006792618427425623
0.7708585262298584, 0.7494076490402222, 0.0030735123436897993
0.42989373207092285, 0.20945130288600922, -0.007793419063091278
0.5896443724632263, 0.29031771421432495, 0.00328056700527668
0.49018797278404236, 0.2905758321285248, 0.0043268948793411255
0.4290584325790405, 0.2101687490940094, 0.0038923490792512894
0.8101993799209595, 0.810177206993103, -0.006779510527849197
0.6097486615180969, 0.34876546263694763, -0.008131006732583046
0.13038969039916992, 0.4097001850605011, -0.00847081933170557
0.4901229441165924, 0.39036643505096436, 0.003771937219426036
0.7895792126655579, 0.8100637793540955, 0.002194407396018505
0.5095753073692322, 0.3886397182941437, 0.0035911027807742357
0.48952674865722656, 0.31033575534820557, -0.0077490536496043205
0.5296350717544556, 0.15020154416561127, -0.007358370814472437
0.2499399483203888, 0.4307301640510559, 0.0028583360835909843
0.36997294425964355, 0.3501581847667694, 0.0036690605338662863
0.70982825756073, 0.7299520373344421, -0.006893939338624477
0.5297810435295105, 0.27016985416412354, -0.006808718666434288
0.5695372223854065, 0.2301059514284134, -0.007459062151610851
0.33130761981010437, 0.43082955479621887, 0.00358545477502048
0.8292727470397949, 0.8500546216964722, -0.007217887789011002
0.6913183927536011, 0.5729374289512634, -0.008444619365036488
0.6500383615493774, 0.6102654337882996, 0.004205955658107996
0.8102885484695435, 0.749932587146759, -0.006895627826452255
0.769660234451294, 0.6695325970649719, 0.0037866251077502966
0.2897953987121582, 0.45004042983055115, -0.008110309019684792
0.82956862449646, 0.7904604077339172, 0.0030059816781431437
0.8100382089614868, 0.7705978155136108, -0.007084611337631941
0.809873640537262, 0.8498860001564026, -0.007317019626498222
0.7098587155342102, 0.7497168779373169, -0.007129764650017023
0.18933001160621643, 0.3919610381126404, -0.022826848551630974
0.3876555263996124, 0.2352278083562851, -0.04374948889017105
0.729736328125, 0.7500560879707336, -0.007229490205645561
0.1697511374950409, 0.37074950337409973, 0.0038280130829662085
0.7498935461044312, 0.6100335717201233, -0.00684225233271718
0.4119887948036194, 0.17134584486484528, -0.021805163472890854
0.2294015735387802, 0.39145639538764954, -0.02230173721909523
0.3690882623195648, 0.18868467211723328, -0.022795919328927994
0.3975623548030853, 0.1391175091266632, -0.00434210104867816
0.3302358388900757, 0.2699986696243286, -0.023782823234796524
0.31141743063926697, 0.27339568734169006, -0.022840147837996483
0.16912288963794708, 0.30995655059814453, 0.0033231014385819435
0.20764482021331787, 0.5449680089950562, -0.012482195161283016
0.41133350133895874, 0.1366877555847168, -0.004329516086727381
0.23080629110336304, 0.33166128396987915, 0.003340124851092696
0.29009610414505005, 0.3684670031070709, -0.023137476295232773
0.6905320882797241, 0.7108765244483948, 0.0038517448119819164
0.18969662487506866, 0.2499113827943802, 0.0031219301745295525
0.3470460772514343, 0.3302679657936096, -0.021471373736858368
0.2501370310783386, 0.4318636953830719, -0.02149474434554577
0.25120604038238525, 0.4713844656944275, -0.022293366491794586
0.19014357030391693, 0.5101110339164734, -0.008602905087172985
0.3096769154071808, 0.37038880586624146, -0.02149210125207901
0.4144453704357147, 0.24993450939655304, -0.02249937877058983
0.17564785480499268, 0.1915789544582367, 0.011716390959918499
0.6903810501098633, 0.5907366871833801, 0.0036514929961413145
0.310543030500412, 0.47049570083618164, -0.022700008004903793
0.25056377053260803, 0.3297435939311981, 0.003209450049325824
0.7894091606140137, 0.6508725881576538, -0.007998848333954811
0.5693289637565613, 0.36889877915382385, -0.008263614028692245
0.28856420516967773, 0.3074171245098114, -0.022049712017178535
0.7708624601364136, 0.7899459004402161, -0.0075856223702430725
0.21151798963546753, 0.20899425446987152, -0.021641580387949944
0.30990174412727356, 0.4089046120643616, 0.003445675130933523
0.7696889638900757, 0.8102657794952393, -0.007381000556051731
0.06992161273956299, 0.43014898896217346, -0.008714476600289345
0.31133344769477844, 0.3097945749759674, -0.021350979804992676
0.24950625002384186, 0.2886897325515747, 0.0035358432214707136
0.21076734364032745, 0.47052431106567383, 0.0033020107075572014
0.35155510902404785, 0.2906549274921417, -0.02198312059044838
0.37254810333251953, 0.15493594110012054, 0.007369372993707657
0.28522956371307373, 0.3516087234020233, -0.022742286324501038
0.6499466896057129, 0.6098373532295227, -0.00648251548409462
0.38636142015457153, 0.25008562207221985, -0.024059489369392395
0.3306458592414856, 0.39045119285583496, -0.022079363465309143
0.2512751519680023, 0.3902585208415985, -0.022591887041926384
0.7694746851921082, 0.629952073097229, -0.006664805579930544
0.309207558631897, 0.38771700859069824, -0.021983545273542404
0.649583101272583, 0.6495044231414795, 0.0040219672955572605
0.2500247657299042, 0.23026292026042938, -0.02254963479936123
0.5097259283065796, 0.2894541323184967, 0.00391393294557929
0.34990665316581726, 0.25430023670196533, -0.024387523531913757
0.13228431344032288, 0.27379459142684937, -0.006509547121822834
0.15133418142795563, 0.2900140881538391, 0.003420124063268304
0.11025846749544144, 0.4699134826660156, -0.008856437169015408
0.2300012856721878, 0.4300025701522827, -0.008340517058968544
0.1533534675836563, 0.25094321370124817, -0.006734922528266907
0.47089457511901855, 0.3110879063606262, 0.0037841044832021
0.5691530108451843, 0.23095445334911346, 0.0038279404398053885
0.4307239353656769, 0.23053623735904694, 0.00438089482486248
0.4495408833026886, 0.30985790491104126, 0.0035354963038116693
0.7700760364532471, 0.7301706075668335, -0.0066046942956745625
0.3880578279495239, 0.20927804708480835, -0.023790329694747925
0.7095058560371399, 0.6909127235412598, 0.003524928353726864
0.14987756311893463, 0.45037129521369934, -0.00860518030822277
0.4496973156929016, 0.17015902698040009, -0.008383423089981079
0.3690973222255707, 0.21085770428180695, -0.02296603098511696
0.25273430347442627, 0.2721910774707794, -0.021773602813482285
0.23072831332683563, 0.17155401408672333, 0.004456062335520983
0.27023476362228394, 0.2510227859020233, 0.003933329600840807
0.21013334393501282, 0.5101112127304077, -0.008675986900925636
0.3694177269935608, 0.30994924902915955, -0.021633252501487732
0.5896066427230835, 0.34984439611434937, -0.007015394978225231
0.32965755462646484, 0.37034305930137634, -0.02209850400686264
0.41098013520240784, 0.23065102100372314, 0.005173057317733765
0.20861317217350006, 0.39279571175575256, -0.021690888330340385
0.356513112783432, 0.1586405634880066, 0.0067893387749791145
0.2507314682006836, 0.18859566748142242, -0.022492118179798126
0.8101392984390259, 0.9111731648445129, 0.003724870504811406
0.4890669286251068, 0.3695087432861328, 0.003924097865819931
0.7701206207275391, 0.6906166076660156, -0.007434399798512459
0.4714398682117462, 0.38787147402763367, -0.021488139405846596
0.627747654914856, 0.33042585849761963, -0.009002321399748325
0.8109481334686279, 0.7901689410209656, 0.0023253308609128
0.7688062191009521, 0.8098424673080444, 0.002870746422559023
0.3890824615955353, 0.4081111252307892, -0.021855799481272697
0.48932597041130066, 0.20980334281921387, 0.004007590003311634
0.3889971673488617, 0.4483151137828827, -0.008169109933078289
0.7895278930664062, 0.6903061866760254, 0.002643182408064604
0.21036797761917114, 0.4700601398944855, -0.008461693301796913
0.6697865128517151, 0.6500152945518494, -0.007189395371824503
0.48959314823150635, 0.3302801847457886, 0.003773328149691224
0.7299215197563171, 0.6482958197593689, 0.003669389756396413
0.30843567848205566, 0.43193140625953674, -0.021695954725146294
0.34989678859710693, 0.3702147901058197, -0.022455040365457535
0.6101446747779846, 0.3303450644016266, -0.0069383978843688965
0.4890021085739136, 0.150143563747406, -0.02190464735031128
0.7096617817878723, 0.7506934404373169, 0.0029590625781565905
0.4281761944293976, 0.2492082566022873, -0.021373482421040535
0.4499393105506897, 0.11426971107721329, 0.027488291263580322
0.7101525664329529, 0.7303586602210999, 0.0028821458108723164
0.4727664589881897, 0.11598281562328339, -0.00560317886993289
0.750393807888031, 0.8297026753425598, 0.003788277041167021
0.6702847480773926, 0.6899138689041138, 0.0028557435143738985
0.7690029144287109, 0.5913839340209961, -0.00795542448759079
0.8501946330070496, 0.8309671878814697, 0.0030772581230849028
0.7700722217559814, 0.9099173545837402, -0.007984806783497334
0.41359975934028625, 0.13571754097938538, 0.010560312308371067
0.33079129457473755, 0.22964107990264893, -0.023357488214969635
0.3873023986816406, 0.26905083656311035, -0.021829871460795403
0.38978222012519836, 0.350884348154068, 0.003915692679584026
0.5133293867111206, 0.36984655261039734, -0.021608024835586548
0.4085461497306824, 0.23009167611598969, -0.021521247923374176
0.40937650203704834, 0.269970178604126, -0.021576175466179848
0.4300718605518341, 0.14930914342403412, 0.004998309537768364
0.7700294256210327, 0.7501762509346008, -0.007020868360996246
0.3299562335014343, 0.3295004963874817, -0.022665146738290787
0.5499911904335022, 0.3298560380935669, 0.00427398132160306
0.39523783326148987, 0.1384199559688568, 0.011108322069048882
0.35080185532569885, 0.22785040736198425, -0.021516403183341026
0.3508393466472626, 0.38937222957611084, 0.003186397720128298
0.7901021242141724, 0.7899917364120483, -0.0071229711174964905
0.3699932098388672, 0.19040538370609283, 0.004111214075237513
0.5701923966407776, 0.2697146236896515, -0.007275223266333342
0.36654132604599, 0.17482072114944458, -0.021714825183153152
0.19050128757953644, 0.33418354392051697, -0.02382449060678482
0.4109634459018707, 0.3503384590148926, -0.022148532792925835
0.4919767677783966, 0.2297733873128891, -0.021518485620617867
0.3689584732055664, 0.22950482368469238, 0.0036084549501538277
0.7104390263557434, 0.7099349498748779, -0.006721504032611847
0.5102119445800781, 0.2693729102611542, 0.003948030527681112
0.21121256053447723, 0.27062559127807617, -0.022673603147268295
0.4696066677570343, 0.16990944743156433, -0.008019203320145607
0.21157677471637726, 0.2899059057235718, -0.022060099989175797
0.6691875457763672, 0.6085214018821716, 0.0038442679215222597
0.5296900272369385, 0.36996668577194214, 0.0030939667485654354
0.1699487715959549, 0.4106060564517975, -0.008871044963598251
0.7502976059913635, 0.8096981644630432, -0.0071889422833919525
0.4685920774936676, 0.37232667207717896, -0.021794063970446587
0.12998172640800476, 0.30999118089675903, -0.008966265246272087
0.2905087471008301, 0.2709384560585022, -0.023110799491405487
0.17005041241645813, 0.49004894495010376, -0.008831502869725227
0.2503073811531067, 0.41028696298599243, 0.003297863993793726
0.21180430054664612, 0.17089977860450745, -0.02143147587776184
0.7297931909561157, 0.7296637296676636, 0.0037378640845417976
0.2307552844285965, 0.3695366084575653, 0.004936261102557182
0.26886898279190063, 0.28796473145484924, 0.0029465602710843086
0.2888600826263428, 0.24723486602306366, -0.022275811061263084
0.34944453835487366, 0.4093445837497711, -0.02198881097137928
0.15032146871089935, 0.4700564444065094, -0.008962148800492287
0.7496376037597656, 0.7307013869285583, 0.0028380260337144136
0.8105718493461609, 0.7495286464691162, 0.0030873678624629974
0.809577465057373, 0.7294823527336121, 0.0032598443794995546
0.670353353023529, 0.610609233379364, -0.006182804238051176
0.5898246169090271, 0.3301588296890259, 0.0036980246659368277
0.17207172513008118, 0.49046388268470764, 0.0037639066576957703
0.7300560474395752, 0.670066237449646, -0.007059589959681034
0.3114228844642639, 0.4522257149219513, -0.022517915815114975
0.7906310558319092, 0.8899002075195312, 0.0022057245951145887
0.7897732853889465, 0.6702579259872437, -0.007144677918404341
0.43016868829727173, 0.27034297585487366, -0.007167365867644548
0.729790985584259, 0.6105164885520935, 0.003702288493514061
0.850669264793396, 0.8693457245826721, 0.0033691134303808212
0.3515387177467346, 0.19042734801769257, -0.022951822727918625
0.2489410638809204, 0.37069398164749146, -0.022555019706487656
0.4300282597541809, 0.3303496539592743, -0.007985759526491165
0.7093604803085327, 0.6293713450431824, 0.0034297576639801264
0.5506076812744141, 0.3376196026802063, -0.02080417424440384
0.7097216844558716, 0.6506243944168091, 0.0030289178248494864
0.10997959971427917, 0.4293668568134308, -0.02201838046312332
0.7311362624168396, 0.7497740387916565, 0.003143106820061803
0.309521347284317, 0.28671136498451233, -0.02376246266067028
0.20978453755378723, 0.4102485179901123, -0.008315639570355415
0.43092623353004456, 0.36982986330986023, -0.021631106734275818
0.432699978351593, 0.15045776963233948, -0.02236790396273136
0.3305486738681793, 0.31112995743751526, -0.02226305566728115
0.36832141876220703, 0.29126957058906555, -0.02097995951771736
0.11018892377614975, 0.5299345850944519, -0.0086608761921525
0.5899685025215149, 0.3317415118217468, -0.02223331667482853
0.3092016279697418, 0.22982794046401978, -0.022388353943824768
0.7494919896125793, 0.6301986575126648, -0.006239151582121849
0.1307123303413391, 0.31092408299446106, -0.021589703857898712
0.37389475107192993, 0.3280844986438751, -0.021406246349215508
0.8102620244026184, 0.7689872980117798, 0.003349773818627
0.7496519684791565, 0.7894966006278992, 0.004242215771228075
0.45125067234039307, 0.38958725333213806, -0.022551557049155235
0.18900203704833984, 0.38886111974716187, 0.003569788532331586
0.2698665261268616, 0.27270135283470154, -0.021641671657562256
0.2698824405670166, 0.37264585494995117, -0.022109225392341614
0.25032585859298706, 0.3109724223613739, 0.002765458542853594
0.6694480776786804, 0.5903876423835754, 0.004000415559858084
0.08920510858297348, 0.30760785937309265, 0.003983537200838327
0.749168872833252, 0.6699252128601074, -0.007010684348642826
0.5743368268013, 0.20799729228019714, -0.02599441073834896
0.7099930644035339, 0.6700549125671387, -0.00640397984534502
0.24830743670463562, 0.3279101550579071, -0.02201222814619541
0.46743297576904297, 0.10907918214797974, 0.027408240363001823
0.2107718139886856, 0.2516845762729645, 0.003364807227626443
0.22979864478111267, 0.4309944212436676, 0.0036927873734384775
0.18976335227489471, 0.47001197934150696, -0.008763537742197514
0.2488938421010971, 0.24915343523025513, -0.02307627908885479
0.11148630082607269, 0.29368260502815247, -0.022694919258356094
0.251566082239151, 0.2927027642726898, -0.02284190058708191
0.24976922571659088, 0.3899311423301697, 0.0032664919272065163
0.27012109756469727, 0.4509740173816681, 0.003747169626876712
0.1095796525478363, 0.3294247090816498, 0.0022124138195067644
0.5303292274475098, 0.3125002980232239, -0.020610261708498
0.18990424275398254, 0.4499558210372925, -0.008800213225185871
0.7899975776672363, 0.8495626449584961, -0.02053682692348957
0.7692795395851135, 0.8506475687026978, 0.0027226880192756653
0.7686784267425537, 0.6496509313583374, 0.0039267586544156075
0.03006378374993801, 0.39029115438461304, -0.009347566403448582
0.7492293119430542, 0.69016033411026, 0.003931066021323204
0.6704305410385132, 0.6900394558906555, -0.007478026207536459
0.5307008028030396, 0.19070149958133698, 0.0033990771044045687
0.749882161617279, 0.7699710726737976, -0.007024531718343496
0.15000559389591217, 0.41049644351005554, -0.008720562793314457
0.6890109181404114, 0.6305082440376282, 0.0034950028639286757
0.4283829629421234, 0.3896784782409668, -0.02205328829586506
0.6698740124702454, 0.669685423374176, -0.007120934780687094
0.7094662189483643, 0.6097695231437683, 0.0035534941125661135
0.7489715814590454, 0.7698839902877808, 0.0035191024653613567
0.1705664098262787, 0.2505441904067993, -0.02145778387784958
0.7690466642379761, 0.6319071650505066, 0.004215666558593512
0.7097956538200378, 0.5888367295265198, 0.003979013301432133
0.8728452324867249, 0.8499196171760559, -0.02107839845120907
0.508261501789093, 0.32913780212402344, -0.02208082191646099
0.11046477407217026, 0.4301190972328186, -0.008565410040318966
0.7497376799583435, 0.5702924728393555, -0.0065431976690888405
0.1878770887851715, 0.3274773359298706, 0.002489368664100766
0.21173922717571259, 0.3320273160934448, 0.0028577232733368874
0.1705077737569809, 0.2721138298511505, -0.022071003913879395
0.32845452427864075, 0.2879679203033447, -0.022998232394456863
0.5306738018989563, 0.3944970667362213, -0.026272863149642944
0.26575732231140137, 0.15296652913093567, -0.020487908273935318
0.42771419882774353, 0.18531548976898193, -0.021897856146097183
0.5284834504127502, 0.13098955154418945, -0.008433569222688675
0.0920843705534935, 0.43027085065841675, 0.0039494880475103855
0.8493001461029053, 0.9279913306236267, -0.01043352298438549
0.2302662432193756, 0.42886123061180115, -0.021902143955230713
0.3676959276199341, 0.39183956384658813, -0.022881323471665382
0.6899838447570801, 0.6500464677810669, -0.006985263898968697
0.428915411233902, 0.2889430522918701, -0.021685995161533356
0.7894558906555176, 0.7493412494659424, 0.002933942712843418
0.34858375787734985, 0.45242637395858765, -0.02176349051296711
0.27019670605659485, 0.3301317095756531, -0.02230268344283104
0.730044424533844, 0.8096061944961548, -0.007639954797923565
0.16863195598125458, 0.30939990282058716, -0.02190777100622654
0.709805965423584, 0.6697729229927063, 0.0031579493079334497
0.029917173087596893, 0.35001662373542786, -0.009052294306457043
0.3917476534843445, 0.39170366525650024, -0.021517330780625343
0.29006054997444153, 0.2912144064903259, -0.02382756769657135
0.4901745319366455, 0.2509062886238098, 0.0036956085823476315
0.8309561014175415, 0.810766339302063, 0.003371159778907895
0.39344897866249084, 0.45532000064849854, -0.025896895676851273
0.5498119592666626, 0.36943820118904114, 0.004573540296405554
0.1507960855960846, 0.45061740279197693, 0.002342246938496828
0.7896168828010559, 0.8294790983200073, 0.002582121640443802
0.26942867040634155, 0.17254838347434998, -0.021135816350579262
0.16916431486606598, 0.29197701811790466, -0.022898826748132706
0.35398033261299133, 0.15832407772541046, -0.0024904960300773382
0.33149436116218567, 0.2509308159351349, -0.02235032059252262
0.26952823996543884, 0.21284182369709015, -0.021047156304121017
0.25247323513031006, 0.20782776176929474, -0.02223927341401577
0.09069737046957016, 0.45275604724884033, -0.021599875763058662
0.5720833539962769, 0.30901607871055603, -0.022299574688076973
0.28975898027420044, 0.3894495964050293, -0.02168922685086727
0.3074834644794464, 0.19091325998306274, -0.02176596410572529
0.27035462856292725, 0.2942122220993042, -0.02347228117287159
0.7501022815704346, 0.651000440120697, 0.0035883605014532804
0.30929282307624817, 0.24981337785720825, -0.023456210270524025
0.3520127236843109, 0.20642982423305511, -0.022462699562311172
0.76993328332901, 0.6501954793930054, -0.00700313039124012
0.18986470997333527, 0.25012731552124023, -0.021840354427695274
0.17558076977729797, 0.21342287957668304, -0.005348047241568565
0.5097336769104004, 0.14885567128658295, -0.021933333948254585
0.2098318636417389, 0.49063777923583984, -0.008616996929049492
0.22846128046512604, 0.3064272701740265, 0.002243947936221957
0.6500316858291626, 0.6496587991714478, -0.007484765257686377
0.6908864378929138, 0.65003901720047, 0.0027224135119467974
0.3121688961982727, 0.3514118194580078, -0.02186688221991062
0.34889131784439087, 0.3895507752895355, -0.022133857011795044
0.42994073033332825, 0.27082163095474243, -0.02145521529018879
0.4886448085308075, 0.1893312633037567, -0.021348856389522552
0.3929925858974457, 0.33186668157577515, -0.02305019274353981
0.610869288444519, 0.2879765033721924, -0.02523883245885372
0.3103034496307373, 0.39071017503738403, 0.0038351090624928474
0.7296181917190552, 0.8306717872619629, 0.003281625686213374
0.691781759262085, 0.6496079564094543, -0.020869264379143715
0.7099183201789856, 0.5703960657119751, -0.00783480703830719
0.6899773478507996, 0.610059916973114, -0.0065465751104056835
0.7501263618469238, 0.6287096738815308, 0.003783509600907564
0.8088148236274719, 0.690609335899353, -0.007644503377377987
0.2705320119857788, 0.43041548132896423, -0.022581277415156364
0.7104794979095459, 0.5898181796073914, -0.00618342449888587
0.6118758320808411, 0.6115297675132751, -0.008989037945866585
0.2278224378824234, 0.2712685763835907, -0.02286992222070694
0.6563671827316284, 0.6345855593681335, -0.02180689200758934
0.46969321370124817, 0.26767343282699585, -0.02242802269756794
0.469327837228775, 0.18892019987106323, -0.0222484078258276
0.5457625985145569, 0.20936758816242218, -0.02202579379081726
0.6906055212020874, 0.6909060478210449, 0.003912010230123997
0.4904371500015259, 0.1654059886932373, -0.02245311625301838
0.8099194169044495, 0.8299650549888611, 0.0032750426325947046
0.48768576979637146, 0.3862057626247406, -0.021642960608005524
0.4670273959636688, 0.2888583540916443, -0.022321494296193123
0.7121543288230896, 0.5816890597343445, -0.02402953989803791
0.6896927356719971, 0.7302795648574829, 0.00271370611153543
0.6504407525062561, 0.5919813513755798, -0.008540213108062744
0.2920324206352234, 0.2914586067199707, 0.0029954779893159866
0.6896383166313171, 0.6696863770484924, -0.006887291558086872
0.7488576173782349, 0.7109612822532654, 0.00319770653732121
0.4521830081939697, 0.30997294187545776, -0.022143274545669556
0.15211991965770721, 0.4911998510360718, 0.00283160456456244
0.16961224377155304, 0.3491373658180237, -0.025838680565357208
0.11090207099914551, 0.5291540026664734, -0.02176983654499054
0.3106178343296051, 0.18896815180778503, 0.004094657488167286
0.7499898672103882, 0.8698632717132568, -0.0075126513838768005
0.507324755191803, 0.2712559103965759, -0.022185374051332474
0.5922197699546814, 0.290324330329895, -0.021801969036459923
0.7303414344787598, 0.6104990243911743, -0.007100984454154968
0.3690631687641144, 0.34999942779541016, -0.02220081351697445
0.4495365619659424, 0.21062645316123962, -0.023137958720326424
0.4502362012863159, 0.29027658700942993, -0.021665722131729126
0.17003881931304932, 0.43001651763916016, -0.008960860781371593
0.7496070265769958, 0.5898199081420898, 0.004199536517262459
0.37358930706977844, 0.2478996217250824, -0.0258374884724617
0.4114111661911011, 0.20941118896007538, -0.022505564615130424
0.2095898687839508, 0.2300470918416977, 0.003249756759032607
0.5558125376701355, 0.1856628954410553, -0.023207785561680794
0.38605308532714844, 0.15686216950416565, -0.022432107478380203
0.4693329632282257, 0.13048888742923737, -0.021373147144913673
0.39318975806236267, 0.29043519496917725, -0.022431964054703712
0.40997862815856934, 0.36879584193229675, -0.02252732217311859
0.5537935495376587, 0.35868096351623535, -0.020986095070838928
0.3259236216545105, 0.1922599971294403, -0.0220845565199852
0.17045563459396362, 0.5301963686943054, -0.008660938590765
0.7705527544021606, 0.7099523544311523, 0.0033618661109358072
0.17176005244255066, 0.35430485010147095, 0.0030512292869389057
0.6751471757888794, 0.6177279949188232, -0.021228395402431488
0.46938395500183105, 0.3288111388683319, -0.021753422915935516
0.5714510679244995, 0.33362364768981934, -0.02204155921936035
0.7102329730987549, 0.6303002238273621, -0.0066197579726576805
0.5349407196044922, 0.2708354890346527, -0.021939389407634735
0.7308331727981567, 0.6306599378585815, 0.003314338391646743
0.170048326253891, 0.5100424885749817, -0.008273242972791195
0.2911665439605713, 0.4713493585586548, -0.022579029202461243
0.2500354051589966, 0.46983474493026733, -0.008320724591612816
0.7682344317436218, 0.7906439304351807, 0.0028768766205757856
0.7303063273429871, 0.5903487801551819, 0.0038528069853782654
0.6703038215637207, 0.6299140453338623, -0.007102412171661854
0.4307278096675873, 0.23074087500572205, -0.02128434181213379
0.1698557436466217, 0.3917463421821594, -0.02214171178638935
0.45157936215400696, 0.2699798345565796, -0.022677429020404816
0.07051518559455872, 0.45128434896469116, 0.003655536100268364
0.27245432138442993, 0.5148572325706482, -0.02444896101951599
0.8537448644638062, 0.8475357890129089, -0.021548336371779442
0.7297678589820862, 0.6694610714912415, 0.003742329077795148
0.7492462396621704, 0.6095294952392578, 0.004205605480819941
0.13046330213546753, 0.3296438455581665, 0.002535289153456688
0.18994764983654022, 0.4097987115383148, 0.0025889554526656866
0.5060393810272217, 0.11505302041769028, -0.020361661911010742
0.3491773009300232, 0.30759501457214355, -0.021647978574037552
0.4094531536102295, 0.2491520494222641, 0.004466569516807795
0.29001539945602417, 0.22823113203048706, -0.022213421761989594
0.8481705784797668, 0.8328121304512024, -0.020470401272177696
0.030780917033553123, 0.38798075914382935, 0.0029816690366715193
0.7101981043815613, 0.6495587229728699, -0.006829255726188421
0.3515772223472595, 0.17280684411525726, -0.021246083080768585
0.2693796455860138, 0.2508853077888489, -0.022726384922862053
0.5083235502243042, 0.18546022474765778, -0.021022673696279526
0.7651334404945374, 0.8700371384620667, -0.020558543503284454
0.5309756994247437, 0.20553569495677948, -0.02240278758108616
0.8541826009750366, 0.8024462461471558, -0.02074584737420082
0.7907511591911316, 0.7099998593330383, 0.00329858367331326
0.8105520009994507, 0.8513163328170776, 0.003162860171869397
0.4294155240058899, 0.31222134828567505, -0.02160966582596302
0.7903611063957214, 0.7697842717170715, 0.00262254080735147
0.5125235319137573, 0.24953579902648926, -0.02125689387321472
0.14915131032466888, 0.30969929695129395, 0.003041568910703063
0.690341591835022, 0.7503389716148376, 0.0027422632556408644
0.546087384223938, 0.2518101930618286, -0.021333929151296616
0.4079074263572693, 0.1904950737953186, -0.02121930569410324
0.09048019349575043, 0.4702114164829254, -0.008499985560774803
0.3475953936576843, 0.35128888487815857, -0.02187960036098957
0.44446325302124023, 0.18911908566951752, -0.021657830104231834
0.15536923706531525, 0.2350728064775467, -0.005451872479170561
0.36669760942459106, 0.2681337594985962, -0.022259816527366638
0.2827206254005432, 0.1519865244626999, -0.02145298197865486
0.4500110149383545, 0.15324430167675018, -0.02194387838244438
0.4421987533569336, 0.13544850051403046, -0.02938562072813511
0.2123783528804779, 0.230341836810112, -0.021594122052192688
0.3920738101005554, 0.313872754573822, -0.021574655547738075
0.15049786865711212, 0.5503057241439819, -0.008609860204160213
0.20835204422473907, 0.3488568067550659, -0.02284935861825943
0.7696457505226135, 0.7701069116592407, 0.003235629992559552
0.6110422015190125, 0.32407262921333313, -0.020853228867053986
0.4871048629283905, 0.29077038168907166, -0.022376015782356262
0.4084666669368744, 0.28908395767211914, -0.023059211671352386
0.30940794944763184, 0.4699655771255493, 0.0035607642494142056
0.2122124433517456, 0.3732469975948334, -0.02253888174891472
0.5560922622680664, 0.37556490302085876, -0.02208208665251732
0.39285770058631897, 0.17457495629787445, -0.02149607241153717
0.8448467254638672, 0.8797260522842407, -0.025436654686927795
0.3334401249885559, 0.21039892733097076, -0.022878024727106094
0.411641001701355, 0.30828818678855896, -0.022932201623916626
0.6502612233161926, 0.6696314811706543, 0.0036361992824822664
0.23039036989212036, 0.16936013102531433, -0.02371838688850403
0.5111802816390991, 0.20783238112926483, -0.02212883159518242
0.7707886695861816, 0.9081790447235107, 0.002852285047993064
0.7712813019752502, 0.7879619002342224, -0.021041711792349815
0.2304570972919464, 0.3515636622905731, -0.021395498886704445
0.2281743288040161, 0.2899470925331116, -0.022462675347924232
0.8299578428268433, 0.909877598285675, 0.00341075100004673
0.6905100345611572, 0.6702600717544556, 0.003624147968366742
0.7713132500648499, 0.8691495656967163, 0.002014930360019207
0.7316376566886902, 0.7096297740936279, 0.002943057334050536
0.44686129689216614, 0.3491519093513489, -0.02278205007314682
0.3300679624080658, 0.46995195746421814, 0.0031243113335222006
0.711127519607544, 0.7698631286621094, 0.003498342353850603
0.3067125976085663, 0.211059108376503, -0.022005943581461906
0.16949984431266785, 0.36824479699134827, -0.023114996030926704
0.7300417423248291, 0.8482106328010559, 0.0028893831185996532
0.8132622838020325, 0.8204526901245117, -0.021253015846014023
0.38877737522125244, 0.43076685070991516, -0.022105451673269272
0.5524610280990601, 0.2693729102611542, -0.022021356970071793
0.10959261655807495, 0.4710429310798645, 0.0024384704884141684
0.7299866676330566, 0.8092498183250427, 0.004714720882475376
0.48715534806251526, 0.25487613677978516, -0.021414250135421753
0.2701874077320099, 0.47166332602500916, -0.02257458120584488
0.5481221675872803, 0.23733729124069214, -0.021180136129260063
0.3087270259857178, 0.33199068903923035, -0.022607896476984024
0.051742829382419586, 0.4488731026649475, -0.009439707733690739
0.6908227205276489, 0.6298621296882629, -0.006565730553120375
0.44779103994369507, 0.22522319853305817, -0.021054614335298538
0.589954674243927, 0.3079878091812134, -0.02125430293381214
0.23010721802711487, 0.22970570623874664, -0.02144244685769081
0.8280025124549866, 0.771919310092926, -0.022045833989977837
0.8495132923126221, 0.850637674331665, 0.0038065940607339144
0.6693609952926636, 0.6303033232688904, 0.0035701270680874586
0.12939855456352234, 0.3495296239852905, 0.0022259713150560856
0.7698686718940735, 0.8076227307319641, -0.021562272682785988
0.6669749617576599, 0.5857756733894348, -0.029630742967128754
0.4685419797897339, 0.25065577030181885, -0.021466175094246864
0.28734463453292847, 0.17457132041454315, -0.02118321694433689
0.10983271896839142, 0.31037765741348267, -0.008426861837506294
0.10891042649745941, 0.3117310404777527, -0.021790146827697754
0.19241909682750702, 0.26931771636009216, -0.022264383733272552
0.4704993963241577, 0.15173454582691193, -0.020777402445673943
0.3250496983528137, 0.17417868971824646, -0.022317858412861824
0.573617696762085, 0.376064270734787, -0.024809570983052254
0.7701093554496765, 0.828872799873352, 0.001920707756653428
0.7304419279098511, 0.8703893423080444, -0.007075581233948469
0.45100167393684387, 0.11513716727495193, 0.012922435067594051
0.15262608230113983, 0.5740064382553101, -0.025235215201973915
0.7501543760299683, 0.8884356617927551, 0.0018583722412586212
0.45379331707954407, 0.11664602160453796, -0.0071184043772518635
0.4885966181755066, 0.11927857995033264, -0.02153271622955799
0.5106357336044312, 0.3928842842578888, -0.02119634859263897
0.7500033974647522, 0.9097894430160522, -0.007574742194265127
0.5536165237426758, 0.16717837750911713, -0.025870034471154213
0.466871976852417, 0.16831733286380768, -0.021818479523062706
0.09342596679925919, 0.29675230383872986, -0.0056028286926448345
0.5259097814559937, 0.324847936630249, -0.023143425583839417
0.40890440344810486, 0.3888700604438782, -0.021443001925945282
0.07064137607812881, 0.4695005416870117, -0.00856008194386959
0.689217209815979, 0.5896784663200378, -0.007037957198917866
0.17767497897148132, 0.1929740160703659, -0.003376564010977745
0.2893005609512329, 0.18976140022277832, -0.021683452650904655
0.051088474690914154, 0.4128674566745758, 0.0029659888241440058
0.6896230578422546, 0.69012850522995, -0.0069298893213272095
0.6113156676292419, 0.6117460131645203, 0.003690721234306693
0.6519241333007812, 0.5924862623214722, 0.004166323225945234
0.4452601671218872, 0.3746906518936157, -0.02218305505812168
0.49058520793914795, 0.2100515514612198, -0.02152683399617672
0.46689823269844055, 0.30853527784347534, -0.021326905116438866
0.589136004447937, 0.36591073870658875, -0.009024425409734249
0.7496427893638611, 0.6700780987739563, 0.003653469728305936
0.09007307887077332, 0.35007742047309875, -0.009482497349381447
0.22726744413375854, 0.24890755116939545, -0.022012900561094284
0.574028491973877, 0.2335541993379593, -0.02191827818751335
0.14898835122585297, 0.34674233198165894, 0.0030063006561249495
0.6898831725120544, 0.7303148508071899, -0.0066797612234950066
0.8308372497558594, 0.8297582268714905, 0.0028669864404946566
0.6295210719108582, 0.6298161149024963, -0.006637136451900005
0.83802330493927, 0.9377341866493225, -0.02134733647108078
0.40545400977134705, 0.1573239117860794, -0.025809142738580704
0.7100368142127991, 0.7701327800750732, -0.007136587519198656
0.08847357332706451, 0.3700133264064789, 0.0028332676738500595
0.19012823700904846, 0.5303235054016113, -0.009026271291077137
0.5893758535385132, 0.34966662526130676, 0.003872291650623083
0.5339298844337463, 0.12597715854644775, -0.025293119251728058
0.7113127112388611, 0.8100576996803284, 0.003374474821612239
0.6905086040496826, 0.7496374249458313, -0.007303199730813503
0.3304351568222046, 0.4705893099308014, -0.021933594718575478
0.791099488735199, 0.909425675868988, 0.002838755026459694
0.2902106046676636, 0.40965449810028076, 0.003358858870342374
0.7310550808906555, 0.8897048234939575, -0.007875177077949047
0.49109116196632385, 0.3099724352359772, -0.021131576970219612
0.19088946282863617, 0.44980865716934204, 0.003233894007280469
0.6699877977371216, 0.6710842251777649, 0.003199924249202013
0.3913491666316986, 0.3488079309463501, -0.022081833332777023
0.13099801540374756, 0.5488912463188171, -0.02207505702972412
0.03197050839662552, 0.40764814615249634, -0.0115073686465621
0.6321624517440796, 0.32949334383010864, -0.028608964756131172
0.7884857058525085, 0.7892217040061951, 0.0026278411969542503
0.8309574127197266, 0.8500083684921265, 0.003971158526837826
0.10995566099882126, 0.33029091358184814, -0.00900027435272932
0.6313095092773438, 0.6703637838363647, 0.0040713208727538586
0.7482980489730835, 0.8501484990119934, 0.002566386479884386
0.7737374305725098, 0.8493058681488037, -0.020337942987680435
0.47023093700408936, 0.3542551100254059, -0.022296080365777016
0.21023134887218475, 0.4309508204460144, -0.02242579497396946
0.690887451171875, 0.8093705177307129, -0.008758203126490116
0.05086022987961769, 0.4308444857597351, 0.0025989229325205088
0.4892052710056305, 0.13294421136379242, -0.021175211295485497
0.7122319340705872, 0.7889211773872375, 0.0033727677073329687
0.7103788256645203, 0.8290911316871643, 0.0022923797369003296
0.590411365032196, 0.34840333461761475, -0.0226353220641613
0.8301214575767517, 0.8706212043762207, 0.003413499565795064
0.7810077667236328, 0.8100172281265259, -0.02206164225935936
0.3700486719608307, 0.4103207588195801, 0.00341375102289021
0.6703940629959106, 0.769439160823822, -0.007609079591929913
0.5709750652313232, 0.25363028049468994, -0.02278842031955719
0.09024354815483093, 0.490014910697937, -0.00850794930011034
0.7521167397499084, 0.9099204540252686, 0.0026989851612597704
0.7507085800170898, 0.889488697052002, -0.007959399372339249
0.17669077217578888, 0.23383304476737976, -0.02276739664375782
0.4909031093120575, 0.33028197288513184, -0.021226486191153526
0.33103179931640625, 0.4315910041332245, -0.021364975720643997
0.5061194896697998, 0.28969547152519226, -0.021284183487296104
0.7103754281997681, 0.8495505452156067, -0.007812083698809147
0.6496878862380981, 0.7092874050140381, 0.0031025027856230736
0.5500327944755554, 0.31136420369148254, -0.021525144577026367
0.6111149191856384, 0.6301658153533936, 0.0038262326270341873
0.21129901707172394, 0.19233325123786926, -0.021549390628933907
0.7285242080688477, 0.8918883800506592, 0.002347918227314949
0.16774672269821167, 0.5644190907478333, -0.012509413994848728
0.709660530090332, 0.6896899938583374, -0.007548871915787458
0.20990000665187836, 0.529498279094696, 0.002286186907440424
0.5708052515983582, 0.3683518171310425, 0.0031840139999985695
0.009515597485005856, 0.350247323513031, 0.003584051737561822
0.45403844118118286, 0.17053157091140747, -0.022280048578977585
0.687450110912323, 0.5834543108940125, -0.02886764146387577
0.7109543681144714, 0.8292785882949829, -0.00807193759828806
0.45020791888237, 0.24937880039215088, -0.02170851081609726
0.07230320572853088, 0.5089030265808105, -0.008934984914958477
0.7114735245704651, 0.8699784874916077, -0.007748630829155445
0.15030257403850555, 0.25477316975593567, -0.02203107252717018
0.2098902016878128, 0.5103651285171509, 0.002574143698439002
0.04996473342180252, 0.3896219730377197, -0.009815013036131859
0.07087711989879608, 0.48948556184768677, -0.008882070891559124
0.6305928826332092, 0.6488993763923645, 0.003686503740027547
0.7104442715644836, 0.850027322769165, 0.0034970869310200214
0.7301641702651978, 0.5708349943161011, 0.004365561064332724
0.6900469064712524, 0.5701124668121338, -0.02981353923678398
0.8086549043655396, 0.9478371143341064, -0.009623547084629536
0.5697742700576782, 0.35166022181510925, -0.02220446616411209
0.05077613517642021, 0.42965924739837646, -0.008807053789496422
0.6712671518325806, 0.7891328930854797, -0.008031181059777737
0.6716362833976746, 0.7694627642631531, 0.002571363467723131
0.06909883767366409, 0.38872864842414856, 0.0029926314018666744
0.6514934301376343, 0.7491880059242249, -0.008029671385884285
0.6490024328231812, 0.5897831320762634, -0.030005188658833504
0.6897225975990295, 0.789354681968689, 0.0024721301160752773
0.6495909690856934, 0.6295884847640991, 0.003733400022611022
0.05401425063610077, 0.31606554985046387, -0.0073240092024207115
0.6507488489151001, 0.7292640805244446, -0.008160688914358616
0.1294286549091339, 0.5721473693847656, -0.022947391495108604
0.6178153157234192, 0.35924482345581055, -0.042890116572380066
0.5719872117042542, 0.26757341623306274, -0.021018287166953087
0.08912084251642227, 0.5099562406539917, 0.0028193756006658077
0.21046143770217896, 0.43144935369491577, 0.0034511336125433445
0.37892216444015503, 0.2395325005054474, -0.04416777938604355
0.26926663517951965, 0.2299315482378006, 0.0030041118152439594
0.5479677319526672, 0.3866037130355835, -0.009129826910793781
0.6907334923744202, 0.8292320370674133, -0.00829718541353941
0.512091338634491, 0.3522433340549469, -0.022286279127001762
0.6705977916717529, 0.7487784028053284, 0.002897192956879735
0.5354494452476501, 0.16599231958389282, -0.021228864789009094
0.6899499893188477, 0.7692362070083618, 0.0036581202875822783
0.6448505520820618, 0.6032602787017822, -0.028086954727768898
0.5310131907463074, 0.14921915531158447, -0.021753180772066116
0.6685240864753723, 0.64947110414505, 0.003368196077644825
0.1302204579114914, 0.5499578714370728, -0.008135555312037468
0.6696548461914062, 0.7115033864974976, 0.0036920681595802307
0.7879571318626404, 0.9660755395889282, -0.012553330510854721
0.4320588707923889, 0.16625498235225677, -0.021508514881134033
0.40907570719718933, 0.1476987600326538, 0.02903989888727665
0.24945968389511108, 0.4119713306427002, -0.02270885370671749
0.8097106218338013, 0.7709465622901917, -0.0222482830286026
0.290149986743927, 0.209297314286232, 0.003109494922682643
0.6508182883262634, 0.7302458882331848, 0.002295129932463169
0.6701754927635193, 0.7884588837623596, 0.0029129849281162024
0.6902307271957397, 0.8091049790382385, 0.002664931584149599
0.4485611319541931, 0.3305399715900421, -0.021037612110376358
0.7091386318206787, 0.8671364188194275, 0.003547427011653781
0.7299938797950745, 0.8497375249862671, -0.008254402317106724
0.19415274262428284, 0.1924460381269455, -0.021738536655902863
0.5485211610794067, 0.2885877192020416, -0.02090788632631302
0.2724243402481079, 0.4514119029045105, -0.021558789536356926
0.7098379731178284, 0.7902317047119141, -0.007856512442231178
0.38306304812431335, 0.24723707139492035, -0.04441898316144943
0.7636311650276184, 0.8262329697608948, -0.020442815497517586
0.749427855014801, 0.8702334761619568, 0.0022711066994816065
0.7102729678153992, 0.8094773888587952, -0.008013385348021984
0.7908756732940674, 0.7912408709526062, -0.021452898159623146
0.34831514954566956, 0.43290096521377563, -0.022488616406917572
0.7112604379653931, 0.8888684511184692, -0.00820701289921999
0.6703076362609863, 0.7294629216194153, -0.0072679342702031136
0.3873543441295624, 0.4482528269290924, 0.0029414542950689793
0.689703643321991, 0.8278295993804932, 0.003112765261903405
0.22881799936294556, 0.41126635670661926, -0.022161563858389854
0.6267942190170288, 0.3482482135295868, -0.009962339885532856
0.8103083372116089, 0.8122622966766357, 0.002304852707311511
0.09154494106769562, 0.4906297028064728, -0.02182767353951931
0.3055180609226227, 0.17726561427116394, -0.020450957119464874
0.1342712789773941, 0.27346688508987427, -0.022808559238910675
0.13053272664546967, 0.4494253695011139, 0.0025793553795665503
0.650178074836731, 0.7507486343383789, 0.003595315618440509
0.7312209010124207, 0.9080255627632141, 0.0031460414174944162
0.6332966685295105, 0.35170671343803406, -0.028280537575483322
0.533859372138977, 0.24414309859275818, -0.02316359616816044
0.1522575318813324, 0.5110753178596497, 0.0038206360768526793
0.07059812545776367, 0.43024322390556335, 0.002606851514428854
0.150020569562912, 0.33021852374076843, -0.009187247604131699
0.033288076519966125, 0.4286414086818695, -0.009633520618081093
0.7302120327949524, 0.6892024874687195, 0.0030647674575448036
0.10993627458810806, 0.3100616931915283, 0.0035127438604831696
0.21126039326190948, 0.3101643919944763, 0.003214758588001132
0.5144826173782349, 0.17033594846725464, -0.021411217749118805
0.4255090057849884, 0.32925596833229065, -0.021434351801872253
0.7852506637573242, 0.7451909780502319, -0.020393621176481247
0.6303264498710632, 0.6295128464698792, 0.003499265294522047
0.6708759069442749, 0.7497742176055908, -0.007346268743276596
0.566838264465332, 0.3843384385108948, -0.011313244700431824
0.1301095336675644, 0.2897413969039917, 0.0036019552499055862
0.6698743104934692, 0.7294475436210632, 0.0028107163961976767
0.48061326146125793, 0.2721930146217346, -0.02173071727156639
0.8112131357192993, 0.8924852013587952, 0.002388929482549429
0.7293713688850403, 0.6299735903739929, -0.006640638690441847
0.01425112970173359, 0.40615618228912354, -0.012871409766376019
0.38562628626823425, 0.18971753120422363, -0.022962016984820366
0.075546033680439, 0.2991037964820862, -0.0027000794652849436
0.7094972133636475, 0.8896843791007996, 0.001713489298708737
0.06999178975820541, 0.44972604513168335, -0.008609493263065815
0.23057618737220764, 0.5099864602088928, 0.002706893254071474
0.11252813786268234, 0.5691126585006714, 0.0034498332533985376
0.09067124873399734, 0.3712989091873169, -0.023083802312612534
0.7304527759552002, 0.9094771146774292, -0.007314606104046106
0.5171680450439453, 0.31585177779197693, -0.020896153524518013
0.608127772808075, 0.34945961833000183, 0.0036587028298527002
0.6911413669586182, 0.7895994782447815, -0.0073013207875192165
0.1381259262561798, 0.25357645750045776, -0.005733565427362919
0.6906448602676392, 0.7692460417747498, -0.007734295912086964
0.86805659532547, 0.8888301253318787, 0.0022020922042429447
0.7290325164794922, 0.7843522429466248, -0.022052964195609093
0.29428035020828247, 0.2084074467420578, -0.021386096253991127
0.8290550112724304, 0.9473304152488708, -0.012524022720754147
0.050975192338228226, 0.32882505655288696, 0.004537672270089388
0.6725794076919556, 0.8088168501853943, -0.00918213278055191
0.37315312027931213, 0.251530259847641, -0.0425836406648159
0.7304325103759766, 0.9269629716873169, 0.00199259165674448
0.37258079648017883, 0.23326197266578674, -0.024679018184542656
0.8664888739585876, 0.8889573216438293, -0.021976688876748085
0.7407814860343933, 0.8032041192054749, -0.021039599552750587
0.6108085513114929, 0.6498515009880066, -0.007046584039926529
0.4296991229057312, 0.3484683930873871, -0.021374886855483055
0.6926743388175964, 0.8680150508880615, 0.0038096110802143812
0.4888310432434082, 0.35186076164245605, -0.022075064480304718
0.8719369173049927, 0.9343897104263306, -0.021060526371002197
0.19079874455928802, 0.29103684425354004, -0.023440442979335785
0.8199872970581055, 0.8671298623085022, -0.02075425535440445
0.13293884694576263, 0.29036787152290344, -0.021910343319177628
0.052751339972019196, 0.47047826647758484, 0.003621125826612115
0.5106594562530518, 0.22874705493450165, -0.022019455209374428
0.6492059826850891, 0.7704437971115112, 0.0022196804638952017
0.6070276498794556, 0.36415278911590576, -0.009343243204057217
0.011759698390960693, 0.3707750141620636, 0.0033787270076572895
0.16479313373565674, 0.3535499572753906, -0.04003342613577843
0.726804256439209, 0.8497483134269714, -0.025968337431550026
0.42796048521995544, 0.21371424198150635, -0.022301847115159035
0.6527379751205444, 0.7893614172935486, -0.008985135704278946
0.8026564717292786, 0.9153599143028259, -0.020395196974277496
0.7483875751495361, 0.9513303637504578, 0.0023824216332286596
0.8395045399665833, 0.912011444568634, -0.02009190246462822
0.869656503200531, 0.9274367094039917, -0.010996104218065739
0.0888076052069664, 0.3298107981681824, -0.02265423722565174
0.8127868175506592, 0.8862932920455933, -0.02087758108973503
0.6898418068885803, 0.8532028794288635, 0.004232419189065695
0.3682989478111267, 0.44886213541030884, -0.021910369396209717
0.45137345790863037, 0.21167519688606262, 0.0035846990067511797
0.7751341462135315, 0.5896251201629639, -0.028341738507151604
0.668661892414093, 0.809898853302002, 0.002444745507091284
0.17029398679733276, 0.4696238040924072, -0.0218892190605402
0.8490941524505615, 0.8891667723655701, 0.003193220589309931
0.1493760198354721, 0.38888946175575256, -0.021804846823215485
0.1383967101573944, 0.25578680634498596, -0.020710553973913193
0.34804800152778625, 0.4665355980396271, 0.0035712611861526966
0.7322156429290771, 0.8701825737953186, 0.0021141322795301676
0.7684283256530762, 0.9306285977363586, 0.002913331612944603
0.8339488506317139, 0.8076024651527405, -0.021846693009138107
0.6725618243217468, 0.8282455205917358, -0.009071976877748966
0.6288673877716064, 0.7296043634414673, 0.0038509631995111704
0.09145069122314453, 0.5293413996696472, -0.008839675225317478
0.2094520479440689, 0.3305424749851227, -0.02383287623524666
0.7103671431541443, 0.6103106737136841, -0.006347023881971836
0.6520254611968994, 0.7691673040390015, -0.007932759821414948
0.08991167694330215, 0.36970821022987366, -0.009598695673048496
0.7703830003738403, 0.929415762424469, -0.007803030777722597
0.5927876234054565, 0.6493808031082153, 0.0033237517345696688
0.8082044720649719, 0.7833570241928101, -0.020627055317163467
0.8108759522438049, 0.9317952394485474, 0.004212561994791031
0.7627206444740295, 0.7588295340538025, -0.02032235823571682
0.05191739276051521, 0.45025578141212463, 0.00271259224973619
0.109430693089962, 0.4474470317363739, 0.0031731491908431053
0.7907624840736389, 0.9285072684288025, 0.0025723448488861322
0.212186798453331, 0.3115602135658264, -0.022247927263379097
0.8937505483627319, 0.9130209684371948, -0.022490467876195908
0.6535056233406067, 0.7908080816268921, 0.0028121655341237783
0.5245329141616821, 0.1851770579814911, -0.02233269065618515
0.7128410339355469, 0.9279130697250366, -0.009012109600007534
0.18915344774723053, 0.548529326915741, -0.010005082935094833
0.8893871307373047, 0.9249222278594971, -0.012307942844927311
0.08975549042224884, 0.4500381350517273, -0.008086355403065681
0.8089151382446289, 0.9298362135887146, -0.007265865802764893
0.35028135776519775, 0.23080860078334808, 0.0033374892082065344
0.24731293320655823, 0.5250964164733887, -0.012511481530964375
0.8190439939498901, 0.8047736287117004, -0.020031899213790894
0.8660070300102234, 0.8755438327789307, -0.020202158018946648
0.15061618387699127, 0.29105690121650696, -0.022373899817466736
0.750474750995636, 0.9308720231056213, 0.0026652859523892403
0.5909382104873657, 0.25253283977508545, -0.027055151760578156
0.7099637985229492, 0.9079415798187256, 0.002714525442570448
0.742977499961853, 0.8249091506004333, -0.02131601795554161
0.6859542727470398, 0.7930448651313782, -0.026731738820672035
0.03600253909826279, 0.4662463665008545, -0.013265335932374
0.24858981370925903, 0.5087989568710327, 0.00255237752571702
0.8543582558631897, 0.9108443260192871, 7.168381125666201E-4
0.8677545785903931, 0.8123925924301147, -0.02642148733139038
0.627993643283844, 0.3653884828090668, -0.02975626103579998
0.1318335384130478, 0.35249361395835876, -0.023106787353754044
0.8897978663444519, 0.8894786238670349, -0.007629073690623045
0.7086540460586548, 0.6112571954727173, -0.020024757832288742
0.5470954775810242, 0.38651585578918457, 0.004370109178125858
0.19083662331104279, 0.3692885935306549, -0.02235347591340542
0.5302470922470093, 0.3917219936847687, 0.0027072150260210037
0.06880578398704529, 0.3296068608760834, 0.003401409601792693
0.7931415438652039, 0.9112489223480225, -0.02079690247774124
0.675778865814209, 0.865778386592865, -0.00769778061658144
0.21073013544082642, 0.28875911235809326, 0.0037989639677107334
0.7703031897544861, 0.890312910079956, 0.0015716917114332318
0.8088493943214417, 0.8690112829208374, 0.003175316611304879
0.8721777200698853, 0.9489145278930664, -0.027852876111865044
0.672514796257019, 0.8267316222190857, 0.0019286037422716618
0.5269378423690796, 0.404622346162796, -0.011014210991561413
0.6366474032402039, 0.7677013278007507, 0.00623055174946785
0.6907854676246643, 0.8885603547096252, 0.002132380846887827
0.07614539563655853, 0.5475391149520874, -0.011133241467177868
0.03509777411818504, 0.44779083132743835, -0.010734991170465946
0.447356253862381, 0.42516472935676575, -0.011325566098093987
0.6927729845046997, 0.9070388078689575, -0.008437016978859901
0.5836953520774841, 0.2730551064014435, 0.00532270222902298
0.15329305827617645, 0.2699737846851349, -0.02168998494744301
0.5137455463409424, 0.4022162854671478, 0.0023743007332086563
0.708774209022522, 0.7511862516403198, -0.020234812051057816
0.6737654209136963, 0.8654820322990417, 0.0063827927224338055
0.2705593407154083, 0.1913226693868637, -0.02181248739361763
0.8651003837585449, 0.9429612159729004, -0.016848934814333916
0.8626441359519958, 0.8305539488792419, -0.011256293393671513
0.8667827844619751, 0.8640669584274292, 3.460243751760572E-4
0.8716367483139038, 0.7988999485969543, -0.05167846009135246
0.3057937026023865, 0.5028235912322998, -0.009784280322492123
0.5416524410247803, 0.19534505903720856, 0.007364990189671516
0.5843241810798645, 0.368690550327301, 0.0025210599415004253
0.3690021336078644, 0.46206367015838623, 0.0032294443808496
0.837166965007782, 0.8274103999137878, -0.020916832610964775
