0.5497133731842041, 1.4899370670318604, -0.011442380025982857
0.5489609837532043, 1.4697130918502808, -0.011303416453301907
0.570612907409668, 1.5101375579833984, -0.011021818034350872
0.5301618576049805, 1.470655918121338, -0.011083650402724743
0.530401349067688, 1.4896107912063599, -0.010518505237996578
0.5285159349441528, 1.5094038248062134, -0.02156970463693142
0.5296232104301453, 1.5100427865982056, -0.011220555752515793
0.5100469589233398, 1.4898040294647217, -0.011643895879387856
0.5493647456169128, 1.5292658805847168, -0.0110546313226223
0.5696703791618347, 1.5502269268035889, -0.010331151075661182
0.5505427718162537, 1.54974365234375, -0.010223377496004105
0.48971861600875854, 1.4705010652542114, -0.011191419325768948
0.4900764524936676, 1.4901528358459473, -0.010680305771529675
0.5105147361755371, 1.5307986736297607, -0.011356260627508163
0.4695338010787964, 1.5104633569717407, -0.010766853578388691
0.490433931350708, 1.5093584060668945, -0.01135001890361309
0.5499727725982666, 1.5697945356369019, -0.010822637006640434
0.5711976289749146, 1.5696429014205933, -0.011361467652022839
0.5895045399665833, 1.5690724849700928, -0.010980726219713688
0.5489727258682251, 1.5902378559112549, -0.011453322134912014
0.5687705874443054, 1.5895130634307861, -0.010746379382908344
0.5294438600540161, 1.5898833274841309, -0.01015518605709076
0.5101724863052368, 1.569947600364685, -0.011296520940959454
0.4894687533378601, 1.4903364181518555, -0.022382183000445366
0.5506263375282288, 1.609787940979004, -0.010602099820971489
0.5697352290153503, 1.6091076135635376, -0.010383852757513523
0.588376522064209, 1.608667254447937, -0.010545832104980946
0.6086071729660034, 1.6101696491241455, -0.012563034892082214
0.5918692946434021, 1.6304208040237427, -0.012104553170502186
0.550266444683075, 1.6306134462356567, -0.011642138473689556
0.5712505578994751, 1.6299405097961426, -0.010736323893070221
0.5288692116737366, 1.629462718963623, -0.01053363922983408
0.548941433429718, 1.6497291326522827, -0.01172860711812973
0.5893758535385132, 1.6500858068466187, -0.011808352544903755
0.6106999516487122, 1.649983286857605, -0.012668282724916935
0.6315550208091736, 1.6499053239822388, -0.011872547678649426
0.5888960957527161, 1.6704386472702026, -0.01166627649217844
0.6085218787193298, 1.6709538698196411, -0.01195718627423048
0.6278200745582581, 1.6700050830841064, -0.012778112664818764
0.5495331287384033, 1.6695256233215332, -0.011417267844080925
0.5521719455718994, 1.6900722980499268, -0.01282584760338068
0.6114067435264587, 1.6902878284454346, -0.021978629752993584
0.6103608012199402, 1.690856695175171, -0.01233722735196352
0.5907799601554871, 1.6911242008209229, -0.012391313910484314
0.6301788687705994, 1.6892503499984741, -0.012213950976729393
0.5918607115745544, 1.709531545639038, -0.011736137792468071
0.5712409615516663, 1.7078745365142822, -0.02175804413855076
0.6276639103889465, 1.7292999029159546, -0.011224293150007725
0.6083742380142212, 1.7287622690200806, -0.010929069481790066
0.6482829451560974, 1.7301101684570312, -0.012071430683135986
0.6117697358131409, 1.7092535495758057, -0.011245500296354294
0.5295510292053223, 1.5300904512405396, -0.01041393168270588
0.569796085357666, 1.5302475690841675, -0.010649050585925579
0.568810224533081, 1.6701587438583374, -0.012038073502480984
0.587810754776001, 1.7295734882354736, -0.010786209255456924
0.5096960067749023, 1.4508857727050781, -0.010502517223358154
0.5294337272644043, 1.5691611766815186, -0.010670486837625504
0.46993428468704224, 1.5310403108596802, -0.011152317747473717
0.5104807019233704, 1.470188021659851, -0.010940151289105415
0.5714414119720459, 1.690307378768921, -0.01161806471645832
0.4902220070362091, 1.4297568798065186, -0.009894786402583122
0.5104303956031799, 1.509832501411438, -0.022697454318404198
0.6081442832946777, 1.6488990783691406, -0.0220340546220541
0.6121759414672852, 1.6318563222885132, -0.02210896648466587
0.631510317325592, 1.709771990776062, -0.01116636861115694
0.591712236404419, 1.6910494565963745, -0.021743368357419968
0.6502035856246948, 1.731318473815918, -0.023194100707769394
0.5507091283798218, 1.5103225708007812, -0.011373214423656464
0.631982147693634, 1.646667242050171, -0.02275000885128975
0.5277240872383118, 1.4895045757293701, -0.02205856703221798
0.4905032217502594, 1.5701693296432495, -0.011454819701611996
0.6502326726913452, 1.689555287361145, -0.011650736443698406
0.627210795879364, 1.6680233478546143, -0.022708145901560783
0.5910882949829102, 1.5721571445465088, -0.02369396574795246
0.5292512774467468, 1.5279268026351929, -0.022389596328139305
0.5693198442459106, 1.592193365097046, -0.02205987647175789
0.5111045241355896, 1.5295802354812622, -0.021604347974061966
0.5674768686294556, 1.5298731327056885, -0.022672515362501144
0.508385956287384, 1.4282197952270508, -0.02154119312763214
0.4894630014896393, 1.5493147373199463, -0.010626557283103466
0.5308183431625366, 1.5499190092086792, -0.011324228718876839
0.5893504023551941, 1.7093775272369385, -0.02144031412899494
0.4902626872062683, 1.5298491716384888, -0.011344347149133682
0.4703027904033661, 1.4911001920700073, -0.022540532052516937
0.5688052177429199, 1.648979902267456, -0.011593873612582684
0.528071403503418, 1.568089485168457, -0.02231842465698719
0.6293129920959473, 1.7479554414749146, -0.012299527414143085
0.511588990688324, 1.6093021631240845, -0.010877985507249832
0.5483285784721375, 1.6501489877700806, -0.022841298952698708
0.47000521421432495, 1.4902678728103638, -0.011807814240455627
0.5709471106529236, 1.7109524011611938, -0.011962566524744034
0.46876654028892517, 1.4703760147094727, -0.02239047922194004
0.5932525992393494, 1.6293843984603882, -0.023418646305799484
0.5100436210632324, 1.5096827745437622, -0.011572074145078659
0.5108552575111389, 1.5535374879837036, -0.02195649966597557
0.6105358004570007, 1.6286779642105103, -0.011407896876335144
0.6301025748252869, 1.6290562152862549, -0.011936240829527378
0.5311604142189026, 1.610490083694458, -0.010469641536474228
0.5915533900260925, 1.7508479356765747, -0.02185111492872238
0.4699419438838959, 1.4498798847198486, -0.00984905008226633
0.5110292434692383, 1.590052604675293, -0.011196729727089405
0.5739507675170898, 1.5493289232254028, -0.02305559068918228
0.5553324818611145, 1.6070178747177124, -0.021559933200478554
0.5863142609596252, 1.668228030204773, -0.022179607301950455
0.5876631140708923, 1.6507887840270996, -0.022537626326084137
0.6055945158004761, 1.6692371368408203, -0.02247203327715397
0.5704314112663269, 1.6925129890441895, -0.022686844691634178
0.5315293669700623, 1.5509644746780396, -0.02231462113559246
0.5723199248313904, 1.6314646005630493, -0.022715196013450623
0.5494313836097717, 1.509504795074463, -0.021737834438681602
0.6291719079017639, 1.7271658182144165, -0.02190759964287281
0.5316332578659058, 1.4702361822128296, -0.022769145667552948
0.5115224123001099, 1.470960021018982, -0.022885022684931755
0.5681500434875488, 1.5687286853790283, -0.021304622292518616
0.4881448745727539, 1.5109851360321045, -0.023524656891822815
0.5500224232673645, 1.631341814994812, -0.02406109683215618
0.5302640795707703, 1.6116738319396973, -0.022113170474767685
0.5484234690666199, 1.6690194606781006, -0.022635567933321
0.51088947057724, 1.4873785972595215, -0.022992081940174103
0.5888506770133972, 1.750747561454773, -0.01267564482986927
0.4910408854484558, 1.5907686948776245, -0.011669110506772995
0.6093136668205261, 1.749903678894043, -0.012014606967568398
0.552666962146759, 1.4934312105178833, -0.021655447781085968
0.4498005509376526, 1.5100091695785522, -0.012028723955154419
0.6061468720436096, 1.731511116027832, -0.02220107801258564
0.47001099586486816, 1.470078945159912, -0.011007233522832394
0.44831886887550354, 1.4696874618530273, -0.022206077352166176
0.4702269732952118, 1.5502620935440063, -0.01141362264752388
0.5624738931655884, 1.6532617807388306, -0.022031189873814583
0.5299994349479675, 1.6699298620224, -0.01221885159611702
0.5504190325737, 1.7100980281829834, -0.012206979095935822
0.4916141629219055, 1.5678032636642456, -0.021123133599758148
0.526576042175293, 1.4298162460327148, -0.02278606779873371
0.6368452310562134, 1.704208254814148, -0.023333758115768433
0.5697232484817505, 1.6691508293151855, -0.02175481989979744
0.48951902985572815, 1.5508613586425781, -0.020968087017536163
0.5094849467277527, 1.6300541162490845, -0.011280316859483719
0.4891275465488434, 1.5277798175811768, -0.02224341593682766
0.5542452931404114, 1.5715222358703613, -0.020953204482793808
0.5517710447311401, 1.688737154006958, -0.02199356071650982
0.45018669962882996, 1.529829978942871, -0.011414986103773117
0.586092472076416, 1.7326902151107788, -0.022657547146081924
0.5902484059333801, 1.6087584495544434, -0.022518109530210495
0.5463234186172485, 1.5878825187683105, -0.02236327715218067
0.5689451098442078, 1.730630874633789, -0.012196007184684277
0.49011358618736267, 1.6107207536697388, -0.011131517589092255
0.5106525421142578, 1.6275272369384766, -0.021609023213386536
0.564731240272522, 1.7273463010787964, -0.02367042563855648
0.5306107997894287, 1.6524728536605835, -0.02312595769762993
0.4712808132171631, 1.569640040397644, -0.011212793178856373
0.5521395206451416, 1.5300424098968506, -0.022147005423903465
0.529209554195404, 1.6507208347320557, -0.011927271261811256
0.4521833062171936, 1.5301268100738525, -0.02308104932308197
0.5478381514549255, 1.7097059488296509, -0.022118043154478073
0.5118527412414551, 1.5906902551651, -0.02217644453048706
0.5663179159164429, 1.6121611595153809, -0.023510247468948364
0.6467036008834839, 1.711023211479187, -0.022492196410894394
0.6299773454666138, 1.6909027099609375, -0.022195186465978622
0.6127846240997314, 1.7724164724349976, -0.023423941805958748
0.5294414758682251, 1.6289740800857544, -0.022888286039233208
0.5307152271270752, 1.5883351564407349, -0.021111086010932922
0.570069432258606, 1.7488160133361816, -0.011675363406538963
0.6137858629226685, 1.7129768133163452, -0.023653071373701096
0.4936343729496002, 1.45185124874115, -0.02293509617447853
0.5505329966545105, 1.7495676279067993, -0.012502217665314674
0.46907109022140503, 1.5916550159454346, -0.021373961120843887
0.5299850106239319, 1.6699626445770264, -0.02261541411280632
0.5075432062149048, 1.5708627700805664, -0.02197134867310524
0.45035117864608765, 1.5499002933502197, -0.011743079870939255
0.5537829995155334, 1.7273460626602173, -0.0227602981030941
0.5323578715324402, 1.690082311630249, -0.011728966608643532
0.5114492177963257, 1.669404149055481, -0.012363851070404053
0.6493136882781982, 1.6903104782104492, -0.023072892799973488
0.4294362962245941, 1.5095634460449219, -0.011461799964308739
0.5706506967544556, 1.790229320526123, -0.023019200190901756
0.5477713346481323, 1.5513925552368164, -0.022203335538506508
0.528607964515686, 1.710015892982483, -0.011700733564794064
0.6345124244689941, 1.769587516784668, -0.02522643283009529
0.48925191164016724, 1.6305431127548218, -0.010936232283711433
0.5093355774879456, 1.5501470565795898, -0.010205438360571861
0.5490683317184448, 1.7474485635757446, -0.02309284172952175
0.4317357838153839, 1.5074282884597778, -0.021873582154512405
0.4514283835887909, 1.5699563026428223, -0.011486636474728584
0.49191784858703613, 1.6517952680587769, -0.021970627829432487
0.48693111538887024, 1.6084370613098145, -0.02211294136941433
0.4514182209968567, 1.5691126585006714, -0.022125214338302612
0.4906531572341919, 1.650966763496399, -0.011726525612175465
0.429987370967865, 1.4909842014312744, -0.0224759578704834
0.4715651571750641, 1.5491759777069092, -0.023403329774737358
0.5525766611099243, 1.770492672920227, -0.012259448878467083
0.42989829182624817, 1.4902424812316895, -0.012025002390146255
0.4700998067855835, 1.5119311809539795, -0.023547422140836716
0.4325149357318878, 1.5494763851165771, -0.02314789779484272
0.49139222502708435, 1.6721729040145874, -0.01328750979155302
0.5285413861274719, 1.6915898323059082, -0.023353327065706253
0.4893542528152466, 1.5903449058532715, -0.024509239941835403
0.568074643611908, 1.7478406429290771, -0.025738589465618134
0.42861706018447876, 1.5319980382919312, -0.024098925292491913
0.5488952398300171, 1.7295883893966675, -0.011239327490329742
0.5509090423583984, 1.7897615432739258, -0.02228706143796444
0.4675464928150177, 1.4296766519546509, -0.02292649820446968
0.430726557970047, 1.5488927364349365, -0.011312638409435749
0.4301323890686035, 1.5688194036483765, -0.012667828239500523
0.4698200523853302, 1.5893967151641846, -0.01188275869935751
0.510285496711731, 1.6500204801559448, -0.01148168370127678
0.44972094893455505, 1.5910969972610474, -0.011972514912486076
0.5930192470550537, 1.7719460725784302, -0.022746097296476364
0.446712851524353, 1.508792519569397, -0.023014605045318604
0.4431033730506897, 1.589681625366211, -0.02310505509376526
0.5300215482711792, 1.7487812042236328, -0.012943294830620289
0.4707673490047455, 1.531193733215332, -0.023031363263726234
0.48784559965133667, 1.624908447265625, -0.023046128451824188
0.48934206366539, 1.6899497509002686, -0.011802799999713898
0.4712333083152771, 1.6491212844848633, -0.012325689196586609
0.6698439121246338, 1.7519668340682983, -0.0246413666754961
0.45277413725852966, 1.630029559135437, -0.010710284113883972
0.4101400673389435, 1.5493308305740356, -0.012565182521939278
0.5117828249931335, 1.691054344177246, -0.0227068904787302
0.4680417776107788, 1.6090977191925049, -0.01045252662152052
0.40924692153930664, 1.5291541814804077, -0.012394125573337078
0.5060623288154602, 1.6487849950790405, -0.02426961064338684
0.48757004737854004, 1.7097867727279663, -0.023423779755830765
0.4299655556678772, 1.589255452156067, -0.012051218189299107
0.5297006964683533, 1.7306541204452515, -0.011809013783931732
0.38939374685287476, 1.4648587703704834, -0.02438485063612461
0.3892904818058014, 1.5104509592056274, -0.012453695759177208
0.4508126974105835, 1.6103805303573608, -0.010509745217859745
0.5905513167381287, 1.5892850160598755, -0.011275830678641796
0.488355815410614, 1.728652000427246, -0.021983124315738678
0.4315531551837921, 1.60919189453125, -0.011457723565399647
0.4309154450893402, 1.5304782390594482, -0.011218457482755184
0.4671401083469391, 1.4462988376617432, -0.02234128676354885
0.41019120812416077, 1.5698758363723755, -0.01330331340432167
0.42926543951034546, 1.4686248302459717, -0.02381354570388794
0.3933562636375427, 1.530036211013794, -0.022305438295006752
0.532137393951416, 1.7671078443527222, -0.023924976587295532
0.40898022055625916, 1.48969566822052, -0.022726301103830338
0.45071542263031006, 1.4905515909194946, -0.01132222730666399
0.42835232615470886, 1.5719894170761108, -0.022019479423761368
0.4100187122821808, 1.5538769960403442, -0.02222437411546707
0.5720171928405762, 1.7694263458251953, -0.012816016562283039
0.48852863907814026, 1.687654733657837, -0.022767186164855957
0.4708508551120758, 1.6740487813949585, -0.02313859574496746
0.4297311305999756, 1.469663143157959, -0.01118744071573019
0.4704008400440216, 1.6298717260360718, -0.010459786280989647
0.48760542273521423, 1.7304480075836182, -0.011573940515518188
0.4101022183895111, 1.470751404762268, -0.02291765622794628
0.4730282425880432, 1.6688059568405151, -0.012801522389054298
0.4694400131702423, 1.6320762634277344, -0.02263447269797325
0.49198880791664124, 1.7482705116271973, -0.022785812616348267
0.41182222962379456, 1.569023847579956, -0.02156660333275795
0.4288061857223511, 1.5880213975906372, -0.023098336532711983
0.46539536118507385, 1.6924548149108887, -0.02321855165064335
0.5121607780456543, 1.7524603605270386, -0.02243468165397644
0.5031548738479614, 1.7085028886795044, -0.02233147621154785
0.5890203714370728, 1.589455008506775, -0.02289137803018093
0.4106543958187103, 1.5883718729019165, -0.013050539419054985
0.5459727048873901, 1.8098713159561157, -0.024499697610735893
0.39074140787124634, 1.492788314819336, -0.022411908954381943
0.5078127980232239, 1.6096683740615845, -0.02268204279243946
0.4906778335571289, 1.7513359785079956, -0.013391368091106415
0.5315755605697632, 1.4519813060760498, -0.023359201848506927
0.5094842314720154, 1.7099590301513672, -0.012649019248783588
0.5330014228820801, 1.7697097063064575, -0.012616553343832493
0.43026503920555115, 1.6113433837890625, -0.02131497673690319
0.36806225776672363, 1.469565510749817, -0.025884665548801422
0.4297025203704834, 1.4496842622756958, -0.010988888330757618
0.41244933009147644, 1.6086808443069458, -0.01242265198379755
0.4509486258029938, 1.652903437614441, -0.02392316423356533
0.5119122862815857, 1.7508174180984497, -0.011348181404173374
0.3899630308151245, 1.5487077236175537, -0.012508781626820564
0.5521170496940613, 1.770391583442688, -0.023529350757598877
0.46756085753440857, 1.708093523979187, -0.010951120406389236
0.5094811320304871, 1.409796953201294, -0.023751508444547653
0.4557690918445587, 1.668550968170166, -0.01330786757171154
0.5249621272087097, 1.790376901626587, -0.02500813640654087
0.3906148076057434, 1.5668843984603882, -0.011736532673239708
0.36978933215141296, 1.5083094835281372, -0.011717384681105614
0.41022568941116333, 1.4497923851013184, -0.010490170679986477
0.5147761106491089, 1.7901145219802856, -0.011828831396996975
0.4120018482208252, 1.5292803049087524, -0.023525981232523918
0.5083759427070618, 1.731001377105713, -0.023594750091433525
0.4930824935436249, 1.77168607711792, -0.013132604770362377
0.37099289894104004, 1.5278502702713013, -0.014675652608275414
0.43642860651016235, 1.6672133207321167, -0.013990510255098343
0.44486677646636963, 1.4496996402740479, -0.02315892092883587
0.4109095335006714, 1.509711503982544, -0.011580976657569408
0.46933287382125854, 1.690434455871582, -0.012225991114974022
0.6513755321502686, 1.709000587463379, -0.01084632333368063
0.4703265130519867, 1.4302986860275269, -0.010476821102201939
0.5707930326461792, 1.7719489336013794, -0.025030529126524925
0.5099279284477234, 1.3906391859054565, -0.011622932739555836
0.46934351325035095, 1.7321914434432983, -0.02653282880783081
0.3700985312461853, 1.468466877937317, -0.010656510479748249
0.6121796369552612, 1.7705388069152832, -0.01630844548344612
0.64564049243927, 1.746679425239563, -0.013529573567211628
0.4078022241592407, 1.4471849203109741, 0.0014620862202718854
0.46786656975746155, 1.7456289529800415, -0.01580076850950718
0.450553834438324, 1.6888675689697266, -0.02281930111348629
0.6507846117019653, 1.7508397102355957, -0.022672927007079124
0.6275715231895447, 1.749746561050415, -0.022143706679344177
0.39083316922187805, 1.5693315267562866, -0.022105220705270767
0.4491031765937805, 1.5486655235290527, 0.0022128361742943525
0.4952363073825836, 1.7889103889465332, -0.01208174042403698
0.4142400622367859, 1.6348752975463867, -0.021843530237674713
0.5148635506629944, 1.7706674337387085, -0.012746552936732769
0.35086145997047424, 1.4864184856414795, -0.012539353221654892
0.3903099000453949, 1.4901257753372192, -0.011985644698143005
0.46458718180656433, 1.7268104553222656, -0.012221301905810833
0.4132131040096283, 1.4172362089157104, -0.010903995484113693
0.43458619713783264, 1.656975269317627, -0.0201079361140728
0.5312252044677734, 1.7305054664611816, -0.026549672707915306
0.4113830029964447, 1.6251349449157715, -0.011987263336777687
0.3531138300895691, 1.5091594457626343, -0.02477944642305374
0.6074079275131226, 1.74815833568573, -0.02300947904586792
0.4381929039955139, 1.6891694068908691, -0.014127816073596478
0.40988385677337646, 1.6107418537139893, -0.02269234135746956
0.590585470199585, 1.7690290212631226, -0.012089425697922707
0.5938433408737183, 1.7908697128295898, -0.024960868060588837
0.39081913232803345, 1.5949633121490479, -0.017227523028850555
0.3921276330947876, 1.5497761964797974, -0.023684628307819366
0.4339659810066223, 1.4463086128234863, 9.709412115626037E-4
0.45950138568878174, 1.617808222770691, 2.748164988588542E-4
0.5285151600837708, 1.5565623044967651, 0.006091415416449308
0.3908364772796631, 1.508727788925171, -0.025280466303229332
0.6768626570701599, 1.7736014127731323, -0.0431666374206543
0.5038294792175293, 1.4695132970809937, 0.0015126520302146673
0.3961910903453827, 1.4339444637298584, 0.003009271342307329
0.5031057000160217, 1.5889490842819214, 0.006370768882334232
0.528708279132843, 1.8144816160202026, -0.026607615873217583
0.5229485630989075, 1.669465184211731, 9.846454486250877E-4
0.5150440335273743, 1.798298954963684, -0.023018853738904
0.351644366979599, 1.467631459236145, -0.009929950349032879
0.38995710015296936, 1.529425859451294, -0.012018861249089241
0.49910321831703186, 1.5082670450210571, 4.40326111856848E-4
