0.7735994458198547, 2.5478920936584473, -0.0281908567994833
0.7833554744720459, 2.5551764965057373, -0.0514104999601841
0.7728240489959717, 2.5277678966522217, -0.05056352540850639
0.7742347121238708, 2.5301434993743896, -0.07502084970474243
0.7835067510604858, 2.5732028484344482, -0.04662083834409714
0.7826507091522217, 2.577627658843994, -0.017632072791457176
0.7687023282051086, 2.5388236045837402, -0.021950099617242813
0.7866692543029785, 2.574760913848877, -0.030751360580325127
0.7845167517662048, 2.592829942703247, -0.02573452703654766
0.812885582447052, 2.5678210258483887, -0.025774851441383362
0.807399570941925, 2.5316460132598877, -0.011852715164422989
0.7643617987632751, 2.5076279640197754, -0.011458181776106358
0.7776745557785034, 2.572162389755249, -0.02732859179377556
0.7779950499534607, 2.5743565559387207, -0.07508590817451477
0.7725508809089661, 2.5511088371276855, -0.014058690518140793
0.7752241492271423, 2.5436463356018066, -0.05032481253147125
0.8096052408218384, 2.5505645275115967, -0.011922252364456654
0.7674275636672974, 2.5270581245422363, -0.013247871771454811
0.8128125071525574, 2.569286584854126, -0.01315291877835989
0.7587239146232605, 2.509143829345703, -0.018215158954262733
0.7812869548797607, 2.5548112392425537, -0.017680881544947624
0.8034569621086121, 2.5328927040100098, -0.02537921443581581
0.7650707960128784, 2.5087718963623047, -0.0279325433075428
0.7681134343147278, 2.505974769592285, -0.06674574315547943
0.7776001691818237, 2.574002504348755, -0.08939407020807266
0.8179436922073364, 2.5928049087524414, -0.029167909175157547
0.7552783489227295, 2.4858314990997314, -0.06895408779382706
0.7646294236183167, 2.492103338241577, -0.048134446144104004
0.7947191596031189, 2.4847252368927, -0.05070020258426666
0.7635831236839294, 2.4930145740509033, -0.07294266670942307
0.7570323348045349, 2.4887983798980713, -0.029777556657791138
0.770901620388031, 2.5092203617095947, -0.09069041162729263
0.7573745846748352, 2.4854071140289307, -0.05034452676773071
0.7631655335426331, 2.4883718490600586, -0.028245434165000916
0.792198896408081, 2.485069751739502, -0.02576404996216297
0.7628411650657654, 2.4927003383636475, -0.09002023935317993
0.7444918155670166, 2.574069023132324, -0.08538959920406342
0.7925556302070618, 2.6124167442321777, -0.024166636168956757
0.8162891864776611, 2.5865135192871094, -0.013424722477793694
0.8236920833587646, 2.5944466590881348, -0.06231459975242615
0.7937746047973633, 2.489509105682373, -0.01321261003613472
0.757965624332428, 2.487128734588623, -0.014216004870831966
0.8035463094711304, 2.511235237121582, -0.012803096324205399
0.7648682594299316, 2.4931952953338623, -0.011419921182096004
0.8288769125938416, 2.613309621810913, -0.04492205008864403
0.7989174127578735, 2.6220004558563232, -0.04334469884634018
0.8254531621932983, 2.6128692626953125, -0.029040034860372543
0.755760669708252, 2.4767916202545166, -0.012999137863516808
0.7890410423278809, 2.4710421562194824, -0.029357019811868668
0.7880078554153442, 2.4725210666656494, -0.01581696979701519
0.7528353929519653, 2.47749662399292, -0.02829999476671219
0.7904614210128784, 2.5854997634887695, -0.112887904047966
0.8257990479469299, 2.58853816986084, -0.044678714126348495
0.7881157994270325, 2.474270820617676, -0.04949808120727539
0.7537768483161926, 2.4770312309265137, -0.04777966067194939
0.7518293857574463, 2.4732959270477295, -0.0679328665137291
0.7939450144767761, 2.5485708713531494, -0.12665797770023346
0.778741180896759, 2.540839672088623, -0.1285671591758728
0.796644926071167, 2.6090736389160156, -0.10545377433300018
0.8311663866043091, 2.6267685890197754, -0.02541482262313366
0.8314100503921509, 2.6333441734313965, -0.04393572732806206
0.8322779536247253, 2.629253625869751, -0.013270488008856773
0.7717559337615967, 2.532834053039551, -0.13042020797729492
0.8330305218696594, 2.643132448196411, -0.061615876853466034
0.8347410559654236, 2.650697708129883, -0.04055237025022507
0.8319042921066284, 2.648728847503662, -0.0254718828946352
0.8060613870620728, 2.6782214641571045, -0.06132511794567108
0.8414294123649597, 2.656388521194458, -0.011593129485845566
0.8396234512329102, 2.6709065437316895, -0.05177580192685127
0.8447950482368469, 2.6722567081451416, -0.030038371682167053
0.8573983907699585, 2.691887140274048, -0.05188111960887909
0.8497523665428162, 2.693298816680908, -0.02832001820206642
0.8491458892822266, 2.6905596256256104, -0.014004621654748917
0.854962944984436, 2.7098982334136963, -0.013223016634583473
0.8546459674835205, 2.729870319366455, -0.048553042113780975
0.8530222177505493, 2.7286393642425537, -0.02637241594493389
0.8631154298782349, 2.7382659912109375, -0.01454379316419363
0.8584253787994385, 2.750922679901123, -0.02717975154519081
0.8661576509475708, 2.7520570755004883, -0.029234470799565315
0.8676369190216064, 2.7585463523864746, -0.010831039398908615
0.8675004839897156, 2.7645652294158936, -0.06217009574174881
0.8690574765205383, 2.7498650550842285, -0.0985284298658371
0.8181857466697693, 2.739940881729126, -0.06750737130641937
0.8109369277954102, 2.7204110622406006, -0.041995301842689514
0.8682458996772766, 2.771573781967163, -0.028566991910338402
0.8771381974220276, 2.7680838108062744, -0.04915444925427437
0.8310804963111877, 2.759517192840576, -0.0801936462521553
0.873437762260437, 2.7737855911254883, -0.019060585647821426
0.8757749795913696, 2.787445068359375, -0.01176014170050621
0.8725155591964722, 2.785318374633789, -0.02471812441945076
0.8702333569526672, 2.7888550758361816, -0.05759725347161293
0.8723651170730591, 2.802309989929199, -0.048057690262794495
0.8449344635009766, 2.8123018741607666, -0.09518273174762726
0.8754211664199829, 2.8097052574157715, -0.032066959887742996
0.8927958607673645, 2.8338284492492676, -0.05087709799408913
0.8907896280288696, 2.8509812355041504, -0.044893864542245865
0.892355740070343, 2.8340249061584473, -0.1164669618010521
0.8362881541252136, 2.8236451148986816, -0.08524610847234726
0.885524570941925, 2.8100316524505615, -0.11707262694835663
0.893215000629425, 2.882535934448242, -0.047211818397045135
0.8910114169120789, 2.850754499435425, -0.1284961998462677
