0.9699596166610718, 2.328925371170044, -0.15338827669620514
0.9490541815757751, 2.3755569458007812, -0.15071143209934235
0.9955125451087952, 2.3288168907165527, -0.1523038148880005
0.9281574487686157, 2.3929243087768555, -0.14963413774967194
0.9493697881698608, 2.4306938648223877, -0.12777957320213318
0.950941264629364, 2.4081876277923584, -0.129165917634964
0.9294038414955139, 2.428668975830078, -0.12901845574378967
0.9701747894287109, 2.4104650020599365, -0.13013064861297607
1.0305333137512207, 2.307189464569092, -0.15182679891586304
1.0508699417114258, 2.329141855239868, -0.14905692636966705
0.886843204498291, 2.3891077041625977, -0.16434548795223236
0.9436009526252747, 2.4016408920288086, -0.14904963970184326
1.0127296447753906, 2.3900530338287354, -0.13236156105995178
1.0659639835357666, 2.3456854820251465, -0.1434079259634018
1.0868213176727295, 2.293130397796631, -0.15183961391448975
0.8639588356018066, 2.4194090366363525, -0.16014254093170166
0.9876347184181213, 2.3694260120391846, -0.14917413890361786
1.110000729560852, 2.369277000427246, -0.12783414125442505
1.0693674087524414, 2.3892719745635986, -0.12891340255737305
1.0883171558380127, 2.37109375, -0.12707091867923737
1.0883177518844604, 2.3511500358581543, -0.1272304803133011
1.0490819215774536, 2.369783401489258, -0.12799832224845886
1.0481388568878174, 2.434051036834717, -0.10668118298053741
1.0840359926223755, 2.3409717082977295, -0.15252555906772614
0.9075074791908264, 2.4317433834075928, -0.1296587735414505
0.9921798706054688, 2.3526809215545654, -0.16418012976646423
0.9927071332931519, 2.310673952102661, -0.13710114359855652
1.0704710483551025, 2.3504393100738525, -0.1286345273256302
0.992293119430542, 2.408534288406372, -0.12743759155273438
0.8903246521949768, 2.3891093730926514, -0.15306998789310455
0.8927376866340637, 2.42877459526062, -0.1300753802061081
1.0302600860595703, 2.36751127243042, -0.12873169779777527
1.0267456769943237, 2.317185878753662, -0.13860619068145752
0.9019988179206848, 2.4105498790740967, -0.14706102013587952
0.9737852811813354, 2.370281457901001, -0.13064411282539368
0.8911250233650208, 2.408252477645874, -0.16566012799739838
0.9070746898651123, 2.4142961502075195, -0.13079965114593506
0.8675674200057983, 2.427086114883423, -0.16391082108020782
0.9157920479774475, 2.4674930572509766, -0.1106538474559784
1.0711143016815186, 2.4155516624450684, -0.10573258250951767
1.0310043096542358, 2.328550100326538, -0.15239472687244415
0.98817378282547, 2.383209228515625, -0.14722660183906555
1.0463039875030518, 2.3457860946655273, -0.14840438961982727
0.9130338430404663, 2.367011070251465, -0.15251006186008453
0.9878755807876587, 2.3884928226470947, -0.12896695733070374
0.9527905583381653, 2.3883047103881836, -0.12968742847442627
0.9703851342201233, 2.389741897583008, -0.1301320195198059
1.0477638244628906, 2.3495054244995117, -0.12950672209262848
0.9911206960678101, 2.3488667011260986, -0.15347233414649963
0.8783079385757446, 2.388185977935791, -0.1644917130470276
1.0105208158493042, 2.3525779247283936, -0.1506844311952591
1.0072894096374512, 2.4112162590026855, -0.12748853862285614
