0.8906658291816711, 1.7682783603668213, -0.0904315784573555
0.8517969250679016, 1.7900172472000122, -0.09097059071063995
0.8897032737731934, 1.7676278352737427, -0.11063234508037567
0.9079336524009705, 1.7641422748565674, -0.13083979487419128
0.8516732454299927, 1.7881765365600586, -0.10920769721269608
0.9101859927177429, 1.7651197910308838, -0.08991789817810059
0.91069096326828, 1.7512773275375366, -0.08978591859340668
0.8900530934333801, 1.7685136795043945, -0.048989053815603256
0.8898063898086548, 1.7677204608917236, -0.13019117712974548
0.950162947177887, 1.7290799617767334, -0.152431458234787
0.8680944442749023, 1.7858904600143433, -0.07019417732954025
0.8733066320419312, 1.7713159322738647, -0.03059307485818863
0.8732948303222656, 1.773708462715149, -0.015089101158082485
0.8907121419906616, 1.7687420845031738, -0.029357612133026123
0.8724713921546936, 1.7721749544143677, -0.050209805369377136
0.8672691583633423, 1.7861120700836182, -0.08918700367212296
0.850371778011322, 1.7898757457733154, -0.05086400732398033
0.8279338479042053, 1.8080787658691406, -0.11108928173780441
0.8690887093544006, 1.7864164113998413, -0.10919895768165588
0.8501254320144653, 1.7903059720993042, -0.06987644731998444
0.8711804151535034, 1.7706507444381714, -0.0902506411075592
0.8676139712333679, 1.7863212823867798, -0.029180482029914856
0.828838050365448, 1.8065840005874634, -0.04909311234951019
0.8912512063980103, 1.7673323154449463, -0.07004477828741074
0.8519795536994934, 1.7892777919769287, -0.12937580049037933
0.8486282825469971, 1.7912293672561646, -0.02967178076505661
0.8726711273193359, 1.7718102931976318, -0.07082518190145493
0.7858580946922302, 1.8267117738723755, -0.09063173830509186
0.7884499430656433, 1.8296066522598267, -0.13118807971477509
0.8075463771820068, 1.8112989664077759, -0.048941921442747116
0.8703790903091431, 1.7853511571884155, -0.1492805927991867
0.8318189382553101, 1.792099118232727, -0.049917012453079224
0.8703029751777649, 1.7867878675460815, -0.12981852889060974
0.8704696297645569, 1.772448182106018, -0.13028740882873535
0.8279902338981628, 1.8079533576965332, -0.06979946047067642
0.8264065384864807, 1.806303858757019, -0.08894417434930801
0.8336780667304993, 1.790837287902832, -0.07011966407299042
0.8452553153038025, 1.8045083284378052, -0.04841446131467819
0.8092198967933655, 1.8099313974380493, -0.06911968439817429
0.7879165410995483, 1.8259774446487427, -0.0506446398794651
0.8505263328552246, 1.7887609004974365, -0.15053626894950867
0.81110680103302, 1.810021162033081, -0.12948907911777496
0.8286522626876831, 1.8083504438400269, -0.1516534984111786
0.811001181602478, 1.810232162475586, -0.09021179378032684
0.7875646352767944, 1.8274741172790527, -0.07106264680624008
0.7681199908256531, 1.8318941593170166, -0.08958548307418823
0.8577027916908264, 1.7751070261001587, -0.011620530858635902
0.854893684387207, 1.7736037969589233, -0.05106204375624657
0.9096625447273254, 1.7652932405471802, -0.06869401037693024
0.8303236365318298, 1.7946844100952148, -0.014509059488773346
0.8089670538902283, 1.8123538494110107, -0.028800278902053833
0.7909591794013977, 1.811691403388977, -0.030154643580317497
0.7865197062492371, 1.827402114868164, -0.11040998995304108
0.7931424975395203, 1.8105659484863281, -0.06962816417217255
0.7764360904693604, 1.8151682615280151, -0.0679827630519867
0.8106147050857544, 1.809136152267456, -0.11168542504310608
0.9113357663154602, 1.7515809535980225, -0.06943973153829575
0.7723225355148315, 1.8285009860992432, -0.11034344136714935
0.8074524402618408, 1.8238335847854614, -0.10909559577703476
0.8292831778526306, 1.8080757856369019, -0.1300470530986786
0.765568733215332, 1.8332573175430298, -0.029694050550460815
0.7661772966384888, 1.8325092792510986, -0.06985059380531311
0.8141920566558838, 1.794182300567627, -0.05038544908165932
0.7576329708099365, 1.8351664543151855, -0.09023261070251465
0.7787477970123291, 1.815326452255249, -0.033388152718544006
0.8907404541969299, 1.7552907466888428, -0.06951974332332611
0.909595787525177, 1.7517296075820923, -0.11030205339193344
0.8157044649124146, 1.7959749698638916, -0.06868807226419449
0.8532816767692566, 1.775744915008545, -0.06984272599220276
0.8681118488311768, 1.7855581045150757, -0.049902450293302536
0.744030237197876, 1.8478764295578003, -0.030314523726701736
0.830161452293396, 1.791170358657837, -0.029944850131869316
0.74272620677948, 1.8584084510803223, -0.13471513986587524
0.7974706888198853, 1.812135100364685, -0.049438029527664185
0.8834690451622009, 1.786664366722107, -0.048943936824798584
