1.3090953826904297, 1.510917067527771, -0.009936287067830563
1.329914927482605, 1.5700125694274902, -0.00806461926549673
1.3106298446655273, 1.5290981531143188, -0.010018053464591503
1.2891032695770264, 1.5504693984985352, -0.009710550308227539
1.3478493690490723, 1.6507601737976074, -0.01143256388604641
1.3501689434051514, 1.6710431575775146, -0.010369500145316124
1.308772087097168, 1.6703717708587646, -0.009641428478062153
1.349714994430542, 1.6901359558105469, -0.010908575728535652
1.3343859910964966, 1.6715458631515503, -0.024018365889787674
1.3299072980880737, 1.5101248025894165, -0.00910966657102108
1.3097678422927856, 1.4904491901397705, -0.009298613294959068
1.2488301992416382, 1.4299534559249878, -0.020711924880743027
1.2760646343231201, 1.4723150730133057, -0.022017620503902435
1.2697073221206665, 1.4710673093795776, -0.00992722250521183
1.2985289096832275, 1.6565462350845337, -0.020733065903186798
1.2866442203521729, 1.5689703226089478, -0.021615376695990562
1.310477614402771, 1.688974142074585, -0.009859606623649597
1.2710009813308716, 1.6492149829864502, -0.009091171436011791
1.2880576848983765, 1.5271799564361572, -0.022104537114501
1.3128325939178467, 1.4702348709106445, -0.023618487641215324
1.3303766250610352, 1.6323390007019043, -0.02165168896317482
1.3095918893814087, 1.7105246782302856, -0.009600457735359669
1.2256965637207031, 1.4921178817749023, -0.02171478606760502
1.2695868015289307, 1.63076651096344, -0.009276846423745155
1.3535581827163696, 1.6497944593429565, -0.02192993275821209
1.287169337272644, 1.6735485792160034, -0.021244803443551064
1.3320815563201904, 1.7098983526229858, -0.010973802767693996
1.2873876094818115, 1.69222092628479, -0.01032524649053812
1.3503823280334473, 1.6863293647766113, -0.021102257072925568
1.295811653137207, 1.5954008102416992, -0.02091071382164955
1.2890530824661255, 1.5504789352416992, -0.020900174975395203
1.2294261455535889, 1.5312906503677368, -0.010485446080565453
1.3450274467468262, 1.7555129528045654, -0.02156563103199005
1.3087539672851562, 1.5707298517227173, -0.008644452318549156
1.3102847337722778, 1.5501666069030762, -0.009336384013295174
1.309274673461914, 1.6887176036834717, -0.021438229829072952
1.335491418838501, 1.7444469928741455, -0.021252868697047234
1.2718868255615234, 1.687970757484436, -0.01131291314959526
1.2331920862197876, 1.6489057540893555, -0.01008834782987833
1.2227534055709839, 1.6354814767837524, -0.020006492733955383
1.334592342376709, 1.690989375114441, -0.020163096487522125
1.3477058410644531, 1.7312625646591187, -0.021249918267130852
1.3287899494171143, 1.6140544414520264, -0.021878700703382492
1.2562131881713867, 1.6273455619812012, -0.020960627123713493
1.2528889179229736, 1.7076640129089355, -0.009851980954408646
1.246858835220337, 1.6137373447418213, -0.023014657199382782
1.1692371368408203, 1.4708013534545898, -0.010160579346120358
1.2117253541946411, 1.6678438186645508, -0.010918531566858292
1.2709369659423828, 1.4499726295471191, -0.021661052480340004
1.2468504905700684, 1.510756492614746, -0.021180106326937675
1.208889365196228, 1.649832844734192, -0.010067648254334927
1.2526209354400635, 1.6685701608657837, -0.01036783680319786
1.2871880531311035, 1.772825002670288, -0.011200685054063797
1.3280253410339355, 1.7321430444717407, -0.01013285480439663
1.2032719850540161, 1.5590153932571411, -0.020726077258586884
1.2290362119674683, 1.6720802783966064, -0.00992446020245552
1.2900668382644653, 1.6295185089111328, -0.009794020093977451
1.2289583683013916, 1.7075326442718506, -0.021337013691663742
1.3323920965194702, 1.7105728387832642, -0.022062474861741066
1.2709228992462158, 1.5764747858047485, -0.020775454118847847
1.205912470817566, 1.510069489479065, -0.020433001220226288
1.291630744934082, 1.7487212419509888, -0.010980311781167984
1.2726809978485107, 1.7282346487045288, -0.010259297676384449
1.288378119468689, 1.7324481010437012, -0.011294548399746418
1.3118525743484497, 1.553452968597412, -0.021782953292131424
1.312738299369812, 1.66853928565979, -0.02480665035545826
1.1893283128738403, 1.4896405935287476, -0.009237830527126789
1.1497671604156494, 1.4938558340072632, -0.012345166876912117
1.3245896100997925, 1.7758753299713135, -0.014065602794289589
1.1704609394073486, 1.5308083295822144, -0.012128501199185848
1.3101798295974731, 1.4304417371749878, -0.023619603365659714
1.1829297542572021, 1.4279611110687256, -0.024532997980713844
1.3071101903915405, 1.6153658628463745, -0.02233760431408882
1.3059085607528687, 1.64870285987854, -0.022518089041113853
1.3184572458267212, 1.6263093948364258, -0.02221672236919403
1.150004506111145, 1.431313157081604, -0.01233486644923687
1.2412903308868408, 1.5206767320632935, -0.05901350826025009
1.340131163597107, 1.71946382522583, -0.023679710924625397
1.1869724988937378, 1.59197199344635, -0.010002640075981617
1.1526684761047363, 1.4692925214767456, -0.01166623830795288
1.2204753160476685, 1.6634403467178345, -0.024026092141866684
1.3130048513412476, 1.585909366607666, -0.027084801346063614
1.2408164739608765, 1.4890148639678955, -0.021741604432463646
1.1968308687210083, 1.501787543296814, -0.02230146899819374
1.3209707736968994, 1.7348610162734985, -0.02004804089665413
1.2638344764709473, 1.784195065498352, -0.020201323553919792
1.2308460474014282, 1.7107579708099365, -0.011173116974532604
1.3111904859542847, 1.4922373294830322, -0.021370945498347282
1.2500025033950806, 1.589931845664978, -0.009689713828265667
1.3158972263336182, 1.7691822052001953, -0.02243194729089737
1.1734415292739868, 1.648715615272522, -0.01105785183608532
1.271009922027588, 1.4898639917373657, -0.01036040298640728
1.2949943542480469, 1.7469139099121094, -0.02260967716574669
1.251712679862976, 1.4666593074798584, -0.021148836240172386
1.2623754739761353, 1.5068330764770508, -0.021355485543608665
1.2095239162445068, 1.709257960319519, -0.011605924926698208
1.286373257637024, 1.7761871814727783, -0.024706348776817322
1.3083124160766602, 1.6109203100204468, -0.009702394716441631
1.2280337810516357, 1.4474668502807617, -0.022097313776612282
1.1898859739303589, 1.5505131483078003, -0.01002039946615696
1.3116620779037476, 1.58933424949646, -0.00999174639582634
1.291930079460144, 1.632181167602539, -0.021365879103541374
1.2909549474716187, 1.5090768337249756, -0.009495025500655174
1.2924046516418457, 1.7066739797592163, -0.021447952836751938
1.2193732261657715, 1.6289983987808228, -0.02130921743810177
1.2304551601409912, 1.4899063110351562, -0.010754026472568512
1.270032286643982, 1.409661054611206, -0.009898629039525986
1.2943294048309326, 1.7868815660476685, -0.013217941857874393
1.2483158111572266, 1.5251200199127197, -0.022571733221411705
1.3384264707565308, 1.6492360830307007, -0.021359480917453766
1.1507673263549805, 1.4491546154022217, -0.009369510225951672
1.366971731185913, 1.78994619846344, -0.024824460968375206
1.1515891551971436, 1.4945220947265625, 0.0013595743803307414
1.2124971151351929, 1.5284358263015747, -0.02291009947657585
1.1900278329849243, 1.4707094430923462, -0.00998698454350233
1.3094412088394165, 1.7263199090957642, -0.021823156625032425
1.2205405235290527, 1.816852331161499, -0.023661132901906967
1.246028184890747, 1.5704939365386963, -0.0219211857765913
1.2547647953033447, 1.7756279706954956, -0.022711342200636864
1.132548213005066, 1.487261176109314, -0.010857394896447659
1.1892449855804443, 1.6302697658538818, -0.010502663441002369
1.1837586164474487, 1.7739373445510864, -0.00982031412422657
1.1905112266540527, 1.5300867557525635, -0.010560090653598309
1.3732963800430298, 1.7484779357910156, -0.022359272465109825
1.1915690898895264, 1.607820987701416, -0.010142363607883453
1.2659728527069092, 1.7919734716415405, -0.014393240213394165
1.1758222579956055, 1.7283225059509277, -0.011323234997689724
1.167745590209961, 1.7162137031555176, -0.013415171764791012
1.1882628202438354, 1.6916131973266602, -0.009737093932926655
1.31029212474823, 1.4703222513198853, -0.009149427525699139
1.1769884824752808, 1.7688030004501343, -0.013569732196629047
1.2528458833694458, 1.7481786012649536, -0.010018015280365944
1.1804193258285522, 1.7351723909378052, -0.02366311103105545
1.3286473751068115, 1.6320327520370483, -0.010305149480700493
1.270104169845581, 1.6719396114349365, -0.011580917984247208
1.2421942949295044, 1.7957773208618164, -0.02722211740911007
1.2900580167770386, 1.5314744710922241, -0.009619074873626232
1.289483904838562, 1.4307963848114014, -0.00901392474770546
1.2498244047164917, 1.770534873008728, -0.009861672297120094
1.31163489818573, 1.767431378364563, -0.010374083183705807
1.2089166641235352, 1.5111113786697388, -0.010408718138933182
1.2108088731765747, 1.6870027780532837, -0.023924799636006355
1.2859569787979126, 1.7929954528808594, -0.02440345659852028
1.2896257638931274, 1.6500829458236694, -0.010062169283628464
1.3043112754821777, 1.7955763339996338, -0.02334761992096901
1.1502776145935059, 1.5095528364181519, -0.01114580687135458
1.3168107271194458, 1.751320242881775, -0.02448013238608837
1.2515977621078491, 1.6294821500778198, -0.009915370494127274
1.192421555519104, 1.5693484544754028, -0.010834821499884129
1.2482603788375854, 1.8098444938659668, -0.023692967370152473
1.311104655265808, 1.728735089302063, -0.010267064906656742
1.3296581506729126, 1.789864420890808, -0.014093766920268536
1.1712647676467896, 1.7309949398040771, -0.026889890432357788
1.2490838766098022, 1.6515165567398071, -0.009656406939029694
1.2783054113388062, 1.8040575981140137, -0.02535657212138176
1.1741952896118164, 1.6873152256011963, -0.00968200247734785
1.3292481899261475, 1.6909245252609253, -0.011109377257525921
1.2888054847717285, 1.4703954458236694, -0.009020958095788956
1.3469738960266113, 1.7671257257461548, -0.0119948610663414
1.2371914386749268, 1.457395315170288, 0.001942657632753253
1.2891157865524292, 1.4915639162063599, -0.009088005870580673
1.2707090377807617, 1.5501549243927002, -0.009293993003666401
1.1377427577972412, 1.5869767665863037, -0.017738211899995804
1.2547154426574707, 1.6678720712661743, -0.0243748277425766
1.2306500673294067, 1.4695842266082764, -0.010726180858910084
1.1531269550323486, 1.6335854530334473, -0.026359057053923607
1.1488116979599, 1.5097845792770386, -0.024181995540857315
1.192645788192749, 1.4487924575805664, -0.00933864340186119
1.3506453037261963, 1.7293016910552979, -0.010273636318743229
1.1980117559432983, 1.649756669998169, -0.02055610902607441
1.2919927835464478, 1.6695377826690674, -0.010389664210379124
1.2695863246917725, 1.510092854499817, -0.009948505088686943
1.2279515266418457, 1.6311516761779785, -0.009107595309615135
1.2897791862487793, 1.4494905471801758, -0.008892402984201908
1.3487308025360107, 1.7114298343658447, -0.01050984300673008
1.3055205345153809, 1.7529387474060059, -0.011652156710624695
1.2432602643966675, 1.655184030532837, -0.023959143087267876
1.2108794450759888, 1.6894376277923584, -0.012250239960849285
1.1487107276916504, 1.5291388034820557, -0.023045554757118225
1.2011321783065796, 1.7975244522094727, -0.02833244390785694
1.303139328956604, 1.7303739786148071, 0.001642990275286138
1.2680641412734985, 1.411353588104248, 0.007340557407587767
1.365282416343689, 1.6925890445709229, -0.02355220727622509
1.3232883214950562, 1.5526199340820312, -0.015563290566205978
1.36382257938385, 1.7603440284729004, -0.010611400008201599
1.1647669076919556, 1.649210810661316, 0.001359923044219613
1.3105491399765015, 1.4506064653396606, -0.017419753596186638
1.2760127782821655, 1.5383044481277466, 1.7693718837108463E-4
1.1887699365615845, 1.4882347583770752, 5.284566213958897E-6
1.1532864570617676, 1.5293303728103638, -0.012032662518322468
1.3098833560943604, 1.6294409036636353, -0.009765935130417347
1.1535930633544922, 1.6302142143249512, -0.012156087905168533
1.1915016174316406, 1.707111120223999, -0.028082719072699547
1.3321071863174438, 1.6090298891067505, -0.010340949520468712
1.1551287174224854, 1.6714982986450195, -0.013201016001403332
1.2496247291564941, 1.4914313554763794, -0.010179297998547554
