1.0087157487869263, 2.5916147232055664, -0.012720834463834763
1.0320132970809937, 2.5077481269836426, -0.014087359420955181
1.0274105072021484, 2.532355308532715, -0.011789203621447086
1.006784439086914, 2.5717875957489014, -0.013175345957279205
0.9485817551612854, 2.529820680618286, -0.01125688198953867
0.967831015586853, 2.5896739959716797, -0.014019928872585297
1.0517281293869019, 2.5699262619018555, -0.012913868762552738
1.0300521850585938, 2.55204176902771, -0.010962385684251785
1.0269341468811035, 2.6295833587646484, -0.011650901287794113
0.990410566329956, 2.626591444015503, -0.023211564868688583
1.007860779762268, 2.490607500076294, -0.0124089065939188
1.0674322843551636, 2.5305566787719727, -0.013566634617745876
1.0669360160827637, 2.5510904788970947, -0.012493868358433247
1.086412787437439, 2.5912234783172607, -0.011842263862490654
1.0279371738433838, 2.649214506149292, -0.013961507938802242
1.0488243103027344, 2.6713335514068604, -0.014622741378843784
1.0698624849319458, 2.6302590370178223, -0.013579134829342365
1.0321263074874878, 2.4278531074523926, -0.01347594428807497
1.0713390111923218, 2.428431510925293, -0.01335675548762083
1.0664393901824951, 2.4505786895751953, -0.010099188424646854
1.1261988878250122, 2.594190835952759, -0.012455281801521778
1.107865571975708, 2.6493194103240967, -0.013896441087126732
0.970856785774231, 2.450125217437744, -0.013364598155021667
1.047654151916504, 2.4092743396759033, -0.011120214127004147
1.108444094657898, 2.471187114715576, -0.012744729407131672
1.132144570350647, 2.490344524383545, -0.013074417598545551
1.1672865152359009, 2.608591318130493, -0.012862693518400192
1.1273692846298218, 2.4332685470581055, -0.011683572083711624
1.1493442058563232, 2.4508845806121826, -0.012453123927116394
1.1059002876281738, 2.390578269958496, -0.011303611099720001
1.166509985923767, 2.510488986968994, -0.012131216935813427
1.1864557266235352, 2.6502320766448975, -0.011965740472078323
1.1900029182434082, 2.6289472579956055, -0.013065888546407223
1.1896952390670776, 2.5712461471557617, -0.013101202435791492
1.2080034017562866, 2.5950403213500977, -0.014115607365965843
1.212301254272461, 2.628155469894409, -0.013408600352704525
1.1291223764419556, 2.710944414138794, -0.013021804392337799
1.0665502548217773, 2.7282748222351074, -0.013804595917463303
1.0867427587509155, 2.690152406692505, -0.014088383875787258
0.9934300184249878, 2.490647315979004, -0.013838891871273518
0.9475189447402954, 2.5090534687042236, -0.01090761087834835
1.0467721223831177, 2.4883437156677246, -0.02262241207063198
0.9721035361289978, 2.510740280151367, -0.013039182871580124
1.1853277683258057, 2.6515355110168457, -0.022259177640080452
1.1087827682495117, 2.6572282314300537, -0.02039215713739395
1.086431860923767, 2.4371442794799805, -0.02304566092789173
1.1083035469055176, 2.56889271736145, -0.013570943847298622
1.0237218141555786, 2.6528713703155518, -0.023356551304459572
0.9722520112991333, 2.6298182010650635, -0.022769490256905556
1.0486103296279907, 2.428457736968994, -0.012417055666446686
1.1076842546463013, 2.413177490234375, -0.02203318290412426
1.1490728855133057, 2.670555353164673, -0.023840395733714104
1.1233463287353516, 2.4263787269592285, -0.02443336322903633
1.0473099946975708, 2.5101444721221924, -0.013382066041231155
0.948434591293335, 2.5514042377471924, -0.02270611934363842
1.0878981351852417, 2.5074546337127686, -0.023686561733484268
1.2307238578796387, 2.5080902576446533, -0.024572160094976425
1.087955355644226, 2.5870301723480225, -0.024593956768512726
1.1303770542144775, 2.5306284427642822, -0.023693932220339775
1.1870561838150024, 2.587001323699951, -0.02265210449695587
1.0886790752410889, 2.6100761890411377, -0.013228723779320717
1.2453060150146484, 2.6169655323028564, -0.020871061831712723
1.0853221416473389, 2.415708065032959, -0.021889936178922653
1.0065498352050781, 2.667215347290039, -0.014768590219318867
1.2097548246383667, 2.5500898361206055, -0.02417401410639286
1.1277834177017212, 2.610898971557617, -0.01255030743777752
1.0861291885375977, 2.7115488052368164, -0.02367118000984192
1.0729892253875732, 2.691066026687622, -0.022944658994674683
1.0286962985992432, 2.5509819984436035, -0.022352781146764755
1.0877420902252197, 2.4108645915985107, -0.010363014414906502
1.1073269844055176, 2.633223295211792, -0.02223973348736763
0.9671261310577393, 2.607180595397949, -0.024852784350514412
1.0482197999954224, 2.7104976177215576, -0.014045589603483677
1.1493628025054932, 2.4109256267547607, -0.011811329983174801
0.9328800439834595, 2.507326602935791, -0.011103969067335129
1.1696194410324097, 2.5312252044677734, -0.01401185616850853
1.1814520359039307, 2.477346897125244, -0.023956920951604843
1.1868565082550049, 2.492889404296875, -0.02470589429140091
1.129528284072876, 2.5079948902130127, -0.02094418555498123
1.1667935848236084, 2.450399398803711, -0.013913868926465511
1.0635967254638672, 2.452012300491333, -0.021471505984663963
1.1833213567733765, 2.5726404190063477, -0.023362284526228905
1.1474367380142212, 2.489429473876953, -0.022789422422647476
1.0099610090255737, 2.591506242752075, -0.024514097720384598
1.0903244018554688, 2.7287049293518066, -0.023483477532863617
1.1117476224899292, 2.589336395263672, -0.014253174886107445
1.0662336349487305, 2.3710460662841797, -0.0219090785831213
1.0663905143737793, 2.6523094177246094, -0.013761854730546474
1.1332190036773682, 2.4692301750183105, -0.013082161545753479
1.2101397514343262, 2.6081225872039795, -0.02199644222855568
1.0510929822921753, 2.5284202098846436, -0.014194515533745289
1.1459883451461792, 2.5516703128814697, -0.022224808111786842
1.2275562286376953, 2.57126522064209, -0.013474193401634693
1.1443063020706177, 2.65061616897583, -0.02551322802901268
1.0486457347869873, 2.610201358795166, -0.013799785636365414
1.0340986251831055, 2.68863844871521, -0.022520042955875397
1.0229064226150513, 2.4497337341308594, -0.021970465779304504
1.0287936925888062, 2.5686960220336914, -0.022169070318341255
1.011847972869873, 2.6280293464660645, -0.022825563326478004
1.150551438331604, 2.5917325019836426, -0.023512691259384155
0.9680488109588623, 2.4916367530822754, -0.021603964269161224
1.087915062904358, 2.529864549636841, -0.022946948185563087
1.046234369277954, 2.6084165573120117, -0.024090662598609924
1.1675599813461304, 2.591146230697632, -0.01504579558968544
0.9925398230552673, 2.5672554969787598, -0.023693231865763664
1.2518404722213745, 2.548814296722412, -0.013138655573129654
1.2719199657440186, 2.5083701610565186, -0.02227972075343132
1.2454713582992554, 2.5332093238830566, -0.02369549125432968
1.2281169891357422, 2.471609592437744, -0.02082197740674019
1.2676315307617188, 2.571570873260498, -0.012855976819992065
1.2891507148742676, 2.5913166999816895, -0.01203872635960579
1.1700429916381836, 2.3895742893218994, -0.013182386755943298
1.2055816650390625, 2.448573112487793, -0.02344552055001259
1.2936139106750488, 2.556034564971924, -0.021594086661934853
1.2447824478149414, 2.4509012699127197, -0.014235762879252434
1.2305995225906372, 2.4315719604492188, -0.022042924538254738
1.284106731414795, 2.451463222503662, -0.028993405401706696
1.3251417875289917, 2.6100587844848633, -0.02246657758951187
1.328704833984375, 2.5316665172576904, -0.011303223669528961
1.2674667835235596, 2.415527582168579, -0.02236727625131607
1.3296728134155273, 2.469057083129883, -0.026198329403996468
1.3509787321090698, 2.58803391456604, -0.021736925467848778
1.2276244163513184, 2.350172758102417, -0.010916348546743393
1.3611735105514526, 2.514528512954712, -0.024692479521036148
1.2826905250549316, 2.3759872913360596, -0.021763872355222702
1.2883405685424805, 2.3925530910491943, -0.023545963689684868
1.2643656730651855, 2.352151393890381, -0.024134179577231407
1.2640841007232666, 2.3386781215667725, -0.0258339736610651
1.4087055921554565, 2.5299744606018066, -0.012159662321209908
1.3916035890579224, 2.5084080696105957, -0.012240608222782612
1.3292210102081299, 2.3736400604248047, -0.009854490868747234
1.4245631694793701, 2.564103603363037, -0.021938389167189598
1.3286559581756592, 2.329530954360962, -0.012701964005827904
1.1693532466888428, 2.3499624729156494, -0.012127078138291836
1.407494306564331, 2.5129711627960205, -0.01032506488263607
1.3474472761154175, 2.3520851135253906, -0.011097561568021774
1.286647915840149, 2.4506454467773438, -0.012802522629499435
1.3267546892166138, 2.3893301486968994, -0.012846170924603939
1.2903119325637817, 2.3718817234039307, -0.01219542883336544
1.3082027435302734, 2.4922256469726562, -0.011251142248511314
1.2272430658340454, 2.490265130996704, -0.012937814928591251
1.2669609785079956, 2.4935083389282227, -0.013330075889825821
1.3873512744903564, 2.410597562789917, -0.010568617843091488
1.2884900569915771, 2.508755922317505, -0.013839875347912312
1.3467680215835571, 2.5504891872406006, -0.009608820080757141
1.3076094388961792, 2.3523945808410645, -0.010596951469779015
1.2485346794128418, 2.3126304149627686, -0.011303352192044258
1.32728910446167, 2.313263416290283, -0.010375987738370895
1.2702265977859497, 2.331233263015747, -0.011242227628827095
1.3275041580200195, 2.5110294818878174, -0.011673596687614918
1.3477082252502441, 2.4691319465637207, -0.011706131510436535
1.1890355348587036, 2.3901546001434326, -0.011743427254259586
1.3500173091888428, 2.4308998584747314, -0.012238578870892525
1.2886860370635986, 2.532548427581787, -0.01090766116976738
1.2867387533187866, 2.609842300415039, -0.013418065384030342
1.226488709449768, 2.4118270874023438, -0.012939298525452614
1.3883531093597412, 2.490089178085327, -0.010450823232531548
1.2088557481765747, 2.4318435192108154, -0.012550563551485538
1.2683918476104736, 2.5520005226135254, -0.012611320242285728
1.2124342918395996, 2.3522181510925293, -0.013225828297436237
0.9675474762916565, 2.472545862197876, -0.01078205369412899
1.3449740409851074, 2.4244275093078613, -0.02372036501765251
1.150430679321289, 2.3492228984832764, -0.013284861110150814
1.0280897617340088, 2.4695281982421875, -0.02284364588558674
1.0048890113830566, 2.4113857746124268, -0.022534461691975594
1.1087745428085327, 2.5302066802978516, -0.015297629870474339
1.2481826543807983, 2.391011953353882, -0.012237347662448883
1.3437039852142334, 2.356168746948242, -0.02225577086210251
0.9641482830047607, 2.5749428272247314, -0.020989153534173965
1.0679271221160889, 2.3925578594207764, -0.022075243294239044
0.9886799454689026, 2.4498071670532227, -0.012423093430697918
0.967419445514679, 2.470552921295166, -0.022089801728725433
1.307450532913208, 2.4303855895996094, -0.027278661727905273
1.268350601196289, 2.2943317890167236, -0.02138185128569603
0.990480899810791, 2.5106709003448486, -0.01127720344811678
1.2716706991195679, 2.3894503116607666, -0.012269485741853714
0.9272250533103943, 2.4508211612701416, -0.013320387341082096
1.0901604890823364, 2.488985300064087, -0.020642917603254318
1.1100345849990845, 2.669922351837158, -0.013677490875124931
0.9849048256874084, 2.6505939960479736, -0.023229507729411125
1.1284644603729248, 2.530164957046509, -0.012586154043674469
1.231264352798462, 2.5901877880096436, -0.014375445432960987
1.1657299995422363, 2.6911628246307373, -0.021825892850756645
1.2253904342651367, 2.6649439334869385, -0.023782439529895782
0.9866214990615845, 2.530609130859375, -0.012631616555154324
1.246634840965271, 2.531564712524414, -0.01166053768247366
0.9675069451332092, 2.571784496307373, -0.01364862360060215
1.1486414670944214, 2.49007248878479, -0.013531711883842945
1.0101079940795898, 2.470688581466675, -0.013029507361352444
1.0878013372421265, 2.351236343383789, -0.012642179615795612
1.1880416870117188, 2.5504751205444336, -0.013877520337700844
1.049117922782898, 2.4899415969848633, -0.011107773520052433
1.0139397382736206, 2.550913095474243, -0.022295577451586723
1.1481568813323975, 2.6506364345550537, -0.011851456016302109
1.1309036016464233, 2.4114835262298584, -0.01281426940113306
0.9270721673965454, 2.470235824584961, -0.013006948865950108
1.229406476020813, 2.549795627593994, -0.012611506506800652
0.9884731769561768, 2.6104092597961426, -0.014851783402264118
1.0869964361190796, 2.709089994430542, -0.012582745403051376
1.1885842084884644, 2.4895737171173096, -0.01394625287503004
1.1715519428253174, 2.624105453491211, -0.022937985137104988
1.2876455783843994, 2.3896055221557617, -0.012051895260810852
0.9694567322731018, 2.491410493850708, -0.010641117580235004
1.1879558563232422, 2.4691193103790283, -0.01218519825488329
1.2309855222702026, 2.3898813724517822, -0.013066400773823261
1.2474310398101807, 2.610377073287964, -0.013288918882608414
0.9921209216117859, 2.470703601837158, -0.012371604330837727
1.0904788970947266, 2.3692615032196045, -0.012638477608561516
1.2864446640014648, 2.469151258468628, -0.02213187888264656
1.366485595703125, 2.5318655967712402, -0.022372204810380936
1.050294280052185, 2.389981508255005, -0.013995387591421604
0.986300528049469, 2.430982828140259, -0.012333863414824009
1.007529854774475, 2.3892645835876465, -0.013906757347285748
1.1532353162765503, 2.368122100830078, -0.012480826117098331
1.0337486267089844, 2.48933744430542, -0.013280130922794342
1.1529654264450073, 2.6096558570861816, -0.022937912493944168
1.3936198949813843, 2.5875861644744873, -0.022529244422912598
1.106186866760254, 2.3120436668395996, -0.01360427588224411
1.1934236288070679, 2.608799934387207, -0.015209975652396679
1.0009105205535889, 2.490023136138916, -0.022218290716409683
1.3102617263793945, 2.3691651821136475, -0.012021046131849289
1.1333714723587036, 2.5470335483551025, -0.013767941854894161
1.0502299070358276, 2.4299988746643066, -0.022393638268113136
1.0898529291152954, 2.3714399337768555, -0.021566037088632584
1.3687334060668945, 2.546093463897705, -0.023161951452493668
1.0875871181488037, 2.6306796073913574, -0.02252485416829586
1.0113022327423096, 2.5277397632598877, -0.021568158641457558
1.0497872829437256, 2.627817392349243, -0.023532673716545105
1.0519347190856934, 2.4474260807037354, -0.012266752310097218
1.1733815670013428, 2.6489944458007812, -0.014735809527337551
1.1695634126663208, 2.6276350021362305, -0.013465232215821743
1.127382755279541, 2.7134597301483154, -0.022709239274263382
1.1513566970825195, 2.50797176361084, -0.022241191938519478
1.2083113193511963, 2.4663803577423096, -0.024554867297410965
1.267925500869751, 2.5918567180633545, -0.022112393751740456
1.2161695957183838, 2.4871809482574463, -0.02435455657541752
1.0630279779434204, 2.6569204330444336, -0.02540619857609272
0.9859387874603271, 2.4543581008911133, -0.022032195702195168
1.1332716941833496, 2.389169692993164, -0.011467000469565392
1.186586856842041, 2.409749984741211, -0.02375970594584942
1.0907052755355835, 2.548666000366211, -0.022610995918512344
1.070932149887085, 2.6716113090515137, -0.012856800109148026
1.004686713218689, 2.5069351196289062, -0.0228832196444273
1.1321804523468018, 2.6455068588256836, -0.022441627457737923
1.0974996089935303, 2.470263719558716, -0.021554380655288696
1.2938969135284424, 2.485079288482666, -0.014789196662604809
1.2692837715148926, 2.42946195602417, -0.012868577614426613
1.1067688465118408, 2.493238925933838, -0.021892525255680084
1.2336097955703735, 2.526085615158081, -0.013567619025707245
1.2708287239074707, 2.4866652488708496, -0.02534296177327633
0.9299877285957336, 2.4896905422210693, -0.012604085728526115
0.9142251014709473, 2.4470977783203125, -0.023208901286125183
1.1439112424850464, 2.411813974380493, -0.021600857377052307
1.383609652519226, 2.492631673812866, -0.02344226837158203
1.1892894506454468, 2.351309061050415, -0.01132096815854311
1.3125998973846436, 2.307893991470337, -0.012566721066832542
1.0660749673843384, 2.567995309829712, -0.022572502493858337
1.3298743963241577, 2.334911346435547, -0.020368197932839394
1.0307921171188354, 2.5701851844787598, -0.014301324263215065
1.3305929899215698, 2.3898494243621826, -0.02176591008901596
1.0274856090545654, 2.6659533977508545, -0.023214079439640045
1.0460559129714966, 2.4101791381835938, -0.02318631485104561
1.308823585510254, 2.584723472595215, -0.023669470101594925
1.1726963520050049, 2.4702954292297363, -0.014823726378381252
1.0710422992706299, 2.4919867515563965, -0.020466413348913193
1.2648218870162964, 2.2681071758270264, -0.020458506420254707
1.2721316814422607, 2.3660759925842285, -0.0252869613468647
1.1055043935775757, 2.5707058906555176, -0.022358162328600883
1.0852969884872437, 2.610318183898926, -0.023065771907567978
1.2495427131652832, 2.467599630355835, -0.0260935015976429
1.391235589981079, 2.5701470375061035, -0.02363947033882141
1.2894294261932373, 2.3305823802948, -0.01104937307536602
0.9069398045539856, 2.4922122955322266, -0.02178889699280262
1.3895385265350342, 2.529653310775757, -0.013051876798272133
1.1147592067718506, 2.433011293411255, -0.02254655957221985
1.3669793605804443, 2.591245412826538, -0.01382890623062849
1.3344271183013916, 2.427750587463379, -0.02208482287824154
1.1469085216522217, 2.390077590942383, -0.01039102952927351
1.230583906173706, 2.428523540496826, -0.013206551782786846
1.3324904441833496, 2.4086480140686035, -0.012274169363081455
1.0917019844055176, 2.5703248977661133, -0.01619434729218483
1.0263867378234863, 2.451009511947632, -0.009858652949333191
1.2297101020812988, 2.627734899520874, -0.012443872168660164
1.3471653461456299, 2.4928131103515625, -0.026149675250053406
1.1230919361114502, 2.6889729499816895, -0.022279035300016403
1.2667888402938843, 2.3513851165771484, -0.011471139267086983
1.2923996448516846, 2.289714813232422, -0.012517235241830349
1.133065104484558, 2.406496047973633, -0.024222198873758316
1.0889179706573486, 2.4913523197174072, -0.01137948501855135
0.9445424675941467, 2.531571388244629, -0.024368638172745705
1.0312457084655762, 2.6702120304107666, -0.012577204965054989
1.0286451578140259, 2.3858463764190674, -0.022295359522104263
1.1714967489242554, 2.5524299144744873, -0.023052124306559563
1.069463849067688, 2.588252305984497, -0.02229737862944603
1.0921953916549683, 2.6291651725769043, -0.012999627739191055
1.1693241596221924, 2.3088841438293457, -0.022295640781521797
1.3542091846466064, 2.5310442447662354, -0.02284158021211624
0.9733780026435852, 2.5294668674468994, -0.024238677695393562
1.2412619590759277, 2.376422643661499, -0.022139037027955055
1.045993685722351, 2.5909194946289062, -0.013534702360630035
1.3132028579711914, 2.5897057056427, -0.012419924139976501
1.0880186557769775, 2.430433750152588, -0.011470376513898373
1.0154387950897217, 2.6441056728363037, -0.02260989509522915
1.0100613832473755, 2.6091692447662354, -0.013696073554456234
1.3467165231704712, 2.5705080032348633, -0.01218438521027565
1.0539768934249878, 2.548938512802124, -0.023153405636548996
1.053947925567627, 2.63039493560791, -0.01343031506985426
1.1485185623168945, 2.5698699951171875, -0.013042370788753033
1.0542155504226685, 2.7300174236297607, -0.014400132931768894
1.270735263824463, 2.588810920715332, -0.013726184144616127
1.011153221130371, 2.4300289154052734, -0.013166827149689198
0.9844964146614075, 2.5494232177734375, -0.023656228557229042
1.0329030752182007, 2.687844753265381, -0.012741672806441784
1.309926152229309, 2.514167308807373, -0.022333169355988503
1.034177541732788, 2.409942865371704, -0.013107544742524624
1.4147136211395264, 2.549363613128662, -0.014082398265600204
1.3234623670578003, 2.5360586643218994, -0.022245919331908226
1.1889094114303589, 2.508928060531616, -0.024117927998304367
1.3662750720977783, 2.4672703742980957, -0.021400367841124535
1.211113691329956, 2.391120672225952, -0.011400365270674229
1.1503843069076538, 2.590944290161133, -0.013667481951415539
1.1950434446334839, 2.5266406536102295, -0.02511332929134369
1.291756510734558, 2.3364861011505127, -0.02189876139163971
1.2828681468963623, 2.2529351711273193, -0.02157137729227543
1.2105481624603271, 2.469468355178833, -0.013762217015028
1.1156446933746338, 2.512227773666382, -0.02240872010588646
1.1934787034988403, 2.3690311908721924, -0.012815331108868122
1.306473731994629, 2.570255994796753, -0.01308500301092863
1.0524336099624634, 2.747584104537964, -0.023603832349181175
1.393349528312683, 2.510652542114258, -0.021204648539423943
1.3346761465072632, 2.5585532188415527, -0.02150062471628189
1.2552149295806885, 2.6505608558654785, -0.023025693371891975
1.1496126651763916, 2.669459342956543, -0.012199164368212223
1.2652287483215332, 2.5713822841644287, -0.021639235317707062
0.9747267961502075, 2.432208299636841, -0.023661045357584953
1.1250249147415161, 2.614840269088745, -0.02361372672021389
1.090767502784729, 2.451033353805542, -0.01219411101192236
0.9481596350669861, 2.4114561080932617, -0.01416824758052826
1.1081427335739136, 2.5556533336639404, -0.02572234347462654
1.068357229232788, 2.3903701305389404, -0.01160154677927494
1.289604663848877, 2.269829034805298, -0.022572925314307213
1.2868810892105103, 2.3133749961853027, -0.010588347911834717
1.1919310092926025, 2.671433687210083, -0.013010621070861816
0.9498188495635986, 2.450098752975464, -0.011818865314126015
0.9885481595993042, 2.551464080810547, -0.014734066091477871
1.1920313835144043, 2.589487314224243, -0.014412026852369308
1.1260472536087036, 2.511113166809082, -0.012798498384654522
1.3066363334655762, 2.410691022872925, -0.012062394991517067
1.1905878782272339, 2.289508819580078, -0.011989380232989788
1.1304266452789307, 2.6290228366851807, -0.013250484131276608
1.2505592107772827, 2.469640016555786, -0.012502421624958515
1.0473731756210327, 2.694380283355713, -0.012421971186995506
1.0090519189834595, 2.50972843170166, -0.01224762573838234
1.0284397602081299, 2.472193956375122, -0.011618182994425297
1.068692684173584, 2.5692927837371826, -0.014218506403267384
1.1271045207977295, 2.6886987686157227, -0.012181296944618225
1.348565697669983, 2.474776029586792, -0.02526312693953514
1.1101117134094238, 2.410275936126709, -0.013371456414461136
1.125268578529358, 2.3736019134521484, -0.022214429453015327
1.3711614608764648, 2.4697751998901367, -0.01123437937349081
1.26718270778656, 2.4130148887634277, -0.009685995057225227
1.1680634021759033, 2.4326937198638916, -0.01129061821848154
1.2131388187408447, 2.4093034267425537, -0.013479537330567837
0.9891871213912964, 2.432422637939453, -0.02179320901632309
1.3662643432617188, 2.530078172683716, -0.013149183243513107
0.994364321231842, 2.5900990962982178, -0.015685148537158966
1.1450660228729248, 2.576231002807617, -0.023723050951957703
1.1068230867385864, 2.6740970611572266, -0.022498704493045807
1.1104823350906372, 2.490891933441162, -0.012825134210288525
1.427981972694397, 2.552236795425415, -0.010688744485378265
0.9305979609489441, 2.4276907444000244, -0.013228898867964745
1.113358974456787, 2.427034378051758, -0.01343098096549511
1.1961681842803955, 2.4463162422180176, -0.023729704320430756
1.1315165758132935, 2.467947006225586, -0.02271297201514244
1.2538845539093018, 2.4878549575805664, -0.021422989666461945
1.0934903621673584, 2.649843692779541, -0.02306291088461876
1.3730406761169434, 2.5485036373138428, -0.013526279479265213
1.007210373878479, 2.609610080718994, -0.023419763892889023
1.126182198524475, 2.452274799346924, -0.02263174019753933
0.9220940470695496, 2.4706263542175293, -0.02185557782649994
1.2742750644683838, 2.5273571014404297, -0.013795221224427223
0.9516633152961731, 2.550542116165161, -0.013424568809568882
0.9661523103713989, 2.5900659561157227, -0.0221757423132658
1.152308702468872, 2.5090723037719727, -0.012844138778746128
1.2483816146850586, 2.4077587127685547, -0.022307423874735832
1.1276435852050781, 2.6303720474243164, -0.021384384483098984
1.031618356704712, 2.4877381324768066, -0.02230493165552616
1.3522785902023315, 2.5117406845092773, -0.02548198215663433
1.0898590087890625, 2.330901861190796, -0.013195659965276718
1.3530657291412354, 2.4470696449279785, -0.022196799516677856
0.9545989036560059, 2.4696121215820312, -0.013414686545729637
1.2505841255187988, 2.269568920135498, -0.024550385773181915
0.990893542766571, 2.3875012397766113, -0.025564221665263176
1.0297775268554688, 2.728814125061035, -0.022448163479566574
1.1663413047790527, 2.5334556102752686, -0.023080924525856972
1.0709565877914429, 2.4897191524505615, -0.012833254411816597
1.0293183326721191, 2.3894479274749756, -0.013449463061988354
1.1075574159622192, 2.5495057106018066, -0.01327504776418209
1.1721361875534058, 2.551069736480713, -0.014080260880291462
1.3303982019424438, 2.549853801727295, -0.01291755773127079
1.0864231586456299, 2.5107743740081787, -0.011652856133878231
1.3141220808029175, 2.448061227798462, -0.02367207780480385
1.1529937982559204, 2.4325647354125977, -0.02172170579433441
1.188143014907837, 2.4101626873016357, -0.012388651259243488
1.2329686880111694, 2.6076736450195312, -0.014060952700674534
1.214943289756775, 2.5677616596221924, -0.022325679659843445
1.2756831645965576, 2.6093029975891113, -0.022938739508390427
1.0525346994400024, 2.3691279888153076, -0.013001265935599804
1.1864421367645264, 2.6732447147369385, -0.023027019575238228
1.2700146436691284, 2.5112621784210205, -0.012569482438266277
1.0135616064071655, 2.4492106437683105, -0.012805722653865814
0.9722901582717896, 2.514059543609619, -0.021820979192852974
1.0903724431991577, 2.4530835151672363, -0.022308694198727608
1.0334372520446777, 2.592989683151245, -0.022906843572854996
1.2524768114089966, 2.4092674255371094, -0.012853635475039482
1.303989291191101, 2.2906131744384766, -0.0222628191113472
1.1636117696762085, 2.4547457695007324, -0.021439403295516968
1.1737780570983887, 2.4086318016052246, -0.01305461023002863
0.9727288484573364, 2.4280216693878174, -0.013411379419267178
0.9520569443702698, 2.488459587097168, -0.014229349792003632
1.316144585609436, 2.6080262660980225, -0.022497398778796196
1.3114651441574097, 2.311800241470337, -0.02317623794078827
1.2273097038269043, 2.4121174812316895, -0.023967444896697998
1.2722694873809814, 2.3090028762817383, -0.013002106919884682
0.9496018886566162, 2.449535846710205, -0.02268400974571705
1.3536365032196045, 2.447744846343994, -0.011694947257637978
1.0920790433883667, 2.6494300365448, -0.014542028307914734
1.2063994407653809, 2.6299405097961426, -0.023156663402915
1.3298943042755127, 2.4698023796081543, -0.011041933670639992
1.228539228439331, 2.3514671325683594, -0.020694013684988022
0.9895430207252502, 2.4723079204559326, -0.02227824367582798
1.0748034715652466, 2.7049670219421387, -0.022158348932862282
1.1944912672042847, 2.6056787967681885, -0.02411256916821003
1.2298964262008667, 2.3303871154785156, -0.01128076110035181
1.0888049602508545, 2.530221700668335, -0.01364488247781992
0.8864919543266296, 2.473015069961548, -0.022965166717767715
1.3477065563201904, 2.4923388957977295, -0.01039937511086464
1.1871163845062256, 2.6861367225646973, -0.023386092856526375
1.2136814594268799, 2.549530029296875, -0.013186311349272728
0.9099169969558716, 2.532759189605713, -0.013837859965860844
1.3087824583053589, 2.2896056175231934, -0.010252075269818306
1.4055397510528564, 2.5894548892974854, -0.011590705253183842
1.0311418771743774, 2.755465507507324, -0.02272316813468933
0.9085990786552429, 2.5105230808258057, -0.011389974504709244
1.2874937057495117, 2.6289100646972656, -0.024103200063109398
0.9731340408325195, 2.6474509239196777, -0.013976930640637875
1.2930994033813477, 2.350346088409424, -0.01295012142509222
1.3538364171981812, 2.531958818435669, -0.01270519383251667
1.3894894123077393, 2.550816059112549, -0.011955048888921738
1.1901541948318481, 2.4298951625823975, -0.013567366637289524
1.1292132139205933, 2.5481457710266113, -0.022792266681790352
1.2746244668960571, 2.382751226425171, -0.02254509925842285
1.253537654876709, 2.569157838821411, -0.014474855735898018
1.2769948244094849, 2.3154914379119873, -0.02208271436393261
1.1663522720336914, 2.469254732131958, -0.022812293842434883
1.2468281984329224, 2.631147623062134, -0.02271471545100212
1.1171469688415527, 2.611262559890747, -0.022826524451375008
1.0101948976516724, 2.629411220550537, -0.01479852944612503
1.4162940979003906, 2.5632901191711426, -0.021111629903316498
1.3142768144607544, 2.5287563800811768, -0.014881037175655365
1.2924084663391113, 2.4916446208953857, -0.022718049585819244
1.2316259145736694, 2.369006872177124, -0.012956975027918816
1.3103206157684326, 2.5109899044036865, -0.013019322417676449
1.2688663005828857, 2.446392297744751, -0.021749451756477356
1.290065050125122, 2.5501723289489746, -0.012054511345922947
1.31048583984375, 2.4710073471069336, -0.01322964671999216
0.911392867565155, 2.544593572616577, -0.02260245569050312
1.0500224828720093, 2.4492416381835938, -0.021770048886537552
1.0713986158370972, 2.4119491577148438, -0.02235686406493187
1.252575397491455, 2.3430585861206055, -0.024200698360800743
1.2710156440734863, 2.3698012828826904, -0.01232523936778307
1.0125795602798462, 2.5287201404571533, -0.012095927260816097
1.3080227375030518, 2.429921865463257, -0.011587213724851608
1.2071977853775024, 2.6101200580596924, -0.01246298011392355
1.0713884830474854, 2.408367395401001, -0.011839831247925758
1.3261094093322754, 2.4491796493530273, -0.009203791618347168
1.15159010887146, 2.4298765659332275, -0.013430026359856129
1.2021925449371338, 2.3148322105407715, -0.02104135788977146
0.9263581037521362, 2.4554569721221924, -0.023765182122588158
1.0487534999847412, 2.730858564376831, -0.023959655314683914
0.9265574216842651, 2.5893337726593018, -0.02243371494114399
1.3139201402664185, 2.386561393737793, -0.011528132483363152
1.1728205680847168, 2.663978338241577, -0.023136809468269348
0.9316788911819458, 2.530224323272705, -0.013392130844295025
0.9517785310745239, 2.5683605670928955, -0.014142445288598537
1.2306009531021118, 2.5310213565826416, -0.02516130730509758
1.2918012142181396, 2.4095187187194824, -0.012992276810109615
0.9886058568954468, 2.6516075134277344, -0.01260708924382925
1.0330365896224976, 2.587679862976074, -0.014293087646365166
1.0947222709655762, 2.6684582233428955, -0.01352223102003336
0.9862275123596191, 2.6328089237213135, -0.012665868736803532
1.2255613803863525, 2.5890653133392334, -0.022808434441685677
1.1133207082748413, 2.608431816101074, -0.013215013779699802
1.0582125186920166, 2.667125940322876, -0.02397068589925766
1.387848973274231, 2.57071852684021, -0.01190107874572277
1.0137364864349365, 2.547253131866455, -0.01671752892434597
1.211620807647705, 2.5704782009124756, -0.01408381201326847
0.992133617401123, 2.5689733028411865, -0.012782655656337738
0.9912314414978027, 2.7057552337646484, -0.01491677574813366
1.3728729486465454, 2.48850154876709, -0.012204996310174465
1.3355087041854858, 2.488955020904541, -0.022385237738490105
1.3116059303283691, 2.3761818408966064, -0.02099703624844551
1.072674036026001, 2.6900312900543213, -0.014914706349372864
1.1512229442596436, 2.6875832080841064, -0.022936273366212845
1.3323822021484375, 2.348966121673584, -0.012535981833934784
1.0680809020996094, 2.4709057807922363, -0.011494964361190796
1.0542337894439697, 2.469419479370117, -0.023374756798148155
0.9966486692428589, 2.492462396621704, -0.023893142119050026
0.9943507313728333, 2.7099993228912354, -0.022729313001036644
1.1336454153060913, 2.6497302055358887, -0.013236086815595627
1.0533572435379028, 2.5472328662872314, -0.014584660530090332
1.2307850122451782, 2.50858211517334, -0.013240608386695385
1.0929490327835083, 2.5503971576690674, -0.013051353394985199
1.2486367225646973, 2.329702377319336, -0.010885430499911308
1.3679202795028687, 2.37558913230896, -0.010508737526834011
0.9257898926734924, 2.488752603530884, -0.02234509028494358
1.1291700601577759, 2.4517176151275635, -0.011700641363859177
0.9971576929092407, 2.4041714668273926, -0.022452421486377716
1.2111579179763794, 2.3915722370147705, -0.022608406841754913
1.2707459926605225, 2.6300196647644043, -0.012826768681406975
1.3557084798812866, 2.615877866744995, -0.023914167657494545
1.333255648612976, 2.48930025100708, -0.013368809595704079
1.3127524852752686, 2.448988199234009, -0.011699984781444073
1.2989228963851929, 2.580355167388916, -0.02019287645816803
1.1320300102233887, 2.6678168773651123, -0.016864392906427383
1.1707489490509033, 2.6463229656219482, -0.023417916148900986
1.4112305641174316, 2.548705577850342, -0.024789821356534958
1.0334724187850952, 2.7081499099731445, -0.014901996590197086
1.1717861890792847, 2.56980037689209, -0.014602726325392723
0.994003176689148, 2.6899290084838867, -0.014288844540715218
1.2517743110656738, 2.5638680458068848, -0.022672800347208977
1.1464567184448242, 2.7069427967071533, -0.022262834012508392
1.292933702468872, 2.4271857738494873, -0.013657819479703903
1.1106040477752686, 2.4533941745758057, -0.021693650633096695
1.0719581842422485, 2.6072580814361572, -0.015545278787612915
1.113041639328003, 2.5094168186187744, -0.013961023651063442
1.1526973247528076, 2.5281660556793213, -0.015109590254724026
1.2677969932556152, 2.469576835632324, -0.02414007857441902
1.0485092401504517, 2.5326366424560547, -0.022213164716959
1.1322565078735352, 2.5688369274139404, -0.014070236124098301
1.2330859899520874, 2.447458028793335, -0.01241647731512785
0.9780622720718384, 2.542581558227539, -0.02253125235438347
1.2110753059387207, 2.647658586502075, -0.015080648474395275
1.1459236145019531, 2.5525171756744385, -0.010826099663972855
1.0720760822296143, 2.5078935623168945, -0.013794755563139915
1.1694800853729248, 2.3855860233306885, -0.02532964013516903
1.0538278818130493, 2.4673216342926025, -0.014265664853155613
0.995257556438446, 2.588406562805176, -0.022210517898201942
1.2084516286849976, 2.531301259994507, -0.013809749856591225
1.3916593790054321, 2.4710826873779297, -0.011148229241371155
1.213661789894104, 2.4070701599121094, -0.023080335929989815
1.1493406295776367, 2.309056282043457, -0.012411285191774368
1.2096447944641113, 2.50730037689209, -0.013198450207710266
1.3443635702133179, 2.568399667739868, -0.025900522246956825
1.0930358171463013, 2.469425678253174, -0.01457284390926361
1.1914745569229126, 2.4300239086151123, -0.024460911750793457
1.2479443550109863, 2.51214861869812, -0.013340016826987267
1.1299854516983032, 2.389641284942627, -0.024057719856500626
1.0118262767791748, 2.4479596614837646, -0.021990710869431496
1.069669246673584, 2.4763169288635254, -0.022398220375180244
0.912142813205719, 2.4650847911834717, -0.02185717038810253
0.9736087322235107, 2.629925012588501, -0.013175989501178265
1.2900279760360718, 2.4046883583068848, -0.023399608209729195
1.1120916604995728, 2.6896729469299316, -0.022242935374379158
1.3501737117767334, 2.5888683795928955, -0.012495738454163074
1.2728962898254395, 2.4484128952026367, -0.012620454654097557
1.2520586252212524, 2.431490898132324, -0.01165203657001257
0.9912273287773132, 2.667431354522705, -0.014258669689297676
1.1932107210159302, 2.5289180278778076, -0.014632831327617168
1.0729906558990479, 2.5884790420532227, -0.011918855831027031
1.1113797426223755, 2.709277391433716, -0.014109072275459766
1.2130790948867798, 2.4870874881744385, -0.013075760565698147
1.155324935913086, 2.61090350151062, -0.014953741803765297
1.1483590602874756, 2.6282551288604736, -0.01351911947131157
1.2864094972610474, 2.529202461242676, -0.023048611357808113
1.2913721799850464, 2.5705761909484863, -0.012753631919622421
1.112839937210083, 2.533381700515747, -0.02208723872900009
0.9124005436897278, 2.5494964122772217, -0.013000077567994595
1.3123130798339844, 2.5443849563598633, -0.02425597608089447
1.2119148969650269, 2.269291877746582, -0.01426850538700819
1.410548448562622, 2.566626787185669, -0.010730898007750511
0.9522496461868286, 2.5719645023345947, -0.023060083389282227
1.3672956228256226, 2.4526803493499756, -0.011692476458847523
1.3704332113265991, 2.5675110816955566, -0.012606353498995304
1.371102213859558, 2.5119071006774902, -0.011394290253520012
0.9336884617805481, 2.4108633995056152, -0.013221599161624908
1.328661561012268, 2.611145257949829, -0.011568434536457062
0.9690163135528564, 2.5485877990722656, -0.013200867921113968
1.0309782028198242, 2.609950542449951, -0.014034389518201351
1.316540002822876, 2.324974536895752, -0.023701027035713196
0.9478760957717896, 2.609473943710327, -0.014684605412185192
1.0313706398010254, 2.4067559242248535, -0.022440865635871887
1.2269599437713623, 2.65108585357666, -0.012787518091499805
0.9951967000961304, 2.6904845237731934, -0.024062827229499817
0.98869788646698, 2.6004819869995117, -0.0231805220246315
1.0117895603179932, 2.749788522720337, -0.015529588796198368
0.9721941947937012, 2.6107685565948486, -0.013734463602304459
0.9728037714958191, 2.5311412811279297, -0.013143408112227917
0.949881374835968, 2.589111328125, -0.01376818586140871
1.3127280473709106, 2.6078624725341797, -0.013832293450832367
1.3320741653442383, 2.570920944213867, -0.013603271916508675
1.0131549835205078, 2.6510729789733887, -0.013554760254919529
1.1340469121932983, 2.5700645446777344, -0.022875729948282242
1.2111077308654785, 2.5870721340179443, -0.02351616509258747
1.0738098621368408, 2.6229002475738525, -0.022972092032432556
1.1099985837936401, 2.449781894683838, -0.01010579988360405
1.147588849067688, 2.4628753662109375, -0.023490162566304207
1.3260400295257568, 2.4495983123779297, -0.025814061984419823
1.248374342918396, 2.591862916946411, -0.012764559127390385
1.112952709197998, 2.6892480850219727, -0.01220879890024662
1.2496646642684937, 2.550872802734375, -0.022243544459342957
1.0317449569702148, 2.706096649169922, -0.020503539592027664
1.0173832178115845, 2.4667789936065674, -0.021122869104146957
0.9528220295906067, 2.3895790576934814, -0.014955790713429451
1.332871437072754, 2.4284281730651855, -0.012560936622321606
1.2512046098709106, 2.511107921600342, -0.021744441241025925
0.9500294327735901, 2.4724321365356445, -0.022485489025712013
1.0137778520584106, 2.562204122543335, -0.022067684680223465
1.0089002847671509, 2.7093400955200195, -0.012932498008012772
1.4502397775650024, 2.569596529006958, -0.010595331899821758
0.9132908582687378, 2.56858491897583, -0.02267826907336712
1.2521668672561646, 2.488077163696289, -0.013162369839847088
1.293557047843933, 2.507697343826294, -0.02446777932345867
0.9094632267951965, 2.429988384246826, -0.013962590135633945
0.9318878054618835, 2.6497533321380615, -0.024144470691680908
0.9337540864944458, 2.6305272579193115, -0.014898537658154964
1.2724634408950806, 2.609372854232788, -0.014158667996525764
0.8882073163986206, 2.5511538982391357, -0.01139880158007145
0.9123396873474121, 2.450486183166504, -0.014187334105372429
0.8670193552970886, 2.506998062133789, -0.022781947627663612
1.1551804542541504, 2.5273544788360596, -0.02155412547290325
1.229856252670288, 2.4691054821014404, -0.012321262620389462
0.9886670708656311, 2.74666690826416, -0.02488536201417446
1.2316417694091797, 2.3881187438964844, -0.024522902444005013
1.2098267078399658, 2.5158095359802246, -0.024441096931695938
1.2078633308410645, 2.4511327743530273, -0.012679293751716614
1.2311445474624634, 2.4468352794647217, -0.021019216626882553
1.1112878322601318, 2.3959338665008545, -0.022037120535969734
1.0943865776062012, 2.6967713832855225, -0.021472802385687828
1.3311283588409424, 2.564736843109131, -0.02220790833234787
1.3056955337524414, 2.5296993255615234, -0.02367842197418213
0.8924782872200012, 2.4887607097625732, -0.014253233559429646
0.9662415981292725, 2.662891387939453, -0.02299407124519348
0.9892223477363586, 2.726430654525757, -0.01438971608877182
1.167305588722229, 2.3693490028381348, -0.010343140922486782
1.2050613164901733, 2.6723389625549316, -0.022719798609614372
1.2047771215438843, 2.426196575164795, -0.020873745903372765
1.1475588083267212, 2.470674753189087, -0.010776235722005367
0.9656546711921692, 2.4455673694610596, -0.02249431051313877
1.0669245719909668, 2.53326416015625, -0.022103190422058105
1.235191822052002, 2.6537532806396484, -0.023076968267560005
1.3150748014450073, 2.3422646522521973, -0.020426522940397263
1.0336893796920776, 2.607501983642578, -0.025852955877780914
1.3876327276229858, 2.6174256801605225, -0.022639628499746323
1.3494068384170532, 2.510240077972412, -0.011885764077305794
1.0244389772415161, 2.5363433361053467, -0.02767237089574337
1.308132529258728, 2.5508854389190674, -0.012796078808605671
0.8673179149627686, 2.4709692001342773, -0.02489333413541317
0.827849268913269, 2.471045970916748, -0.01383195910602808
0.8881776928901672, 2.4528536796569824, -0.013170241378247738
0.8719006776809692, 2.470686674118042, -0.012978052720427513
0.9086638689041138, 2.6129090785980225, -0.02098309062421322
0.9441166520118713, 2.7072718143463135, -0.025506608188152313
1.034605622291565, 2.5065560340881348, -0.02261125110089779
0.9673512578010559, 2.671658992767334, -0.013558473438024521
1.2340389490127563, 2.550708532333374, -0.022066472098231316
0.9471542239189148, 2.5061135292053223, -0.022113259881734848
1.1073880195617676, 2.7257065773010254, -0.024103987962007523
0.8853188157081604, 2.530062437057495, -0.011790823191404343
1.0107028484344482, 2.672381639480591, -0.020586572587490082
1.2630232572555542, 2.633490800857544, -0.02152620442211628
1.1803847551345825, 2.620532751083374, -0.020862849429249763
1.311411738395691, 2.410440444946289, -0.022518768906593323
1.1066217422485352, 2.6305088996887207, -0.01331469975411892
0.8716548085212708, 2.5268707275390625, -0.013502183370292187
1.1142395734786987, 2.4766454696655273, -0.02129560522735119
1.0729440450668335, 2.514138698577881, -0.022106625139713287
0.8867212533950806, 2.550572633743286, -0.021888798102736473
1.3727772235870361, 2.566070318222046, -0.02245159260928631
0.9492349624633789, 2.4862945079803467, -0.024648962542414665
0.8911333084106445, 2.5256447792053223, -0.022298498079180717
0.8954604864120483, 2.507845401763916, -0.025365354493260384
0.9330352544784546, 2.6781005859375, -0.024381713941693306
0.9693316221237183, 2.410304307937622, -0.014005763456225395
1.0135688781738281, 2.7290046215057373, -0.013724973425269127
1.205810546875, 2.334857940673828, -0.02103312499821186
0.8511375784873962, 2.4914751052856445, -0.023866379633545876
0.9114620685577393, 2.592320442199707, -0.02532307803630829
1.3479931354522705, 2.412614107131958, -0.010357975028455257
0.9503659605979919, 2.608776092529297, -0.021649397909641266
0.926224946975708, 2.5510966777801514, -0.015498669818043709
0.9728703498840332, 2.709855794906616, -0.01507551595568657
0.9890990257263184, 2.512373685836792, -0.023727137595415115
1.1657341718673706, 2.421870708465576, -0.02439146861433983
1.074569582939148, 2.607851028442383, -0.023599721491336823
1.052836537361145, 2.5670230388641357, -0.02453586645424366
1.0249587297439575, 2.6342661380767822, -0.02113194204866886
1.1318005323410034, 2.4908742904663086, -0.023219602182507515
0.9692474603652954, 2.6865789890289307, -0.021217621862888336
1.0492444038391113, 2.5082054138183594, -0.023214781656861305
1.254944086074829, 2.4241504669189453, -0.021940739825367928
1.2682069540023804, 2.5532355308532715, -0.021522410213947296
1.2433210611343384, 2.582554340362549, -0.023431306704878807
1.2067300081253052, 2.5340540409088135, -0.024196501821279526
0.9911213517189026, 2.738659620285034, -0.022393543273210526
0.9480630159378052, 2.583718776702881, -0.02341579459607601
1.071160078048706, 2.738868236541748, -0.023611467331647873
0.9319721460342407, 2.6522085666656494, -0.011978388763964176
0.9730521440505981, 2.6496074199676514, -0.024610990658402443
0.8510723114013672, 2.5152273178100586, -0.02303190343081951
0.8934690952301025, 2.5094101428985596, -0.013410277664661407
1.0274819135665894, 2.751915454864502, -0.01145993359386921
0.9067660570144653, 2.5910146236419678, -0.012767947278916836
0.9072365760803223, 2.6284148693084717, -0.02425992302596569
1.3297030925750732, 2.5872514247894287, -0.022772081196308136
0.8886308073997498, 2.568671464920044, -0.014738166704773903
0.9264932870864868, 2.571462392807007, -0.023801447823643684
1.2267729043960571, 2.3684256076812744, -0.022990670055150986
1.4223849773406982, 2.5505027770996094, -0.021865855902433395
1.0084329843521118, 2.7675042152404785, -0.023042457178235054
1.1244405508041382, 2.5928244590759277, -0.02501508966088295
1.2338920831680298, 2.3148703575134277, -0.021049585193395615
1.1632108688354492, 2.595667839050293, -0.02169942483305931
1.3023440837860107, 2.470024585723877, -0.020791178569197655
1.4064399003982544, 2.5290892124176025, -0.021875716745853424
1.1495764255523682, 2.450232982635498, -0.023730259388685226
1.1833925247192383, 2.555666446685791, -0.022472314536571503
0.9280888438224792, 2.5704848766326904, -0.012154990807175636
0.9866833686828613, 2.7704122066497803, -0.023035291582345963
0.9458891153335571, 2.6344399452209473, -0.02486371621489525
1.0159988403320312, 2.752391815185547, -0.02483016438782215
1.23545241355896, 2.2511818408966064, -0.013965585269033909
1.3259261846542358, 2.5926389694213867, -0.012056649662554264
0.9472600817680359, 2.6270053386688232, -0.013520291075110435
1.0517696142196655, 2.8128662109375, -0.026225825771689415
0.8457378149032593, 2.530794382095337, -0.010735800489783287
1.4345524311065674, 2.5876986980438232, -0.02357172966003418
0.9674763083457947, 2.693066358566284, -0.012003043666481972
1.0091381072998047, 2.706928014755249, -0.025505974888801575
1.2078361511230469, 2.3717169761657715, -0.024335704743862152
1.2489653825759888, 2.4549388885498047, -0.02146221324801445
0.872249186038971, 2.5516867637634277, -0.024552874267101288
1.4320604801177979, 2.5683767795562744, -0.01322999969124794
1.109971046447754, 2.591446876525879, -0.023773254826664925
1.0471854209899902, 2.6912519931793213, -0.024466801434755325
0.8467119336128235, 2.5502662658691406, -0.013091804459691048
0.9353953003883362, 2.532175302505493, -0.022797565907239914
0.9304984211921692, 2.6078827381134033, -0.015402995981276035
0.8657691478729248, 2.489699363708496, -0.012332521378993988
1.2135984897613525, 2.2903010845184326, -0.02291153557598591
0.8696938753128052, 2.507317304611206, -0.01128779724240303
1.0297335386276245, 2.7340824604034424, -0.012077515944838524
0.9078567028045654, 2.514559030532837, -0.022495167329907417
0.8905918598175049, 2.4690330028533936, -0.013458061963319778
1.267639398574829, 2.427175760269165, -0.021915575489401817
0.9138472676277161, 2.668156862258911, -0.016328949481248856
0.9240244626998901, 2.7040700912475586, -0.022425508126616478
0.9690651893615723, 2.71267032623291, -0.021416744217276573
0.9494055509567261, 2.649423360824585, -0.014295411296188831
1.353989601135254, 2.606901168823242, -0.014443930238485336
0.9455674886703491, 2.7497940063476562, -0.013551218435168266
0.8268301486968994, 2.491610527038574, -0.021814245730638504
0.9036759734153748, 2.610570192337036, -0.015028842724859715
0.9553440809249878, 2.6702563762664795, -0.012313459999859333
0.9325824975967407, 2.695601224899292, -0.02213001437485218
0.9530205726623535, 2.704927682876587, -0.01318199560046196
1.2064327001571655, 2.371670722961426, -0.008769901469349861
0.9657330513000488, 2.791400671005249, -0.028914477676153183
0.8497086763381958, 2.4502148628234863, -0.015144853852689266
0.8735336065292358, 2.428074836730957, -0.026267407462000847
1.2231049537658691, 2.5761547088623047, -0.0227404423058033
1.2973533868789673, 2.5670053958892822, -0.022343827411532402
0.9313832521438599, 2.612628221511841, -0.02437843382358551
1.0428999662399292, 2.7097222805023193, -0.02160661481320858
0.946000874042511, 2.7513439655303955, -0.02200886234641075
0.8853894472122192, 2.57540225982666, -0.021666502580046654
0.9321177005767822, 2.5051519870758057, -0.022210871800780296
0.9099780917167664, 2.631476402282715, -0.011788432486355305
0.8461516499519348, 2.5667123794555664, -0.02290913090109825
0.8334388136863708, 2.509462594985962, -0.013387382961809635
0.8757350444793701, 2.5464377403259277, -0.016154726967215538
0.9833105802536011, 2.5355122089385986, -0.022161250934004784
1.0630789995193481, 2.550022840499878, -0.02085382118821144
1.283689022064209, 2.6069753170013428, -0.02188391610980034
0.9457462430000305, 2.771632432937622, -0.023538997396826744
1.2785751819610596, 2.528043270111084, -0.021563820540905
1.0653458833694458, 2.6698837280273438, -0.021238945424556732
1.0080289840698242, 2.7277474403381348, -0.022553693503141403
0.8513165712356567, 2.5678157806396484, -0.012821121141314507
1.0071370601654053, 2.687326431274414, -0.014320939779281616
0.9320240020751953, 2.7292892932891846, -0.022811248898506165
1.3303349018096924, 2.4056451320648193, -0.02349535934627056
0.908762514591217, 2.652287006378174, -0.023038538172841072
1.0317022800445557, 2.3479514122009277, -0.014593422412872314
0.9169337749481201, 2.6753575801849365, -0.02211749739944935
0.9553494453430176, 2.6898961067199707, -0.023857885971665382
1.25223970413208, 2.3493034839630127, -0.012984813190996647
1.0311634540557861, 2.349169969558716, -0.027693206444382668
0.872770369052887, 2.530886650085449, -0.02382982335984707
1.0054311752319336, 2.7849793434143066, -0.01250479370355606
0.9303430914878845, 2.5925345420837402, -0.014837331138551235
0.9506586194038391, 2.787733554840088, -0.024470914155244827
0.8477495312690735, 2.508084535598755, -0.014896872453391552
1.363669514656067, 2.6129088401794434, -0.02209135890007019
0.8060145974159241, 2.491753339767456, -0.013899749144911766
0.8928136825561523, 2.589566469192505, -0.015177956782281399
0.9132591485977173, 2.6521353721618652, -0.012583853676915169
0.8667565584182739, 2.6145877838134766, -0.011276420205831528
0.8015574216842651, 2.4940185546875, -0.024317603558301926
1.0739226341247559, 2.3482744693756104, -0.011602170765399933
0.9878507852554321, 2.3709323406219482, -0.014599712565541267
1.1728917360305786, 2.405080795288086, -0.025164691731333733
1.0544718503952026, 2.646683692932129, -0.022677764296531677
0.9122226238250732, 2.5684094429016113, -0.011597774922847748
1.1768277883529663, 2.4871256351470947, -0.02228262834250927
0.890283465385437, 2.5869219303131104, -0.024243416264653206
0.9912127256393433, 2.675912618637085, -0.02280600741505623
0.936855673789978, 2.748669147491455, -0.01777522824704647
0.9063764214515686, 2.41288423538208, -0.012589255347847939
0.8371903896331787, 2.5420806407928467, -0.021382050588726997
0.9908803701400757, 2.7723898887634277, -0.013851683586835861
0.8979461789131165, 2.627805471420288, -0.022064393386244774
0.9447044134140015, 2.646730422973633, -0.023399513214826584
1.2280842065811157, 2.2719039916992188, -0.010139957070350647
0.816026508808136, 2.4651124477386475, -0.01703587919473648
0.8844859004020691, 2.670494794845581, -0.013195296749472618
0.9730669856071472, 2.7277793884277344, -0.01469951868057251
0.9063298106193542, 2.7438466548919678, -0.022819362580776215
1.2906701564788818, 2.3489160537719727, -0.02174326777458191
1.0966304540634155, 2.3919878005981445, -0.021591776981949806
0.7950425148010254, 2.5059702396392822, -0.022903308272361755
0.9523694515228271, 2.7252438068389893, -0.02766220085322857
0.8498762845993042, 2.551900863647461, -0.025634411722421646
0.9101364016532898, 2.533858060836792, -0.02618967927992344
0.9509197473526001, 2.666515827178955, -0.025081679224967957
0.9560965299606323, 2.816567897796631, -0.023949768394231796
0.8531520366668701, 2.488813638687134, -0.013277615420520306
1.0490156412124634, 2.350978136062622, -0.01291603408753872
1.2247692346572876, 2.491891384124756, -0.02625708095729351
0.8621817827224731, 2.5931918621063232, -0.011656751856207848
0.9546155333518982, 2.791055917739868, -0.008360129781067371
1.394355297088623, 2.5248866081237793, -0.026083389297127724
1.3329014778137207, 2.635443687438965, -0.022402387112379074
1.1377828121185303, 2.6633453369140625, -0.022739587351679802
1.2301260232925415, 2.5266058444976807, -0.04178842529654503
1.234466314315796, 2.605970621109009, -0.022457236424088478
1.2149386405944824, 2.6497609615325928, -0.02268070913851261
1.116629958152771, 2.7085204124450684, -0.02383558638393879
0.9681152701377869, 2.7255373001098633, -0.02601212076842785
0.9329550862312317, 2.7102296352386475, -0.013756020925939083
0.8578832745552063, 2.6105117797851562, -0.02118789218366146
0.901740550994873, 2.725714683532715, -0.016301842406392097
0.8303270936012268, 2.516033887863159, -0.02253645285964012
0.9068471193313599, 2.750110149383545, -0.013815886341035366
0.8353732824325562, 2.5289337635040283, -0.01496806275099516
1.2974357604980469, 2.42531418800354, -0.021518558263778687
1.3597939014434814, 2.5404393672943115, -0.02026332914829254
1.3750581741333008, 2.4918389320373535, -0.021259047091007233
1.313307762145996, 2.382934093475342, -0.022759560495615005
1.05832040309906, 2.3869056701660156, -0.021717999130487442
1.0759755373001099, 2.4300482273101807, -0.022126801311969757
1.2165027856826782, 2.4990899562835693, -0.04148285463452339
1.0470387935638428, 2.3653666973114014, -0.024076906964182854
0.9503967761993408, 2.767589569091797, -0.014173370786011219
1.3501542806625366, 2.3731157779693604, -0.025653332471847534
0.9225269556045532, 2.799105405807495, -0.027064219117164612
0.925881028175354, 2.686520576477051, -0.014059589244425297
1.3017069101333618, 2.6356582641601562, -0.013028197921812534
1.0087356567382812, 2.4295079708099365, -0.023273790255188942
1.0977965593338013, 2.5629730224609375, -0.023443639278411865
1.0124262571334839, 2.3535287380218506, -0.013672762550413609
1.2123857736587524, 2.3298943042755127, -0.011830092407763004
0.7974134087562561, 2.5137879848480225, -0.013959964737296104
1.1966171264648438, 2.3081743717193604, -0.013497008010745049
0.871240496635437, 2.570033311843872, -0.028962761163711548
0.865356981754303, 2.6123228073120117, -0.021995337679982185
0.8539315462112427, 2.5901167392730713, -0.02353757806122303
0.9868727922439575, 2.7505853176116943, -0.012905921787023544
0.822536051273346, 2.5747060775756836, -0.009842665866017342
0.8074790239334106, 2.5504262447357178, -0.022399332374334335
0.8946375250816345, 2.4932799339294434, -0.023158613592386246
0.8657015562057495, 2.6341381072998047, -0.02414466068148613
0.9258787631988525, 2.6721396446228027, -0.011660801246762276
0.9294546842575073, 2.8165476322174072, -0.02286786213517189
1.0874103307724, 2.791501045227051, -0.02656366303563118
0.8694301247596741, 2.627690553665161, -0.014222046360373497
1.2264097929000854, 2.2669572830200195, -0.0263884998857975
1.0076627731323242, 2.6910688877105713, -0.024372756481170654
0.8977104425430298, 2.4078283309936523, -0.01640131324529648
0.8755096197128296, 2.430248498916626, -0.013329464010894299
0.9213111400604248, 2.785946846008301, -0.017435535788536072
0.9472841620445251, 2.4317281246185303, -0.012173710390925407
1.2557158470153809, 2.6331377029418945, -0.012220682576298714
1.0337181091308594, 2.331866502761841, -0.025214364752173424
1.290972113609314, 2.6293318271636963, -0.012909693643450737
0.8968441486358643, 2.6143805980682373, -0.015007325448095798
1.1616313457489014, 2.617825746536255, -0.022526323795318604
1.2480348348617554, 2.3996522426605225, -0.02142258733510971
0.9112363457679749, 2.7918055057525635, -0.02385558746755123
0.9455488920211792, 2.732008695602417, -0.011629239656031132
0.8238514065742493, 2.5945324897766113, -0.01082718838006258
0.8788679838180542, 2.689243793487549, -0.02308330312371254
0.9671221971511841, 2.391246795654297, -0.012007649056613445
0.9907582998275757, 2.7851459980010986, -0.027549615129828453
1.4065860509872437, 2.615435838699341, -0.024166662245988846
0.8966633081436157, 2.7317795753479004, -0.016665687784552574
0.9731062650680542, 2.7460086345672607, -0.0250520221889019
0.841717004776001, 2.6411831378936768, -0.02105410397052765
0.9329383969306946, 2.571833848953247, -0.0416027270257473
0.9542852640151978, 2.683488368988037, -0.01842607371509075
1.0716980695724487, 2.3302388191223145, -0.013828952796757221
0.8807440996170044, 2.6543686389923096, -0.012902172282338142
1.0374162197113037, 2.815030336380005, -0.042840879410505295
1.028760313987732, 2.3694231510162354, -0.01213410310447216
1.0926939249038696, 2.388399362564087, -0.012850482948124409
1.0138078927993774, 2.3700785636901855, -0.01348074059933424
0.871321439743042, 2.4473936557769775, -0.014623946510255337
1.066601037979126, 2.7485246658325195, -0.013617428950965405
0.8533448576927185, 2.4706671237945557, -0.014200537465512753
0.9048928618431091, 2.771083116531372, -0.025917747989296913
0.8919761180877686, 2.728447675704956, -0.024494465440511703
0.9221788644790649, 2.555135726928711, -0.03013918735086918
0.9071120619773865, 2.4890100955963135, -0.011679375544190407
0.8527733087539673, 2.585301637649536, -0.014363364316523075
1.1988894939422607, 2.3811357021331787, -0.021459147334098816
0.8763827681541443, 2.6731061935424805, -0.016720270738005638
0.8324042558670044, 2.64521861076355, -0.015911608934402466
1.1958743333816528, 2.37341046333313, -0.023211786523461342
0.8161704540252686, 2.4657294750213623, -0.026490120217204094
0.9904707074165344, 2.3884246349334717, -0.014277132228016853
0.8175885081291199, 2.6016268730163574, -0.022484134882688522
0.9624515771865845, 2.792881488800049, -0.013840273953974247
0.8379592895507812, 2.671213150024414, -0.01861690729856491
0.9658694267272949, 2.7780416011810303, -0.029516324400901794
1.3961378335952759, 2.582881212234497, -0.006501985248178244
0.7969091534614563, 2.5231549739837646, -0.01801121234893799
1.1306356191635132, 2.3083202838897705, -0.01396502461284399
1.1768425703048706, 2.273393154144287, -0.014362562447786331
0.9317996501922607, 2.7264907360076904, -0.015222128480672836
1.0580663681030273, 2.6528968811035156, -0.01099039614200592
1.1529172658920288, 2.6882858276367188, -0.014021682552993298
1.173388957977295, 2.5675365924835205, -0.0238827932626009
0.8499075174331665, 2.7097058296203613, -0.02677340805530548
0.8553149700164795, 2.6068289279937744, -0.017145246267318726
1.038557767868042, 2.427267551422119, -0.021178005263209343
1.2901842594146729, 2.268508195877075, -0.011360643431544304
0.9289581775665283, 2.3933632373809814, -0.015805402770638466
0.8795056343078613, 2.5698952674865723, -0.01658320426940918
1.3982861042022705, 2.6049742698669434, -0.016252588480710983
0.8379616737365723, 2.434487819671631, -0.018171416595578194
1.2765204906463623, 2.463358163833618, -0.01702631264925003
1.3316667079925537, 2.631662368774414, -0.012534070760011673
1.4282790422439575, 2.6337971687316895, -0.02296026609838009
1.3335814476013184, 2.642793655395508, -0.022818375378847122
1.0883772373199463, 2.7291579246520996, -0.014615697786211967
0.9512810707092285, 2.373548984527588, -0.014899090863764286
0.8928148150444031, 2.605055093765259, -0.024167537689208984
1.1963313817977905, 2.447935104370117, -0.011630821973085403
0.8839728236198425, 2.8080575466156006, -0.02320350520312786
1.2906520366668701, 2.469379425048828, -0.010849516838788986
0.7799306511878967, 2.467136859893799, -0.025817587971687317
1.075991153717041, 2.707523822784424, -0.013429539278149605
0.9181971549987793, 2.6896071434020996, -0.014782867394387722
1.1976289749145508, 2.7055130004882812, -0.027598701417446136
1.2984075546264648, 2.301457166671753, -0.02497078850865364
1.1844264268875122, 2.5002591609954834, -0.018532350659370422
1.444753646850586, 2.595405101776123, -0.007877728901803493
0.7766872644424438, 2.584768295288086, -0.021428581327199936
1.126482605934143, 2.352508068084717, -0.012099438346922398
