1.3473280668258667, 2.932300567626953, -0.14293020963668823
1.2945144176483154, 2.9498956203460693, -0.14496411383152008
1.3339529037475586, 2.933011054992676, -0.1440325677394867
1.28888738155365, 2.96779465675354, -0.14537601172924042
1.306983232498169, 2.951460123062134, -0.1460753232240677
1.3725863695144653, 2.914912700653076, -0.14438247680664062
1.3914923667907715, 2.951688289642334, -0.15190726518630981
1.2569096088409424, 2.9671974182128906, -0.14469027519226074
1.2491377592086792, 2.984224319458008, -0.14400863647460938
1.2881836891174316, 3.008122682571411, -0.1506652534008026
1.2740364074707031, 3.0134966373443604, -0.15254129469394684
1.4062526226043701, 2.890820026397705, -0.14118660986423492
1.4306368827819824, 2.912177324295044, -0.14454086124897003
1.2275197505950928, 2.9871511459350586, -0.14557385444641113
1.2484127283096313, 3.01416015625, -0.14707374572753906
1.432931661605835, 2.8660268783569336, -0.1400374323129654
1.4437694549560547, 2.8632960319519043, -0.14145402610301971
1.209124207496643, 3.032294750213623, -0.14598329365253448
1.2075892686843872, 3.0524044036865234, -0.15354971587657928
1.475272297859192, 2.8408358097076416, -0.14138704538345337
1.4743976593017578, 2.876119613647461, -0.14075493812561035
1.4906046390533447, 2.875261068344116, -0.1441369205713272
1.2561211585998535, 3.0736234188079834, -0.16377019882202148
1.5045807361602783, 2.8709185123443604, -0.14647118747234344
1.5291156768798828, 2.852200984954834, -0.14228598773479462
1.5355082750320435, 2.834397077560425, -0.1411418616771698
1.5517791509628296, 2.870018243789673, -0.147553488612175
1.2339015007019043, 3.0335936546325684, -0.15209370851516724
1.3115614652633667, 2.9899282455444336, -0.15171684324741364
1.1718212366104126, 3.0506653785705566, -0.1468254178762436
1.2665210962295532, 2.971261739730835, -0.14554087817668915
1.349544882774353, 2.9703245162963867, -0.15316256880760193
1.6328632831573486, 2.8511955738067627, -0.15082599222660065
1.2167785167694092, 2.9869704246520996, -0.1440819948911667
1.590481162071228, 2.872080087661743, -0.15061581134796143
1.1700248718261719, 3.016904592514038, -0.1424197107553482
1.5331974029541016, 2.868950366973877, -0.14363542199134827
1.250477910041809, 3.0292365550994873, -0.1499289870262146
1.4898170232772827, 2.911738157272339, -0.14750628173351288
1.1912455558776855, 3.049290895462036, -0.14920403063297272
1.3459382057189941, 2.9185218811035156, -0.14317823946475983
1.275888442993164, 2.954928159713745, -0.1411215215921402
1.6066234111785889, 2.8722383975982666, -0.14823539555072784
1.4699442386627197, 2.895421266555786, -0.14576411247253418
1.4959250688552856, 2.8912723064422607, -0.15026450157165527
1.1312264204025269, 3.052227735519409, -0.15061511099338531
1.3247554302215576, 2.9723024368286133, -0.1486607939004898
1.4526845216751099, 2.9082822799682617, -0.1461195945739746
1.1489347219467163, 3.0665202140808105, -0.1484876424074173
1.4470058679580688, 2.934400796890259, -0.1624460220336914
1.3680137395858765, 2.8894505500793457, -0.14070722460746765
1.365227222442627, 2.9533305168151855, -0.14837601780891418
1.5505356788635254, 2.90617299079895, -0.15168100595474243
1.188817024230957, 3.011052131652832, -0.14921800792217255
1.1499866247177124, 3.025503635406494, -0.14714927971363068
1.5896192789077759, 2.853870153427124, -0.14554478228092194
1.4063615798950195, 2.9292666912078857, -0.14747342467308044
1.6485002040863037, 2.852587938308716, -0.14927427470684052
1.2855106592178345, 2.9944233894348145, -0.14759410917758942
1.428855538368225, 2.8987886905670166, -0.14286571741104126
1.4694422483444214, 2.9530420303344727, -0.15064328908920288
1.3489607572555542, 3.011375665664673, -0.14932753145694733
1.4479705095291138, 2.9522860050201416, -0.14838550984859467
1.5358597040176392, 2.890455961227417, -0.14867037534713745
1.3911638259887695, 2.9269955158233643, -0.14791028201580048
1.3546252250671387, 2.95011305809021, -0.14866523444652557
1.2788712978363037, 3.02889084815979, -0.16295644640922546
1.4136948585510254, 2.90580677986145, -0.14939123392105103
1.5178672075271606, 2.8470656871795654, -0.14004144072532654
1.5891376733779907, 2.8792343139648438, -0.16180074214935303
1.3697655200958252, 2.92535662651062, -0.14670602977275848
1.386399507522583, 2.916598081588745, -0.14424863457679749
1.2894474267959595, 2.9357082843780518, -0.14255253970623016
1.4622070789337158, 2.8755922317504883, -0.13534508645534515
1.1685510873794556, 3.0771007537841797, -0.16180889308452606
1.0684454441070557, 3.0719778537750244, -0.15043161809444427
1.145500898361206, 3.015636920928955, -0.14241045713424683
1.3190417289733887, 3.006178379058838, -0.16674935817718506
1.456882119178772, 2.871063232421875, -0.13149458169937134
1.1832083463668823, 3.0770444869995117, -0.1464901566505432
1.317054033279419, 2.966451406478882, -0.14512525498867035
1.2840558290481567, 2.9177653789520264, -0.13161392509937286
1.3725874423980713, 2.9085991382598877, -0.13548986613750458
1.4326022863388062, 2.929880380630493, -0.14940042793750763
1.5422396659851074, 2.854706287384033, -0.13354700803756714
1.5084389448165894, 2.810671806335449, -0.12339989840984344
1.4327952861785889, 2.8517298698425293, -0.13351988792419434
1.47776460647583, 2.857898473739624, -0.13132250308990479
1.2495248317718506, 2.9453067779541016, -0.1344127506017685
1.3438538312911987, 2.9330172538757324, -0.13923025131225586
1.3629662990570068, 2.897221803665161, -0.12766866385936737
1.357560396194458, 2.888658046722412, -0.1244833916425705
1.2165871858596802, 2.979102849960327, -0.14210689067840576
1.2774734497070312, 2.9901251792907715, -0.14676713943481445
1.4254189729690552, 2.9123785495758057, -0.13857850432395935
1.4472604990005493, 2.930450677871704, -0.14959245920181274
1.467971920967102, 2.8339791297912598, -0.12065105885267258
1.3965263366699219, 2.87699556350708, -0.12722596526145935
1.4140616655349731, 2.8909718990325928, -0.12652376294136047
1.3062280416488647, 2.9482321739196777, -0.13604605197906494
1.5053046941757202, 2.887260913848877, -0.13785822689533234
1.238645315170288, 3.0092854499816895, -0.1456165611743927
1.5280812978744507, 2.837618589401245, -0.12566661834716797
1.5573818683624268, 2.8272042274475098, -0.1471083164215088
