0.44932112097740173, 0.9507104754447937, -0.00901336781680584
0.38979294896125793, 0.9296604990959167, -0.01014148723334074
0.38986194133758545, 0.9095444679260254, -0.009209333918988705
0.41005566716194153, 0.949535071849823, -0.009435874409973621
0.42938432097435, 0.9900643229484558, -0.009028631262481213
0.4496971368789673, 0.9895403385162354, -0.0090934531763196
0.3899138867855072, 0.9498766660690308, -0.009005489759147167
0.38956522941589355, 0.9699128270149231, -0.0088275745511055
0.409894198179245, 0.9895323514938354, -0.008083649910986423
0.40991145372390747, 0.9696754217147827, -0.008853524923324585
0.4296461045742035, 1.0094634294509888, -0.010032222606241703
0.3695577085018158, 0.8699676990509033, -0.008284172974526882
0.38847315311431885, 0.8706900477409363, -0.0084253353998065
0.36994045972824097, 0.9299660325050354, -0.010141461156308651
0.3504747748374939, 0.9297488331794739, -0.009624678641557693
0.369623064994812, 0.9497973918914795, -0.009934350848197937
0.34997716546058655, 0.8899351358413696, -0.008777406997978687
0.3902295231819153, 0.9898635745048523, -0.008765015751123428
0.35030126571655273, 0.8695581555366516, -0.008570089004933834
0.35005292296409607, 0.9697510004043579, -0.008801781572401524
0.3500487208366394, 0.9903355836868286, -0.009145534597337246
0.3300071060657501, 0.9098789691925049, -0.008946956135332584
0.32988011837005615, 0.8897455334663391, -0.008489614352583885
0.34978875517845154, 0.849830150604248, -0.00897273886948824
0.3297731876373291, 0.8697900176048279, -0.009165599942207336
0.33030498027801514, 0.9297520518302917, -0.009764084592461586
0.32985830307006836, 0.8499720096588135, -0.009021335281431675
0.3299714922904968, 0.9697116017341614, -0.009192806668579578
0.31000789999961853, 0.92963707447052, -0.0092780077829957
0.31014689803123474, 0.9098748564720154, -0.00912164431065321
0.3098558485507965, 0.8698702454566956, -0.008997715078294277
0.37004366517066956, 1.030379056930542, -0.009601655416190624
0.34975114464759827, 1.0302422046661377, -0.009033347479999065
0.33020690083503723, 1.0097891092300415, -0.008574926294386387
0.28883156180381775, 0.8698980212211609, 0.0026541955303400755
0.29005494713783264, 0.9098877310752869, -0.00961263570934534
0.290005624294281, 0.8699389696121216, -0.00882812961935997
0.290155827999115, 0.8896476030349731, -0.008594632148742676
0.3099963366985321, 0.8300153613090515, -0.00899652112275362
0.28996047377586365, 0.8499937057495117, -0.00932116899639368
0.29022398591041565, 0.8298840522766113, -0.008408394642174244
0.2698470652103424, 0.9098031520843506, -0.00939086638391018
0.26998740434646606, 0.8700962066650391, -0.00896537397056818
0.27000004053115845, 0.8894913792610168, -0.008705450221896172
0.2697976529598236, 0.8500264883041382, -0.009030124172568321
0.37039753794670105, 0.989832878112793, -0.008729023858904839
0.3094078004360199, 0.7894089221954346, 0.0031159864738583565
0.29038140177726746, 0.810024619102478, -0.008220609277486801
0.2698568105697632, 0.8300419449806213, -0.008775328285992146
0.25055748224258423, 0.8489059209823608, 0.0027807278092950583
0.2498999983072281, 0.8495097756385803, -0.008979259058833122
0.25026121735572815, 0.9097731709480286, -0.009067434817552567
0.2909969985485077, 0.7885129451751709, 0.0035087300930172205
0.27011799812316895, 0.8099228143692017, -0.00855614896863699
0.2904786169528961, 0.7896386981010437, -0.008065219968557358
0.2499108910560608, 0.8296762108802795, -0.008934476412832737
0.2501126229763031, 0.8096311092376709, -0.008565466850996017
0.22999031841754913, 0.8500199317932129, -0.009222527034580708
0.25008541345596313, 0.7894808053970337, -0.008714372292160988
0.26985692977905273, 0.7696056962013245, -0.008297418244183064
0.21026001870632172, 0.8502448797225952, -0.008771643042564392
0.22997678816318512, 0.7895871996879578, -0.008304459042847157
0.25009292364120483, 0.7698851227760315, -0.008383876644074917
0.21002715826034546, 0.8089317083358765, 0.003184756962582469
0.24963587522506714, 0.7494259476661682, 0.002981988713145256
0.19029627740383148, 0.8500033617019653, -0.009049084037542343
0.24992454051971436, 0.7292560338973999, 0.0032124174758791924
0.19013211131095886, 0.7898474335670471, -0.00791072566062212
0.19018810987472534, 0.7499416470527649, 0.003252343274652958
0.3699539005756378, 0.9698007106781006, -0.009589402936398983
0.1903260499238968, 0.8098073601722717, -0.008032985031604767
0.33038532733917236, 0.9495635628700256, -0.00957757979631424
0.20976445078849792, 0.7499372363090515, 0.0026771335396915674
0.22972017526626587, 0.8896494507789612, -0.00937314610928297
0.24951303005218506, 0.8099352121353149, 0.0032046595588326454
0.31008169054985046, 0.9494211673736572, -0.009477132931351662
0.20975717902183533, 0.7699150443077087, 0.002735334914177656
0.349884957075119, 1.009600281715393, -0.008017368614673615
0.30993810296058655, 0.8497316241264343, -0.008848370052874088
0.3098202347755432, 0.7901226878166199, -0.00819590874016285
0.30989059805870056, 0.9694716334342957, -0.009513520635664463
0.20990684628486633, 0.829804539680481, -0.008804505690932274
0.19049286842346191, 0.7698752880096436, 0.0026602207217365503
0.24992398917675018, 0.8286436796188354, 0.0028096232563257217
0.4301796853542328, 0.9697128534317017, -0.008293179795145988
0.26985615491867065, 0.789741039276123, -0.008273746818304062
0.23096586763858795, 0.7888675332069397, 0.002715492621064186
0.17003081738948822, 0.7898098230361938, -0.008180747739970684
0.25019481778144836, 0.8897257447242737, -0.009108144789934158
0.17096030712127686, 0.8095554709434509, 0.0027640284970402718
0.2502405047416687, 0.7898288369178772, 0.0033644798677414656
0.29018065333366394, 0.9697001576423645, -0.009568917565047741
0.33082544803619385, 1.0287224054336548, -0.009556968696415424
0.23015515506267548, 0.830043613910675, -0.008801467716693878
0.28967511653900146, 0.9498266577720642, -0.009545130655169487
0.189528226852417, 0.8297309875488281, -0.008478652685880661
0.3472502827644348, 1.031756043434143, -0.021863264963030815
0.28907689452171326, 0.7507483959197998, -0.009006120264530182
0.20977233350276947, 0.7896730303764343, -0.008493066765367985
0.17022547125816345, 0.7695648670196533, -0.008647015318274498
0.21035511791706085, 0.7701897621154785, -0.00850127637386322
0.18997280299663544, 0.7496129274368286, -0.008986501954495907
0.1912144422531128, 0.7690662741661072, -0.02185250259935856
0.13157010078430176, 0.8096269369125366, -0.009896261617541313
0.2301545888185501, 0.8096156716346741, -0.00810207799077034
0.369804322719574, 0.8906084299087524, -0.008901787921786308
0.36924871802330017, 0.8506876230239868, -0.008968452922999859
0.41100776195526123, 0.9294178485870361, 0.0034650645684450865
0.2111014872789383, 0.8895220756530762, -0.010039185173809528
0.4098857343196869, 0.9102981090545654, -0.009603793732821941
0.39176616072654724, 1.012534737586975, -0.021284328773617744
0.2699166238307953, 0.7494837045669556, -0.008630556054413319
0.31008872389793396, 0.8895561099052429, -0.008725370280444622
0.23076672852039337, 0.7292121648788452, 0.00356454704888165
0.30959630012512207, 0.8291688561439514, 0.0022940263152122498
0.24935922026634216, 0.7096870541572571, 0.0030883930157870054
0.3092799782752991, 0.8106955289840698, 0.0022827591747045517
0.2898634374141693, 0.7705641984939575, 0.00330268288962543
0.3696056604385376, 0.9895877242088318, -0.021461354568600655
0.26972895860671997, 0.9297686219215393, -0.009623010642826557
0.3499920964241028, 0.849981427192688, 0.0025499260518699884
0.2502393126487732, 0.7296344041824341, -0.008378290571272373
0.23002375662326813, 0.7298309803009033, -0.008311549201607704
0.329943984746933, 0.8298205733299255, -0.008824242278933525
0.2298285812139511, 0.7496702075004578, -0.008749101310968399
0.3501337766647339, 0.9099512696266174, -0.009189977310597897
0.46878671646118164, 0.9884933829307556, -0.010630369186401367
0.2312885969877243, 0.7305893898010254, -0.021788129583001137
0.2687869071960449, 0.7302323579788208, -0.008649984374642372
0.3702484965324402, 1.0098592042922974, -0.008170410990715027
0.2898856997489929, 0.929958164691925, -0.009231745265424252
0.3506457209587097, 0.9100503921508789, 0.0018429007614031434
0.2500818073749542, 0.770020067691803, 0.0026172774378210306
0.25021255016326904, 0.7499497532844543, -0.008806287311017513
0.4530618488788605, 0.96449875831604, -0.022327877581119537
0.3307419717311859, 0.8296957015991211, 0.0023824009113013744
0.30999982357025146, 0.9103557467460632, 0.0024255907628685236
0.33001890778541565, 0.8480706214904785, 0.0024678867775946856
0.25012603402137756, 0.9296107292175293, -0.009840024635195732
0.2294205129146576, 0.8296477794647217, 0.0024688171688467264
0.2901104688644409, 0.7697004675865173, -0.008241183124482632
0.448306679725647, 0.9916306734085083, -0.02142247185111046
0.3295612633228302, 0.927733838558197, 0.0023059085942804813
0.2695750594139099, 0.8704826831817627, 0.0029559063259512186
0.26943090558052063, 0.8288519382476807, 0.002389119006693363
0.21019096672534943, 0.7499241828918457, -0.008854872547090054
0.390353798866272, 1.0099154710769653, -0.008923178538680077
0.2506452798843384, 0.8893216252326965, 0.002414266113191843
0.2104613184928894, 0.7898579835891724, 0.002750661224126816
0.4489697217941284, 1.008162260055542, -0.012020068243145943
0.3498970568180084, 0.9282885193824768, 0.0023631732910871506
0.25138556957244873, 0.7294989824295044, -0.02276693657040596
0.15003646910190582, 0.8097085952758789, -0.009072510525584221
0.2691405117511749, 0.7501830458641052, 0.0032478186767548323
0.3920312523841858, 0.9717392921447754, -0.02210245281457901
0.36989179253578186, 0.9099736213684082, -0.009051579982042313
0.21046771109104156, 0.7478546500205994, -0.022128811106085777
0.2908438444137573, 0.8289860486984253, 0.002164361532777548
0.1695939302444458, 0.7699820399284363, 0.002633356489241123
0.39148542284965515, 0.9299318194389343, 0.0030140120070427656
0.47249236702919006, 0.9921667575836182, -0.023577263578772545
0.4501379132270813, 0.9697194695472717, -0.008298547938466072
0.3893246352672577, 0.9507079124450684, 0.0033707094844430685
0.36972856521606445, 0.9716329574584961, 0.0022280928678810596
0.3498903512954712, 0.9498090147972107, -0.009422180242836475
0.3694315254688263, 1.0726362466812134, -0.023607606068253517
0.29112762212753296, 0.9285224080085754, 0.0019953695591539145
0.35029006004333496, 1.0496952533721924, -0.010167500004172325
0.4101240336894989, 1.0100950002670288, -0.00939069502055645
0.1900426745414734, 0.7695789933204651, -0.008132632821798325
0.33002105355262756, 0.8097683191299438, 0.0022342409938573837
0.21026374399662018, 0.8098319172859192, -0.008389219641685486
0.17107780277729034, 0.8677604794502258, -0.010202215984463692
0.23039786517620087, 0.8096897602081299, 0.003260534256696701
0.2313513159751892, 0.948408305644989, -0.01067275833338499
0.30925822257995605, 0.8494532704353333, 0.002086271997541189
0.33061301708221436, 1.0488836765289307, -0.010079395025968552
0.38892418146133423, 0.8907886147499084, 0.0019579834770411253
0.370302677154541, 0.8908098340034485, 0.0015305792912840843
0.32980096340179443, 0.8103792667388916, -0.008957410231232643
0.20825178921222687, 0.8700305223464966, 0.0020108746830374002
0.1481373906135559, 0.8113917708396912, -0.02170618250966072
0.42973801493644714, 0.9500356912612915, -0.008923451416194439
0.3699306547641754, 1.0496476888656616, -0.009650473482906818
0.4092450737953186, 1.0288903713226318, -0.010131181217730045
0.17226667702198029, 0.8879514336585999, -0.01196112111210823
0.2299434244632721, 0.8697988390922546, -0.009149235673248768
0.38990718126296997, 0.8899922966957092, -0.009215562604367733
0.13015109300613403, 0.8084479570388794, 0.00280716922134161
0.29164615273475647, 0.9697943925857544, 0.0017756002489477396
0.3317282497882843, 1.0677552223205566, -0.01010363269597292
0.4513440430164337, 1.0100786685943604, -0.02364865131676197
0.190781831741333, 0.7897226810455322, 0.0030979192815721035
0.22974641621112823, 0.7486965656280518, 0.0027250265702605247
0.1303337961435318, 0.7699459195137024, 0.0028798652347177267
0.38991081714630127, 1.0300322771072388, -0.009317439049482346
0.14988461136817932, 0.7895829081535339, -0.008171681314706802
0.30988502502441406, 0.8099847435951233, -0.008510096929967403
0.2300311028957367, 0.7095850706100464, -0.00840649101883173
0.2093389630317688, 0.9110122919082642, 0.0026115081273019314
0.2902891933917999, 0.889611005783081, 0.0027030971832573414
0.230292409658432, 0.7097846865653992, 0.0032673205714672804
0.22963730990886688, 0.770077109336853, 0.0026008605491369963
0.26990675926208496, 0.8882145285606384, 0.0029350363183766603
0.14942549169063568, 0.7696352601051331, 0.003311562119051814
0.2301967889070511, 0.7697108387947083, -0.009036559611558914
0.21092937886714935, 0.9093872904777527, -0.009554100222885609
0.23222190141677856, 0.9682486653327942, -0.010722686536610126
0.17083974182605743, 0.8704277276992798, 0.0019267200259491801
0.28878435492515564, 0.9504311084747314, 0.0015709856525063515
0.23061169683933258, 0.8693913221359253, 0.0023591755889356136
0.3699387013912201, 0.8689929246902466, 0.002795265754684806
0.17015095055103302, 0.8300409913063049, -0.009088762104511261
0.15286612510681152, 0.8671726584434509, -0.011105818673968315
0.2495042383670807, 0.7097026705741882, -0.008700534701347351
0.31123271584510803, 1.0487265586853027, -0.010113570839166641
0.19078503549098969, 0.888573408126831, -0.010391616262495518
0.2127910554409027, 0.947155773639679, -0.0112385805696249
0.3095035254955292, 0.9489052295684814, 0.002024813322350383
0.28999844193458557, 0.8095882534980774, 0.0027407794259488583
0.250038743019104, 0.8694291114807129, -0.008932863362133503
0.251337468624115, 0.9886875748634338, -0.01102486252784729
0.3918050527572632, 0.8902690410614014, -0.023708410561084747
0.1701039969921112, 0.809756875038147, -0.008517347276210785
0.42917945981025696, 0.9486551284790039, 0.002377130789682269
0.29110607504844666, 1.0093181133270264, -0.008946995250880718
0.13277389109134674, 0.846705973148346, -0.010823731310665607
0.40994805097579956, 0.9293097853660583, -0.00915129017084837
0.3113839626312256, 0.8897157907485962, -0.021832456812262535
0.15074391663074493, 0.8287081122398376, -0.009881792590022087
0.3485530614852905, 0.9722984433174133, 0.0021514128893613815
0.46890413761138916, 0.9700636863708496, -0.008779279887676239
0.1904233992099762, 0.8915970325469971, 0.0021360651589930058
0.17095528542995453, 0.7506477236747742, -0.009508307091891766
0.21001505851745605, 0.8288120031356812, 0.0027597404550760984
0.19134323298931122, 0.7309495210647583, -0.009306348860263824
0.2493373155593872, 0.9086048007011414, 0.002860845997929573
0.1312190741300583, 0.7901336550712585, -0.008941343985497952
0.1504145860671997, 0.809269905090332, 0.002522457856684923
0.20954756438732147, 0.849180281162262, 0.002507378812879324
0.3301863968372345, 0.9903781414031982, -0.009359866380691528
0.349063515663147, 0.830202043056488, -0.00945997517555952
0.313048392534256, 1.0672004222869873, -0.01157841831445694
0.3299776315689087, 0.9523711204528809, 0.001502878381870687
0.23504526913166046, 0.9851306080818176, -0.012138167396187782
0.38857948780059814, 1.0092785358428955, 0.0016065825475379825
0.29011914134025574, 0.910528838634491, 0.0026456606574356556
0.43136778473854065, 0.9715926647186279, 0.002874844940379262
0.2903127074241638, 0.890122652053833, -0.021882526576519012
0.2940285801887512, 1.0638786554336548, -0.012320672161877155
0.3891652524471283, 0.9065591096878052, 0.001871397951617837
0.26979386806488037, 0.789177656173706, 0.003056327812373638
0.2703486680984497, 0.9889538288116455, -0.00982165988534689
0.26994234323501587, 0.8508694767951965, 0.0028883786872029305
0.14981038868427277, 0.8297290205955505, 0.0027657276950776577
0.4299207329750061, 0.9868198037147522, 0.0018987527582794428
0.27081623673439026, 0.7700498104095459, 0.0035978187806904316
0.42655715346336365, 0.9497648477554321, -0.021971864625811577
0.133569598197937, 0.8651439547538757, -0.01126767136156559
0.150787353515625, 0.7705201506614685, -0.008531322702765465
0.38952112197875977, 1.0487782955169678, -0.010342289693653584
0.3145977854728699, 1.048150897026062, 0.0011295726289972663
0.29182031750679016, 1.0462751388549805, 9.800612460821867E-4
0.17194853723049164, 0.888003408908844, 0.0027593765407800674
0.2705828845500946, 1.008847713470459, 0.0023646652698516846
0.2519493103027344, 1.008048176765442, 4.5185312046669424E-5
0.41338860988616943, 0.918785035610199, 0.001676718587987125
0.3512953817844391, 0.87201327085495, 0.0032967294100672007
0.248558908700943, 0.9850975871086121, 0.001681949128396809
0.31421488523483276, 1.0857795476913452, -0.011776591651141644
0.28949424624443054, 1.0097682476043701, 0.0035699044819921255
0.2645520567893982, 0.7337639927864075, 0.003996619954705238
0.36459192633628845, 1.0284390449523926, 0.0013910699635744095
0.28096625208854675, 0.7547347545623779, 0.002219748916104436
0.2308187335729599, 0.9094770550727844, -0.009489413350820541
0.228024423122406, 0.8901997804641724, -0.021671248599886894
