0.05768119543790817, 1.2732787132263184, -0.12685415148735046
0.07294546067714691, 1.3091999292373657, -0.11495239287614822
0.013719833455979824, 1.1100164651870728, -0.12563377618789673
0.05108125880360603, 1.2659387588500977, -0.1161995381116867
0.0385475717484951, 1.1876217126846313, -0.04946503788232803
0.09100182354450226, 1.3698972463607788, -0.10989774018526077
0.08975430577993393, 1.4120564460754395, -0.07435238361358643
0.0501503050327301, 1.1927802562713623, -0.04986802488565445
0.04968578368425369, 1.2088112831115723, -0.04901042580604553
0.013676348142325878, 1.0930829048156738, -0.09274999797344208
0.033269692212343216, 1.17088782787323, -0.06756811589002609
0.05379267781972885, 1.248500108718872, -0.08890949934720993
0.05626260116696358, 1.2690566778182983, -0.07219242304563522
0.05396907031536102, 1.2285724878311157, -0.07163341343402863
0.051535312086343765, 1.2074401378631592, -0.07176260650157928
0.0335114449262619, 1.1690202951431274, -0.11242417991161346
0.09169308841228485, 1.3730261325836182, -0.09134270995855331
0.07213792949914932, 1.3280292749404907, -0.1155761256814003
0.05220916122198105, 1.2296638488769531, -0.0256832055747509
0.05901483818888664, 1.2855653762817383, -0.043950580060482025
0.03190020099282265, 1.1704003810882568, -0.09262895584106445
0.0563029944896698, 1.2650327682495117, -0.04789376258850098
0.01841730624437332, 1.1296207904815674, -0.07610705494880676
0.030282828956842422, 1.1093099117279053, -0.13003264367580414
0.05373535305261612, 1.2292225360870361, -0.05425029620528221
0.013899770565330982, 1.1057541370391846, -0.08960866183042526
0.016268055886030197, 1.1066231727600098, -0.07151981443166733
0.05241330340504646, 1.2054418325424194, -0.09210453927516937
0.0317632295191288, 1.1508914232254028, -0.09061429649591446
0.0912725105881691, 1.3872714042663574, -0.10955667495727539
0.05188028886914253, 1.2490696907043457, -0.0683438777923584
0.0359300933778286, 1.188560962677002, -0.07139667123556137
0.053743574768304825, 1.2272669076919556, -0.09325884282588959
0.0546099878847599, 1.249535083770752, -0.11182954907417297
0.01321176253259182, 1.1062266826629639, -0.11354602873325348
0.031923726201057434, 1.1513879299163818, -0.06983210891485214
0.09490757435560226, 1.3876748085021973, -0.07135124504566193
0.09032925218343735, 1.4102662801742554, -0.028341544792056084
0.006680281832814217, 1.0652997493743896, -0.0667250007390976
0.014835815876722336, 1.0657975673675537, -0.049365364015102386
0.012212351895868778, 1.0887653827667236, -0.11367867887020111
0.07020511478185654, 1.310012698173523, -0.00910119153559208
0.01579979807138443, 1.0863580703735352, -0.055430732667446136
0.029983429238200188, 1.1276148557662964, -0.029734818264842033
0.06656669080257416, 1.29584801197052, 0.001057662651874125
0.02921588346362114, 1.12971031665802, -0.009183990769088268
0.017302583903074265, 1.155845046043396, -0.10401199012994766
0.07663053274154663, 1.3506654500961304, -0.05120483785867691
0.0934678167104721, 1.3881319761276245, -0.0493464358150959
0.01947810687124729, 1.151145339012146, -0.09755794703960419
0.05268653482198715, 1.2561604976654053, -0.050721704959869385
0.08030801266431808, 1.3757644891738892, -0.06172717362642288
