0.7112200856208801, 2.1900649070739746, -0.01084101665765047
0.7071585059165955, 2.150442361831665, -0.009473450481891632
0.6883497834205627, 2.1710011959075928, -0.011634311638772488
0.6715031862258911, 2.1703507900238037, -0.011863593943417072
0.7322517037391663, 2.190984010696411, -0.012574502266943455
0.7289826273918152, 2.210631847381592, -0.01180271152406931
0.669613242149353, 2.1895697116851807, -0.0109837232157588
0.6919203996658325, 2.1486287117004395, -0.012295346707105637
0.6894549131393433, 2.2093610763549805, -0.011878696270287037
0.711118221282959, 2.2096774578094482, -0.01104686502367258
0.7278183102607727, 2.2299773693084717, -0.011775268241763115
0.7721139192581177, 2.208456039428711, -0.010835621505975723
0.6713005304336548, 2.149681568145752, -0.011907597072422504
0.6531089544296265, 2.1897146701812744, -0.011061236262321472
0.6507427096366882, 2.1702773571014404, -0.01077247317880392
0.6478323936462402, 2.130094528198242, -0.011883921921253204
0.7519741654396057, 2.248046636581421, -0.01156100444495678
0.769996702671051, 2.2289223670959473, -0.012448903173208237
0.6923354268074036, 2.249438524246216, -0.012666543945670128
0.6288461089134216, 2.129514217376709, -0.012144236825406551
0.6487449407577515, 2.110579252243042, -0.012070032767951488
0.6310483813285828, 2.0894689559936523, -0.01170350518077612
0.5914061665534973, 2.1500492095947266, -0.013037823140621185
0.6086642146110535, 2.0697109699249268, -0.010736200027167797
0.5712332129478455, 2.0693721771240234, -0.010180735029280186
0.5505885481834412, 2.0710487365722656, -0.011330355890095234
0.570733904838562, 2.090315341949463, -0.010774078778922558
0.530724287033081, 2.109222173690796, -0.01196259818971157
0.5936180353164673, 2.089921474456787, -0.021667050197720528
0.7093510627746582, 2.1715922355651855, -0.010778261348605156
0.6885875463485718, 2.1909327507019043, -0.011674491688609123
0.6082157492637634, 2.1294901371002197, -0.0226671751588583
0.6103968024253845, 2.148852825164795, -0.012370336800813675
0.7328987121582031, 2.186507225036621, -0.02398318238556385
0.5467844009399414, 2.108551263809204, -0.02285490557551384
0.6506026983261108, 2.130405902862549, -0.023319952189922333
0.590178906917572, 2.069072723388672, -0.010753191076219082
0.5905005931854248, 2.1257271766662598, -0.022338401526212692
0.6301343441009521, 2.1091558933258057, -0.0253955889493227
0.628572404384613, 2.1705079078674316, -0.010848047211766243
0.5702471137046814, 2.1502251625061035, -0.01246994361281395
0.7298911213874817, 2.2083048820495605, -0.022761309519410133
0.5703327059745789, 2.0498297214508057, -0.010990635491907597
0.6089215874671936, 2.1703336238861084, -0.010834653861820698
0.729422926902771, 2.249197006225586, -0.010729821398854256
0.5911434292793274, 2.049961805343628, -0.011653414927423
0.6121735572814941, 2.0908679962158203, -0.022828830406069756
0.5878028869628906, 2.089301109313965, -0.010160467587411404
0.6678311824798584, 2.210200786590576, -0.012277279049158096
0.7317132353782654, 2.1694583892822266, -0.011466299183666706
0.6103163957595825, 2.1080405712127686, -0.011863701045513153
0.6118261218070984, 2.1297216415405273, -0.012004941701889038
0.7076222896575928, 2.250185489654541, -0.01156008429825306
0.5697060227394104, 2.111457347869873, -0.011002346873283386
0.6505290865898132, 2.2094688415527344, -0.011435969732701778
0.5481815338134766, 2.126058578491211, -0.021710727363824844
0.6678807735443115, 2.126011610031128, -0.02527303621172905
0.6510515213012695, 2.151616334915161, -0.024687841534614563
0.571811854839325, 2.0730173587799072, -0.021592792123556137
0.6108037829399109, 2.1713154315948486, -0.023039191961288452
0.60957932472229, 2.0887155532836914, -0.011140014976263046
0.672295093536377, 2.2104415893554688, -0.021988149732351303
0.7494008541107178, 2.212660789489746, -0.02189530059695244
0.7357321977615356, 2.225799560546875, -0.02151171863079071
0.7100409269332886, 2.2273669242858887, -0.011764110997319221
0.67267245054245, 2.164388418197632, -0.02336226962506771
0.7722174525260925, 2.277177333831787, -0.021674420684576035
0.7362238168716431, 2.2467422485351562, -0.022511102259159088
0.569669783115387, 2.1310672760009766, -0.02307746186852455
0.5508264303207397, 2.0288734436035156, -0.02158384956419468
0.7313590049743652, 2.2689273357391357, -0.012250007130205631
0.548912763595581, 2.131052017211914, -0.011673077009618282
0.6078529357910156, 2.190511465072632, -0.011465718038380146
0.5282366871833801, 2.0490050315856934, -0.011047879233956337
0.5522621870040894, 2.0902206897735596, -0.010353287681937218
0.595529317855835, 2.11138653755188, -0.02289699763059616
0.5909679532051086, 2.1299057006835938, -0.012685922905802727
0.6633001565933228, 2.180713653564453, -0.02113337256014347
0.591111421585083, 2.172569513320923, -0.022286461666226387
0.7848604917526245, 2.23197078704834, -0.022294145077466965
0.6499613523483276, 2.1492044925689697, -0.010540373623371124
0.7730885148048401, 2.22910213470459, -0.025637328624725342
0.6922774314880371, 2.229492664337158, -0.011399599723517895
0.7517693638801575, 2.22568678855896, -0.022708410397171974
0.5276359915733337, 2.087965250015259, -0.021662328392267227
0.5101748704910278, 2.116640567779541, -0.022908732295036316
0.6276361346244812, 2.173135280609131, -0.021631678566336632
0.7477428317070007, 2.2114458084106445, -0.01134557742625475
0.6308122873306274, 2.1902780532836914, -0.010139715857803822
0.6701039671897888, 2.1310901641845703, -0.01169941108673811
0.7507176399230957, 2.230407953262329, -0.012036578729748726
0.5882547497749329, 2.1088626384735107, -0.010580197907984257
0.6292844414710999, 2.153003454208374, -0.02246568724513054
0.707638680934906, 2.270125389099121, -0.011079364456236362
0.7703295350074768, 2.190695285797119, -0.011557274498045444
0.5486109852790833, 2.1489107608795166, -0.022387675940990448
0.6667344570159912, 2.2278075218200684, -0.021277036517858505
0.5928723812103271, 2.170431137084961, -0.013265009969472885
0.5671848058700562, 2.1306331157684326, -0.011404075659811497
0.7128522992134094, 2.1928365230560303, -0.023003775626420975
0.5710154175758362, 2.1491892337799072, -0.022314654663205147
0.6118075847625732, 2.1109111309051514, -0.0218197014182806
0.6515820622444153, 2.168916940689087, -0.022208834066987038
0.7103492021560669, 2.275844097137451, -0.023457171395421028
0.7126588225364685, 2.2932002544403076, -0.021016309037804604
0.6301242709159851, 2.1901252269744873, -0.020537059754133224
0.511407196521759, 2.0861752033233643, -0.022040430456399918
0.6885964870452881, 2.270085334777832, -0.011617127805948257
0.5910249352455139, 2.1892356872558594, -0.011740108951926231
0.6476866006851196, 2.2316014766693115, -0.012737550772726536
0.7085748910903931, 2.1732499599456787, -0.022359469905495644
0.5702499151229858, 2.1697840690612793, -0.012395210564136505
0.6318673491477966, 2.2088375091552734, -0.01058369129896164
0.5279406309127808, 2.133354663848877, -0.023216530680656433
0.5331395268440247, 2.130666494369507, -0.012155144475400448
0.7129554748535156, 2.250603675842285, -0.021155260503292084
0.5473101139068604, 2.168706178665161, -0.012396414764225483
0.552212119102478, 2.110034704208374, -0.01135067269206047
0.6288819313049316, 2.1505956649780273, -0.012063712812960148
0.5704871416091919, 2.1669740676879883, -0.02256958559155464
0.5131742358207703, 2.0728766918182373, -0.02191832847893238
0.5489508509635925, 2.050865888595581, -0.02230566181242466
0.7345350980758667, 2.2895350456237793, -0.02256300486624241
0.5464403033256531, 2.14906907081604, -0.009935872629284859
0.6707669496536255, 2.250554084777832, -0.012151751667261124
0.5729472041130066, 2.189387321472168, -0.012285154312849045
0.5876423120498657, 2.14447021484375, -0.02122696116566658
0.5105674862861633, 2.1108226776123047, -0.012131125666201115
0.5086755752563477, 2.129190683364868, -0.023841960355639458
0.5286251902580261, 2.150196075439453, -0.023898500949144363
0.48857882618904114, 2.1102094650268555, -0.02260001190006733
0.6073178052902222, 2.210176944732666, -0.011202974244952202
0.6103760004043579, 2.211737871170044, -0.02266739495098591
0.6342307925224304, 2.2106621265411377, -0.021350545808672905
0.512666642665863, 2.151768684387207, -0.022440699860453606
0.7095403075218201, 2.290452718734741, -0.012099510990083218
0.5287606716156006, 2.068136215209961, -0.022306246683001518
0.49018028378486633, 2.1318519115448, -0.023866768926382065
0.5113893747329712, 2.1306381225585938, -0.011744474992156029
0.48771268129348755, 2.147972822189331, -0.023732881993055344
0.671340823173523, 2.244140148162842, -0.021677421405911446
0.6510692238807678, 2.2078516483306885, -0.02172323316335678
0.6330450177192688, 2.230195999145508, -0.011900785379111767
0.6143813133239746, 2.147740364074707, -0.02263529598712921
0.5084831118583679, 2.0899851322174072, -0.010728985071182251
0.5475000739097595, 2.189804792404175, -0.023231519386172295
0.5752210021018982, 2.2090344429016113, -0.011362968944013119
0.5315747857093811, 2.150418758392334, -0.01253813412040472
0.6437190771102905, 2.229125738143921, -0.023720333352684975
0.6109058260917664, 2.228837251663208, -0.011122683994472027
0.6962726712226868, 2.1669857501983643, -0.029410436749458313
0.5294033885002136, 2.1136417388916016, -0.020768357440829277
0.694128692150116, 2.2517480850219727, -0.021945200860500336
0.5888046026229858, 2.209911584854126, -0.011970540508627892
0.6314198970794678, 2.2506296634674072, -0.012455292046070099
0.6886745691299438, 2.2718284130096436, -0.02716129645705223
0.6086606979370117, 2.194765567779541, -0.023817189037799835
0.4896107316017151, 2.128986358642578, -0.011699081398546696
0.6903911232948303, 2.237562894821167, -0.021241359412670135
0.6868228912353516, 2.2935101985931396, -0.010450830683112144
0.7065869569778442, 2.1559629440307617, -0.027633601799607277
0.5689756870269775, 2.2058839797973633, -0.02276427485048771
0.45677539706230164, 2.105386734008789, -0.0218877624720335
0.45526784658432007, 2.0904791355133057, -0.023191925138235092
0.7476376295089722, 2.2849273681640625, -0.0206683911383152
0.6336883306503296, 2.2326877117156982, -0.02302412874996662
0.550469160079956, 2.088573455810547, -0.023147210478782654
0.5121369957923889, 2.1503915786743164, -0.012254182249307632
0.6321726441383362, 2.254218101501465, -0.022710463032126427
0.6986410021781921, 2.297306537628174, -0.021089468151330948
0.4886319637298584, 2.070681571960449, -0.012811138294637203
0.6350070834159851, 2.270569086074829, -0.021780788898468018
0.43107715249061584, 2.109814405441284, -0.023035189136862755
0.6474366784095764, 2.2511866092681885, -0.012260554358363152
0.584620475769043, 2.230013132095337, -0.011830748990178108
0.5270112752914429, 2.1715171337127686, -0.010562233626842499
0.6248870491981506, 2.2684037685394287, -0.012043718248605728
0.5851943492889404, 2.2218716144561768, -0.0218787994235754
0.6734136939048767, 2.26969575881958, -0.010324201546609402
0.6484003663063049, 2.2495522499084473, -0.026822088286280632
0.7271437048912048, 2.335012435913086, -0.021461227908730507
0.5497426986694336, 2.1725709438323975, -0.026531299576163292
0.6339794397354126, 2.1372416019439697, -0.024716529995203018
0.46554601192474365, 2.130856513977051, -0.01332219410687685
0.5521572828292847, 2.210407257080078, -0.01259974017739296
0.6517752408981323, 2.290912389755249, -0.02226862497627735
0.6649415493011475, 2.3114116191864014, -0.011439981870353222
0.6716613173484802, 2.2660164833068848, -0.023212475702166557
0.6483399271965027, 2.2697482109069824, -0.011509220115840435
0.5153054594993591, 2.1677663326263428, -0.014740463346242905
0.6128268837928772, 2.2475173473358154, -0.012968437746167183
0.5701074600219727, 2.091820001602173, -0.021491987630724907
0.5914236903190613, 2.207035779953003, -0.022213801741600037
0.5244025588035583, 2.1905391216278076, -0.010760433971881866
0.49028313159942627, 2.149080276489258, -0.012678323313593864
0.5485755205154419, 2.189272880554199, -0.01231034379452467
0.6869080662727356, 2.3124234676361084, -0.010901705361902714
0.6918960809707642, 2.2166554927825928, -0.020931560546159744
0.7097545862197876, 2.239593982696533, -0.025880245491862297
0.49293580651283264, 2.170062780380249, -0.012839495204389095
0.6178290843963623, 2.2768118381500244, -0.021299829706549644
0.5486478209495544, 2.0668752193450928, -0.021779080852866173
0.5122656226158142, 2.1895816326141357, -0.013960604555904865
0.5659737586975098, 2.2424654960632324, -0.020118052139878273
0.6094443202018738, 2.232555627822876, -0.022204283624887466
0.4136262834072113, 2.1087148189544678, -0.02417227439582348
0.6905499696731567, 2.329235553741455, -0.011844661086797714
0.6556111574172974, 2.3091540336608887, -0.011466079391539097
0.516711413860321, 2.1696765422821045, -0.022942248731851578
0.4648996591567993, 2.1498770713806152, -0.013259557075798512
0.5553896427154541, 2.2299509048461914, -0.01283762976527214
0.44866693019866943, 2.130077362060547, -0.0141952745616436
0.5278083682060242, 2.1935062408447266, -0.023465605452656746
0.5730466842651367, 2.225482940673828, -0.022042201831936836
0.5869684219360352, 2.2514419555664062, -0.012814902700483799
0.6748349666595459, 2.2885074615478516, -0.024324966594576836
0.713952362537384, 2.2114741802215576, -0.021177098155021667
0.5973707437515259, 2.1822879314422607, -0.021992186084389687
0.772508442401886, 2.2088146209716797, -0.027271170169115067
0.6681895852088928, 2.1472558975219727, -0.02227342128753662
0.668637752532959, 2.110250949859619, -0.011838765814900398
0.49295690655708313, 2.011491298675537, -0.012781897559762001
0.6233546137809753, 2.287982702255249, -0.013145986013114452
0.756312370300293, 2.257636308670044, -0.02056213468313217
0.6513423323631287, 2.270735025405884, -0.022467724978923798
0.6504812836647034, 2.3128254413604736, -0.02173459716141224
0.42908433079719543, 2.090096950531006, -0.025271190330386162
0.6570785641670227, 2.3313608169555664, -0.0216965489089489
0.7470234632492065, 2.1903557777404785, -0.011105894111096859
0.5879580974578857, 2.2459425926208496, -0.022770151495933533
0.6681260466575623, 2.3132166862487793, -0.025597522035241127
0.5318195819854736, 2.1697134971618652, -0.022077802568674088
0.512797474861145, 1.9741497039794922, -0.013925140723586082
0.4347687065601349, 2.128844738006592, -0.021818488836288452
0.6019752025604248, 2.065582275390625, -0.020756786689162254
0.4467909634113312, 2.1491329669952393, -0.013600552454590797
0.5129263997077942, 1.9906452894210815, -0.012599390000104904
0.5643720626831055, 2.2511963844299316, -0.0125014279037714
0.6572623252868652, 2.187337875366211, -0.0235198512673378
0.5283862948417664, 2.051651954650879, -0.023381300270557404
0.7292014360427856, 2.2682557106018066, -0.021332070231437683
0.66956627368927, 2.230822801589966, -0.01231443602591753
0.5718799233436584, 2.1873679161071777, -0.024113740772008896
0.5487960577011108, 2.207144260406494, -0.0214630588889122
0.4115391671657562, 2.132587432861328, -0.02506624162197113
0.631913423538208, 2.1090316772460938, -0.012350962497293949
0.6610584259033203, 2.3343021869659424, -0.023856114596128464
0.526897132396698, 2.235243797302246, -0.024903401732444763
0.6086024641990662, 2.2536864280700684, -0.025719119235873222
0.5489433407783508, 2.010861873626709, -0.012376295402646065
0.4602329134941101, 2.126147985458374, -0.023242944851517677
0.6261256337165833, 2.3104166984558105, -0.012003699317574501
0.53097003698349, 2.0895743370056152, -0.01106727123260498
0.6637002229690552, 2.3305492401123047, -0.009690647013485432
0.4927245080471039, 2.0497119426727295, -0.012717456556856632
0.6887290477752686, 2.1973695755004883, -0.021575093269348145
0.5896709561347961, 2.2704970836639404, -0.012598617933690548
0.5250805616378784, 2.2098727226257324, -0.011152835562825203
0.4869208335876465, 2.1097657680511475, -0.011347146704792976
0.425133615732193, 2.033973455429077, -0.01389580313116312
0.5907471776008606, 2.2275502681732178, -0.04370976984500885
0.6881222128868103, 2.3233847618103027, -0.021832946687936783
0.630368709564209, 2.0697689056396484, -0.011441277340054512
0.4932931661605835, 2.189650774002075, -0.01300978846848011
0.5331157445907593, 2.0287606716156006, -0.024630388244986534
0.5557295083999634, 2.248401165008545, -0.022593630477786064
0.5636278390884399, 2.2737224102020264, -0.011106704361736774
0.5260628461837769, 2.230799436569214, -0.011270927265286446
0.4671630263328552, 2.186347484588623, -0.013367277570068836
0.5547217726707458, 2.247011661529541, -0.013248211704194546
0.43957123160362244, 2.173685312271118, -0.026450375095009804
0.5111016035079956, 2.2270469665527344, -0.014906571246683598
0.5131356716156006, 2.229085922241211, -0.023771874606609344
0.46399959921836853, 2.165308713912964, -0.011726457625627518
0.44681450724601746, 2.015294075012207, -0.013652668334543705
0.4938714802265167, 2.191563129425049, -0.02290479466319084
0.5680859684944153, 2.027985095977783, -0.027272876352071762
0.6166200637817383, 2.2873620986938477, -0.012866128236055374
0.7493948936462402, 2.312189817428589, -0.024585237726569176
0.6944565176963806, 2.148916006088257, -0.02697640284895897
0.5060139894485474, 2.185337543487549, -0.030320994555950165
0.5775180459022522, 2.229616165161133, -0.009746341034770012
0.4093504548072815, 2.091280221939087, -0.012483133934438229
0.47149497270584106, 2.070077657699585, -0.012026472017168999
0.6164373755455017, 2.2650678157806396, -0.012367631308734417
0.757186233997345, 2.2701666355133057, -0.026768416166305542
0.43598127365112305, 2.153271198272705, -0.011107171885669231
0.43610137701034546, 2.12996506690979, -0.01185409352183342
0.49361535906791687, 2.207871675491333, -0.010688401758670807
0.6650020480155945, 2.350564956665039, -0.012750288471579552
0.5437706708908081, 2.035148859024048, 2.3983739083632827E-4
0.6734776496887207, 2.288553237915039, -0.011366904713213444
0.43478575348854065, 2.1125917434692383, -0.012154891155660152
0.5281286835670471, 2.0306556224823, -0.011355219408869743
0.5913054347038269, 2.288374185562134, -0.011050534434616566
0.5549337863922119, 2.265029191970825, -0.014517507515847683
0.3844689428806305, 2.1089110374450684, -0.014734423719346523
0.5692883133888245, 2.309007406234741, -0.02161504700779915
0.6193938255310059, 2.308811664581299, -0.014024786651134491
0.5789035558700562, 2.1108574867248535, -0.020819997414946556
0.46529659628868103, 1.9931893348693848, -0.013374274596571922
0.4529106318950653, 2.050158977508545, -0.01166777964681387
0.5164588689804077, 2.0295400619506836, 0.001540982979349792
0.6319184303283691, 2.3482744693756104, -0.027089573442935944
0.6305814385414124, 2.0874927043914795, -0.026388460770249367
0.6393166184425354, 2.1419389247894287, 1.3644438877236098E-4
0.6765372157096863, 2.2931995391845703, 8.241080213338137E-4
0.7088098526000977, 2.3015081882476807, -0.009870459325611591
0.5642642974853516, 2.2965352535247803, -0.012944228015840054
0.7789101004600525, 2.2446601390838623, -0.029095426201820374
0.6563724875450134, 2.3266897201538086, -0.010879192501306534
0.5268919467926025, 2.244462728500366, -0.014804468490183353
0.4645581841468811, 2.011080503463745, 0.0015573810087516904
0.5518169403076172, 2.2284412384033203, -0.022085513919591904
