0.008972184732556343, 0.22607722878456116, 0.648646354675293
0.027665400877594948, 0.2077023983001709, 0.6660830974578857
0.0663398802280426, 0.2037317305803299, 0.6458759307861328
0.05157381668686867, 0.2147541046142578, 0.6318132281303406
-0.006695211865007877, 0.2295173555612564, 0.6488931179046631
0.04922865331172943, 0.20760715007781982, 0.649256706237793
0.049933694303035736, 0.22468556463718414, 0.6252126693725586
0.04678894951939583, 0.2041316032409668, 0.6637966632843018
0.03075454756617546, 0.21316970884799957, 0.651249349117279
0.01064673624932766, 0.2331351935863495, 0.6307689547538757
0.02920789271593094, 0.2265738546848297, 0.6289203763008118
0.031582750380039215, 0.23406341671943665, 0.6113839149475098
0.07068093121051788, 0.21094664931297302, 0.6298550367355347
0.07294827699661255, 0.21637770533561707, 0.6149129271507263
0.06936109066009521, 0.2267366200685501, 0.6086332201957703
0.06704991310834885, 0.22307980060577393, 0.6245331764221191
0.08985316753387451, 0.21269375085830688, 0.6110660433769226
0.08484191447496414, 0.22386859357357025, 0.606104850769043
0.08626975864171982, 0.20769532024860382, 0.6270484328269958
0.05017232894897461, 0.23049059510231018, 0.6107406616210938
0.07103294134140015, 0.23347020149230957, 0.5909740328788757
0.052690327167510986, 0.23711569607257843, 0.5932808518409729
0.049050670117139816, 0.2441246062517166, 0.5881901383399963
0.030085889622569084, 0.24738232791423798, 0.5904473066329956
0.06490342319011688, 0.24243783950805664, 0.5850750207901001
0.05004210025072098, 0.2509578466415405, 0.5706472992897034
0.032492294907569885, 0.25446638464927673, 0.5727499723434448
0.08901582658290863, 0.22655953466892242, 0.5890883803367615
0.09428625553846359, 0.21758532524108887, 0.5941522121429443
0.10440006852149963, 0.20941713452339172, 0.607351541519165
0.10360381007194519, 0.22266541421413422, 0.5854747295379639
0.10633914917707443, 0.21542109549045563, 0.590438187122345
0.09075945615768433, 0.23325394093990326, 0.5712822675704956
0.06833231449127197, 0.2453157603740692, 0.5695658326148987
0.10593061149120331, 0.2260807305574417, 0.5708374977111816
0.12207241356372833, 0.21210309863090515, 0.5845317244529724
0.0524861104786396, 0.2564506530761719, 0.5541464686393738
0.08783378452062607, 0.24442602694034576, 0.5503402352333069
0.07053059339523315, 0.25076860189437866, 0.551368236541748
0.07122504711151123, 0.25557926297187805, 0.5373373031616211
0.12299200147390366, 0.21606676280498505, 0.5727179646492004
0.1070493683218956, 0.23400330543518066, 0.5535054802894592
0.011142556555569172, 0.2542959153652191, 0.5914250016212463
0.09403199702501297, 0.23768992722034454, 0.5557648539543152
0.03440040349960327, 0.21802780032157898, 0.6346004605293274
0.11246413737535477, 0.21780695021152496, 0.5769975781440735
0.10859755426645279, 0.19804799556732178, 0.6150912642478943
-0.005507003981620073, 0.23601889610290527, 0.6342858076095581
0.02712075039744377, 0.24336007237434387, 0.6063487529754639
0.12099085003137589, 0.1936381310224533, 0.6136772036552429
0.1034000813961029, 0.195231631398201, 0.6253173351287842
0.014365334063768387, 0.23709164559841156, 0.6149129271507263
0.07436295598745346, 0.23761558532714844, 0.5739766955375671
0.05615255609154701, 0.21769990026950836, 0.6171596050262451
0.0099098589271307, 0.21192650496959686, 0.6700055599212646
0.013568924739956856, 0.216645747423172, 0.6548770666122437
0.08400678634643555, 0.1940661519765854, 0.6453841328620911
0.08928272128105164, 0.19703218340873718, 0.6324212551116943
0.009976724162697792, 0.24646539986133575, 0.6092965006828308
0.03283368796110153, 0.2382560670375824, 0.5970942974090576
0.01528869941830635, 0.25724348425865173, 0.5753560662269592
-0.008659050799906254, 0.24341750144958496, 0.6277600526809692
-0.007146557327359915, 0.2486773282289505, 0.6110256910324097
-0.004369137808680534, 0.21838633716106415, 0.6580750346183777
-0.006343796383589506, 0.21485531330108643, 0.6728277206420898
0.07657472789287567, 0.21928568184375763, 0.5967181324958801
0.036821234971284866, 0.25825217366218567, 0.557931661605835
0.055612143129110336, 0.2394116073846817, 0.5773167014122009
0.018726106733083725, 0.21977658569812775, 0.6388214826583862
-0.004811713006347418, 0.2556678056716919, 0.5914435386657715
-0.013067728839814663, 0.22192536294460297, 0.6627299785614014
0.09773736447095871, 0.1999775618314743, 0.6180048584938049
0.007421059999614954, 0.22084519267082214, 0.6631731986999512
0.004421616438776255, 0.20700152218341827, 0.6840580105781555
0.07933802902698517, 0.23959016799926758, 0.5573367476463318
-0.021420810371637344, 0.2140645831823349, 0.6746551394462585
0.05572351813316345, 0.2595585584640503, 0.5364936590194702
0.025706954300403595, 0.22178930044174194, 0.6430612802505493
-0.003669079625979066, 0.23790690302848816, 0.6195382475852966
-0.02296464517712593, 0.23895227909088135, 0.6315140724182129
0.004855525679886341, 0.2621557116508484, 0.5719684362411499
-0.00597707275301218, 0.2610871195793152, 0.5765697956085205
-0.021467693150043488, 0.24575945734977722, 0.6153395175933838
0.028350040316581726, 0.265264093875885, 0.5486210584640503
-0.021327968686819077, 0.24285614490509033, 0.6265072226524353
0.053757444024086, 0.26093730330467224, 0.5351020693778992
0.08517563343048096, 0.2418121099472046, 0.5605179071426392
