1.267343282699585, 1.3917168378829956, -0.08923140168190002
1.2482436895370483, 1.393102765083313, -0.07150859385728836
1.2260013818740845, 1.3932826519012451, -0.12937703728675842
1.209556221961975, 1.3923113346099854, -0.05038151890039444
1.2685781717300415, 1.3905972242355347, -0.11114264279603958
1.1538572311401367, 1.4108330011367798, -0.11085813492536545
1.228212594985962, 1.3915365934371948, -0.02984870970249176
1.1705378293991089, 1.4108525514602661, -0.04921876639127731
1.2293277978897095, 1.3921085596084595, -0.10940495133399963
1.2493261098861694, 1.389879822731018, -0.1297128051519394
1.2330015897750854, 1.3913764953613281, -0.08997951447963715
1.2479469776153564, 1.3914681673049927, -0.049389880150556564
1.191884160041809, 1.4078483581542969, -0.05061016231775284
1.1467137336730957, 1.4248247146606445, -0.08692003786563873
1.2703386545181274, 1.38994300365448, -0.0708911344408989
1.25313138961792, 1.387636423110962, -0.11058197170495987
1.2715409994125366, 1.3901755809783936, -0.12986315786838531
1.2707951068878174, 1.3876926898956299, -0.05046720430254936
1.1674046516418457, 1.4111407995224, -0.09164254367351532
1.2484939098358154, 1.3894119262695312, -0.1508321762084961
1.2872484922409058, 1.3875395059585571, -0.10974117368459702
1.226189136505127, 1.4067593812942505, -0.05184614285826683
1.1266459226608276, 1.4274142980575562, -0.0694388672709465
1.169040560722351, 1.4105165004730225, -0.11019544303417206
1.245479941368103, 1.4042972326278687, -0.08950068801641464
1.29224693775177, 1.386534333229065, -0.07108570635318756
1.2905874252319336, 1.386857032775879, -0.09055577963590622
1.2077754735946655, 1.4093480110168457, -0.05004234239459038
1.1717095375061035, 1.4093873500823975, -0.030567508190870285
1.1876887083053589, 1.4089999198913574, -0.08944307267665863
1.23287034034729, 1.4058135747909546, -0.10955572873353958
1.190701961517334, 1.4089112281799316, -0.06951463222503662
1.2282606363296509, 1.407991886138916, -0.08941467106342316
1.2074599266052246, 1.4090999364852905, -0.02839544415473938
1.189340353012085, 1.4098410606384277, -0.02907455712556839
1.2269020080566406, 1.4072723388671875, -0.06986569613218307
1.2472519874572754, 1.4036130905151367, -0.07136299461126328
1.2092660665512085, 1.40695321559906, -0.071083664894104
1.1676275730133057, 1.4106624126434326, -0.07067659497261047
1.2496923208236694, 1.4077142477035522, -0.13008208572864532
1.1284080743789673, 1.427644968032837, -0.049669139087200165
1.3085373640060425, 1.3874109983444214, -0.1515965759754181
1.288238286972046, 1.390384554862976, -0.1292700469493866
1.1502774953842163, 1.4234967231750488, -0.04857427999377251
1.2053998708724976, 1.407504677772522, -0.1293845921754837
1.211745262145996, 1.4061715602874756, -0.08925569802522659
1.1721420288085938, 1.4216461181640625, -0.052157435566186905
1.172394037246704, 1.4247418642044067, -0.0698966234922409
1.2297176122665405, 1.4054392576217651, -0.030804991722106934
1.1508047580718994, 1.4111791849136353, -0.09059153497219086
1.250797152519226, 1.4037648439407349, -0.052133020013570786
1.1902894973754883, 1.4082435369491577, -0.12934359908103943
1.1641592979431152, 1.4265588521957397, -0.11029785871505737
1.1474672555923462, 1.4276317358016968, -0.07173318415880203
1.2304242849349976, 1.4055124521255493, -0.1293506771326065
1.2480864524841309, 1.4077244997024536, -0.026476942002773285
1.2472009658813477, 1.4047960042953491, -0.10950566828250885
