0.929887592792511, 1.4504560232162476, -0.010583749040961266
0.9489827156066895, 1.4706374406814575, -0.0093425577506423
0.9488388299942017, 1.4299622774124146, -0.00983947329223156
0.8883914351463318, 1.4501456022262573, -0.010440843179821968
0.9694072604179382, 1.4700943231582642, -0.009941824711859226
0.9504991769790649, 1.449905276298523, -0.009610854089260101
0.9492146968841553, 1.4107939004898071, -0.009918092750012875
0.890344500541687, 1.4299383163452148, -0.009519731625914574
0.9299855828285217, 1.390716314315796, -0.010401587001979351
0.8708932995796204, 1.4099712371826172, -0.009060287848114967
0.9301145672798157, 1.3694052696228027, -0.009355250746011734
0.9099954962730408, 1.3695653676986694, -0.009148242883384228
0.869925856590271, 1.3907661437988281, -0.00958010833710432
0.9108160138130188, 1.309885859489441, -0.009204389527440071
0.8701159358024597, 1.3101979494094849, -0.01024788711220026
0.8906869888305664, 1.2901804447174072, -0.009166816249489784
0.8501291275024414, 1.2897398471832275, -0.01001245342195034
0.8298015594482422, 1.3100744485855103, -0.010758941061794758
0.8894205093383789, 1.2703651189804077, -0.00936446525156498
0.8897302150726318, 1.2495702505111694, -0.009241502732038498
0.8506275415420532, 1.2514311075210571, -0.022335173562169075
0.8497417569160461, 1.2496216297149658, -0.010037182830274105
0.8902339935302734, 1.2301527261734009, -0.01011290680617094
0.8295055031776428, 1.2508512735366821, -0.01045197993516922
0.8098984956741333, 1.2695022821426392, -0.010252016596496105
0.8702313303947449, 1.2302826642990112, -0.010082509368658066
0.8504154086112976, 1.2304266691207886, -0.00904595572501421
0.8902429938316345, 1.2092986106872559, -0.00920859444886446
0.849734902381897, 1.2111217975616455, -0.00851124431937933
0.8697221875190735, 1.1697347164154053, -0.007689088117331266
0.8702114224433899, 1.349915862083435, -0.00935166422277689
0.89057856798172, 1.3100875616073608, -0.010288482531905174
0.910851240158081, 1.3505048751831055, -0.008829514496028423
0.9102138876914978, 1.409424066543579, -0.00932557787746191
0.9280028343200684, 1.4214469194412231, -0.02151450701057911
0.8693126440048218, 1.3699963092803955, -0.009212507866322994
0.9497048854827881, 1.3900840282440186, -0.009275426156818867
0.9518057703971863, 1.4704574346542358, -0.02109682187438011
0.9537803530693054, 1.4294037818908691, -0.0219920352101326
0.829456090927124, 1.2098504304885864, -0.008401280269026756
0.9109645485877991, 1.4040250778198242, -0.020538626238703728
0.8677787184715271, 1.3906962871551514, -0.021549144759774208
0.9109400510787964, 1.4688966274261475, -0.021905284374952316
0.9302870631217957, 1.4732500314712524, -0.021745454519987106
0.8902127742767334, 1.4687455892562866, -0.009923970326781273
0.9299259185791016, 1.3303711414337158, -0.008322012610733509
0.8652030825614929, 1.2072287797927856, -0.02218504063785076
0.8888862133026123, 1.2503293752670288, -0.02129753865301609
0.8044157028198242, 1.2287116050720215, -0.02174472250044346
0.906806230545044, 1.3722165822982788, -0.021672649309039116
0.8536909818649292, 1.2677494287490845, -0.021485846489667892
0.9101547002792358, 1.4871070384979248, -0.024308286607265472
0.9086642265319824, 1.4698435068130493, -0.00966623518615961
0.8490810990333557, 1.3095200061798096, -0.010077932849526405
0.8540161848068237, 1.3260512351989746, -0.021554458886384964
0.8726669549942017, 1.3106971979141235, -0.0213555246591568
0.8943963050842285, 1.301790714263916, -0.02159111201763153
0.9467460513114929, 1.408722996711731, -0.02413487806916237
0.9297166466712952, 1.4493048191070557, -0.022710343822836876
0.890000581741333, 1.3297544717788696, -0.009353545494377613
0.8691100478172302, 1.250008463859558, -0.021426508203148842
0.8103783130645752, 1.2897756099700928, -0.01044976245611906
0.8738751411437988, 1.2671021223068237, -0.021552953869104385
0.8116031885147095, 1.2509431838989258, -0.022074079141020775
0.869341254234314, 1.1898176670074463, -0.008138288743793964
0.950773298740387, 1.4892960786819458, -0.010455606505274773
0.9325792193412781, 1.4881343841552734, -0.021072151139378548
0.8928840160369873, 1.268663763999939, -0.02075345814228058
0.8903104662895203, 1.4926111698150635, -0.021849945187568665
0.910791277885437, 1.3523837327957153, -0.022203879430890083
0.9084420800209045, 1.3924449682235718, -0.020970772951841354
0.9689602255821228, 1.4905996322631836, -0.0101398304104805
0.8664618730545044, 1.3669778108596802, -0.021897537633776665
0.8100649118423462, 1.2294944524765015, -0.008872851729393005
0.8720629215240479, 1.4691208600997925, -0.010451980866491795
0.9526177644729614, 1.4478111267089844, -0.022045545279979706
0.8892248272895813, 1.4502519369125366, -0.02175278216600418
0.829542875289917, 1.3702207803726196, -0.009459659457206726
0.8702744841575623, 1.430564284324646, -0.010139428079128265
0.8466617465019226, 1.4323015213012695, -0.023778535425662994
0.8305450677871704, 1.2301081418991089, -0.008757178671658039
0.950019896030426, 1.5089201927185059, -0.011805910617113113
0.830397367477417, 1.3298003673553467, -0.020964818075299263
0.9334494471549988, 1.3286056518554688, -0.023164493963122368
0.8296840786933899, 1.1696536540985107, -0.00930053275078535
0.8925648331642151, 1.433743953704834, -0.020879285410046577
0.8686531782150269, 1.4496690034866333, -0.009465370327234268
0.890831708908081, 1.489187479019165, -0.01076978724449873
0.870895266532898, 1.489128828048706, -0.011759084649384022
0.9309792518615723, 1.4899078607559204, -0.010353370569646358
0.8090935945510864, 1.1902120113372803, -0.008315137587487698
0.8707942962646484, 1.331603765487671, -0.020524073392152786
0.8293566703796387, 1.2705769538879395, -0.021769415587186813
0.8489797115325928, 1.3906407356262207, -0.0099813062697649
0.8296539187431335, 1.390527367591858, -0.00965411402285099
0.9103820323944092, 1.4522831439971924, -0.021614328026771545
0.8694924116134644, 1.5091508626937866, -0.011076805181801319
0.9108018279075623, 1.5358781814575195, -0.02254847064614296
0.7676478624343872, 1.2347266674041748, -0.020686425268650055
0.8509616851806641, 1.4893418550491333, -0.011055408045649529
0.8495433926582336, 1.4302895069122314, -0.010308093391358852
0.8104466795921326, 1.370280146598816, -0.011146473698318005
0.8516838550567627, 1.4092496633529663, -0.010292279534041882
0.88966304063797, 1.2888216972351074, -0.022166844457387924
0.9067073464393616, 1.5124973058700562, -0.021381450816988945
0.8913844227790833, 1.3713568449020386, -0.021294495090842247
0.7900689244270325, 1.2091476917266846, -0.00862895604223013
0.810207188129425, 1.32999849319458, -0.010373562574386597
0.7882078886032104, 1.20997953414917, 0.0031799476128071547
0.888119101524353, 1.227741003036499, -0.02204325795173645
0.849679708480835, 1.3296595811843872, -0.009883924387395382
0.8313183784484863, 1.2513467073440552, -0.023127686232328415
0.8697574138641357, 1.2900629043579102, -0.009734613820910454
0.8874683380126953, 1.5067949295043945, -0.021330464631319046
0.8104469180107117, 1.2105947732925415, -0.008839089423418045
0.7688379883766174, 1.2094824314117432, -0.021466895937919617
0.9294009208679199, 1.5104142427444458, -0.011681409552693367
0.8522642850875854, 1.5118634700775146, -0.021175559610128403
0.876579999923706, 1.4696550369262695, -0.022673552855849266
0.9275159239768982, 1.4065238237380981, -0.02151309698820114
0.8672094941139221, 1.5500024557113647, -0.02399161271750927
0.895783007144928, 1.3499354124069214, -0.02191605046391487
0.8103973865509033, 1.349442958831787, -0.010313289240002632
0.8494315147399902, 1.1858406066894531, -0.02175009623169899
0.8062730431556702, 1.3132578134536743, -0.0218840129673481
0.9087489247322083, 1.5105383396148682, -0.011489040218293667
0.9086820483207703, 1.5284377336502075, -0.01214173436164856
0.8291659951210022, 1.3682003021240234, -0.021377740427851677
0.9123756885528564, 1.4320011138916016, -0.021930618211627007
0.9310152530670166, 1.3499382734298706, -0.009130270220339298
0.8496528267860413, 1.4906922578811646, -0.02289583906531334
0.8701680898666382, 1.1498245000839233, -0.009358975104987621
0.7656915783882141, 1.218496322631836, -0.04093124344944954
0.8307890892028809, 1.4696860313415527, -0.010662204585969448
0.8297103047370911, 1.1900274753570557, -0.00930809136480093
0.8503974080085754, 1.169704556465149, -0.008556944318115711
0.8674697875976562, 1.167144536972046, -0.021188441663980484
0.8087056279182434, 1.4508106708526611, -0.01068605575710535
0.8617740273475647, 1.345610499382019, -0.02151966281235218
0.9287899136543274, 1.4104303121566772, -0.00982839334756136
0.8104358315467834, 1.1922073364257812, -0.02181515097618103
0.8912964463233948, 1.529434323310852, -0.011341335251927376
0.8299121260643005, 1.2704392671585083, -0.009703095071017742
0.8703393340110779, 1.2495403289794922, -0.009792616590857506
0.9766147136688232, 1.4888732433319092, -0.022463791072368622
0.7680218815803528, 1.2892426252365112, -0.02204868197441101
0.8518324494361877, 1.2311033010482788, -0.022049563005566597
0.864764928817749, 1.4275404214859009, -0.02330988645553589
0.8292513489723206, 1.4494932889938354, -0.009885203093290329
0.8248044848442078, 1.5099248886108398, -0.025246385484933853
0.8898577690124512, 1.5102890729904175, -0.011317258700728416
0.7692420482635498, 1.3123369216918945, -0.02311737649142742
0.8332626819610596, 1.2918117046356201, -0.021830635145306587
0.8470311164855957, 1.5509932041168213, -0.022544221952557564
0.949951171875, 1.4854151010513306, -0.022226562723517418
0.9272026419639587, 1.3911608457565308, -0.023540418595075607
0.9094353914260864, 1.4502754211425781, -0.00971642229706049
0.8469728231430054, 1.5479177236557007, -0.01377288531512022
0.8138469457626343, 1.431575894355774, -0.02185641974210739
0.7695223093032837, 1.2103521823883057, -0.009476330131292343
0.8337084054946899, 1.4952774047851562, -0.023314423859119415
0.8116207122802734, 1.469516396522522, -0.010373974218964577
0.8110390305519104, 1.4296656847000122, -0.010450842790305614
0.7317695021629333, 1.250005841255188, -0.009928742423653603
0.8105860352516174, 1.1518340110778809, -0.011092896573245525
0.8498266935348511, 1.2693034410476685, -0.009581577964127064
0.7514895796775818, 1.254508137702942, -0.021564245223999023
0.8273317217826843, 1.4072538614273071, -0.021669920533895493
0.7510399222373962, 1.2702717781066895, -0.00877024233341217
0.7652419209480286, 1.3336656093597412, -0.02434268593788147
0.7704154849052429, 1.2892215251922607, -0.010448882356286049
0.7495195269584656, 1.290799856185913, -0.01077301800251007
0.7903931736946106, 1.369620442390442, -0.010073755867779255
0.8097630739212036, 1.1697407960891724, -0.009522362612187862
0.8304096460342407, 1.2314221858978271, -0.022115593776106834
0.8098551034927368, 1.4911344051361084, -0.023539114743471146
0.8507968783378601, 1.1690702438354492, 0.0025401918683201075
0.8298479318618774, 1.547721266746521, -0.022986195981502533
0.8304743766784668, 1.3107945919036865, -0.021516205742955208
0.8499500155448914, 1.3506107330322266, -0.02229323796927929
0.8901858925819397, 1.3706810474395752, -0.009823626838624477
0.771430492401123, 1.3886686563491821, -0.011666589416563511
0.9158971309661865, 1.2910029888153076, -0.023384569212794304
0.8054322004318237, 1.471355676651001, -0.02115241438150406
0.7694129347801208, 1.3689465522766113, -0.022797051817178726
0.9100034236907959, 1.3336131572723389, -0.021226296201348305
0.8307510614395142, 1.5286997556686401, -0.02395271137356758
0.8613439202308655, 1.5367947816848755, -0.02625099942088127
0.8484814167022705, 1.473533034324646, -0.02327076718211174
0.7728949189186096, 1.3562239408493042, -0.021088751032948494
0.7904103994369507, 1.1896247863769531, -0.009984727948904037
0.9109267592430115, 1.3069819211959839, -0.021233171224594116
0.7513065934181213, 1.3280638456344604, -0.010297645814716816
0.8701967000961304, 1.5116521120071411, -0.02539866976439953
0.8931818604469299, 1.4652098417282104, -0.023016607388854027
0.7704473733901978, 1.3500179052352905, -0.011632944457232952
0.7705382108688354, 1.269364833831787, -0.00899443868547678
0.812429666519165, 1.2077562808990479, -0.02248229831457138
0.8707162737846375, 1.2313940525054932, -0.021397894248366356
0.851913571357727, 1.2115753889083862, -0.02287660911679268
0.9712417721748352, 1.5079370737075806, -0.011772054247558117
0.7703133225440979, 1.1896986961364746, -0.010186215862631798
0.7682613134384155, 1.3953604698181152, -0.021803315728902817
0.7510281801223755, 1.3085308074951172, -0.011092244647443295
0.9696600437164307, 1.4671061038970947, -0.025015244260430336
0.8305191993713379, 1.4285720586776733, -0.009737454354763031
0.7717335224151611, 1.4080089330673218, -0.009627227671444416
0.8213732242584229, 1.4503486156463623, -0.02163645811378956
0.9289116859436035, 1.5116397142410278, -0.021403571590781212
0.889207661151886, 1.5514835119247437, -0.02354971133172512
0.8110611438751221, 1.2106298208236694, 0.0029110058676451445
0.8498193025588989, 1.5088040828704834, -0.010678380727767944
0.8927643895149231, 1.1890270709991455, -0.023636173456907272
0.7712053060531616, 1.2501397132873535, -0.009325995109975338
0.7906778454780579, 1.4097977876663208, -0.008971767500042915
0.7919130325317383, 1.4489401578903198, -0.009823833592236042
0.781244695186615, 1.416555643081665, -0.022768279537558556
0.750361442565918, 1.250596046447754, -0.009369772858917713
0.7530947327613831, 1.2165690660476685, 0.0028305179439485073
0.968704104423523, 1.5103435516357422, -0.021118324249982834
0.8495818972587585, 1.1504993438720703, -0.010172398760914803
0.8717120885848999, 1.5292346477508545, -0.012637223117053509
0.8103563785552979, 1.250657558441162, -0.010580931790173054
0.9680396318435669, 1.5264207124710083, -0.015864407643675804
0.9553351402282715, 1.3943490982055664, -0.026088321581482887
0.7303794622421265, 1.2459533214569092, 0.0015840405831113458
0.8126246929168701, 1.5321568250656128, -0.012668670155107975
0.8685070872306824, 1.2715739011764526, 7.846084190532565E-4
0.8655571937561035, 1.1914255619049072, -0.022486554458737373
0.8858001232147217, 1.5511157512664795, -0.015482299029827118
0.765738844871521, 1.4114511013031006, -0.021879874169826508
0.8492763042449951, 1.2858996391296387, -0.021197091788053513
0.8291475176811218, 1.5099424123764038, -0.010735573247075081
0.8280192017555237, 1.5501197576522827, -0.013591124676167965
0.7517581582069397, 1.3702436685562134, -0.011285543441772461
0.7334787249565125, 1.2886881828308105, -0.009277937933802605
0.813205361366272, 1.5473790168762207, -0.010771501809358597
0.8308840394020081, 1.4100956916809082, -0.009950864128768444
0.7689597606658936, 1.229780912399292, 0.0020282811019569635
0.7948160171508789, 1.5076141357421875, -0.01142570935189724
0.8700283169746399, 1.210026741027832, -0.009197250939905643
0.9293717741966248, 1.469352126121521, -0.009694184176623821
0.9097827076911926, 1.3289605379104614, -0.007865505293011665
0.7911772727966309, 1.3293261528015137, -0.010313223116099834
0.9312442541122437, 1.4297876358032227, -0.010240178555250168
0.8698329329490662, 1.3302119970321655, -0.008926666341722012
0.9104551076889038, 1.429362177848816, -0.009725138545036316
0.9112478494644165, 1.4901601076126099, -0.010732059367001057
0.9396882653236389, 1.346666932106018, -0.04575687274336815
0.8107528686523438, 1.309919834136963, -0.010539021342992783
0.6958712935447693, 1.1934956312179565, -0.010238989256322384
0.9294583201408386, 1.3109042644500732, -0.009620564058423042
0.9088401198387146, 1.3897907733917236, -0.009751111268997192
0.9314653873443604, 1.5273680686950684, -0.010911982506513596
0.909281313419342, 1.2688329219818115, -0.008796458132565022
0.7898211479187012, 1.169745922088623, -0.01035855058580637
0.9508059620857239, 1.5127921104431152, -0.021586699411273003
0.8480651378631592, 1.5305681228637695, -0.02582377940416336
0.8074259757995605, 1.5680625438690186, -0.01560091320425272
0.7870612144470215, 1.2520432472229004, -0.022879894822835922
0.7800704836845398, 1.5190891027450562, -0.021536314859986305
0.8499201536178589, 1.3497711420059204, -0.009530222974717617
0.8666306734085083, 1.550704002380371, -0.013912416994571686
0.7705539464950562, 1.3297795057296753, -0.010911858640611172
0.7135497331619263, 1.2526615858078003, -0.009735197760164738
0.8508090376853943, 1.469623327255249, -0.010551068931818008
0.9212022423744202, 1.2864000797271729, -0.01537883561104536
0.9611613750457764, 1.4483729600906372, -0.016817711293697357
0.9121710062026978, 1.5283637046813965, 0.0013374702539294958
0.7953201532363892, 1.5486520528793335, -0.024812882766127586
0.833591878414154, 1.1517345905303955, 0.003814121475443244
0.8304277658462524, 1.3492199182510376, -0.010391224175691605
0.8697137832641602, 1.269748568534851, -0.009214477613568306
0.8892326951026917, 1.4058456420898438, -0.023174164816737175
0.7502173781394958, 1.209255337715149, -0.009287001565098763
0.8323876857757568, 1.5286469459533691, -0.012116878293454647
0.7263985872268677, 1.2117729187011719, -0.022951845079660416
0.9423537850379944, 1.3774092197418213, -0.018327469006180763
0.8983635306358337, 1.3480976819992065, 7.42413685657084E-5
0.7905216813087463, 1.2499583959579468, -0.009054349735379219
0.8507986068725586, 1.3645278215408325, 0.001239366247318685
0.7909704446792603, 1.351051688194275, -0.011108946055173874
0.767979085445404, 1.261033296585083, 4.260834539309144E-4
0.7849898338317871, 1.4973115921020508, -0.0313098169863224
0.7771788835525513, 1.4858804941177368, -0.018255062401294708
0.8083552718162537, 1.1697726249694824, 0.004983264021575451
