-0.029584234580397606, 1.1897006034851074, -0.008868034929037094
-0.029738929122686386, 1.2100756168365479, -0.008698232471942902
-0.009650440886616707, 1.1302975416183472, -0.008688746020197868
-0.030467787757515907, 1.1501168012619019, -0.008907044306397438
-0.009870147332549095, 1.2093822956085205, -0.008445064537227154
-0.07029400020837784, 1.1496753692626953, -0.008681247010827065
-0.00989978015422821, 1.1503701210021973, -0.008580248802900314
-0.009793877601623535, 1.2496780157089233, -0.009227448143064976
-0.009923451580107212, 1.1899571418762207, -0.009388402104377747
0.010198462754487991, 1.210389494895935, -0.008859751746058464
-0.02999301254749298, 1.230140209197998, -0.008325167000293732
-0.029967330396175385, 1.250003457069397, -0.00943797454237938
-0.010058294050395489, 1.170074462890625, -0.008997597731649876
0.010225176811218262, 1.1299303770065308, -0.008843405172228813
0.0300905741751194, 1.14975905418396, -0.009158631786704063
0.010047193616628647, 1.2488973140716553, -0.009414255619049072
0.030518868938088417, 1.2300406694412231, -0.009071754291653633
0.02949015237390995, 1.2101167440414429, -0.009083622135221958
0.03000287339091301, 1.1693915128707886, -0.008503377437591553
-0.05006891116499901, 1.0898922681808472, -0.008636930026113987
0.009963258169591427, 1.2902365922927856, -0.009712498635053635
0.050221167504787445, 1.250054955482483, -0.009624028578400612
0.030400434508919716, 1.2898285388946533, -0.009390229359269142
0.049578338861465454, 1.2706547975540161, -0.009837040677666664
0.009868728928267956, 1.3100141286849976, -0.00957788061350584
0.04985102266073227, 1.310110330581665, -0.009365154430270195
0.029722673818469048, 1.3099204301834106, -0.009296136908233166
0.05006745830178261, 1.289958119392395, -0.00979008898139
0.030337760224938393, 1.3498705625534058, -0.009719910100102425
0.010122737847268581, 1.3699865341186523, -0.010262323543429375
0.02995302341878414, 1.3701634407043457, -0.009262310341000557
0.009664973244071007, 1.389824628829956, -0.009457954205572605
0.009938533417880535, 1.3295223712921143, -0.00930735096335411
-0.030127201229333878, 1.1699730157852173, -0.008988341316580772
-0.04978245124220848, 1.2699702978134155, -0.009548801928758621
0.050047095865011215, 1.330275297164917, -0.00947339553385973
0.03060457855463028, 1.3895795345306396, -0.009405359625816345
-0.029638590291142464, 1.3294367790222168, -0.009177171625196934
0.029335055500268936, 1.4098050594329834, -0.010130457580089569
0.05035727471113205, 1.3698477745056152, -0.010151499882340431
0.06964658200740814, 1.3494679927825928, -0.009227355010807514
-0.03019024059176445, 1.1297825574874878, -0.008814354427158833
-0.009879225865006447, 1.089609980583191, -0.00847687665373087
0.05012885108590126, 1.3501007556915283, -0.009356494061648846
0.07016938924789429, 1.330143690109253, -0.009193162433803082
-0.03004017472267151, 1.0699098110198975, -0.008602479472756386
-0.008302315138280392, 1.266488790512085, -0.021673863753676414
0.03073703683912754, 1.1703715324401855, 0.0031055123545229435
-0.03130430355668068, 1.2092094421386719, -0.020818235352635384
-0.04939110577106476, 1.309437870979309, -0.01026911474764347
0.031915586441755295, 1.291975975036621, -0.021908020600676537
0.026567863300442696, 1.3888956308364868, -0.02249993570148945
0.012433329597115517, 1.386968731880188, -0.021740106865763664
0.049809377640485764, 1.3688806295394897, -0.02142236940562725
-0.009245350025594234, 1.0900496244430542, 0.0018330690218135715
-0.07017037272453308, 1.2102909088134766, -0.00825287215411663
-0.049856171011924744, 1.1898380517959595, -0.008873557671904564
-0.050213225185871124, 1.1695045232772827, -0.009389687329530716
0.04618055373430252, 1.348378300666809, -0.02132074348628521
0.008397823199629784, 1.289700984954834, -0.020709607750177383
-0.010237393900752068, 1.2894432544708252, -0.009238121099770069
0.010587489232420921, 1.4308148622512817, -0.02284415438771248
-0.07015923410654068, 1.1712160110473633, -0.008777638897299767
-0.02963622845709324, 1.3108431100845337, -0.010122539475560188
-0.009878926910459995, 1.269949197769165, -0.00973290205001831
-0.011003120802342892, 1.129996657371521, 0.0020946781150996685
0.03206964209675789, 1.3566290140151978, -0.02221802808344364
-0.011961478739976883, 1.432958722114563, -0.022555679082870483
0.010460554622113705, 1.0898305177688599, -0.008165394887328148
-0.009704727679491043, 1.3101205825805664, -0.010071233846247196
-0.010249925777316093, 1.2531871795654297, -0.0215448047965765
-0.02986513264477253, 1.0903726816177368, -0.008244408294558525
0.00998291838914156, 1.189863920211792, -0.009246490895748138
0.04955760017037392, 1.4085021018981934, -0.010659809224307537
-0.009949806146323681, 1.2103862762451172, 0.00283790472894907
0.00969306007027626, 1.1692296266555786, -0.008953465148806572
-0.06881645321846008, 1.1494215726852417, 0.003599616466090083
-0.04897695407271385, 1.185762882232666, -0.0217832550406456
-0.009974710643291473, 1.2294886112213135, -0.008270632475614548
0.009756313636898994, 1.3680360317230225, -0.021966945379972458
-0.07002485543489456, 1.0900527238845825, -0.008542492985725403
-0.06836633384227753, 1.090690016746521, 0.002083133440464735
-0.029002657160162926, 1.2700793743133545, 0.0021893694065511227
-0.02915092557668686, 1.1291786432266235, 0.0026446394622325897
-0.09051525592803955, 1.1495375633239746, -0.009076996706426144
0.04888918250799179, 1.1905388832092285, -0.009418491274118423
-0.04969088360667229, 1.0699188709259033, -0.008363918401300907
0.02993793413043022, 1.3292291164398193, -0.009210067801177502
-0.04967806860804558, 1.2892714738845825, -0.009535189718008041
0.0101842749863863, 1.2699564695358276, -0.00903876032680273
-0.07030366361141205, 1.129538655281067, -0.008797652088105679
-0.010293091647326946, 1.1102796792984009, -0.009109769016504288
0.009981732815504074, 1.167100429534912, 0.0018338969675824046
-0.0504789836704731, 1.1096876859664917, -0.008587242104113102
-0.029607122763991356, 1.1079723834991455, 0.0020071687176823616
-0.10983563214540482, 1.1499848365783691, -0.008785136975347996
-0.030052410438656807, 1.349773645401001, -0.010145997628569603
0.03149803727865219, 1.3708022832870483, -0.021336417645215988
-0.009482728317379951, 1.0465078353881836, 0.002903818851336837
0.010083243250846863, 1.349799394607544, -0.009503547102212906
-0.0687899962067604, 1.1102988719940186, 0.0018111412646248937
0.049705248326063156, 1.3875226974487305, -0.021942125633358955
0.009225335903465748, 1.3491613864898682, -0.021075287833809853
-0.05052436888217926, 1.373011589050293, -0.022150324657559395
-0.0900912806391716, 1.0696645975112915, -0.008556995540857315
-0.07002449035644531, 1.068822979927063, 0.0027532039675861597
-0.08942537009716034, 1.250145673751831, -0.009110928513109684
-0.01014794409275055, 1.3662770986557007, -0.02166539430618286
-0.05006061866879463, 1.1496127843856812, -0.00837678276002407
-0.031554002314805984, 1.3295385837554932, -0.021931663155555725
-0.04995173215866089, 1.230220079421997, -0.008465206250548363
0.010112058371305466, 1.4097908735275269, -0.011133369989693165
-0.10971304029226303, 1.1704604625701904, -0.009707171469926834
-0.06981588155031204, 1.0693912506103516, -0.008210718631744385
-0.0502607598900795, 1.1319780349731445, 0.0023413505405187607
0.03657127171754837, 1.2486131191253662, -0.021372366696596146
-0.009428497403860092, 1.3293845653533936, -0.009326595813035965
-0.04973173886537552, 1.1298792362213135, -0.008879722096025944
-0.0356455072760582, 1.3749293088912964, -0.02298550121486187
-0.0487712100148201, 1.4099507331848145, -0.010955415666103363
-0.10929649323225021, 1.2495217323303223, -0.011172379367053509
-0.027140218764543533, 1.2503020763397217, -0.02196708880364895
-0.1078675165772438, 1.2301887273788452, -0.009558361023664474
-0.011571831069886684, 1.390425682067871, -0.022627942264080048
-0.06857533752918243, 1.3298178911209106, -0.010186188854277134
-0.08947231620550156, 1.1703965663909912, -0.008708788082003593
-0.07015061378479004, 1.229665994644165, 0.0015452592633664608
0.0471576526761055, 1.3062573671340942, -0.02184939756989479
0.05489872395992279, 1.4087013006210327, -0.02201639488339424
-0.030041636899113655, 1.110114336013794, -0.008408280089497566
0.0677715316414833, 1.310314416885376, 0.0029080696403980255
-0.09022881090641022, 1.1279970407485962, 0.002783934585750103
-0.09033817052841187, 1.1074457168579102, 0.0025782734155654907
0.009957140311598778, 1.2294389009475708, -0.00804270338267088
0.050398409366607666, 1.2485082149505615, 0.0019312985241413116
-0.009409100748598576, 1.289306640625, 0.002992446767166257
-0.05025939270853996, 1.250516653060913, -0.00936206616461277
-0.05010167509317398, 1.4289828538894653, -0.011457392945885658
-0.03007175587117672, 1.170569896697998, -0.021627504378557205
0.06886796653270721, 1.4133288860321045, -0.02247781492769718
-0.009175263345241547, 1.2302464246749878, -0.022300465032458305
0.029586713761091232, 1.2692127227783203, -0.009071875363588333
-0.026248950511217117, 1.153934359550476, -0.02126229554414749
0.030253475531935692, 1.250177025794983, -0.009176488034427166
-0.08993149548768997, 1.1302580833435059, -0.009469810873270035
0.009499775245785713, 1.0499904155731201, -0.00853455625474453
-0.08874968439340591, 1.329735517501831, -0.010010573081672192
0.010140295140445232, 1.1105767488479614, -0.009484882466495037
-0.010036145336925983, 1.4276258945465088, -0.011187952943146229
0.05010858550667763, 1.2306714057922363, -0.009187928400933743
-0.06969647854566574, 1.1100857257843018, -0.00840745773166418
-0.08899810165166855, 1.1896873712539673, -0.009368948638439178
-0.07108458876609802, 1.4367988109588623, -0.021659037098288536
0.09125453233718872, 1.3858855962753296, -0.02520177699625492
-0.008704617619514465, 1.0684069395065308, -0.021537108346819878
0.08914610743522644, 1.3699913024902344, -0.010443425737321377
-0.12892721593379974, 1.1090929508209229, -0.008845231495797634
-0.10757528990507126, 1.2895704507827759, -0.010800995863974094
0.08986006677150726, 1.389933705329895, -0.010604098439216614
0.01039657648652792, 1.08730947971344, 0.002498745219781995
-0.06930239498615265, 1.1907635927200317, 0.003091109450906515
-0.10916762053966522, 1.0531814098358154, -0.009703852236270905
-0.1091279685497284, 1.1294727325439453, -0.009550356306135654
-0.08857273310422897, 1.3100788593292236, -0.010381312109529972
-0.029246198013424873, 1.2119004726409912, 0.0012841556454077363
0.04931553080677986, 1.2097933292388916, -0.009249257855117321
-0.0541006363928318, 1.1680232286453247, 0.0022367932833731174
-0.08952675014734268, 1.2095627784729004, -0.009225896559655666
-0.09043078869581223, 1.2065982818603516, 0.0021716586779803038
-0.08748834580183029, 1.3694586753845215, -0.011358331888914108
-0.13611331582069397, 1.1324172019958496, -0.022498425096273422
0.0703824833035469, 1.3698760271072388, -0.009767373092472553
-0.030083373188972473, 1.070387601852417, -0.021573228761553764
-0.006663382984697819, 1.3491735458374023, -0.022937744855880737
-0.06855427473783493, 1.3699697256088257, -0.010894845239818096
-0.010145194828510284, 1.0696054697036743, -0.008434837684035301
0.07173419743776321, 1.3510388135910034, -0.021938560530543327
-0.06948260962963104, 1.2297881841659546, -0.008985712192952633
-0.11375440657138824, 1.2285677194595337, -0.022107236087322235
-0.029924435541033745, 1.2905690670013428, -0.00914236530661583
-0.10930343717336655, 1.1897739171981812, -0.008668381720781326
0.007507043890655041, 1.2325184345245361, 0.002315833931788802
0.05034147948026657, 1.273366093635559, 0.003982925787568092
-0.029718633741140366, 1.2698280811309814, -0.008892936632037163
0.010717915371060371, 1.1879419088363647, 0.0025902921333909035
0.06941308826208115, 1.4088526964187622, -0.01090302038937807
-0.0699026882648468, 1.389487862586975, -0.010310251265764236
-0.05051470175385475, 1.3936046361923218, -0.02406190149486065
0.06927379965782166, 1.2897748947143555, -0.009414826519787312
0.008653899654746056, 1.271104097366333, -0.022476855665445328
-0.06896635890007019, 1.4113973379135132, -0.025331664830446243
-0.12999816238880157, 1.112632393836975, 0.0026267035864293575
-0.04916723445057869, 1.3687962293624878, -0.009910358116030693
0.030689822509884834, 1.4317479133605957, -0.026050325483083725
-0.1291860044002533, 1.2089478969573975, -0.011428109370172024
-0.007504995446652174, 1.1104992628097534, 0.0022570935543626547
-0.010413936339318752, 1.3499242067337036, -0.009601659141480923
-0.030026642605662346, 1.4283031225204468, -0.01116099487990141
-0.08969259262084961, 1.0901310443878174, -0.009260565973818302
-0.08946629613637924, 1.3464443683624268, -0.02314610965549946
-0.010046430863440037, 1.3901476860046387, -0.010313884355127811
-0.00947461649775505, 1.3698804378509521, -0.010034472681581974
-0.1064208596944809, 1.1691300868988037, 0.001596013898961246
0.012901421636343002, 1.3305423259735107, -0.022741109132766724
-0.0699508786201477, 1.245822787284851, 0.002716414164751768
0.00903250090777874, 1.1541357040405273, 0.0022937064059078693
0.03486771136522293, 1.4150779247283936, -0.02405742183327675
0.03400399908423424, 1.1950395107269287, 0.0012795072980225086
-0.10968209058046341, 1.089669942855835, -0.00943664088845253
0.09210335463285446, 1.370470404624939, -0.025976553559303284
-0.05364221706986427, 1.2920584678649902, 0.002244114875793457
-0.05093340203166008, 1.2511959075927734, 0.004139243625104427
-0.12891420722007751, 1.1702812910079956, -0.010801687836647034
0.00645087007433176, 1.3045605421066284, 0.0014108506729826331
-0.12765587866306305, 1.2716684341430664, -0.013900774531066418
-0.09441133588552475, 1.4320136308670044, -0.024957992136478424
-0.11228028684854507, 1.3537615537643433, -0.02255331724882126
-0.12919431924819946, 1.0893019437789917, -0.009213276207447052
-0.008495306596159935, 1.4118956327438354, -0.022478114813566208
-0.10651718825101852, 1.3307157754898071, -0.010415282100439072
0.009755649603903294, 1.4132630825042725, -0.0234031043946743
0.03166861832141876, 1.2487117052078247, 6.888070493005216E-4
-0.16583220660686493, 1.109885573387146, -0.009127517230808735
-0.10960402339696884, 1.210479736328125, -0.0087765883654356
-0.0520981103181839, 1.1486735343933105, 0.0019517160253599286
-0.09058146923780441, 1.1889009475708008, 0.0011214464902877808
-0.008198730647563934, 1.2509623765945435, 0.0026931583415716887
-0.032493311911821365, 1.0380373001098633, 0.0030132837127894163
-0.10645552724599838, 1.0490834712982178, 0.0025349068455398083
-0.12961594760417938, 1.072557806968689, 8.045872091315687E-4
-0.090224489569664, 1.1094156503677368, -0.008339458145201206
-0.012299120426177979, 1.2678699493408203, 0.0022756231483072042
-0.1294790655374527, 1.0707676410675049, -0.010024607181549072
-0.1261478066444397, 1.2489091157913208, -0.011727709323167801
-0.10330639034509659, 1.388113260269165, -0.017772408202290535
0.03346142917871475, 1.1910459995269775, -0.023185567930340767
-0.04643210768699646, 1.3835337162017822, 6.427627522498369E-4
-0.07030671089887619, 1.050697922706604, 0.0023476085625588894
0.03039296343922615, 1.1514155864715576, 0.003674614941701293
-0.08466333150863647, 1.0860710144042969, 0.0035488642752170563
-0.11210557073354721, 1.091611385345459, 0.002344270935282111
-0.12834198772907257, 1.1887726783752441, -0.01068560965359211
0.06969612091779709, 1.3896095752716064, -0.009604357182979584
-0.05485179275274277, 1.1480178833007812, -0.02222694829106331
-0.06842219084501266, 1.1720401048660278, 0.0067292870953679085
-0.0688515156507492, 1.2896136045455933, -0.010727202519774437
-0.06806522607803345, 1.4514387845993042, -0.02780635468661785
-0.02942158654332161, 1.3268725872039795, 0.0013491525314748287
-0.10665594041347504, 1.3103947639465332, -0.011042107827961445
-0.08732809126377106, 1.3892697095870972, -0.01229365635663271
-0.042343731969594955, 1.2212826013565063, 0.0015768100274726748
-0.1287803202867508, 1.0552600622177124, -0.01073744148015976
0.05812469497323036, 1.3228410482406616, 0.0028610352892428637
0.05301152542233467, 1.3868043422698975, 0.0031810712534934282
-0.06850671023130417, 1.167562484741211, -0.023177385330200195
-0.08673672378063202, 1.3693240880966187, 0.0015890342183411121
-0.026636460795998573, 1.370211124420166, 0.00262278295122087
-0.08255954831838608, 1.2981994152069092, 0.0013691781787201762
0.01854133978486061, 1.406266689300537, 0.0023871653247624636
-0.08656808733940125, 1.4092024564743042, -0.010016183368861675
0.00913449376821518, 1.4263396263122559, -0.010918145067989826
-0.07208271324634552, 1.2088334560394287, -0.022335179150104523
-0.1158442348241806, 1.1818677186965942, 0.003029128536581993
-0.04328613355755806, 1.278825283050537, 0.001070428523235023
0.0059225065633654594, 1.1313942670822144, -0.02155740186572075
0.08039293438196182, 1.3872209787368774, 0.0026055672205984592
-0.08205905556678772, 1.3590636253356934, 0.0026310316752642393
-0.041203394532203674, 1.1955456733703613, 0.004039309918880463
-0.10940635204315186, 1.2403322458267212, 3.9966669282875955E-4
-0.0313049778342247, 1.095741868019104, 2.279405453009531E-5
0.006344194523990154, 1.2694859504699707, 0.007850684225559235
0.07121585309505463, 1.331322193145752, -0.024024896323680878
-0.06684363633394241, 1.1296827793121338, 0.004123986233025789
-0.069675512611866, 1.2499898672103882, -0.009816308505833149
-0.13465097546577454, 1.173535943031311, 0.0030241934582591057
-0.05937424302101135, 1.3766591548919678, 1.558927324367687E-4
-0.028698235750198364, 1.389162302017212, -0.010310523211956024
-0.010032013058662415, 1.2915884256362915, -0.022194497287273407
0.006141192279756069, 1.2522348165512085, -0.022569291293621063
0.06900469213724136, 1.3886350393295288, -0.021462662145495415
-0.030412208288908005, 1.4102164506912231, -0.010781271383166313
-0.11469988524913788, 1.2736902236938477, 1.87507743248716E-4
0.06140857934951782, 1.274920105934143, -0.002164582721889019
-0.14963342249393463, 1.087514877319336, -0.027252811938524246
