1.036194920539856, 2.1979362964630127, -0.08097273111343384
1.0454319715499878, 2.218371629714966, -0.06040217727422714
1.024442195892334, 2.1593222618103027, -0.08306337893009186
1.031657099723816, 2.170593023300171, -0.1337009221315384
1.0234929323196411, 2.1724135875701904, -0.06816184520721436
1.0218011140823364, 2.1436898708343506, -0.10066571831703186
1.044395923614502, 2.1973025798797607, -0.11282665282487869
1.0517313480377197, 2.2110965251922607, -0.13830818235874176
1.0444246530532837, 2.194828748703003, -0.1389574110507965
1.0340869426727295, 2.1966488361358643, -0.04849560931324959
1.0142691135406494, 2.170767068862915, -0.04523835331201553
1.0167698860168457, 2.1525237560272217, -0.06690315902233124
1.0507618188858032, 2.2279202938079834, -0.10811872780323029
1.0108399391174316, 2.124540328979492, -0.11161423474550247
1.0269581079483032, 2.1512579917907715, -0.1269548535346985
1.0200560092926025, 2.138144016265869, -0.13787996768951416
1.0637768507003784, 2.230215549468994, -0.14596959948539734
0.9644297957420349, 2.173762798309326, -0.024329854175448418
0.9649519324302673, 2.1513354778289795, -0.07334371656179428
0.973566472530365, 2.191225051879883, -0.030124057084321976
0.9763383269309998, 2.1962437629699707, -0.05143247917294502
1.0709367990493774, 2.270644187927246, -0.13242942094802856
1.06698477268219, 2.26762056350708, -0.11823199689388275
0.9979129433631897, 2.085832118988037, -0.08950429409742355
1.0820395946502686, 2.2719101905822754, -0.15220549702644348
0.965870201587677, 2.1537716388702393, -0.014227942563593388
0.9459897875785828, 2.131516933441162, -0.02502450905740261
0.9540514945983887, 2.145864725112915, -0.010558756068348885
0.9547373652458191, 2.14997935295105, -0.02393953502178192
0.9472463726997375, 2.128437042236328, -0.00987017061561346
0.9730263948440552, 2.1907594203948975, -0.06069974601268768
0.9469132423400879, 2.1147236824035645, -0.04568170756101608
0.9505582451820374, 2.1114635467529297, -0.06542995572090149
0.9478826522827148, 2.130314826965332, -0.04355074465274811
0.9559127688407898, 2.1491551399230957, -0.05038592591881752
0.9572162628173828, 2.1177897453308105, -0.09196554869413376
0.9580369591712952, 2.131345748901367, -0.07283086329698563
0.9780154824256897, 2.214287757873535, -0.06287405639886856
0.9506506323814392, 2.0890331268310547, -0.10918621718883514
0.9357290267944336, 2.1076149940490723, -0.02238103188574314
0.9359763264656067, 2.107168436050415, -0.012156300246715546
0.9410028457641602, 2.096230983734131, -0.045180197805166245
0.9248000383377075, 2.0729479789733887, -0.02268495038151741
0.9433585405349731, 2.0532541275024414, -0.12505891919136047
0.9405873417854309, 2.0582902431488037, -0.09851272404193878
0.9407517313957214, 2.0520119667053223, -0.1083027720451355
0.9117354154586792, 2.049344062805176, -0.02249935455620289
0.9382197856903076, 2.0318169593811035, -0.12272133678197861
0.9292474985122681, 2.0065157413482666, -0.13348549604415894
0.8936478495597839, 2.008838653564453, -0.011393239721655846
0.9112846851348877, 2.0491535663604736, -0.013277609832584858
0.9153825640678406, 1.9870785474777222, -0.08408208191394806
0.8860662579536438, 1.9886811971664429, -0.010274936445057392
0.9130846261978149, 1.9689908027648926, -0.08468154072761536
0.8966068029403687, 1.9273420572280884, -0.10277768969535828
0.8990485668182373, 1.932506799697876, -0.09365563839673996
0.9016284346580505, 1.9359205961227417, -0.12336484342813492
