0.809600293636322, 1.1499667167663574, -0.09117263555526733
0.7904943227767944, 1.1519484519958496, -0.08999800682067871
0.8094708919525146, 1.1495420932769775, -0.1099521592259407
0.868941605091095, 1.1307353973388672, -0.13003025949001312
0.8100561499595642, 1.1494042873382568, -0.13026733696460724
0.8084277510643005, 1.1493552923202515, -0.06945163756608963
0.8281684517860413, 1.1479203701019287, -0.06951937079429626
0.810163676738739, 1.1501033306121826, -0.05047884210944176
0.8094611167907715, 1.1478067636489868, -0.15025795996189117
0.8301396369934082, 1.1473605632781982, -0.04932290315628052
0.8285543322563171, 1.1478779315948486, -0.128305122256279
0.8287625312805176, 1.1474182605743408, -0.08937595784664154
0.8471550345420837, 1.1452670097351074, -0.13132770359516144
0.7903599143028259, 1.1516563892364502, -0.06912035495042801
0.7906678318977356, 1.1510800123214722, -0.13012270629405975
0.7679510116577148, 1.1661698818206787, -0.049498554319143295
0.788364827632904, 1.1643093824386597, -0.04986277222633362
0.7496626973152161, 1.1690763235092163, -0.06969436258077621
0.8290685415267944, 1.1475796699523926, -0.10931863635778427
0.7894498109817505, 1.151009202003479, -0.1103546991944313
0.7879232168197632, 1.1639117002487183, -0.08920448273420334
0.8487513065338135, 1.1452882289886475, -0.11040110886096954
0.7874385118484497, 1.1633358001708984, -0.0698453038930893
0.7494415640830994, 1.1702414751052856, -0.09046543389558792
0.849132776260376, 1.144350290298462, -0.07036354392766953
0.889076292514801, 1.1282328367233276, -0.1525997519493103
0.7692193388938904, 1.1661725044250488, -0.0703592449426651
0.7316044569015503, 1.1733187437057495, -0.10965660214424133
0.8486332893371582, 1.145602822303772, -0.04970421642065048
0.7685714960098267, 1.1667171716690063, -0.11016223579645157
0.7684825658798218, 1.1666558980941772, -0.0905810073018074
0.8488832116127014, 1.1462912559509277, -0.02870175987482071
0.7503315210342407, 1.169100046157837, -0.04948224127292633
0.8289263248443604, 1.1481777429580688, -0.028925500810146332
0.8685939311981201, 1.1433354616165161, -0.08913911134004593
0.7497377991676331, 1.1694183349609375, -0.11021458357572556
0.72870272397995, 1.1844249963760376, -0.07234866172075272
0.7901648283004761, 1.1520031690597534, -0.05019015073776245
0.7316139936447144, 1.1749024391174316, -0.05018998309969902
0.8502106070518494, 1.1452146768569946, -0.09141308814287186
0.730827808380127, 1.1742233037948608, -0.07104908674955368
0.7100015878677368, 1.1768112182617188, -0.07024183124303818
0.7320840358734131, 1.1739428043365479, -0.011726408265531063
0.7305026650428772, 1.1734899282455444, -0.08932720869779587
0.7683444619178772, 1.1656184196472168, -0.1306377798318863
0.8079785108566284, 1.1621142625808716, -0.08888454735279083
0.7503690719604492, 1.1694083213806152, -0.028599776327610016
0.7102317810058594, 1.1871213912963867, -0.0695793479681015
0.8064363598823547, 1.1640031337738037, -0.04823848605155945
0.8054283857345581, 1.1626567840576172, -0.12870267033576965
0.8075077533721924, 1.163486361503601, -0.0705232173204422
0.7501718997955322, 1.1676630973815918, -0.12993162870407104
0.7313863635063171, 1.1739554405212402, -0.0291635449975729
0.8300533890724182, 1.1468603610992432, -0.16420403122901917
0.8666784763336182, 1.1447125673294067, -0.06952664256095886
0.6957634091377258, 1.1882268190383911, -0.07278388738632202
0.7285712361335754, 1.1840100288391113, -0.050660401582717896
0.7870316505432129, 1.1643786430358887, -0.13098277151584625
0.8298782110214233, 1.150445580482483, -0.010465450584888458
0.770276665687561, 1.1699881553649902, -0.010301927104592323
0.7124824523925781, 1.1882858276367188, -0.011528825387358665
0.6954635381698608, 1.1914530992507935, -0.09288731217384338
0.8705607652664185, 1.130855917930603, -0.0690656378865242
0.7275177836418152, 1.1852335929870605, -0.029676031321287155
0.6954238414764404, 1.1927825212478638, -0.02754257805645466
0.8061640858650208, 1.162923812866211, -0.109393410384655
0.8664986491203308, 1.145347237586975, -0.02740124799311161
0.7682034373283386, 1.1663563251495361, -0.029845329001545906
0.7895383834838867, 1.1632009744644165, -0.14765633642673492
0.7886428833007812, 1.1652932167053223, -0.0280609130859375
0.8698698282241821, 1.1321601867675781, -0.010348214767873287
0.6960015296936035, 1.1911277770996094, -0.05019102245569229
0.8076335787773132, 1.1637619733810425, -0.03017088957130909
