regionId: 1604830953, origin: -0.9585774540901184, -0.4103187620639801, -0.005727000068873167, normal: -0.006503491196781397, -0.01656228117644787, 0.9998416900634766
regionId: 1071330348, origin: -1.4963198900222778, -1.0297809839248657, -0.1596393883228302, normal: 0.001209577894769609, -0.0015994580462574959, 0.9999948143959045
regionId: 208868460, origin: -0.36315488815307617, -0.2389063835144043, -0.006627498660236597, normal: 0.001438809558749199, -0.0074628181755542755, 0.9999147057533264
regionId: 341747876, origin: -1.3300166130065918, -0.8703684210777283, -0.011643488891422749, normal: 0.0011484962888062, -0.007789155002683401, 0.9999690055847168
regionId: 5056043, origin: -0.8004298210144043, -0.29620790481567383, -0.07644432783126831, normal: 0.7924951910972595, 0.609840989112854, 0.006732666864991188
regionId: 1961105139, origin: -0.6196290254592896, -0.740112841129303, -0.009722227230668068, normal: -6.854396779090166E-4, -0.017501384019851685, 0.9997385740280151
regionId: 670005492, origin: -1.1939798593521118, -0.728177547454834, -0.08309414982795715, normal: 0.7042625546455383, 0.7097746133804321, -0.0153046241030097
regionId: 546850341, origin: -1.156876564025879, -1.2480236291885376, -0.01355412695556879, normal: 0.001094788545742631, -0.0063330125994980335, 0.9999793171882629
regionId: 2137880204, origin: -0.5771088600158691, -1.08473801612854, -0.011443624272942543, normal: -0.007303076796233654, 0.003386023221537471, 0.9999675750732422
regionId: 2111218250, origin: -1.8963273763656616, -1.0738598108291626, -0.012382891960442066, normal: 0.0020552987698465586, -0.00696349423378706, 0.9999736547470093
regionId: 1114554920, origin: -1.6986088752746582, -1.3679351806640625, -0.01425046194344759, normal: 0.0021474298555403948, -0.007264742627739906, 0.999971330165863
regionId: 1618647613, origin: -1.4963953495025635, -1.7050238847732544, -0.014207501895725727, normal: 0.0023358860053122044, -5.248335073702037E-4, 0.9999971389770508
regionId: 1675196172, origin: -2.115405797958374, -1.7679139375686646, -0.016649924218654633, normal: 0.0015112764667719603, -0.007769328076392412, 0.9999686479568481
regionId: 1667878475, origin: -0.4304184913635254, -0.6670388579368591, -0.07543133199214935, normal: 0.9247910380363464, 0.38042330741882324, 0.006293158046901226
regionId: 954217487, origin: -0.4156254827976227, -0.9709416627883911, -0.0815550684928894, normal: 0.8147857189178467, 0.579719603061676, -0.007030797656625509
regionId: 84385329, origin: -0.994087815284729, -1.1344993114471436, -0.0845239982008934, normal: 0.8069930672645569, 0.5904701352119446, -0.010354844853281975
regionId: 1075121773, origin: -1.304076075553894, -0.9710768461227417, -0.09086063504219055, normal: -0.7097210884094238, 0.7034563422203064, 0.03801487013697624
regionId: 1671701298, origin: -0.29008573293685913, -0.03264027461409569, 0.5968625545501709, normal: -0.7239277362823486, -0.5697003602981567, 0.3890630900859833
regionId: 713566170, origin: -1.7651630640029907, -0.9317145943641663, -0.08629671484231949, normal: 0.6861386299133301, 0.7273783087730408, -0.011599896475672722
regionId: 1489131050, origin: -1.5330616235733032, -1.2634388208389282, -0.08745523542165756, normal: 0.8656060695648193, 0.5007118582725525, -0.0037089816760271788
regionId: 1521105397, origin: -2.084946870803833, -1.4947105646133423, -0.08521032333374023, normal: 0.7989639639854431, 0.598675549030304, -0.05695774406194687
regionId: 1466457816, origin: -1.2982245683670044, -1.6680445671081543, -0.09333823621273041, normal: 0.9791796207427979, 0.20178762078285217, -0.022113103419542313
regionId: 1941644985, origin: -3.871321201324463, -0.4105706512928009, -0.15421606600284576, normal: -0.006852301768958569, 0.01127882394939661, 0.9999129176139832
regionId: 732228520, origin: -3.4594686031341553, -3.3417768478393555, 0.08029891550540924, normal: 0.8046761155128479, 0.592149019241333, -0.043079573661088943
regionId: 1921997891, origin: -3.188173770904541, -3.6039319038391113, -0.09398245066404343, normal: 0.8144587278366089, 0.5800590515136719, 0.013730417937040329
regionId: 983605182, origin: -1.8845585584640503, -1.1930125951766968, -0.09459593892097473, normal: 0.7017512917518616, -0.7101935744285583, 0.056305158883333206
regionId: 986303799, origin: -3.694676399230957, -3.0333781242370605, 0.10483904182910919, normal: 0.7072604298591614, 0.589046835899353, 0.39090481400489807
