-3.321321725845337, -3.519651174545288, 0.0480949729681015
-3.321347951889038, -3.5373427867889404, 0.04172448068857193
-3.359011650085449, -3.4801597595214844, 0.055830713361501694
-3.310049057006836, -3.5456130504608154, 0.08543489873409271
-3.312072515487671, -3.561105966567993, 0.05658620223402977
-3.3214731216430664, -3.5531463623046875, 0.05872369930148125
-3.322127103805542, -3.5229125022888184, 0.06887421756982803
-3.3209307193756104, -3.5417449474334717, 0.08421748876571655
-3.355217933654785, -3.482320547103882, 0.09918505698442459
-3.3594791889190674, -3.4837050437927246, 0.07655589282512665
-3.338721513748169, -3.5055320262908936, 0.11603433638811111
-3.3288140296936035, -3.4926233291625977, 0.09911026805639267
-3.3063461780548096, -3.544905185699463, 0.10780557245016098
-3.29819655418396, -3.5527701377868652, 0.1041715070605278
-3.295832872390747, -3.5472774505615234, 0.08601250499486923
-3.295365810394287, -3.5602469444274902, 0.10382950305938721
-3.2844111919403076, -3.592021942138672, 0.056028254330158234
-3.304518699645996, -3.5562803745269775, 0.08069910854101181
-3.2699756622314453, -3.6117334365844727, 0.051960479468107224
-3.384528160095215, -3.433465003967285, 0.10340559482574463
-3.394817352294922, -3.4098587036132812, 0.08820238709449768
-3.4125661849975586, -3.3978271484375, 0.06878848373889923
-3.3925130367279053, -3.42775559425354, 0.10413678735494614
-3.3968825340270996, -3.4143896102905273, 0.10828681290149689
-3.3974449634552, -3.428474187850952, 0.1264079213142395
-3.385803699493408, -3.442443370819092, 0.12426354736089706
-3.4103384017944336, -3.397948980331421, 0.09068775177001953
-3.4260971546173096, -3.3846020698547363, 0.0936148464679718
-3.428966999053955, -3.3930158615112305, 0.11255376040935516
-3.4097304344177246, -3.3996357917785645, 0.13335244357585907
-3.4283905029296875, -3.3820810317993164, 0.05059133842587471
-3.4508116245269775, -3.368807554244995, 0.09406924992799759
-3.4623701572418213, -3.3470048904418945, 0.11842918395996094
-3.4814624786376953, -3.3184657096862793, 0.11896927654743195
-3.486380100250244, -3.3173987865448, 0.05507035180926323
-3.479133129119873, -3.312908172607422, 0.07770271599292755
-3.488722801208496, -3.2868423461914062, 0.04148152098059654
-3.504512310028076, -3.279313325881958, 0.08526606857776642
-3.512277126312256, -3.2591552734375, 0.04743900150060654
-3.5176303386688232, -3.263185501098633, 0.06663881987333298
-3.5187954902648926, -3.264995574951172, 0.08760427683591843
-3.5145959854125977, -3.262969493865967, 0.11025001108646393
-3.5412943363189697, -3.247497081756592, 0.06715084612369537
-3.5144906044006348, -3.268791675567627, 0.13083915412425995
-3.370504856109619, -3.457362651824951, 0.10107330977916718
-3.351137638092041, -3.5021402835845947, 0.051455773413181305
-3.4745044708251953, -3.324141025543213, 0.1218278557062149
-3.444007635116577, -3.369457960128784, 0.1173296868801117
-3.461583137512207, -3.3419651985168457, 0.07673146575689316
-3.502499580383301, -3.2758607864379883, 0.06493161618709564
-3.2969088554382324, -3.5639724731445312, 0.06090591847896576
-3.3851587772369385, -3.4444658756256104, 0.10404423624277115
-3.372502326965332, -3.456904888153076, 0.07927493751049042
-3.249021053314209, -3.62799072265625, 0.049849607050418854
-3.492852210998535, -3.2923903465270996, 0.06096521392464638
-3.2880442142486572, -3.5849833488464355, 0.05169130489230156
-3.4007203578948975, -3.397674560546875, 0.11449824273586273
-3.2796645164489746, -3.579155206680298, 0.058075617998838425
-3.2795701026916504, -3.593637704849243, 0.09985876828432083
-3.478388547897339, -3.3201441764831543, 0.07945045083761215
-3.3695905208587646, -3.459456205368042, 0.03617122024297714
-3.3978662490844727, -3.414268970489502, 0.06577436625957489
-3.274463415145874, -3.5914647579193115, 0.12278720736503601
-3.2322659492492676, -3.6497247219085693, 0.066372349858284
-3.2190065383911133, -3.6817188262939453, 0.03440846502780914
-3.2129032611846924, -3.682695150375366, 0.054679568856954575
-3.244570016860962, -3.6354243755340576, 0.11405298858880997
-3.22286057472229, -3.6741111278533936, 0.07952384650707245
-3.210200071334839, -3.68249249458313, 0.07700587064027786
-3.214655876159668, -3.6916399002075195, 0.07420342415571213
-3.2243669033050537, -3.647712230682373, 0.11050552129745483
-3.2235028743743896, -3.6710479259490967, 0.05835750326514244
-3.1908392906188965, -3.714836835861206, 0.05164765566587448
-3.1910016536712646, -3.7001101970672607, 0.07299711555242538
-3.190023422241211, -3.6958720684051514, 0.05234012380242348
-3.208341598510742, -3.6862401962280273, 0.11993762105703354
-3.1931591033935547, -3.7057509422302246, 0.09312109649181366
-3.172982931137085, -3.746293306350708, 0.08916453272104263
-3.1549108028411865, -3.746267557144165, 0.045893434435129166
-3.179905891418457, -3.71276593208313, 0.09839769452810287
-3.139157295227051, -3.7768802642822266, 0.10338754951953888
-3.158823251724243, -3.754319429397583, 0.06523914635181427
-3.1600282192230225, -3.772277355194092, 0.12691928446292877
-3.2914013862609863, -3.564464807510376, 0.10520672798156738
-3.4798779487609863, -3.324010133743286, 0.09979507327079773
-3.4711060523986816, -3.3187036514282227, 0.05889904126524925
-3.3194570541381836, -3.5281338691711426, 0.13376998901367188
-3.5011327266693115, -3.297105550765991, 0.015059779398143291
-3.5480289459228516, -3.2251219749450684, 0.09311173111200333
-3.284846782684326, -3.584028482437134, 0.07422050088644028
-3.2366530895233154, -3.6539456844329834, 0.12934330105781555
-3.424809455871582, -3.382335901260376, 0.11597778648138046
-3.4704790115356445, -3.3164241313934326, 0.03797420859336853
-3.278146505355835, -3.588597297668457, 0.07960622012615204
-3.216970443725586, -3.674908399581909, 0.1236821636557579
-3.4152138233184814, -3.4022328853607178, 0.04558441787958145
-3.454416036605835, -3.3365609645843506, 0.05653288587927818
-3.4631941318511963, -3.3143396377563477, 0.10428716242313385
-3.324174165725708, -3.5275166034698486, 0.08910516649484634
-3.2085912227630615, -3.689393997192383, 0.056650638580322266
-3.4825146198272705, -3.3045108318328857, 0.04001111164689064
-3.3824057579040527, -3.458554983139038, 0.031064314767718315
-3.3043668270111084, -3.5504322052001953, 0.06437843292951584
-3.490760326385498, -3.310819387435913, 0.015301613137125969
-3.1701133251190186, -3.738766670227051, 0.06956746429204941
-3.391813278198242, -3.4220762252807617, 0.04450396075844765
-3.218684673309326, -3.6621429920196533, 0.10562276095151901
-3.3962128162384033, -3.428626775741577, 0.06380704790353775
-3.5584914684295654, -3.195173740386963, 0.05369282513856888
-3.478829860687256, -3.3055055141448975, 0.12464621663093567
-3.219135046005249, -3.6568665504455566, 0.06330575048923492
-3.1665163040161133, -3.742666244506836, 0.11278567463159561
-3.5660486221313477, -3.1923000812530518, 0.07170964032411575
-3.576038122177124, -3.1850929260253906, 0.05389316380023956
-3.5978386402130127, -3.168137550354004, 0.11855080723762512
-3.5734751224517822, -3.1876821517944336, 0.11808326840400696
-3.6381726264953613, -3.107818603515625, 0.06185559555888176
-3.586582660675049, -3.1704046726226807, 0.12053651362657547
-3.2138161659240723, -3.6713428497314453, 0.06216283515095711
-3.582097053527832, -3.16745662689209, 0.05646791309118271
-3.389174461364746, -3.4409356117248535, 0.08097731322050095
-3.200288772583008, -3.67966628074646, 0.1024414449930191
-3.6042778491973877, -3.13852858543396, 0.06052178144454956
-3.660785436630249, -3.075591802597046, 0.06059986352920532
-3.5200939178466797, -3.2712624073028564, 0.06534266471862793
-3.5816712379455566, -3.174065113067627, 0.09659800678491592
-3.3242244720458984, -3.5342752933502197, 0.045444633811712265
-3.6365244388580322, -3.0940723419189453, 0.08154571801424026
-3.6325550079345703, -3.1256980895996094, 0.05865045264363289
-3.6387650966644287, -3.110081672668457, 0.08269263803958893
-3.3923215866088867, -3.3914830684661865, 0.0966050997376442
-3.5405867099761963, -3.209275245666504, 0.11417039483785629
-3.488896608352661, -3.2792367935180664, 0.0892445519566536
-3.5845961570739746, -3.151005744934082, 0.1027538999915123
-3.633420467376709, -3.1073014736175537, 0.10571292787790298
-3.6035983562469482, -3.148263454437256, 0.058501049876213074
-3.1983554363250732, -3.715017318725586, 0.1119365394115448
-3.59240984916687, -3.1567845344543457, 0.07861477136611938
-3.64208984375, -3.097862482070923, 0.05818326771259308
-3.309782028198242, -3.551894187927246, 0.1272062361240387
-3.4139535427093506, -3.4085683822631836, 0.08910364657640457
-3.593459129333496, -3.159618377685547, 0.05698322504758835
-3.3280482292175293, -3.505678653717041, 0.09704209864139557
-3.542464017868042, -3.220763921737671, 0.11537104099988937
-3.6453890800476074, -3.0997002124786377, 0.03560155630111694
-3.6537671089172363, -3.0828394889831543, 0.10439057648181915
-3.2259581089019775, -3.643244981765747, 0.04803420603275299
-3.594878911972046, -3.1566340923309326, 0.035195667296648026
-3.499222993850708, -3.2785956859588623, 0.04393083602190018
-3.61610746383667, -3.1587650775909424, 0.054250042885541916
-3.514326810836792, -3.2933969497680664, 0.03840303048491478
-3.6274712085723877, -3.100557327270508, 0.08466232568025589
-3.5430357456207275, -3.2158122062683105, 0.05097952112555504
-3.604525327682495, -3.1424944400787354, 0.10240795463323593
-3.5373282432556152, -3.2460789680480957, 0.0897035002708435
-3.2244508266448975, -3.6571574211120605, 0.13167238235473633
-3.150219678878784, -3.762895107269287, 0.1316085010766983
-3.595362901687622, -3.1326849460601807, 0.08495517075061798
-3.6573123931884766, -3.0832364559173584, 0.06078779697418213
-3.610520839691162, -3.1532516479492188, 0.03446662798523903
-3.6634788513183594, -3.067870855331421, 0.04360248148441315
-3.666311264038086, -3.0535941123962402, 0.08714315295219421
-3.682469129562378, -3.0359385013580322, 0.047283802181482315
-3.6808667182922363, -3.045384168624878, 0.06750089675188065
-3.6771140098571777, -3.0438549518585205, 0.08997515588998795
-3.6815531253814697, -3.043628454208374, 0.0664527639746666
-3.652726650238037, -3.0739407539367676, 0.040714673697948456
-3.668182373046875, -3.0537490844726562, 0.10784073173999786
-3.651998996734619, -3.045487880706787, 0.11320915073156357
-3.6734719276428223, -3.0407073497772217, 0.09061302989721298
-3.6788995265960693, -3.0232462882995605, 0.07277406752109528
-3.6922929286956787, -3.022570848464966, 0.09156723320484161
-3.7042462825775146, -3.030745029449463, 0.06600486487150192
-3.6894586086273193, -3.0298757553100586, 0.09038617461919785
-3.6926867961883545, -3.0333316326141357, 0.11036495119333267
-3.68442440032959, -3.0249156951904297, 0.11404377967119217
-3.7119805812835693, -3.0050253868103027, 0.07046577334403992
-3.7157437801361084, -3.009483814239502, 0.09016352146863937
-3.6920182704925537, -3.0253641605377197, 0.1336330622434616
-3.7230019569396973, -2.988616704940796, 0.09323348104953766
-3.718104362487793, -2.986529588699341, 0.11480175703763962
-3.730961322784424, -2.9660489559173584, 0.051591698080301285
-3.718027353286743, -2.9849555492401123, 0.04991468787193298
-3.7214338779449463, -2.974247694015503, 0.04877491667866707
-3.725970983505249, -2.9895823001861572, 0.07103723287582397
-3.726992130279541, -2.964677095413208, 0.11669827252626419
-3.7393651008605957, -2.9604461193084717, 0.09241102635860443
-3.741621494293213, -2.944051504135132, 0.11888201534748077
-3.746645450592041, -2.9591596126556396, 0.06900403648614883
-3.7450108528137207, -2.959193229675293, 0.11297959089279175
-3.7430248260498047, -2.9568560123443604, 0.04848166182637215
-3.7531895637512207, -2.941305160522461, 0.07287552952766418
-3.753282308578491, -2.942462921142578, 0.11527147889137268
-3.762155532836914, -2.931598663330078, 0.11659682542085648
-3.746859073638916, -2.936861991882324, 0.09644155204296112
-3.7595953941345215, -2.938432455062866, 0.09302227199077606
-3.7705674171447754, -2.9332122802734375, 0.09401384741067886
-3.7687127590179443, -2.931511640548706, 0.0734427198767662
-3.7856688499450684, -2.9153833389282227, 0.030695870518684387
-3.481781244277954, -3.3054308891296387, 0.06150233745574951
-3.413327217102051, -3.40519380569458, 0.0684375986456871
-3.763874053955078, -2.928100109100342, 0.0540543757379055
-3.206193447113037, -3.671860456466675, 0.12841635942459106
-3.1610450744628906, -3.767606496810913, 0.08338306844234467
-3.7726876735687256, -2.9021553993225098, 0.10045871883630753
-3.273261547088623, -3.5745792388916016, 0.08193565160036087
-3.15157413482666, -3.7555418014526367, 0.045128077268600464
-3.6622157096862793, -3.0934927463531494, 0.08062129467725754
-3.337207794189453, -3.531769037246704, 0.0644664540886879
-3.3922905921936035, -3.435257911682129, 0.03680801019072533
-3.590109348297119, -3.1664164066314697, 0.07809841632843018
-3.593233108520508, -3.17075514793396, 0.09797346591949463
-3.671680212020874, -3.0594096183776855, 0.04216252639889717
-3.633127212524414, -3.127997398376465, 0.07951878011226654
-3.2372915744781494, -3.6244888305664062, 0.0957142561674118
-3.3826889991760254, -3.4384655952453613, 0.062236953526735306
-3.5916755199432373, -3.183500289916992, 0.04907883703708649
-3.7205889225006104, -2.989473819732666, 0.13613134622573853
-3.4908268451690674, -3.2826144695281982, 0.10953737795352936
-3.1365222930908203, -3.7767724990844727, 0.06168694794178009
-3.5294783115386963, -3.245304584503174, 0.11342521011829376
-3.1580677032470703, -3.748671293258667, 0.1141447201371193
-3.1419568061828613, -3.7760226726531982, 0.08134608715772629
-3.1625277996063232, -3.7652015686035156, 0.061832256615161896
-3.1487982273101807, -3.7554008960723877, 0.06752418726682663
-3.5028223991394043, -3.287919521331787, 0.06331461668014526
-3.748133897781372, -2.936779022216797, 0.05350317433476448
-3.5825071334838867, -3.162104845046997, 0.03745795413851738
-3.3933334350585938, -3.4384186267852783, 0.05755240470170975
-3.2242701053619385, -3.6599361896514893, 0.03988068923354149
-3.784276247024536, -2.9163193702697754, 0.05249984562397003
-3.3043930530548096, -3.5517187118530273, 0.04009481519460678
-3.777972459793091, -2.917989492416382, 0.053502555936574936
-3.7408876419067383, -2.9752628803253174, 0.13362838327884674
