-2.0961694717407227, -1.473760962486267, -0.03175227344036102
-2.058089256286621, -1.5223420858383179, -0.020395727828145027
-2.0761635303497314, -1.5110180377960205, -0.07888475805521011
-2.0953922271728516, -1.4763827323913574, -0.04955798387527466
-2.0659842491149902, -1.5126023292541504, -0.08108700811862946
-2.065464973449707, -1.5221501588821411, -0.0825405940413475
-2.0636415481567383, -1.5228009223937988, -0.11091519147157669
-2.0570743083953857, -1.5083436965942383, -0.11032498627901077
-2.10530948638916, -1.479280710220337, -0.06626135110855103
-2.1056981086730957, -1.4735255241394043, -0.05066389590501785
-2.064067840576172, -1.5082828998565674, -0.09882968664169312
-2.062159299850464, -1.5217071771621704, -0.09978576004505157
-2.094736337661743, -1.4776591062545776, -0.10324083268642426
-2.094987154006958, -1.4773627519607544, -0.08608508855104446
-2.108515501022339, -1.4649629592895508, -0.0523698553442955
-2.1097211837768555, -1.4647842645645142, -0.037501025944948196
-2.0336413383483887, -1.5531059503555298, -0.06897728890180588
-2.0762596130371094, -1.5167256593704224, -0.09425739198923111
-2.094287872314453, -1.4641269445419312, -0.0548248328268528
-2.0954322814941406, -1.475693702697754, -0.11658576875925064
-2.105409860610962, -1.463476538658142, -0.09398767352104187
-2.1191322803497314, -1.4485197067260742, -0.06593167781829834
-2.0522491931915283, -1.5286400318145752, -0.03844839707016945
-2.0332655906677246, -1.5671979188919067, -0.037633612751960754
-2.065607786178589, -1.5075287818908691, -0.025063224136829376
-2.0964767932891846, -1.4776965379714966, -0.13213974237442017
-2.108522415161133, -1.4630404710769653, -0.11360928416252136
-2.108597755432129, -1.4579033851623535, -0.08625350892543793
-2.0947089195251465, -1.4751145839691162, -0.1452435702085495
-2.1074717044830322, -1.460278868675232, -0.0642995834350586
-2.073789119720459, -1.5229079723358154, -0.06736481189727783
-2.117194652557373, -1.4607570171356201, -0.1519327014684677
-2.120211124420166, -1.4492937326431274, -0.12373559176921844
-2.064929246902466, -1.5107368230819702, -0.03678819537162781
-2.1074376106262207, -1.4710562229156494, -0.13607704639434814
-2.120161771774292, -1.4470621347427368, -0.08006519079208374
-2.066624402999878, -1.5077532529830933, -0.011978904716670513
-2.074031352996826, -1.5065369606018066, -0.09836822748184204
-2.0768239498138428, -1.5038734674453735, -0.13157843053340912
-2.1206517219543457, -1.448193907737732, -0.09724442660808563
-2.0745644569396973, -1.5075095891952515, -0.11394181847572327
-2.0190091133117676, -1.5818283557891846, -0.03733791783452034
-2.0325050354003906, -1.5480163097381592, -0.09880892932415009
-2.1111340522766113, -1.4534015655517578, -0.08713628351688385
-2.0342116355895996, -1.5647695064544678, -0.05039026588201523
-2.0896353721618652, -1.500694990158081, -0.07958216965198517
-2.0466315746307373, -1.5497961044311523, -0.09200471639633179
-2.0769906044006348, -1.4943588972091675, -0.08466681092977524
-2.109470844268799, -1.450758695602417, -0.12836673855781555
-2.062150478363037, -1.52021324634552, -0.03754820674657822
-2.1117398738861084, -1.4496502876281738, -0.04374327138066292
-2.122824192047119, -1.445780873298645, -0.11884835362434387
-2.122255325317383, -1.4609544277191162, -0.13973146677017212
-2.045398473739624, -1.551515817642212, -0.02172623760998249
-2.042734384536743, -1.5477410554885864, -0.07522201538085938
-2.087675094604492, -1.5007468461990356, -0.10682367533445358
-2.0897364616394043, -1.4929111003875732, -0.11567650735378265
-2.0923094749450684, -1.4918893575668335, -0.034939274191856384
-2.0513083934783936, -1.5417379140853882, -0.02073223516345024
-2.011768102645874, -1.5910677909851074, -0.06470612436532974
-2.106539249420166, -1.452077865600586, -0.09835076332092285
-2.0798397064208984, -1.4964263439178467, -0.051670387387275696
-2.0825247764587402, -1.496667742729187, -0.1458602398633957
-2.106123208999634, -1.4718495607376099, -0.1658594310283661
-2.0957579612731934, -1.4927315711975098, -0.0827639102935791
-2.096719264984131, -1.4647109508514404, -0.07070820033550262
-2.098900556564331, -1.4884194135665894, -0.16608412563800812
-2.1130504608154297, -1.461513876914978, -0.1418294906616211
-2.045276403427124, -1.5510739088058472, -0.10622794926166534
-2.0811445713043213, -1.4955475330352783, -0.1592644453048706
-2.0740878582000732, -1.5073598623275757, -0.018738174811005592
-2.099466562271118, -1.4892971515655518, -0.15208175778388977
-2.1270813941955566, -1.4344329833984375, -0.11675043404102325
-2.090463876724243, -1.4933580160140991, -0.04870682209730148
-2.1260406970977783, -1.4353829622268677, -0.03161425143480301
-2.0523011684417725, -1.538672685623169, -0.09738451987504959
-2.0572550296783447, -1.5363386869430542, -0.08015073090791702
-2.135133743286133, -1.4286346435546875, -0.13086149096488953
-2.1014957427978516, -1.4781696796417236, -0.08434262126684189
-2.091174840927124, -1.4879318475723267, -0.019238051027059555
-2.136441946029663, -1.4311456680297852, -0.09721479564905167
-2.116220712661743, -1.4679536819458008, -0.12596295773983002
-2.105090618133545, -1.4802032709121704, -0.10842682421207428
-2.032594680786133, -1.5560781955718994, -0.08079559355974197
-2.033491849899292, -1.5545998811721802, -0.03618187829852104
-2.033233642578125, -1.5514962673187256, -0.05621703714132309
-2.081495761871338, -1.4950294494628906, -0.01699143275618553
-2.078428268432617, -1.4938535690307617, -0.12805359065532684
-2.1017420291900635, -1.4860674142837524, -0.08083724230527878
-2.119319200515747, -1.460172176361084, -0.1128438264131546
-2.05845308303833, -1.5354852676391602, -0.09281893074512482
-2.09476900100708, -1.4758737087249756, -0.06631109118461609
-2.043344736099243, -1.5653877258300781, -0.09796101599931717
-2.081179141998291, -1.471705436706543, -0.023021375760436058
-2.1374313831329346, -1.4313892126083374, -0.16608424484729767
-2.083746910095215, -1.4734693765640259, -0.03883443772792816
-2.0331478118896484, -1.5680278539657593, -0.07964573800563812
-2.117473602294922, -1.4630279541015625, -0.16653279960155487
-2.107434034347534, -1.468858003616333, -0.13397589325904846
-2.133990526199341, -1.4282158613204956, -0.07648157328367233
-2.0468316078186035, -1.5521931648254395, -0.050829432904720306
-2.065370798110962, -1.5105304718017578, -0.07118454575538635
-2.0302157402038574, -1.5727128982543945, -0.11042134463787079
-2.078878879547119, -1.495647668838501, -0.09810860455036163
-2.0854997634887695, -1.4748015403747559, -0.012491408735513687
-2.090869903564453, -1.4626023769378662, -0.038050588220357895
-2.11601185798645, -1.4772580862045288, -0.11347667872905731
-2.108948230743408, -1.4714279174804688, -0.09291548281908035
-2.095540761947632, -1.4788416624069214, -0.018048172816634178
-2.1140668392181396, -1.4873958826065063, -0.15915998816490173
-2.054044246673584, -1.5204370021820068, -0.08435399830341339
-2.04238224029541, -1.5612884759902954, -0.10934092104434967
-2.091529130935669, -1.493600845336914, -0.0633978620171547
-2.121912717819214, -1.4624260663986206, -0.05404899641871452
-2.0569918155670166, -1.5438246726989746, -0.06627827882766724
-2.1185336112976074, -1.4638926982879639, -0.08075980842113495
-2.0906178951263428, -1.4922581911087036, -0.0975303202867508
-2.0511178970336914, -1.5243940353393555, -0.09851691126823425
-2.0854668617248535, -1.5070213079452515, -0.12255851924419403
-2.0879359245300293, -1.5025572776794434, -0.06525824964046478
-2.1158664226531982, -1.4553983211517334, -0.10459349304437637
-2.1276168823242188, -1.4380121231079102, -0.10381222516298294
-2.092654228210449, -1.4927031993865967, -0.12753573060035706
