-3.15012526512146, -3.6449778079986572, -0.05601179972290993
-3.160667896270752, -3.6394729614257812, -0.08150409162044525
-3.1887764930725098, -3.606283664703369, -0.04998838156461716
-3.1893422603607178, -3.612908363342285, -0.03031817078590393
-3.1513609886169434, -3.6514055728912354, -0.03402066230773926
-3.158475875854492, -3.6482393741607666, -0.1012638658285141
-3.180109739303589, -3.62630033493042, -0.05676516890525818
-3.1567463874816895, -3.6497533321380615, -0.0804259330034256
-3.144321918487549, -3.6392040252685547, -0.051374923437833786
-3.172783613204956, -3.630601406097412, -0.03131984919309616
-3.160470724105835, -3.6361496448516846, -0.10256200283765793
-3.187389373779297, -3.60658860206604, -0.07105344533920288
-3.1827051639556885, -3.623713731765747, -0.07810593396425247
-3.1786911487579346, -3.6216518878936768, -0.07720520347356796
-3.1742806434631348, -3.6228604316711426, -0.09547881782054901
-3.1779279708862305, -3.622861623764038, -0.05261392146348953
-3.171178102493286, -3.622702121734619, -0.07292112708091736
-3.175926446914673, -3.632969379425049, -0.05487506091594696
-3.1752963066101074, -3.6022188663482666, -0.04439293220639229
-3.159372329711914, -3.6466588973999023, -0.12416994571685791
-3.1544370651245117, -3.6390743255615234, -0.11892173439264297
-3.174196720123291, -3.6193511486053467, -0.11651231348514557
-3.1809208393096924, -3.621263265609741, -0.0995035469532013
-3.191307783126831, -3.6037790775299072, -0.09385781735181808
-3.199643850326538, -3.5961999893188477, -0.0466122105717659
-3.204068899154663, -3.5874698162078857, -0.02254457399249077
-3.2178289890289307, -3.5743460655212402, -0.06306368857622147
-3.21368408203125, -3.572416067123413, -0.03994801267981529
-3.1955113410949707, -3.606085777282715, -0.09474288672208786
-3.205800771713257, -3.5820376873016357, -0.06501861661672592
-3.1971161365509033, -3.5887880325317383, -0.08700339496135712
-3.201802968978882, -3.5812244415283203, -0.04226981848478317
-3.142237424850464, -3.6605641841888428, -0.1469966024160385
-3.189592123031616, -3.5963058471679688, -0.11297356337308884
-3.2144479751586914, -3.573432207107544, -0.08363425731658936
-3.198312282562256, -3.6079514026641846, -0.11830528825521469
-3.1808483600616455, -3.6053802967071533, -0.13443005084991455
-3.1784017086029053, -3.612312078475952, -0.1406932771205902
-3.1944422721862793, -3.581561803817749, -0.10746526718139648
-3.187500238418579, -3.617561101913452, -0.14339284598827362
-3.155468463897705, -3.634040355682373, -0.16302239894866943
-3.182537078857422, -3.607980251312256, -0.16186405718326569
-3.2028629779815674, -3.5713274478912354, -0.10535372793674469
-3.2237331867218018, -3.535560131072998, -0.07303288578987122
-3.2371532917022705, -3.54681658744812, -0.10045643150806427
-3.213601589202881, -3.5796802043914795, -0.13168659806251526
-3.215315580368042, -3.565546751022339, -0.1251164823770523
-3.1855907440185547, -3.590397834777832, -0.1538774073123932
-3.199906826019287, -3.6023380756378174, -0.16086030006408691
-3.214310884475708, -3.561349868774414, -0.14580370485782623
-3.2278995513916016, -3.5259108543395996, -0.1588079035282135
-3.2174482345581055, -3.5686354637145996, -0.0814550518989563
-3.211651563644409, -3.590524911880493, -0.1551734358072281
-3.1686959266662598, -3.6365349292755127, -0.17063042521476746
-3.1902806758880615, -3.607933521270752, -0.11434900015592575
-3.195608615875244, -3.5939993858337402, -0.04336785525083542
-3.1953160762786865, -3.5795555114746094, -0.10493060201406479
-3.2015881538391113, -3.5923423767089844, -0.10982489585876465
-3.1756300926208496, -3.61753511428833, -0.13834208250045776
-3.204212188720703, -3.5891919136047363, -0.131393164396286
-3.193965435028076, -3.5817415714263916, -0.08337529748678207
-3.184567451477051, -3.624490261077881, -0.03042774088680744
-3.2108514308929443, -3.560821056365967, -0.10195525735616684
-3.2046775817871094, -3.5770721435546875, -0.08534861356019974
-3.208494186401367, -3.5696024894714355, -0.10295337438583374
-3.1948587894439697, -3.590162515640259, -0.04213408753275871
-3.177190065383911, -3.607045888900757, -0.09016277641057968
-3.1941306591033936, -3.5894577503204346, -0.06375192850828171
-3.2026822566986084, -3.6259193420410156, -0.099529929459095
-3.163891315460205, -3.637092351913452, -0.12552301585674286
