-2.127277135848999, -1.5826823711395264, -0.017505958676338196
-2.134702682495117, -1.5635268688201904, -0.013643220067024231
-2.1737563610076904, -1.5303627252578735, -0.020727748051285744
-2.1858327388763428, -1.5389007329940796, -0.015290304087102413
-2.1842575073242188, -1.5230255126953125, -0.008265935815870762
-2.1501731872558594, -1.5075955390930176, -0.01538059115409851
-2.1358063220977783, -1.5069968700408936, -0.021637428551912308
-2.196988105773926, -1.5368354320526123, -0.01884796842932701
-2.212534189224243, -1.6402053833007812, -0.019996099174022675
-2.165867328643799, -1.6763101816177368, -0.013075766153633595
-2.2376675605773926, -1.5754356384277344, -0.023491067811846733
-2.2240118980407715, -1.6589336395263672, -0.00945358444005251
-2.246807336807251, -1.6739593744277954, -0.018716057762503624
-2.136831521987915, -1.6556806564331055, -0.021404363214969635
-2.121229648590088, -1.6693403720855713, -0.020054474472999573
-2.1463701725006104, -1.6857088804244995, -0.023755552247166634
-2.275538682937622, -1.5961220264434814, -0.018294816836714745
-2.0928359031677246, -1.638852596282959, -0.023933831602334976
-2.1058287620544434, -1.6432380676269531, -0.018061887472867966
-2.0926294326782227, -1.6277183294296265, -0.018886201083660126
-2.3321011066436768, -1.6390634775161743, -0.013065198436379433
-2.2418453693389893, -1.7651444673538208, -0.02028212882578373
-2.3607125282287598, -1.6596333980560303, -0.01802530698478222
-2.2751216888427734, -1.7920782566070557, -0.01307365857064724
-2.288343906402588, -1.778613567352295, -0.01363595761358738
-2.2698683738708496, -1.7865945100784302, -0.025244660675525665
-2.399348497390747, -1.6817095279693604, -0.012674760073423386
-2.2868924140930176, -1.8006044626235962, -0.02225809544324875
-2.315734386444092, -1.803457498550415, -0.01946808025240898
-2.1773407459259033, -1.5988515615463257, -0.01753145456314087
-2.1742706298828125, -1.5223243236541748, -0.01725716143846512
-2.278503656387329, -1.5831882953643799, -0.015885179862380028
-2.282886266708374, -1.684451937675476, -0.022932011634111404
-2.214186668395996, -1.7389878034591675, -0.02183961123228073
-2.3452398777008057, -1.6316174268722534, -0.016570428386330605
-2.2403817176818848, -1.6546931266784668, -0.022110067307949066
-2.3880233764648438, -1.669990062713623, -0.01809028536081314
-2.2558095455169678, -1.7605854272842407, -0.023161912336945534
-2.156301736831665, -1.5847829580307007, -0.016837751492857933
-2.2433364391326904, -1.5680980682373047, -0.022271454334259033
-2.33425235748291, -1.6435761451721191, -0.016898060217499733
-2.245063304901123, -1.5670671463012695, -0.009711649268865585
-2.361694097518921, -1.648937702178955, -0.015576034784317017
-2.300225257873535, -1.6887091398239136, -0.016647454351186752
-2.289362668991089, -1.7034591436386108, -0.016793737187981606
-2.304511070251465, -1.6990227699279785, -0.021405072882771492
-2.3200173377990723, -1.7060550451278687, -0.016111113131046295
-2.329556941986084, -1.7269372940063477, -0.012314464896917343
-2.3333330154418945, -1.7360625267028809, -0.017015056684613228
-2.3617730140686035, -1.722235083580017, -0.008427786640822887
-2.3061535358428955, -1.7775251865386963, -0.01965625211596489
-2.2162251472473145, -1.5339975357055664, -0.012566177174448967
-2.3006949424743652, -1.804652452468872, -0.013237201608717442
-2.2266526222229004, -1.716116189956665, -0.023987501859664917
-2.2703471183776855, -1.8476535081863403, -0.016713349148631096
-2.064819097518921, -1.673429012298584, -0.011292623355984688
-2.407853841781616, -1.674875259399414, -0.02044111303985119
-2.287424087524414, -1.5974925756454468, -0.009684470482170582
-2.108168363571167, -1.5674405097961426, -0.009569224901497364
-2.153437614440918, -1.4952911138534546, -0.011721432209014893
-2.4142417907714844, -1.6697998046875, -0.014025000855326653
-2.2095565795898438, -1.6134318113327026, -0.008107397705316544
-2.163229465484619, -1.6995515823364258, -0.021876933053135872
-2.350943088531494, -1.7306100130081177, -0.008281080052256584
-2.2849068641662598, -1.7606945037841797, -0.01994202472269535
-2.270697832107544, -1.7747457027435303, -0.020056603476405144
-2.1669294834136963, -1.7041231393814087, -0.009469459764659405
-2.1676251888275146, -1.7636126279830933, -0.01793159916996956
-2.2596378326416016, -1.7469353675842285, -0.01982029713690281
-2.30344557762146, -1.7204358577728271, -0.01784156821668148
-2.3166980743408203, -1.6890995502471924, -0.008180800825357437
-2.258298397064209, -1.7385027408599854, -0.023213259875774384
-2.1031713485717773, -1.614530324935913, -0.018016979098320007
-2.1224374771118164, -1.6355246305465698, -0.021285533905029297
-2.230520725250244, -1.835758090019226, -0.01238422840833664
-2.243269920349121, -1.8411670923233032, -0.019867368042469025
-2.231858491897583, -1.8510487079620361, -0.019294701516628265
-2.1998131275177, -1.832841157913208, -0.01870572753250599
-2.225004196166992, -1.8332414627075195, -0.025302797555923462
-2.254166603088379, -1.8521392345428467, -0.012956352904438972
-2.197103977203369, -1.8096576929092407, -0.019620541483163834
-2.0903244018554688, -1.7318013906478882, -0.018055440858006477
-2.0999081134796143, -1.7249373197555542, -0.020021384581923485
-2.0771350860595703, -1.705970287322998, -0.016618425026535988
-2.137939691543579, -1.760630488395691, -0.020306065678596497
-2.122760772705078, -1.7445721626281738, -0.02165214903652668
-2.1097612380981445, -1.7492822408676147, -0.02006000280380249
-2.1371207237243652, -1.7772455215454102, -0.027018554508686066
-2.0287837982177734, -1.673250675201416, -0.024892115965485573
-2.0630855560302734, -1.6927577257156372, -0.01870112493634224
-2.048027992248535, -1.677037239074707, -0.020068053156137466
-2.0488269329071045, -1.7046054601669312, -0.017942331731319427
-2.0460522174835205, -1.6883602142333984, -0.024501655250787735
-2.0175201892852783, -1.654681921005249, -0.012157384306192398
-2.03515625, -1.669942855834961, -0.012099462561309338
-2.168229341506958, -1.8049204349517822, -0.021217841655015945
-2.1822807788848877, -1.796112060546875, -0.022369299083948135
-2.164890766143799, -1.7771908044815063, -0.022678880020976067
-2.1869289875030518, -1.8857718706130981, -0.016878655180335045
-2.103976011276245, -1.8075486421585083, -0.01862151548266411
-2.0063016414642334, -1.6403744220733643, -0.015316630713641644
-1.9871461391448975, -1.6370973587036133, -0.01941189356148243
-1.9999624490737915, -1.7165613174438477, -0.017466066405177116
-1.990034580230713, -1.6280369758605957, -0.02181633748114109
-2.1991562843322754, -1.9013540744781494, -0.01193440891802311
-2.16803240776062, -1.9089385271072388, -0.018854783847928047
-2.186978816986084, -1.9003875255584717, -0.02212350443005562
-2.191542625427246, -1.9302003383636475, -0.021670592948794365
-2.063821315765381, -1.8062130212783813, -0.026573825627565384
-2.0941615104675293, -1.8352112770080566, -0.021542292088270187
-2.105975389480591, -1.849170207977295, -0.02357107400894165
-1.9560521841049194, -1.6735460758209229, -0.02175864577293396
-2.0187106132507324, -1.7468171119689941, -0.02409186214208603
-1.985626220703125, -1.700423240661621, -0.018955770879983902
-1.9870784282684326, -1.732425332069397, -0.01969166100025177
-2.046323776245117, -1.7622817754745483, -0.02130279503762722
-2.004929304122925, -1.7300255298614502, -0.018546659499406815
-1.9502025842666626, -1.6993491649627686, -0.01922840252518654
-1.975856065750122, -1.7096244096755981, -0.019018933176994324
-2.2161309719085693, -1.9267631769180298, -0.014648201875388622
-2.1336429119110107, -1.9389164447784424, -0.019352862611413002
-1.9451326131820679, -1.6749088764190674, -0.018478136509656906
-1.959695816040039, -1.685390591621399, -0.02088012732565403
-1.9381158351898193, -1.690453052520752, -0.023157652467489243
-1.9403733015060425, -1.749963402748108, -0.009255599230527878
-2.1344141960144043, -1.9534258842468262, -0.01171979308128357
-2.108459711074829, -1.9266782999038696, -0.021022269502282143
-1.9598212242126465, -1.7903462648391724, -0.021951787173748016
-2.0826218128204346, -1.9135721921920776, -0.02105046808719635
-1.974721908569336, -1.8036746978759766, -0.018939802423119545
-1.997212529182434, -1.8096760511398315, -0.01684279553592205
-1.9916057586669922, -1.8222463130950928, -0.019782328978180885
-2.0604379177093506, -1.8827000856399536, -0.021503960713744164
-2.0075578689575195, -1.8384661674499512, -0.018964501097798347
-2.003024101257324, -1.824440598487854, -0.010880468413233757
-2.1524205207824707, -1.8654963970184326, -0.024269621819257736
-2.138195037841797, -1.6464316844940186, -0.017207887023687363
-2.07606840133667, -1.8209896087646484, -0.022153906524181366
-1.9697848558425903, -1.6882472038269043, -0.01971328631043434
-2.3561317920684814, -1.748630166053772, -0.016605941578745842
-2.2000391483306885, -1.8846317529678345, -0.01972005143761635
-2.137430191040039, -1.5683739185333252, -0.0157562755048275
-2.031515598297119, -1.733022689819336, -0.02242797613143921
-2.1522703170776367, -1.6776411533355713, -0.02203693985939026
-2.1982336044311523, -1.6209397315979004, -0.021440835669636726
-1.970969319343567, -1.7187541723251343, -0.022499116137623787
-2.2881786823272705, -1.6146812438964844, -0.019131731241941452
-2.1349899768829346, -1.8356823921203613, -0.019918177276849747
-2.1525816917419434, -1.957180380821228, -0.018329616636037827
-2.2733237743377686, -1.6608216762542725, -0.0235251784324646
-2.0743443965911865, -1.6844241619110107, -0.0193573459982872
-2.381098747253418, -1.64341402053833, -0.020861346274614334
-2.168325662612915, -1.8722336292266846, -0.01831967383623123
-2.2861530780792236, -1.6684489250183105, -0.017340227961540222
-2.189347505569458, -1.819131851196289, -0.021291173994541168
-2.0724921226501465, -1.7165439128875732, -0.019986171275377274
-2.331674098968506, -1.608525276184082, -0.01719561591744423
-2.3054182529449463, -1.70478093624115, -0.009768868796527386
-2.108915328979492, -1.65684974193573, -0.009432082995772362
-2.1819944381713867, -1.507774829864502, -0.018579166382551193
-2.1963071823120117, -1.701206088066101, -0.020061014220118523
-2.124765396118164, -1.9271626472473145, -0.026112811639904976
-2.265444278717041, -1.7460793256759644, -0.02151334658265114
-2.3038010597229004, -1.6000707149505615, -0.016694970428943634
-2.2270889282226562, -1.8238006830215454, -0.02066723071038723
-1.9752120971679688, -1.6264636516571045, -0.023445088416337967
-2.0754740238189697, -1.7886159420013428, -0.021202534437179565
-2.2452609539031982, -1.6441397666931152, -0.020614126697182655
-2.200817346572876, -1.6114879846572876, -0.017413580790162086
-2.2123005390167236, -1.9085795879364014, -0.019617699086666107
-2.078249454498291, -1.8818575143814087, -0.019597843289375305
-2.3221023082733154, -1.7913967370986938, -0.017012225463986397
-2.1273317337036133, -1.552891731262207, -0.019297704100608826
-2.1200976371765137, -1.8181521892547607, -0.021599482744932175
-2.1099770069122314, -1.7187296152114868, -0.020455943420529366
-2.4029173851013184, -1.6583842039108276, -0.020151205360889435
-2.0894265174865723, -1.7054765224456787, -0.02029235288500786
-2.16990327835083, -1.8902052640914917, -0.02696932479739189
-2.0911269187927246, -1.803199291229248, -0.01899956911802292
-2.0172431468963623, -1.834444522857666, -0.01978573575615883
-2.289846897125244, -1.581751823425293, -0.018841056153178215
-2.2432847023010254, -1.7447597980499268, -0.02720097452402115
-2.1298348903656006, -1.7357311248779297, -0.021093962714076042
-2.184608221054077, -1.683175802230835, -0.022533321753144264
-2.1048531532287598, -1.8238964080810547, -0.019513186067342758
-2.184952974319458, -1.62691068649292, -0.018030965700745583
-2.2281157970428467, -1.6248358488082886, -0.02004869282245636
-2.030231475830078, -1.7478466033935547, -0.011342639103531837
-2.2114310264587402, -1.8058819770812988, -0.022143663838505745
-2.007310390472412, -1.6292638778686523, -0.010754847899079323
-2.218038320541382, -1.7262539863586426, -0.040187593549489975
-2.2452101707458496, -1.7361774444580078, -0.024677572771906853
-2.2298779487609863, -1.9251127243041992, -0.0181301087141037
-2.3346638679504395, -1.7180020809173584, -0.011490236036479473
-2.2557506561279297, -1.7641932964324951, -0.010677407495677471
-2.165999174118042, -1.5090177059173584, -0.009045163169503212
-2.1081156730651855, -1.9114797115325928, -0.025405799970030785
-2.1671221256256104, -1.9978598356246948, -0.02640395238995552
-2.183253765106201, -1.9885224103927612, -0.012053783982992172
-2.142239570617676, -1.5798008441925049, -0.00904030166566372
-2.1269638538360596, -1.9368150234222412, -0.0166472140699625
-2.120741605758667, -1.5411275625228882, -0.012094439007341862
-2.150012254714966, -1.489999771118164, -0.021389782428741455
-2.0992913246154785, -1.619863510131836, -0.01875125989317894
-2.196415901184082, -1.626964807510376, -0.007976576685905457
-2.066378116607666, -1.6204476356506348, -0.019885024055838585
-2.3139398097991943, -1.6285017728805542, -0.016596218571066856
-2.0622260570526123, -1.7612931728363037, -0.01835237443447113
-2.161780834197998, -1.669640302658081, -0.022666435688734055
-2.0741024017333984, -1.9000200033187866, -0.027731148526072502
-1.9457674026489258, -1.7739206552505493, -0.022583654150366783
-1.986799955368042, -1.880843997001648, -0.015647191554307938
-2.1056175231933594, -1.550093173980713, -0.022721529006958008
-2.102776050567627, -1.6302955150604248, -0.02466794289648533
-2.0315628051757812, -1.8513236045837402, -0.01919057033956051
-2.0496816635131836, -1.8395007848739624, -0.018634933978319168
-2.1109812259674072, -1.5383657217025757, -0.020188305526971817
-2.419583797454834, -1.660468339920044, -0.012767689302563667
-1.9531718492507935, -1.771789789199829, -0.011006231419742107
-1.9526255130767822, -1.8521747589111328, -0.019527330994606018
-2.2275285720825195, -1.5248558521270752, -0.0175775196403265
-2.1941633224487305, -1.7866077423095703, -0.022700635716319084
-2.1066458225250244, -1.7291043996810913, -0.009100573137402534
-2.1129050254821777, -1.9391705989837646, -0.013496124185621738
-1.9143577814102173, -1.803415298461914, -0.010384399443864822
-2.00517201423645, -1.7956500053405762, -0.02553517185151577
-2.135599136352539, -1.9572169780731201, -0.02084747701883316
-2.0590784549713135, -1.581521987915039, -0.012960901483893394
-2.347756862640381, -1.6117801666259766, -0.010729357600212097
-2.181502342224121, -1.4966014623641968, -0.010797280818223953
-2.2435407638549805, -1.5421643257141113, -0.013157487846910954
-2.1224896907806396, -1.4783209562301636, -0.018553169444203377
-2.076322317123413, -1.8977190256118774, -0.012162639759480953
-2.0042858123779297, -1.75028395652771, -0.021764790639281273
-2.065281867980957, -1.8558567762374878, -0.017345689237117767
-2.0481367111206055, -1.7769763469696045, -0.020840920507907867
-2.0223872661590576, -1.8246959447860718, -0.020190782845020294
-1.976308822631836, -1.87882661819458, -0.011328727006912231
-2.092235803604126, -1.9887043237686157, -0.011807730421423912
-1.8839898109436035, -1.795090913772583, -0.010473223403096199
-2.1134791374206543, -2.024266242980957, -0.01967710629105568
-2.0624442100524902, -2.018221378326416, -0.018692128360271454
-2.065261125564575, -1.9728080034255981, -0.026025626808404922
-2.051236629486084, -1.957158088684082, -0.014240831136703491
-2.106274127960205, -2.0623247623443604, -0.019925711676478386
-2.12809157371521, -2.0695600509643555, -0.03120569884777069
-2.0164928436279297, -2.026535987854004, -0.020310543477535248
-2.027377128601074, -1.945275068283081, -0.017092328518629074
-2.0302510261535645, -1.9353830814361572, -0.012135635130107403
-2.0311923027038574, -2.062130928039551, -0.019742973148822784
-1.994301676750183, -2.0092952251434326, -0.020817935466766357
-2.00262713432312, -2.015960693359375, -0.011214189231395721
-1.9885380268096924, -1.9928743839263916, -0.0108491200953722
-1.9714289903640747, -1.9728142023086548, -0.024939246475696564
-1.9866689443588257, -1.9901447296142578, -0.02332448400557041
-1.9566746950149536, -1.9568047523498535, -0.012950854375958443
-1.9425026178359985, -1.955491065979004, -0.022701997309923172
-1.9164342880249023, -1.9712353944778442, -0.023881997913122177
-1.9097490310668945, -1.9126851558685303, -0.01928532123565674
-1.90590500831604, -1.899965524673462, -0.01224508136510849
-1.886392593383789, -1.8864760398864746, -0.013651899993419647
-1.840012550354004, -1.8614217042922974, -0.022295748814940453
-1.8362982273101807, -1.8774726390838623, -0.022598981857299805
-1.854185700416565, -1.8774486780166626, -0.019014574587345123
-1.8658095598220825, -1.8832529783248901, -0.007441394496709108
-1.923268437385559, -1.9538054466247559, -0.018142540007829666
-2.065310478210449, -1.7930433750152588, -0.020081229507923126
-2.0330755710601807, -1.649000883102417, -0.01663544774055481
-1.8493144512176514, -1.8654804229736328, -0.02021976187825203
-2.261383056640625, -1.553231954574585, -0.010919945314526558
-2.018695831298828, -1.932548999786377, -0.021660853177309036
-2.2460274696350098, -1.6328940391540527, -0.016275471076369286
-2.150170087814331, -1.7889575958251953, -0.022366585209965706
-2.3020100593566895, -1.6759569644927979, -0.01875367946922779
-2.0051321983337402, -2.029808759689331, -0.018875576555728912
-1.8833668231964111, -1.8838262557983398, -0.018585171550512314
-1.899139404296875, -1.8354145288467407, -0.02214238792657852
-2.277552604675293, -1.6972278356552124, -0.025459468364715576
-1.959173560142517, -1.9869599342346191, -0.022342931479215622
-1.8941845893859863, -1.9439860582351685, -0.019092153757810593
-1.8809475898742676, -1.9300016164779663, -0.02106226608157158
-2.1718297004699707, -1.9876799583435059, -0.0227440744638443
-1.9590367078781128, -1.866831660270691, -0.01889798417687416
-2.1555042266845703, -1.7467504739761353, -0.020400725305080414
-2.2082650661468506, -1.5240013599395752, -0.01894807629287243
-2.2730700969696045, -1.64444899559021, -0.017196621745824814
-1.9122211933135986, -1.944496512413025, -0.022795239463448524
-2.218592643737793, -1.6126151084899902, -0.025779584422707558
-2.167895555496216, -1.6583635807037354, -0.019775714725255966
-2.0445661544799805, -1.957186222076416, -0.022190308198332787
-1.9839279651641846, -1.895669937133789, -0.02185283601284027
-2.0958752632141113, -1.689861536026001, -0.016075368970632553
-1.9562649726867676, -1.7481982707977295, -0.013650132343173027
-2.0793616771698, -2.048194169998169, -0.020845068618655205
-2.3583996295928955, -1.7174421548843384, -0.019573159515857697
-2.1656436920166016, -1.6132277250289917, -0.017198458313941956
-2.1254172325134277, -1.6255548000335693, -0.017285693436861038
-2.0217230319976807, -2.0491015911102295, -0.018700940534472466
-2.203045129776001, -1.9154982566833496, -0.019073370844125748
-2.0022389888763428, -1.912339448928833, -0.021385205909609795
-1.9880459308624268, -2.018122434616089, -0.02346758544445038
-2.016324281692505, -1.716025710105896, -0.023158878087997437
-2.3561272621154785, -1.6223516464233398, -0.01748747192323208
-2.264436721801758, -1.837638258934021, -0.02516794204711914
-2.182936668395996, -1.8646824359893799, -0.019618108868598938
-1.8810752630233765, -1.8200618028640747, -0.021965691819787025
-1.964124083518982, -1.8946064710617065, -0.016785360872745514
-2.2142751216888428, -1.556673526763916, -0.019760195165872574
-2.0043914318084717, -1.821390986442566, -0.023490656167268753
-2.0957069396972656, -2.00714111328125, -0.020990293473005295
-1.9389525651931763, -1.8668349981307983, -0.023586198687553406
-2.064906597137451, -1.6707264184951782, -0.023601148277521133
-1.848876714706421, -1.8514747619628906, -0.02241208404302597
-1.9445915222167969, -1.8546264171600342, -0.017919544130563736
-2.1205151081085205, -2.0351176261901855, -0.01202694233506918
-2.1979787349700928, -1.7756308317184448, -0.01935623213648796
-2.0480642318725586, -2.0754404067993164, -0.023078488186001778
-2.1228652000427246, -2.0497422218322754, -0.019114887341856956
-2.1547129154205322, -1.9714864492416382, -0.011291274800896645
-2.0514731407165527, -2.0006461143493652, -0.020794544368982315
-1.9859833717346191, -1.9292094707489014, -0.025240421295166016
-1.9883185625076294, -2.022761344909668, -0.012649862095713615
-2.0197134017944336, -1.767806053161621, -0.02041354402899742
-1.9584437608718872, -1.8799983263015747, -0.02110346592962742
-2.1485180854797363, -1.6398582458496094, -0.018620837479829788
-2.33282470703125, -1.6986441612243652, -0.017423152923583984
-1.9283134937286377, -1.8534859418869019, -0.019297881051898003
-1.8844234943389893, -1.8978149890899658, -0.018557431176304817
-2.184356451034546, -1.6690404415130615, -0.016543472185730934
-2.1362338066101074, -2.0613296031951904, -0.014376248233020306
-2.0754542350769043, -1.9897427558898926, -0.02258441597223282
-2.044461250305176, -1.730939269065857, -0.012030044570565224
-1.9090520143508911, -1.8210108280181885, -0.017520597204566002
-2.1229257583618164, -1.5630629062652588, -0.021646449342370033
-2.2873928546905518, -1.574460744857788, -0.015177181921899319
-1.8409337997436523, -1.8558497428894043, -0.033556122332811356
-1.9906654357910156, -1.6899051666259766, -0.021668877452611923
-1.898975133895874, -1.8057472705841064, -0.020244065672159195
-1.9606047868728638, -1.6586743593215942, -0.017878899350762367
-2.1059439182281494, -2.0345325469970703, -0.022033922374248505
-2.1551015377044678, -1.7572083473205566, -0.025460394099354744
-2.1544737815856934, -1.8369832038879395, -0.020097263157367706
-2.242091178894043, -1.722748041152954, -0.01741616800427437
-2.0916800498962402, -1.7793762683868408, -0.022762801498174667
-2.3162481784820557, -1.5951199531555176, -0.02027231827378273
-2.138051986694336, -1.7524280548095703, -0.016928408294916153
-1.9277030229568481, -1.8370987176895142, -0.017471054568886757
-2.1086344718933105, -1.7940282821655273, -0.02098328247666359
-2.0171890258789062, -1.946157455444336, -0.023931756615638733
-2.243246078491211, -1.9244440793991089, -0.020759299397468567
-2.1484508514404297, -1.5629568099975586, -0.01839335635304451
-1.9141795635223389, -1.8361459970474243, -0.021530337631702423
-2.0014488697052, -1.8939710855484009, -0.012327153235673904
-2.0288102626800537, -1.7230579853057861, -0.016831157729029655
-2.06086802482605, -1.9858274459838867, -0.016933100298047066
-1.852935552597046, -1.8399888277053833, -0.020846981555223465
-1.9261120557785034, -1.7484722137451172, -0.018972311168909073
-1.9870917797088623, -1.6105726957321167, -0.020504754036664963
-2.194152593612671, -1.70708167552948, -0.03745637089014053
-2.2520713806152344, -1.945433497428894, -0.01887669414281845
-2.2159860134124756, -1.7913615703582764, -0.018077783286571503
-2.020162582397461, -1.6305723190307617, -0.015816057100892067
-2.2271270751953125, -1.913010835647583, -0.025401199236512184
-1.8646695613861084, -1.8663804531097412, -0.021762270480394363
-2.002326488494873, -1.9445794820785522, -0.022874170914292336
-1.9408864974975586, -1.9733880758285522, -0.022586582228541374
-1.9135932922363281, -1.9295501708984375, -0.016626620665192604
-1.9455373287200928, -1.8859193325042725, -0.01998288556933403
-2.2327489852905273, -1.8132107257843018, -0.01820547506213188
-2.106053352355957, -1.7026809453964233, -0.02053377963602543
-2.244934558868408, -1.9529640674591064, -0.020063035190105438
-2.1376399993896484, -1.7322368621826172, -0.02175767719745636
-2.1848039627075195, -1.589730978012085, -0.016427239403128624
-1.913932204246521, -1.7327079772949219, -0.0209752656519413
-1.9879865646362305, -1.6128394603729248, -0.009155933745205402
-2.172610282897949, -1.850036382675171, -0.009902482852339745
-2.13424015045166, -1.8124111890792847, -0.009417555294930935
-2.006618022918701, -1.6973989009857178, -0.01050157006829977
-2.1015634536743164, -1.6835920810699463, -0.015910374000668526
-2.1341331005096436, -2.0270442962646484, -0.01194995827972889
-2.0359904766082764, -1.6253844499588013, -0.005826484877616167
-2.152475357055664, -1.5975650548934937, -0.02059844695031643
-2.28938364982605, -1.7319846153259277, -0.010374762117862701
-2.0271778106689453, -1.927058458328247, -0.021346714347600937
-2.2463717460632324, -1.9127516746520996, -0.016891926527023315
-2.1238222122192383, -1.6141102313995361, -0.012164624407887459
-2.1711676120758057, -1.5524814128875732, -0.010690143331885338
-2.3339529037475586, -1.6691876649856567, -0.007681835908442736
-1.906140685081482, -1.8052682876586914, -0.022676335647702217
-2.065070629119873, -1.85048508644104, -0.014360797591507435
-2.062856912612915, -1.7471983432769775, -0.012236850336194038
-2.079566240310669, -1.8648581504821777, -0.011331810615956783
-1.9410841464996338, -1.7300373315811157, -0.012960041873157024
-2.178529739379883, -1.9594311714172363, -0.012217508628964424
-1.8943970203399658, -1.7779791355133057, -0.018318794667720795
-2.3807766437530518, -1.7067720890045166, -0.009982897900044918
-2.1206188201904297, -2.0020878314971924, -0.011669997125864029
-2.0464723110198975, -1.8670783042907715, -0.016454141587018967
-2.126272439956665, -1.8956102132797241, -0.011801284737884998
-2.0804879665374756, -1.7638001441955566, -0.011817160993814468
-2.171743154525757, -1.4954570531845093, -0.019789068028330803
-2.0472681522369385, -1.6557093858718872, -0.023897573351860046
-2.229203701019287, -1.898872971534729, -0.020206529647111893
-2.241899251937866, -1.702558994293213, -0.009561856277287006
-1.8792872428894043, -1.7903218269348145, -0.020247064530849457
-2.1975812911987305, -1.7594497203826904, -0.012594765052199364
-1.9630234241485596, -1.9135572910308838, -0.024838708341121674
-2.137784481048584, -1.9281132221221924, -0.02250635251402855
-2.272665023803711, -1.6251943111419678, -0.010248549282550812
-1.9878675937652588, -1.8710366487503052, -0.01071161963045597
-2.2129735946655273, -1.6838490962982178, -0.005401840899139643
-2.297941207885742, -1.6470999717712402, -0.014085151255130768
-2.2737951278686523, -1.732569932937622, -0.01903596706688404
-2.243345260620117, -1.6143193244934082, -0.008287428878247738
-2.274702310562134, -1.8287599086761475, -0.010429144836962223
-1.97295343875885, -1.7526763677597046, -0.007570509798824787
-2.1499593257904053, -1.5371469259262085, -0.009604706428945065
-1.9875445365905762, -1.6855977773666382, -0.011642256751656532
-1.9753165245056152, -1.6619560718536377, -0.009559414349496365
-2.184068202972412, -1.571463704109192, -0.009472634643316269
-2.0806806087493896, -1.6621644496917725, -0.012072629295289516
-2.206507444381714, -1.8736892938613892, -0.017208466306328773
-2.350691080093384, -1.6918965578079224, -0.0077387187629938126
-1.9980651140213013, -1.5995533466339111, -0.020242217928171158
-2.0945000648498535, -1.5232212543487549, -0.020330239087343216
-2.313190221786499, -1.6582138538360596, -0.009776968508958817
-2.259289503097534, -1.8155865669250488, -0.014474892988801003
-2.303994655609131, -1.7469295263290405, -0.006738155148923397
-2.32834792137146, -1.7622326612472534, -0.007103832438588142
-2.0326592922210693, -1.8058429956436157, -0.011601418256759644
-2.306814193725586, -1.8551349639892578, -0.0173447597771883
-2.0351967811584473, -1.7646543979644775, -0.024702370166778564
-2.3034145832061768, -1.567976474761963, -0.01981838047504425
-1.9690450429916382, -1.7552167177200317, -0.02159443311393261
-2.2542266845703125, -1.5379623174667358, -0.016134317964315414
-2.0383572578430176, -1.8243380784988403, -0.021836185827851295
-2.1524300575256348, -1.543799638748169, -0.019766762852668762
-2.0647635459899902, -1.9555531740188599, -0.01727086305618286
-2.090263843536377, -1.5896230936050415, -0.015563024207949638
-2.183370351791382, -1.5960347652435303, -0.005092202685773373
-2.1318507194519043, -1.9132250547409058, -0.021485332399606705
-2.0652403831481934, -2.06231689453125, -0.020753592252731323
-2.0796024799346924, -1.6126494407653809, -0.02146853879094124
-2.2239527702331543, -1.7009649276733398, -0.016117176041007042
-2.1521995067596436, -1.9425716400146484, -0.011408966034650803
-2.344930410385132, -1.6879913806915283, -0.01856830343604088
-2.10945725440979, -1.9915263652801514, -0.017639566212892532
-2.2689428329467773, -1.567425012588501, -0.01901141181588173
-2.273878335952759, -1.548118233680725, -0.007238387130200863
-2.0934083461761475, -1.8759359121322632, -0.02129552885890007
-1.9771944284439087, -1.7650339603424072, -0.008103451691567898
-2.2130115032196045, -1.5953595638275146, -0.007191964890807867
-2.044154167175293, -1.787713646888733, -0.025348102673888206
-2.0050556659698486, -1.9260923862457275, -0.018482930958271027
-2.044029474258423, -1.6412031650543213, -0.016028955578804016
-2.241347551345825, -1.8092782497406006, -0.019556812942028046
-2.1699633598327637, -1.8380616903305054, -0.018210146576166153
-2.367779493331909, -1.7045485973358154, -0.01881551742553711
-1.999990463256836, -1.6938625574111938, -0.01994234509766102
-2.299329996109009, -1.5818727016448975, -0.009064769372344017
-2.2660105228424072, -1.6307505369186401, -0.02370237372815609
-1.9816737174987793, -1.8691365718841553, -0.022079061716794968
-2.121011734008789, -1.705952763557434, -0.018445951864123344
-2.098201274871826, -2.0382072925567627, -0.023230239748954773
-2.019705295562744, -2.0174334049224854, -0.016870802268385887
-2.1728785037994385, -1.5633081197738647, -0.015293559990823269
-2.0420010089874268, -1.9271754026412964, -0.026354700326919556
-2.2159407138824463, -1.5091129541397095, -0.016911117359995842
-2.0831186771392822, -1.674047827720642, -0.018127935007214546
-2.0153470039367676, -1.7078545093536377, -0.01831711456179619
-2.1264777183532715, -2.0156588554382324, -0.019276589155197144
-2.184706926345825, -1.8593093156814575, -0.017999965697526932
-1.9842684268951416, -1.9131219387054443, -0.023766053840517998
-2.2549893856048584, -1.7183314561843872, -0.020770536735653877
-1.9750311374664307, -1.6701973676681519, -0.020197805017232895
-2.1192080974578857, -1.7943493127822876, -0.010454816743731499
-2.3010149002075195, -1.6109129190444946, -0.019816864281892776
-2.0498104095458984, -1.8223614692687988, -0.010889997705817223
-2.4094905853271484, -1.6393482685089111, -0.023592188954353333
-2.0612170696258545, -1.6557068824768066, -0.015393507666885853
-2.062755823135376, -1.9485794305801392, -0.028310324996709824
-2.3762102127075195, -1.6169679164886475, -0.024269718676805496
-1.8769820928573608, -1.8570809364318848, -0.023590192198753357
-2.2915329933166504, -1.6493427753448486, -0.012124433182179928
-1.9189575910568237, -1.904599905014038, -0.01846499741077423
-2.156773805618286, -1.894110083580017, -0.02525905892252922
-2.136061668395996, -1.814889907836914, -0.025646844878792763
-2.257646083831787, -1.583574891090393, -0.020407164469361305
-1.9430633783340454, -1.9308565855026245, -0.02472984977066517
-2.065277576446533, -1.9566320180892944, -0.010609770193696022
-1.8523890972137451, -1.8484210968017578, -0.011489881202578545
-2.038132667541504, -1.972506046295166, -0.033958274871110916
-1.9383139610290527, -1.7384493350982666, -0.016571449115872383
-1.9398657083511353, -1.8255263566970825, -0.022381331771612167
-1.986609697341919, -1.7740341424942017, -0.022550519555807114
-2.199392080307007, -1.5867061614990234, -0.02157299779355526
-1.8813292980194092, -1.9752471446990967, -0.027401257306337357
-2.050042152404785, -1.7392983436584473, -0.01762174814939499
-2.290256977081299, -1.7460237741470337, -0.01578482612967491
-2.0684025287628174, -2.093106269836426, -0.022154266014695168
-2.0915021896362305, -1.969999074935913, -0.01779296062886715
-2.1530604362487793, -1.5530591011047363, -0.016529584303498268
-2.320864677429199, -1.5796992778778076, -0.017007755115628242
-2.087855339050293, -2.092522144317627, -0.02676776796579361
-2.22178316116333, -1.5497722625732422, -0.020470278337597847
-2.236997127532959, -1.6097663640975952, -0.017995560541749
-2.13985013961792, -1.868560791015625, -0.02300911769270897
-2.1938045024871826, -1.4907692670822144, -0.009640306234359741
-2.000363349914551, -2.066094398498535, -0.0375397652387619
-1.8793387413024902, -1.908548355102539, -0.02358648180961609
-2.0944700241088867, -2.020230293273926, -0.021028757095336914
-2.075460910797119, -2.0175440311431885, -0.020820681005716324
-2.043887138366699, -2.0491976737976074, -0.023615583777427673
-2.0634193420410156, -1.6442828178405762, -0.011563521809875965
-1.897376537322998, -1.8857636451721191, -0.015972794964909554
-1.891964316368103, -1.873916506767273, -0.02288619987666607
-2.2665696144104004, -1.8284032344818115, -0.021816330030560493
-2.1556472778320312, -1.928375244140625, -0.020801685750484467
-2.253492593765259, -1.5604698657989502, -0.02446393109858036
-2.0794692039489746, -2.0069427490234375, -0.01675655134022236
-2.024386167526245, -1.975479006767273, -0.03145503252744675
-2.1133971214294434, -1.8971426486968994, -0.02257339283823967
-2.2087676525115967, -1.5893481969833374, -0.012500183656811714
-1.9317816495895386, -1.8707783222198486, -0.022304672747850418
-2.021826982498169, -1.808215618133545, -0.022841133177280426
-2.018153429031372, -1.9027999639511108, -0.021710623055696487
-2.2065415382385254, -1.6830503940582275, -0.01654917001724243
-2.128903865814209, -1.5258324146270752, -0.009375473484396935
-1.95961594581604, -1.9543802738189697, -0.026533272117376328
-2.3271169662475586, -1.6750584840774536, -0.02144334651529789
-2.1511342525482178, -1.731007695198059, -0.02647688426077366
-2.3050787448883057, -1.7621095180511475, -0.012754572555422783
-2.18261981010437, -1.7597134113311768, -0.021362945437431335
-2.1086604595184326, -1.6040170192718506, -0.015391023829579353
-1.9397761821746826, -1.9130076169967651, -0.01435781642794609
-2.213942527770996, -1.4908677339553833, -0.01008050236850977
-2.0054311752319336, -2.0062978267669678, -0.02165204845368862
-2.0492708683013916, -1.9182767868041992, -0.01016999501734972
-2.047217607498169, -1.9722951650619507, -0.020691340789198875
-2.316981315612793, -1.6490709781646729, -0.008544092066586018
-2.2614147663116455, -1.6092969179153442, -0.014436648227274418
-1.955411672592163, -1.925017237663269, -0.011429443955421448
-1.8819856643676758, -1.9454960823059082, -0.012880552560091019
-2.1214423179626465, -1.5079959630966187, -0.01330595463514328
-2.3171896934509277, -1.5622191429138184, -0.00976523756980896
-2.3904526233673096, -1.6073216199874878, -0.012971620075404644
-1.9994837045669556, -1.7666963338851929, -0.010317248292267323
-1.8262684345245361, -1.9098838567733765, -0.01985480636358261
-1.9734091758728027, -1.642103672027588, -0.021462708711624146
-2.0812792778015137, -1.6000882387161255, -0.0169609934091568
-1.9177290201187134, -1.782839298248291, -0.015399487689137459
-1.849847674369812, -1.915748953819275, -0.016431795433163643
-2.0602049827575684, -1.717516541481018, -0.010603491216897964
-2.1947619915008545, -1.955440640449524, -0.015563244000077248
-2.0127577781677246, -1.987522840499878, -0.015452953986823559
-1.8179417848587036, -1.8781579732894897, -0.01517850998789072
-2.210002899169922, -1.851354956626892, -0.009371036663651466
-2.2655270099639893, -1.8040313720703125, -0.01231654454022646
-1.9705684185028076, -1.941909670829773, -0.009898809716105461
-2.1879258155822754, -1.8377889394760132, -0.010575693100690842
-2.31858229637146, -1.747409701347351, -0.013026401400566101
-2.0304408073425293, -1.6131246089935303, -0.012103063985705376
-2.0303635597229004, -1.6617546081542969, -0.020183250308036804
-2.026695728302002, -1.6284431219100952, -0.016987856477499008
-2.034142255783081, -1.9862618446350098, -0.023172134533524513
-2.1604385375976562, -1.4767563343048096, -0.008039022795855999
-2.079660177230835, -1.8352216482162476, -0.013223320245742798
-2.393138885498047, -1.70311439037323, -0.01412787102162838
-2.0886967182159424, -2.0708303451538086, -0.017122242599725723
-2.2299911975860596, -1.8794987201690674, -0.012462026439607143
-2.0722739696502686, -1.5521762371063232, -0.006845582276582718
-1.9261012077331543, -1.7170307636260986, -0.02211734652519226
-2.147312879562378, -1.9078298807144165, -0.009816023521125317
-2.090879440307617, -1.8538588285446167, -0.010866357013583183
-1.9414876699447632, -1.8080904483795166, -0.007965782657265663
-2.0489273071289062, -2.018195629119873, -0.011199183762073517
-2.1955409049987793, -1.5549581050872803, -0.009128878824412823
-2.014514684677124, -1.8852726221084595, -0.01187853142619133
-2.173676013946533, -1.9325233697891235, -0.014382336288690567
-2.230285167694092, -1.5047749280929565, -0.008145692758262157
-1.9165101051330566, -1.8541440963745117, -0.02320634387433529
-1.9331984519958496, -1.7019689083099365, -0.024803387001156807
-1.864678978919983, -1.912415623664856, -0.020617714151740074
-2.1635584831237793, -1.743622064590454, -0.021899811923503876
-2.2984461784362793, -1.8307095766067505, -0.019940173253417015
-2.2392139434814453, -1.597696304321289, -0.007504455745220184
-2.211932897567749, -1.658666729927063, -0.010074075311422348
-2.1014387607574463, -2.0855331420898438, -0.012381183914840221
-2.1184141635894775, -1.6860949993133545, -0.009116307832300663
-2.273853302001953, -1.7059773206710815, -0.009619654156267643
-2.363468647003174, -1.686279535293579, -0.01086408831179142
-2.2252001762390137, -1.763784646987915, -0.010883347131311893
-2.147325277328491, -1.706238031387329, -0.015172488987445831
-1.9976483583450317, -2.040926456451416, -0.024159563705325127
-2.0064010620117188, -1.618762493133545, -0.018698429688811302
-2.1099727153778076, -1.7686370611190796, -0.010976571589708328
-2.207453966140747, -1.4863965511322021, -0.019578881561756134
-1.9584417343139648, -1.8254503011703491, -0.008072180673480034
-2.287605047225952, -1.62832772731781, -0.003470449475571513
-2.170257329940796, -1.8219780921936035, -0.012294016778469086
-2.023289203643799, -2.005544424057007, -0.011733273044228554
-2.241799831390381, -1.7880151271820068, -0.011474519968032837
-2.1685166358947754, -1.9460208415985107, -0.01783766970038414
-2.168243885040283, -1.7176063060760498, -0.021534718573093414
-1.9874086380004883, -1.8548252582550049, -0.010600429028272629
-2.1418261528015137, -2.0163161754608154, -0.008788207545876503
-2.1808040142059326, -1.4624439477920532, -0.01270144060254097
-1.9567772150039673, -1.8384125232696533, -0.027790458872914314
-2.2778165340423584, -1.5330007076263428, -0.011339734308421612
-1.9437329769134521, -1.7058615684509277, -0.017308609560132027
-1.9532243013381958, -1.7088007926940918, -0.008052687160670757
-1.9097392559051514, -1.794548749923706, -0.017747843638062477
-2.143465518951416, -1.7861803770065308, -0.016662798821926117
-2.2403619289398193, -1.8716200590133667, -0.013575074262917042
-2.104796886444092, -1.956479549407959, -0.016634507104754448
-2.1963977813720703, -1.93812894821167, -0.009508008137345314
-2.081075429916382, -2.0341482162475586, -0.013715367764234543
-2.153221368789673, -1.6977534294128418, -0.014257353730499744
-1.9390819072723389, -1.8042329549789429, -0.01937473565340042
-1.9594712257385254, -1.9119608402252197, -0.006445043720304966
-2.1012561321258545, -1.8480807542800903, -0.012073998339474201
-2.1197094917297363, -1.8655447959899902, -0.011578768491744995
-2.048912763595581, -1.6130197048187256, -0.006590745411813259
-2.360945701599121, -1.5961802005767822, -0.01110611017793417
-2.0891497135162354, -1.645721673965454, -0.00927052740007639
-2.0441131591796875, -1.621503472328186, -0.008009267970919609
-2.195276975631714, -1.8321880102157593, -0.011032965034246445
-1.9853957891464233, -1.9700927734375, -0.012797970324754715
-2.108657121658325, -1.5649118423461914, -0.016205456107854843
-2.036890745162964, -1.7025833129882812, -0.010552171617746353
-2.129533290863037, -1.6785964965820312, -0.011151516810059547
-2.329207420349121, -1.7420045137405396, -0.016001157462596893
-2.366774797439575, -1.6700953245162964, -0.0073334998451173306
-2.3477728366851807, -1.6585755348205566, -0.010802158154547215
-2.0935893058776855, -1.7584149837493896, -0.01064241211861372
-2.1557555198669434, -1.797411322593689, -0.011419604532420635
-2.141078472137451, -1.885486364364624, -0.01711716130375862
-2.119443655014038, -1.7655515670776367, -0.02104184404015541
-2.1235694885253906, -2.077173948287964, -0.0207090862095356
-1.9894447326660156, -1.7473613023757935, -0.012121128849685192
-2.290973424911499, -1.8106175661087036, -0.009682483971118927
-2.0960137844085693, -1.745010495185852, -0.009990674443542957
-2.090836763381958, -1.5811678171157837, -0.012472705915570259
-1.8705443143844604, -1.9233382940292358, -0.012392919510602951
-2.201594829559326, -1.567146897315979, -0.0016393816331401467
-2.177110433578491, -1.4829902648925781, -0.017564238980412483
-2.1258697509765625, -1.5291612148284912, -0.023131605237722397
-2.0141210556030273, -1.6729748249053955, -0.017346836626529694
-1.9571447372436523, -1.80636727809906, -0.02023804746568203
-1.885871171951294, -1.83100426197052, -0.013501589186489582
-2.0235543251037598, -1.8725441694259644, -0.00969889760017395
-1.8977184295654297, -1.7653100490570068, -0.01297134067863226
-2.2334799766540527, -1.5763341188430786, -0.005071515683084726
-2.242919445037842, -1.6833512783050537, -0.01826087385416031
-2.1211190223693848, -1.599339485168457, -0.004920441657304764
-2.384737253189087, -1.6828442811965942, -0.0041810981929302216
-2.038738965988159, -1.9971646070480347, -0.01318118255585432
-1.9585281610488892, -1.7267814874649048, -0.018485581502318382
-2.1778573989868164, -1.9205013513565063, -0.010799432173371315
-2.0841102600097656, -1.9332993030548096, -0.013815546408295631
-2.2592012882232666, -1.59433114528656, -0.008414741605520248
-2.350398540496826, -1.7567028999328613, -0.014175847172737122
-2.1807663440704346, -1.5406842231750488, -0.011584065854549408
-2.0168399810791016, -1.6853644847869873, -0.009141477756202221
-2.027533531188965, -1.7785578966140747, -0.01249350793659687
-1.9082884788513184, -1.9689514636993408, -0.0037590214051306248
-1.9333499670028687, -1.8827377557754517, -0.012452229857444763
-2.0322489738464355, -1.6894198656082153, -0.01839945651590824
-2.201354503631592, -1.7390961647033691, -0.022131970152258873
-2.0931613445281982, -1.5084030628204346, -0.009343132376670837
-1.9753538370132446, -2.00370454788208, -0.018918076530098915
-2.0763039588928223, -1.5221492052078247, -0.01226409338414669
-1.8967852592468262, -1.8203175067901611, -0.012688672170042992
-1.8448759317398071, -1.890066146850586, -0.01655161939561367
-2.0685038566589355, -2.011547803878784, -0.014994485303759575
-2.052196741104126, -1.8015668392181396, -0.01813485287129879
-2.0899081230163574, -2.0561368465423584, -0.02688407711684704
-2.230923652648926, -1.8644574880599976, -0.023305784910917282
-2.0950253009796143, -1.494699478149414, -0.009528357535600662
-1.9723830223083496, -1.8342595100402832, -0.01702595129609108
-1.9228249788284302, -1.8228317499160767, -0.02309476025402546
-2.173198938369751, -2.0037953853607178, -0.014872333034873009
-2.1145436763763428, -1.8602484464645386, -0.023099174723029137
-2.2216885089874268, -1.7557834386825562, -0.022119810804724693
-1.9190961122512817, -1.8705692291259766, -0.016901878640055656
-2.010019540786743, -1.9694072008132935, -0.02170528657734394
-2.0676474571228027, -1.6282981634140015, -0.0070136492140591145
-1.9806751012802124, -1.9368867874145508, -0.026123879477381706
-2.160247564315796, -2.010448455810547, -0.012638136744499207
-1.9027470350265503, -1.961025357246399, -0.012540457770228386
-2.134507179260254, -2.067915678024292, -0.019870731979608536
-1.9947279691696167, -1.9525132179260254, -0.023507200181484222
-2.0038554668426514, -1.8527991771697998, -0.008212395012378693
-2.3841593265533447, -1.6862293481826782, -0.020997032523155212
-2.0615386962890625, -2.025913715362549, -0.019534945487976074
-2.228107213973999, -1.5757673978805542, -0.017700884491205215
-2.14332914352417, -1.9981002807617188, -0.018006231635808945
-2.1404008865356445, -1.4632797241210938, -0.007511853240430355
-1.9045195579528809, -1.8544985055923462, -0.01826910860836506
-2.1730120182037354, -1.4482554197311401, -0.020364124327898026
-2.135819435119629, -1.6854642629623413, -0.017470087856054306
-2.108398914337158, -2.076380968093872, -0.026437625288963318
-2.188551902770996, -1.7284187078475952, -0.027336522936820984
-1.8361886739730835, -1.852007508277893, -0.02293103002011776
-1.968583583831787, -1.7301573753356934, -0.009949976578354836
-1.991575002670288, -2.041530132293701, -0.020600276067852974
-2.078852415084839, -1.9317642450332642, -0.027073519304394722
-2.016643762588501, -1.8690003156661987, -0.021038029342889786
-2.1056318283081055, -1.8709969520568848, -0.00842323899269104
-2.257986545562744, -1.5969020128250122, -0.024155009537935257
-2.164174795150757, -1.5220904350280762, -0.01178672257810831
-1.9723119735717773, -1.7255480289459229, -0.024181092157959938
-2.0903453826904297, -1.9439154863357544, -0.021591197699308395
-1.9309924840927124, -1.9903132915496826, -0.021980205550789833
-2.0394465923309326, -1.8918668031692505, -0.024915993213653564
-2.1440341472625732, -1.6021723747253418, -0.01745583862066269
-2.054706573486328, -1.9075754880905151, -0.022692879661917686
-1.9951448440551758, -1.847396731376648, -0.01790320686995983
-1.8993183374404907, -1.9530903100967407, -0.0228132177144289
-2.0303711891174316, -1.9711428880691528, -0.021442946046590805
-1.8661245107650757, -1.934934377670288, -0.01702827960252762
-2.120333671569824, -1.9749298095703125, -0.015461727045476437
-2.3331046104431152, -1.650101900100708, -0.016952404752373695
-1.8962708711624146, -1.9260622262954712, -0.022959155961871147
-2.1382768154144287, -1.9681072235107422, -0.018013490363955498
-2.0213842391967773, -1.9556490182876587, -0.018459249287843704
-2.10677433013916, -1.6543192863464355, -0.021164115518331528
-2.1366894245147705, -1.625783085823059, -0.022106602787971497
-2.2296085357666016, -1.7357654571533203, -0.03391619399189949
-1.9660515785217285, -1.8527491092681885, -0.023242387920618057
-1.9112694263458252, -1.7434468269348145, -0.022634942084550858
-1.9114885330200195, -1.8361952304840088, -0.011495005339384079
-1.9438735246658325, -2.0057992935180664, -0.01884637027978897
-2.1515772342681885, -1.5215721130371094, -0.0196701493114233
-2.2638332843780518, -1.790356993675232, -0.02243722230195999
-1.8899579048156738, -1.8384604454040527, -0.01947423629462719
-2.00575852394104, -2.0583462715148926, -0.017878243699669838
-1.9446121454238892, -1.8317699432373047, -0.006105116568505764
-2.1082570552825928, -1.9373652935028076, -0.024230366572737694
-2.3180792331695557, -1.6139390468597412, -0.013045120984315872
-2.0116491317749023, -1.6538302898406982, -0.0222761407494545
-2.358055591583252, -1.6436412334442139, -0.010700546205043793
-1.9702385663986206, -1.9073865413665771, -0.022872546687722206
-2.1807878017425537, -1.6419694423675537, -0.004894185345619917
-2.1492016315460205, -1.7729558944702148, -0.014438880607485771
-2.1640830039978027, -1.6933447122573853, -0.032336004078388214
-2.200950860977173, -1.5394054651260376, -0.0068506114184856415
-2.1806652545928955, -1.6171923875808716, -0.01085822656750679
-2.166327714920044, -1.7879489660263062, -0.012593702413141727
-2.0044822692871094, -1.595645546913147, -0.007389845326542854
-1.9385677576065063, -1.8915859460830688, -0.019377049058675766
-2.0467376708984375, -1.8761448860168457, -0.01986408233642578
-2.1324875354766846, -1.5788891315460205, -0.01753217726945877
-2.312720775604248, -1.716791033744812, -0.015793651342391968
-2.190016269683838, -1.7119354009628296, -0.021491914987564087
-2.136293888092041, -1.6709846258163452, -0.026121512055397034
-2.2325830459594727, -1.7471051216125488, -0.00848963763564825
-2.2027809619903564, -1.7247647047042847, -0.031655021011829376
-2.2183902263641357, -1.7353700399398804, -0.012957388535141945
-1.863600730895996, -1.8616257905960083, -0.007845312356948853
-2.218912363052368, -1.6422582864761353, -0.008060949854552746
-2.2905402183532715, -1.7948222160339355, -0.01958111673593521
-2.1030120849609375, -1.8316285610198975, -0.021036790683865547
-1.9557288885116577, -1.6875452995300293, -0.013891704380512238
-2.3130624294281006, -1.6236544847488403, -0.014104408212006092
-1.9570512771606445, -1.7662911415100098, -0.022724606096744537
-2.27626371383667, -1.6892073154449463, -0.02030382677912712
-2.222261428833008, -1.6618837118148804, -0.01667092740535736
-2.0649757385253906, -1.8944108486175537, -0.019842207431793213
-2.1173670291900635, -1.953099250793457, -0.019630221650004387
-2.262564182281494, -1.6724114418029785, -0.022846762090921402
-1.990116834640503, -2.0361194610595703, -0.017201222479343414
-2.2712323665618896, -1.583458662033081, -0.010960561223328114
-1.9290599822998047, -1.9700766801834106, -0.02568208985030651
-2.084162712097168, -1.6429470777511597, -0.021027836948633194
-2.1682956218719482, -1.690305233001709, -0.02184707298874855
-1.825760841369629, -1.9146270751953125, -0.008721105754375458
-2.108914852142334, -1.5753315687179565, -0.01954198069870472
-2.192042827606201, -1.91523277759552, -0.014462134800851345
-2.0491838455200195, -1.5541898012161255, -0.01069236733019352
-2.356706142425537, -1.7454038858413696, -0.0138636389747262
-2.252467155456543, -1.5750105381011963, -0.01416352391242981
-2.248701810836792, -1.8593655824661255, -0.01284505520015955
-2.0394062995910645, -2.0020394325256348, -0.016630899161100388
-2.2647287845611572, -1.6942763328552246, -0.017317041754722595
-2.21681809425354, -1.8324371576309204, -0.02012309804558754
-2.1865644454956055, -1.9094542264938354, -0.02505379542708397
-2.2469780445098877, -1.6630908250808716, -0.013142880983650684
-1.8335826396942139, -1.871100664138794, -0.033717021346092224
-1.964524269104004, -2.0296220779418945, -0.021854732185602188
-1.9414820671081543, -1.6973340511322021, -0.011988334357738495
-2.228691339492798, -1.7456659078598022, -0.035649821162223816
-2.233875274658203, -1.5620408058166504, -0.015591027215123177
-2.102372884750366, -2.049487829208374, -0.027407797053456306
-2.083843231201172, -1.8137348890304565, -0.020710835233330727
-2.3328099250793457, -1.6242564916610718, -0.008272310718894005
-2.4067304134368896, -1.6822898387908936, -0.014258126728236675
-2.2826340198516846, -1.6900492906570435, -0.00862556416541338
-2.242979049682617, -1.7573933601379395, -0.031176595017313957
-2.02146315574646, -1.856926679611206, -0.017018932849168777
-2.052609920501709, -1.6899110078811646, -0.012762010097503662
-1.9033899307250977, -1.7511564493179321, -0.008711558766663074
-2.1118197441101074, -1.728969693183899, -0.024278057739138603
-1.8670985698699951, -1.8785674571990967, -0.016929520294070244
-2.0483202934265137, -1.5798877477645874, -0.021870911121368408
-2.0944786071777344, -2.023564338684082, -0.013266014866530895
-2.0877528190612793, -1.908451795578003, -0.01920934021472931
-2.2214391231536865, -1.9256254434585571, -0.013811790384352207
-2.1986474990844727, -1.7193973064422607, -0.013405462726950645
-2.323859453201294, -1.6189453601837158, -0.016740301623940468
-2.2168571949005127, -1.482145071029663, -0.03797760233283043
-2.147658348083496, -1.507724404335022, -0.012821606360375881
-2.2562806606292725, -1.572075605392456, -0.014365158043801785
-2.075143575668335, -2.003032684326172, -0.012979058548808098
-2.119188070297241, -1.831493854522705, -0.012293396517634392
-1.9596189260482788, -1.879317283630371, -0.007243539672344923
-2.167931318283081, -1.5835020542144775, -0.01021081767976284
-2.193619966506958, -1.6076740026474, -0.012992490082979202
-1.983786702156067, -1.8983798027038574, -0.008342426270246506
-2.052664279937744, -1.9795011281967163, -0.010095043107867241
-2.117520809173584, -1.9360313415527344, -0.012123801745474339
-2.150292158126831, -1.853839635848999, -0.018043797463178635
-1.9249165058135986, -1.759513258934021, -0.021482165902853012
-2.2279810905456543, -1.5393221378326416, -0.019266966730356216
-2.21799635887146, -1.6327877044677734, -0.01804186962544918
-2.3438491821289062, -1.7267800569534302, -0.016628699377179146
-2.3641538619995117, -1.7339892387390137, -0.01289946399629116
-2.2517852783203125, -1.6508468389511108, -0.01073263119906187
-2.0822205543518066, -1.6409403085708618, -0.03350874409079552
-1.8955940008163452, -1.9075369834899902, -0.012568699195981026
-2.232841968536377, -1.6367634534835815, -0.011995495297014713
-2.278289556503296, -1.6778305768966675, -0.016557086259126663
-2.1267881393432617, -1.8536276817321777, -0.024556493386626244
-1.9926502704620361, -2.025597095489502, -0.01307005062699318
-1.918560266494751, -1.941709041595459, -0.008371507748961449
-2.01727294921875, -1.9417580366134644, -0.010811639949679375
-2.0159175395965576, -2.064082384109497, -0.02394755929708481
-1.938075065612793, -1.6679240465164185, -0.011012301780283451
-2.299978494644165, -1.7920955419540405, -0.021694958209991455
-2.299560546875, -1.5945216417312622, -0.012950092554092407
-1.9883060455322266, -1.6503196954727173, -0.0249208752065897
-1.865700125694275, -1.8968846797943115, -0.01944446563720703
-2.195105791091919, -1.7989671230316162, -0.01327230129390955
-2.2109813690185547, -1.812834620475769, -0.01010030135512352
-2.3805501461029053, -1.6503357887268066, -0.007816595025360584
-2.1377758979797363, -1.9879364967346191, -0.010796203278005123
-1.884044885635376, -1.8102079629898071, -0.021771254017949104
-1.892120599746704, -1.9665449857711792, -0.01221128087490797
-2.0351204872131348, -2.081644058227539, -0.02166184037923813
-2.1025443077087402, -1.8159849643707275, -0.0140769574791193
-2.1538195610046387, -1.5782109498977661, -0.012742407619953156
-2.201176166534424, -1.5268011093139648, -0.01667180471122265
-2.315736770629883, -1.7020764350891113, -0.011577222496271133
-2.214276075363159, -1.5627892017364502, -0.005944008473306894
-2.0652382373809814, -1.9974726438522339, -0.02177968993782997
-1.9863507747650146, -1.7119505405426025, -0.022866176441311836
-2.166015863418579, -1.878664493560791, -0.01927071623504162
-2.245065212249756, -1.551930546760559, -0.006293079815804958
-2.1770355701446533, -1.99501371383667, -0.012178748846054077
-2.0779659748077393, -1.7937250137329102, -0.009791291318833828
-2.03157114982605, -1.9000916481018066, -0.010537832044064999
-2.0834105014801025, -1.5358774662017822, -0.007369018625468016
-2.173224925994873, -1.8816417455673218, -0.008748077787458897
-2.2479474544525146, -1.8463807106018066, -0.02185976319015026
-2.035479784011841, -1.7537096738815308, -0.01900004781782627
-2.046072006225586, -1.7656844854354858, -0.009217574261128902
-2.110975980758667, -1.6338564157485962, -0.014692860655486584
-2.180527925491333, -1.5195339918136597, -0.01805022545158863
-2.0087621212005615, -2.0441949367523193, -0.011806847527623177
-2.212566614151001, -1.6543530225753784, -0.024179581552743912
-2.185122013092041, -1.710385799407959, -0.03332556039094925
-2.2742695808410645, -1.7640385627746582, -0.016544844955205917
-2.0697436332702637, -1.6918675899505615, -0.006449516396969557
-1.9741095304489136, -1.6977920532226562, -0.012021795846521854
-1.8427835702896118, -1.8612596988677979, -0.014384208247065544
-1.971737265586853, -1.791604995727539, -0.011774705722928047
-2.2644407749176025, -1.6763026714324951, -0.010727758519351482
-2.178558826446533, -1.784571886062622, -0.01580527052283287
-1.7928587198257446, -1.9065446853637695, -0.022395508363842964
-1.9414007663726807, -1.9600307941436768, -0.009668132290244102
-1.9399094581604004, -1.8512240648269653, -0.01401891652494669
-2.0739073753356934, -1.5385918617248535, -0.01783200353384018
-2.03145170211792, -1.6421822309494019, -0.011231879703700542
-2.1635847091674805, -1.8606529235839844, -0.010619132779538631
-2.1841700077056885, -1.7713838815689087, -0.012297065928578377
-2.197610378265381, -1.8912522792816162, -0.020581325516104698
-1.9869039058685303, -1.792168378829956, -0.016956891864538193
-2.203585624694824, -1.5172361135482788, -0.014156349003314972
-2.4199109077453613, -1.6458669900894165, -0.008128487505018711
-2.0671682357788086, -1.7715554237365723, -0.024010034278035164
-2.3016059398651123, -1.5667040348052979, -0.004508622922003269
-2.1266422271728516, -1.7187979221343994, -0.011535624042153358
-2.0045664310455322, -1.8101941347122192, -0.01037215068936348
-2.1160736083984375, -1.7160913944244385, -0.02043914422392845
-2.0378761291503906, -1.8443655967712402, -0.0162099227309227
-2.0215282440185547, -1.730167031288147, -0.01651715859770775
-1.9830104112625122, -1.9992387294769287, -0.01176633033901453
-1.9661109447479248, -1.7703067064285278, -0.013402801007032394
-2.393087387084961, -1.64616060256958, -0.011493297293782234
-2.0616729259490967, -1.8674647808074951, -0.020540861412882805
-1.9676711559295654, -1.67055082321167, -0.010424137115478516
-2.067523241043091, -1.97774338722229, -0.013430064544081688
-2.3957202434539795, -1.6296749114990234, -0.007567229680716991
-1.9957199096679688, -1.7846767902374268, -0.01664753071963787
-2.213754892349243, -1.8871357440948486, -0.009824862703680992
-1.9727816581726074, -2.021425724029541, -0.020065072923898697
-2.0698087215423584, -1.5455130338668823, -0.017847668379545212
-2.1328043937683105, -1.8258540630340576, -0.014462959952652454
-2.053293466567993, -1.7537908554077148, -0.011251181364059448
-2.060629367828369, -1.5652313232421875, -0.00670979730784893
-2.3371329307556152, -1.5844762325286865, -0.011378788389265537
-1.9677809476852417, -1.9865620136260986, -0.015374662354588509
-2.0812315940856934, -1.784630537033081, -0.02070000395178795
-1.9276604652404785, -1.7330989837646484, -0.009381522424519062
-2.2979722023010254, -1.867303490638733, -0.0184083990752697
-2.0291571617126465, -2.0323472023010254, -0.011208316311240196
-2.2063045501708984, -1.790030598640442, -0.013601136393845081
-2.223578453063965, -1.5225846767425537, -0.011258188635110855
-2.325162172317505, -1.775143027305603, -0.010474945418536663
-2.125112533569336, -1.9305870532989502, -0.01150553859770298
-2.2614266872406006, -1.5341801643371582, -0.0040261391550302505
-1.8985153436660767, -1.879663348197937, -0.012828398495912552
-2.2456135749816895, -1.8201687335968018, -0.010564741678535938
-2.1014788150787354, -1.5283570289611816, -0.011655510403215885
-2.275907278060913, -1.7507660388946533, -0.011902222409844398
-2.374063730239868, -1.711624264717102, -0.009074983187019825
-2.079383373260498, -2.09078311920166, -0.022757910192012787
-2.045884847640991, -1.5273329019546509, -0.013317086733877659
-2.092508316040039, -2.0953240394592285, -0.013232084922492504
-2.3072919845581055, -1.6790791749954224, -0.01465583872050047
-2.042985677719116, -1.8309415578842163, -0.012042993679642677
-2.2577035427093506, -1.6429115533828735, -0.010098898783326149
-2.250684976577759, -1.6400758028030396, -0.020346757024526596
-2.3765416145324707, -1.6295535564422607, -0.0138986986130476
-2.137695550918579, -1.5549429655075073, -0.010468609631061554
-2.0308170318603516, -1.658104658126831, -0.011182734742760658
-2.327986717224121, -1.7915338277816772, -0.017501717433333397
-2.19744873046875, -1.5130326747894287, -0.024114325642585754
-2.2415409088134766, -1.630936622619629, -0.013321987353265285
-2.3997416496276855, -1.6530656814575195, -0.016400674358010292
-1.9383026361465454, -1.8445369005203247, -0.023826520889997482
-1.923034906387329, -1.9351589679718018, -0.019974974915385246
-2.0894691944122314, -1.5985338687896729, -0.01866217702627182
-1.9901623725891113, -1.6238240003585815, -0.013653703965246677
-2.2701549530029297, -1.636276364326477, -0.013150328770279884
-1.903794288635254, -1.8062922954559326, -0.007618109695613384
-2.1093215942382812, -1.6433322429656982, -0.010500423610210419
-2.0452890396118164, -1.9281141757965088, -0.0124561358243227
-2.3376119136810303, -1.701668381690979, -0.005573682487010956
-1.8824899196624756, -1.7753164768218994, -0.012545463629066944
-2.204397678375244, -1.582789421081543, -0.008180581964552402
-2.1975317001342773, -1.8722385168075562, -0.012857427820563316
-2.1551411151885986, -1.642610788345337, -0.008278113789856434
-2.1863484382629395, -1.6803845167160034, -0.007360103540122509
-1.993720293045044, -1.7979155778884888, -0.008095511235296726
-2.0698423385620117, -1.8721096515655518, -0.011280105449259281
-1.8851583003997803, -1.8054637908935547, -0.01469668559730053
-1.9357376098632812, -1.9453225135803223, -0.014887471683323383
-2.1634418964385986, -1.7538747787475586, -0.011740380898118019
-1.9594879150390625, -1.9763150215148926, -0.022470181807875633
-2.077864408493042, -1.9704090356826782, -0.01304639782756567
-2.128880023956299, -2.024054527282715, -0.008163382299244404
-2.3210833072662354, -1.597267508506775, -0.008534056134521961
-2.0925240516662598, -1.89400315284729, -0.014210476540029049
-2.2486181259155273, -1.937591314315796, -0.027290988713502884
-1.9671719074249268, -2.0317015647888184, -0.024398285895586014
-2.138015031814575, -1.9229460954666138, -0.012569964863359928
-2.1067843437194824, -1.5881352424621582, -0.008258738555014133
-1.983859896659851, -1.6957807540893555, -0.014235622249543667
-1.939507007598877, -1.8189071416854858, -0.011608786880970001
-2.2387495040893555, -1.7161099910736084, -0.013285152614116669
-2.032668352127075, -1.735198736190796, -0.00930425152182579
-1.9098131656646729, -1.9171648025512695, -0.007294646929949522
-1.9518191814422607, -2.0106561183929443, -0.026041362434625626
-2.191230058670044, -1.8790994882583618, -0.013630575500428677
-2.0145504474639893, -1.6453466415405273, -0.019318802282214165
-2.306443214416504, -1.681193470954895, -0.01485308725386858
-2.109365463256836, -1.910672664642334, -0.012596724554896355
-2.054044485092163, -2.079676866531372, -0.010967805981636047
-2.207603693008423, -1.5036040544509888, -0.01148343924432993
-2.1197478771209717, -1.9051567316055298, -0.01344425231218338
-2.1600708961486816, -1.9641520977020264, -0.02271210215985775
-2.0758798122406006, -2.1040210723876953, -0.013255168683826923
-2.067023754119873, -1.7542122602462769, -0.01652389205992222
-2.1492855548858643, -1.8351293802261353, -0.009694956243038177
-2.0689640045166016, -2.101635217666626, -0.026065949350595474
-1.8802154064178467, -1.868434190750122, -0.015567132271826267
-2.173103094100952, -1.9773578643798828, -0.017648829147219658
-2.015866994857788, -1.714454174041748, -0.007557267788797617
-2.285630464553833, -1.7441494464874268, -0.013308070600032806
-2.0970122814178467, -1.5972987413406372, -0.007718187291175127
-2.2257232666015625, -1.8065307140350342, -0.012780582532286644
-2.31133770942688, -1.666123390197754, -0.011920555494725704
-2.0479044914245605, -1.7539540529251099, -0.023152928799390793
-2.163712739944458, -1.6626408100128174, -0.005425761453807354
-1.8252431154251099, -1.8879234790802002, -0.00851798988878727
-2.023799180984497, -1.9141144752502441, -0.013812565244734287
-2.1092147827148438, -1.619532823562622, -0.00786174088716507
-2.3320751190185547, -1.6844325065612793, -0.012044276110827923
-2.116544246673584, -2.030639171600342, -0.02247607335448265
-2.110579252243042, -2.004918336868286, -0.009044432081282139
-1.965284824371338, -1.869746446609497, -0.017018325626850128
-2.2127761840820312, -1.8986445665359497, -0.014351666904985905
-1.922438621520996, -1.7142558097839355, -0.011876571923494339
-2.1087114810943604, -1.8042460680007935, -0.010924682021141052
-2.029782772064209, -1.8331705331802368, -0.008618880994617939
-2.084261655807495, -1.6869747638702393, -0.009930381551384926
-1.981285810470581, -1.8017343282699585, -0.005809309426695108
-1.9228169918060303, -1.913837194442749, -0.009361045435070992
-1.9912512302398682, -1.7135913372039795, -0.012010269798338413
-2.1671998500823975, -1.9674036502838135, -0.011801651678979397
-2.210301637649536, -1.6987926959991455, -0.02414330095052719
-2.0248355865478516, -1.8133729696273804, -0.011924049817025661
-2.122438907623291, -1.629785418510437, -0.010464642196893692
-2.0564613342285156, -1.5711688995361328, -0.02103467658162117
-2.1172497272491455, -1.490496039390564, -0.021361228078603745
-1.9590961933135986, -1.8505909442901611, -0.006250141654163599
-2.2866015434265137, -1.6560782194137573, -0.01256551407277584
-2.259324550628662, -1.7306442260742188, -0.012529589235782623
-1.9416816234588623, -1.991569995880127, -0.026914510875940323
-2.0759990215301514, -1.5931802988052368, -0.010829370468854904
-2.2222938537597656, -1.7752487659454346, -0.013283049687743187
-2.1101393699645996, -2.007385492324829, -0.024715358391404152
-2.2976529598236084, -1.7568563222885132, -0.02248922735452652
-2.099169969558716, -1.6734223365783691, -0.00979743804782629
-2.0927770137786865, -1.7030442953109741, -0.006103270687162876
-2.14060640335083, -1.6175082921981812, -0.006014076992869377
-2.349210739135742, -1.6052393913269043, -0.023363670334219933
-2.0040993690490723, -1.9900721311569214, -0.012705452740192413
-2.3100223541259766, -1.5787032842636108, -0.011863992549479008
-2.390066385269165, -1.6328036785125732, -0.020599795505404472
-1.9212151765823364, -1.7276208400726318, -0.01803693175315857
-1.9114999771118164, -1.7193511724472046, -0.024034669622778893
-2.051685333251953, -2.065153121948242, -0.018132761120796204
-2.1245551109313965, -1.808525562286377, -0.01816156506538391
-2.08164644241333, -1.5001729726791382, -0.00546675268560648
-2.2061984539031982, -1.6678544282913208, -0.01033469196408987
-1.9792317152023315, -1.851799488067627, -0.012373778037726879
-2.094482183456421, -1.564259648323059, -0.022658418864011765
-2.3948616981506348, -1.616755485534668, -0.01740669459104538
-1.8636490106582642, -1.9574251174926758, -0.026918750256299973
-2.0210800170898438, -1.7922985553741455, -0.014757790602743626
-2.1370906829833984, -1.4590128660202026, -0.017596997320652008
-2.2263925075531006, -1.7985087633132935, -0.024235038086771965
-2.0760552883148193, -1.672080636024475, -0.01403022650629282
-2.1964993476867676, -1.6708860397338867, -0.00807385053485632
-1.8679622411727905, -1.854380488395691, -0.01852968893945217
-2.14959716796875, -1.4593660831451416, -0.00989590585231781
-2.227358341217041, -1.6113954782485962, -0.014237803407013416
-2.1904447078704834, -1.8486335277557373, -0.014904164709150791
-1.9365158081054688, -1.744456171989441, -0.017786391079425812
-2.1148602962493896, -1.5493831634521484, -0.012248742394149303
-2.294612169265747, -1.5504554510116577, -0.009948271326720715
-2.0996499061584473, -1.6115180253982544, -0.014366673305630684
-2.2555909156799316, -1.6319403648376465, -0.019487975165247917
-2.2228198051452637, -1.5900201797485352, -0.00443608220666647
-2.1529934406280518, -1.937434434890747, -0.023619437590241432
-2.1649506092071533, -1.5602413415908813, -0.010811038315296173
-2.446401596069336, -1.650861144065857, -0.02041727304458618
-1.9217276573181152, -1.898543357849121, -0.015148640610277653
-2.134279489517212, -2.010409116744995, -0.01824236288666725
-2.271444797515869, -1.7180585861206055, -0.012248904444277287
-2.3563621044158936, -1.7054495811462402, -0.014311118051409721
-2.02592396736145, -1.5532219409942627, -0.013408556580543518
-2.032155990600586, -1.9061806201934814, -0.012353953905403614
-2.130958080291748, -2.0290286540985107, -0.02579975314438343
-2.4171149730682373, -1.6510814428329468, -0.023158708587288857
-2.0968523025512695, -1.8806302547454834, -0.009908304549753666
-2.165527820587158, -1.8455528020858765, -0.019581113010644913
-2.2340118885040283, -1.6890449523925781, -0.015387259423732758
-2.320797920227051, -1.6794772148132324, -0.020200511440634727
-2.210817337036133, -1.8667902946472168, -0.014849207364022732
-2.258730411529541, -1.8057045936584473, -0.009504583664238453
-2.186161994934082, -1.6524049043655396, -0.01042130310088396
-2.1803863048553467, -1.5597000122070312, -0.0029996128287166357
-1.806967854499817, -1.9240646362304688, -0.021871767938137054
-2.0804154872894287, -1.7139638662338257, -0.005997927393764257
-2.0513346195220947, -1.6760755777359009, -0.006339017301797867
-2.136091947555542, -1.5447977781295776, -0.019644126296043396
-1.931390404701233, -1.7822808027267456, -0.02096249908208847
-2.0593976974487305, -1.5955675840377808, -0.018528925254940987
-2.0655007362365723, -1.7378681898117065, -0.008336917497217655
-1.9623806476593018, -1.7527105808258057, -0.01727917790412903
-2.065871477127075, -1.6088601350784302, -0.027915313839912415
-2.2798588275909424, -1.5692028999328613, -0.009826506488025188
-2.012389898300171, -1.6144362688064575, -0.018875105306506157
-1.9944149255752563, -1.7675062417984009, -0.007761876564472914
-2.0177805423736572, -1.910931944847107, -0.024632839486002922
-1.9639091491699219, -1.7380276918411255, -0.010773568414151669
-2.176008462905884, -1.5739012956619263, -0.020512258633971214
-2.2099666595458984, -1.8856347799301147, -0.022506602108478546
-2.1859002113342285, -1.478487491607666, -0.006129985675215721
-2.2425832748413086, -1.5270615816116333, -0.021315621212124825
-2.0759994983673096, -2.069824695587158, -0.011646639555692673
-2.3002052307128906, -1.6644576787948608, -0.02097291871905327
-2.1453545093536377, -1.8273041248321533, -0.019220195710659027
-2.093818187713623, -1.5046080350875854, -0.01976974681019783
-2.094196319580078, -1.8160946369171143, -0.02743208408355713
-1.9490989446640015, -1.649477481842041, -0.020409230142831802
-1.9621095657348633, -1.6702280044555664, -0.03603736311197281
-2.049797534942627, -1.8526132106781006, -0.010057591833174229
-1.8811665773391724, -1.8546189069747925, -0.008436529897153378
-1.9411520957946777, -1.9278817176818848, -0.007358405273407698
-2.368168830871582, -1.6180236339569092, -0.021121837198734283
-2.114569664001465, -1.7045390605926514, -0.014903238043189049
-2.101682424545288, -1.6034377813339233, -0.011898623779416084
-2.0009117126464844, -1.658676266670227, -0.02030419185757637
-1.8325810432434082, -1.9084248542785645, -0.006008682306855917
-1.9740636348724365, -1.7798303365707397, -0.02136084996163845
-1.9211689233779907, -1.8108503818511963, -0.015356688760221004
-2.280456066131592, -1.8237050771713257, -0.009676972404122353
-2.4201488494873047, -1.685719609260559, -0.02049207128584385
-2.149111747741699, -1.8118911981582642, -0.013899949379265308
-2.169337034225464, -1.4674701690673828, -0.008340359665453434
-2.1804308891296387, -1.740600824356079, -0.012457437813282013
-2.151304006576538, -1.5917723178863525, -0.0026571282651275396
-2.1579647064208984, -1.569770336151123, -0.011131994426250458
-2.0359702110290527, -1.931175708770752, -0.0108682531863451
-2.4390995502471924, -1.6659159660339355, -0.02220159024000168
-2.137333393096924, -1.7050524950027466, -0.009807093068957329
-2.286837100982666, -1.5630409717559814, -0.010723961517214775
-2.0387613773345947, -1.563864827156067, -0.010050449520349503
-2.3156723976135254, -1.771038293838501, -0.019924238324165344
-2.17084002494812, -1.4847372770309448, -0.015185695141553879
-2.1728549003601074, -1.6078810691833496, -0.004014931619167328
-2.0693464279174805, -1.8389370441436768, -0.010086539201438427
-1.9376217126846313, -1.9351320266723633, -0.024266213178634644
-2.2723400592803955, -1.5532822608947754, -0.01527361012995243
-2.0462546348571777, -2.036074638366699, -0.017315274104475975
-2.083059072494507, -1.979653239250183, -0.018635928630828857
-2.151639938354492, -1.4767413139343262, -0.017283139750361443
-2.4819154739379883, -1.6742630004882812, -0.027552498504519463
