-3.7446422576904297, -2.945131301879883, 0.09677871316671371
-3.7576353549957275, -2.9236998558044434, 0.07767561078071594
-3.73146653175354, -2.9670562744140625, 0.07267318665981293
-3.735812187194824, -2.9478979110717773, 0.0554264597594738
-3.7349233627319336, -2.983680248260498, 0.1300000101327896
-3.776646852493286, -2.9161057472229004, 0.09705223143100739
-3.7750468254089355, -2.912064790725708, 0.0767621099948883
-3.753321886062622, -2.9629197120666504, 0.09141045063734055
-3.7266440391540527, -2.9638004302978516, 0.09568014740943909
-3.7694666385650635, -2.936929941177368, 0.11549857258796692
-3.792780876159668, -2.8867530822753906, 0.09970007836818695
-3.7132859230041504, -2.9817779064178467, 0.07297670841217041
-3.7149362564086914, -3.010277271270752, 0.1115228682756424
-3.7016451358795166, -3.0127153396606445, 0.1360682249069214
-3.74167799949646, -2.993162155151367, 0.12621477246284485
-3.7077813148498535, -3.016228199005127, 0.11286330968141556
-3.7709767818450928, -2.939298391342163, 0.13601899147033691
-3.8062028884887695, -2.9087436199188232, 0.11492150276899338
-3.8063573837280273, -2.905575752258301, 0.05120020732283592
-3.803942918777466, -2.9081311225891113, 0.13683491945266724
-3.802638530731201, -2.868605852127075, 0.09889237582683563
-3.712313413619995, -3.01700496673584, 0.06901106238365173
-3.683807611465454, -3.030965805053711, 0.09168675541877747
-3.699104070663452, -3.0451619625091553, 0.12839637696743011
-3.682015895843506, -3.0509674549102783, 0.13017114996910095
-3.6814587116241455, -3.0489656925201416, 0.10938388109207153
-3.692833423614502, -3.061455488204956, 0.12569281458854675
-3.702524185180664, -3.0422561168670654, 0.12793505191802979
-3.821625232696533, -2.922558069229126, 0.1518600583076477
-3.8141040802001953, -2.946363925933838, 0.14771759510040283
-3.840402603149414, -2.8978350162506104, 0.12805046141147614
-3.851642608642578, -2.872941732406616, 0.08839300274848938
-3.6695096492767334, -3.0387861728668213, 0.049589838832616806
-3.68280029296875, -3.0227930545806885, 0.050478361546993256
-3.6654906272888184, -3.0362303256988525, 0.0723559781908989
-3.6669363975524902, -3.052861213684082, 0.0657941922545433
-3.641411066055298, -3.0509848594665527, 0.09448264539241791
-3.658505916595459, -3.0663018226623535, 0.10914703458547592
-3.661825180053711, -3.0700652599334717, 0.12894496321678162
-3.660700559616089, -3.0771946907043457, 0.0817015990614891
-3.664487361907959, -3.0674142837524414, 0.0649125799536705
-3.664414644241333, -3.0689778327941895, 0.08600423485040665
-3.650662660598755, -3.057926654815674, 0.06982214748859406
-3.6847758293151855, -3.0706632137298584, 0.14376185834407806
-3.6763010025024414, -3.082216501235962, 0.12371694296598434
-3.6674318313598633, -3.082078456878662, 0.1450476050376892
-3.7223854064941406, -3.0809876918792725, 0.13643129169940948
-3.7048521041870117, -3.0712718963623047, 0.1430012583732605
-3.6646440029144287, -3.097115993499756, 0.12168536335229874
-3.6491284370422363, -3.08296799659729, 0.1062978059053421
-3.635035991668701, -3.070038318634033, 0.09051163494586945
-3.6355042457580566, -3.0695180892944336, 0.06920910626649857
-3.6431896686553955, -3.075141668319702, 0.04501071944832802
-3.6593072414398193, -3.0960543155670166, 0.14477239549160004
-3.6221492290496826, -3.094970464706421, 0.06556487828493118
-3.6401100158691406, -3.1164908409118652, 0.1451510787010193
-3.6707849502563477, -3.1409432888031006, 0.13207578659057617
-3.632948637008667, -3.133258819580078, 0.14260226488113403
-3.62764573097229, -3.0987136363983154, 0.04219793900847435
-3.6135761737823486, -3.11487078666687, 0.12878844141960144
-3.622908353805542, -3.134105920791626, 0.08138703554868698
-3.6223111152648926, -3.1279590129852295, 0.103634312748909
-3.60923171043396, -3.1259260177612305, 0.12846209108829498
-3.602665662765503, -3.145482063293457, 0.12331812083721161
-3.619068145751953, -3.1361794471740723, 0.14575080573558807
-3.598707675933838, -3.1495487689971924, 0.12376709282398224
-3.587207317352295, -3.1386027336120605, 0.10687597841024399
-3.596991539001465, -3.1437039375305176, 0.08242454379796982
-3.5874075889587402, -3.187713623046875, 0.1347440928220749
