-3.9657394886016846, -0.4225042164325714, -0.15475067496299744
-3.9959330558776855, -0.43864768743515015, -0.16533216834068298
-4.019107341766357, -0.43977120518684387, -0.1540805995464325
-4.006741523742676, -0.42695412039756775, -0.15196332335472107
-4.015047073364258, -0.4001465439796448, -0.15955305099487305
-3.9372291564941406, -0.4389724135398865, -0.15936657786369324
-3.96950626373291, -0.3873794972896576, -0.1632055938243866
-3.930290699005127, -0.4232982099056244, -0.1590413749217987
-4.0237274169921875, -0.48537665605545044, -0.14736878871917725
-3.889291524887085, -0.4412184953689575, -0.15811674296855927
-3.9315688610076904, -0.3520815968513489, -0.1517959088087082
-3.8771469593048096, -0.43646711111068726, -0.15377239882946014
-3.843636989593506, -0.43728771805763245, -0.15820637345314026
-3.889209032058716, -0.4746742248535156, -0.15048709511756897
-3.8928961753845215, -0.4874623417854309, -0.15152707695960999
-3.8764848709106445, -0.4228535294532776, -0.1552874743938446
-3.8898096084594727, -0.3630177974700928, -0.15265214443206787
-3.860274314880371, -0.4878897964954376, -0.15651854872703552
-3.8302078247070312, -0.4272423982620239, -0.1540156900882721
-3.8464996814727783, -0.47424593567848206, -0.15119928121566772
-3.833643913269043, -0.48551610112190247, -0.16293635964393616
-3.8119897842407227, -0.4382072985172272, -0.163171648979187
-3.89411997795105, -0.503089427947998, -0.1488182544708252
-3.872389793395996, -0.38723257184028625, -0.1592818647623062
-3.886549711227417, -0.31811606884002686, -0.16049206256866455
-3.8565497398376465, -0.3709704279899597, -0.1561717540025711
-3.881452798843384, -0.3529517650604248, -0.1496327817440033
-3.8518259525299072, -0.38646072149276733, -0.15144886076450348
-3.8525023460388184, -0.3654349446296692, -0.15407052636146545
-3.8202083110809326, -0.49932965636253357, -0.136415496468544
-3.8210339546203613, -0.3885037302970886, -0.15694522857666016
-3.8706109523773193, -0.3029049336910248, -0.15613889694213867
-3.8585898876190186, -0.3204568326473236, -0.16721966862678528
-3.812622547149658, -0.36661022901535034, -0.15553969144821167
-3.832345724105835, -0.3537958860397339, -0.14745894074440002
-3.8047289848327637, -0.3713722825050354, -0.15254749357700348
-3.829972267150879, -0.32401716709136963, -0.15405412018299103
-3.788937568664551, -0.3887843191623688, -0.1605675220489502
-3.785499095916748, -0.3964899182319641, -0.1589674949645996
-3.7680187225341797, -0.3938192129135132, -0.150765061378479
-3.770049810409546, -0.36755433678627014, -0.1555059403181076
-3.789750576019287, -0.35487738251686096, -0.147657111287117
-3.7620842456817627, -0.43759045004844666, -0.15992841124534607
-3.728508949279785, -0.4219663143157959, -0.14703123271465302
-3.77225399017334, -0.4741230607032776, -0.1563805341720581
-3.8113744258880615, -0.3218240737915039, -0.16543127596378326
-3.8172311782836914, -0.30750447511672974, -0.15197870135307312
-3.783452033996582, -0.32241666316986084, -0.15315283834934235
-3.7599034309387207, -0.370017945766449, -0.15178607404232025
-3.7518014907836914, -0.35612258315086365, -0.1495129019021988
-3.776240110397339, -0.30606192350387573, -0.1525992602109909
-3.968461751937866, -0.4524769186973572, -0.14989103376865387
-3.886552333831787, -0.4526234269142151, -0.15370982885360718
-3.8716318607330322, -0.3338489830493927, -0.14978554844856262
-4.015044212341309, -0.45271745324134827, -0.14974570274353027
-3.8355836868286133, -0.4518783390522003, -0.15083461999893188
-3.9298689365386963, -0.3873658776283264, -0.16468092799186707
-4.046665668487549, -0.5071616172790527, -0.15414613485336304
-3.918954849243164, -0.3325897753238678, -0.1508961170911789
-3.8772192001342773, -0.3226713538169861, -0.15556839108467102
-3.7955751419067383, -0.33694830536842346, -0.15435203909873962
-3.963125228881836, -0.5028015971183777, -0.13950970768928528
-4.08937406539917, -0.49110907316207886, -0.15520885586738586
-4.1319684982299805, -0.4876960217952728, -0.15158846974372864
-3.884725332260132, -0.4021247625350952, -0.1623048186302185
-3.922468900680542, -0.4415837824344635, -0.15388637781143188
-3.820950508117676, -0.443911612033844, -0.16696637868881226
-4.102626800537109, -0.5088299512863159, -0.1570667177438736
-3.774554967880249, -0.4833909273147583, -0.1559775024652481
-3.8599586486816406, -0.4436052441596985, -0.1650790274143219
-3.7920420169830322, -0.4516139626502991, -0.15070894360542297
-3.932086706161499, -0.45290669798851013, -0.15387681126594543
-3.893423318862915, -0.4323566257953644, -0.1622563898563385
-3.968353271484375, -0.47487741708755493, -0.14540031552314758
-3.8681490421295166, -0.43186506628990173, -0.1508864015340805
-3.825307607650757, -0.335080623626709, -0.14868929982185364
-3.8033955097198486, -0.313736230134964, -0.16441790759563446
-3.7315685749053955, -0.4376881420612335, -0.14525209367275238
-3.7544920444488525, -0.4318971335887909, -0.15821674466133118
-3.7439866065979004, -0.43226855993270874, -0.15298046171665192
-4.040445327758789, -0.4327336251735687, -0.16597908735275269
-3.750424385070801, -0.4031769335269928, -0.15998122096061707
-3.9488699436187744, -0.5048997402191162, -0.15264582633972168
-3.8254761695861816, -0.31488609313964844, -0.15429773926734924
-3.865648031234741, -0.30922338366508484, -0.1541532576084137
-3.8570642471313477, -0.3128443658351898, -0.14923104643821716
-3.9553136825561523, -0.4132310450077057, -0.15252038836479187
-3.797973394393921, -0.431903213262558, -0.15874642133712769
-3.8295583724975586, -0.4107182025909424, -0.15674333274364471
-3.758739471435547, -0.408731609582901, -0.16362924873828888
-3.7958154678344727, -0.4079388976097107, -0.1614200919866562
-3.9099650382995605, -0.43164652585983276, -0.1496610939502716
-3.909454345703125, -0.40945062041282654, -0.15316879749298096
-3.75, -0.4415134787559509, -0.1546122282743454
-3.770533323287964, -0.42651134729385376, -0.14663973450660706
-3.7328014373779297, -0.4143543839454651, -0.1508783996105194
-3.9694888591766357, -0.4059113562107086, -0.1599501520395279
-3.8673479557037354, -0.40599143505096436, -0.1549728363752365
-3.950307846069336, -0.39553889632225037, -0.1535707414150238
-3.7680816650390625, -0.38110780715942383, -0.1549089252948761
-3.8127026557922363, -0.2978009283542633, -0.15198716521263123
-3.8083560466766357, -0.3965972661972046, -0.14992405474185944
-3.909681797027588, -0.38827458024024963, -0.1582152247428894
-3.840881586074829, -0.3954552114009857, -0.14528396725654602
-3.8987672328948975, -0.37889304757118225, -0.15512534976005554
-3.995400905609131, -0.41255614161491394, -0.14989987015724182
-3.918473720550537, -0.3767969012260437, -0.14455600082874298
-3.8014814853668213, -0.3798797130584717, -0.15098679065704346
-3.933016538619995, -0.4018664062023163, -0.1637774258852005
-3.8383541107177734, -0.40243712067604065, -0.16123166680335999
-3.911201238632202, -0.3964271545410156, -0.15620410442352295
-3.9950075149536133, -0.39490753412246704, -0.15289586782455444
-3.8029394149780273, -0.47369226813316345, -0.15117889642715454
-3.872530937194824, -0.41425517201423645, -0.15564757585525513
-3.968468189239502, -0.40066590905189514, -0.15954692661762238
-3.778074026107788, -0.41430333256721497, -0.15231072902679443
-3.823093891143799, -0.29494789242744446, -0.13802793622016907
-3.923020601272583, -0.5103174448013306, -0.14292296767234802
-3.792844772338867, -0.4785216152667999, -0.1483309119939804
-3.8116462230682373, -0.4900525212287903, -0.1552646905183792
-3.8958933353424072, -0.5110911130905151, -0.150486022233963
-3.790867328643799, -0.3633789122104645, -0.14909273386001587
-3.9151711463928223, -0.36005309224128723, -0.1459561437368393
-3.8345513343811035, -0.47898706793785095, -0.14762599766254425
-3.957779884338379, -0.4899299740791321, -0.15959511697292328
-3.949993848800659, -0.43125373125076294, -0.14734438061714172
-3.8242762088775635, -0.361936092376709, -0.14498387277126312
-3.9048244953155518, -0.4816873073577881, -0.1585601419210434
-3.9245975017547607, -0.4802774488925934, -0.14789949357509613
-3.91011381149292, -0.37179034948349, -0.16147077083587646
-3.9910528659820557, -0.44217056035995483, -0.1625296175479889
