-0.29644548892974854, -0.008443225175142288, 0.6113842129707336
-0.297296404838562, -0.02479049190878868, 0.5918668508529663
-0.30380725860595703, 0.008880779147148132, 0.6347517371177673
-0.27665647864341736, -0.037584058940410614, 0.6220475435256958
-0.29045552015304565, -0.021052483469247818, 0.6239907145500183
-0.320820689201355, 0.005320315714925528, 0.5922982692718506
-0.3103550970554352, 0.0016867483500391245, 0.5987886786460876
-0.3046281039714813, -0.021050570532679558, 0.5924646854400635
-0.2807687819004059, -0.038564179092645645, 0.6083808541297913
-0.304966539144516, -0.007260223850607872, 0.6077438592910767
-0.30375102162361145, -0.033956583589315414, 0.5776510834693909
-0.3116385042667389, -0.025824977084994316, 0.563859224319458
-0.29507508873939514, 0.007362387143075466, 0.6365636587142944
-0.3085239827632904, -0.02233937755227089, 0.578269898891449
-0.3197895586490631, -0.007141099311411381, 0.5789420008659363
-0.2784844636917114, -0.05361940339207649, 0.5932023525238037
-0.2969813048839569, 0.0066728126257658005, 0.6265629529953003
-0.2933061122894287, -0.036755871027708054, 0.5927751064300537
-0.2933822274208069, -0.022703491151332855, 0.6087923645973206
-0.27643299102783203, -0.022948389872908592, 0.6357638239860535
-0.2923851013183594, -0.008995098061859608, 0.6236453652381897
-0.26715287566185, -0.04104164242744446, 0.6237260103225708
-0.3112378716468811, -0.007156809791922569, 0.5937297940254211
-0.2961020767688751, -0.028809908777475357, 0.5830003619194031
-0.3064385652542114, 0.007970682345330715, 0.6225039958953857
-0.2794378101825714, -0.023310339078307152, 0.6248855590820312
-0.3082394599914551, 0.0035603665746748447, 0.6089800000190735
-0.2885584533214569, -0.006321219261735678, 0.6342384219169617
-0.27570629119873047, -0.05120659992098808, 0.6057860851287842
-0.2950149476528168, -0.05109214037656784, 0.5639503002166748
-0.29441556334495544, -0.04278320074081421, 0.5685264468193054
-0.2748333513736725, -0.0648207738995552, 0.5765297412872314
-0.28024527430534363, -0.05672089383006096, 0.5804224610328674
-0.3072044253349304, -0.035270076245069504, 0.5648345351219177
-0.31017208099365234, -0.037357963621616364, 0.5513484477996826
-0.29048553109169006, -0.04979730397462845, 0.5772569179534912
-0.3220210671424866, -0.009830967523157597, 0.5667581558227539
-0.2632778286933899, -0.05491330847144127, 0.6100280284881592
-0.3204409182071686, -0.019072039052844048, 0.5620540976524353
-0.2610180079936981, -0.0526806078851223, 0.6216962933540344
-0.2619251310825348, -0.03857053443789482, 0.6475642919540405
-0.2584631145000458, -0.06401535123586655, 0.6074560284614563
-0.2646719217300415, -0.06646687537431717, 0.5925453305244446
-0.26414328813552856, -0.037023596465587616, 0.6369729042053223
-0.25165414810180664, -0.06461633741855621, 0.6092841029167175
-0.32275137305259705, -0.022428972646594048, 0.5500199794769287
-0.2681345045566559, -0.06979341804981232, 0.5786652565002441
-0.2800741493701935, -0.06797081977128983, 0.5640450716018677
-0.2894103229045868, -0.06525437533855438, 0.549790620803833
-0.30441707372665405, -0.0492716021835804, 0.5461723804473877
-0.27248483896255493, -0.07558091729879379, 0.5619894862174988
-0.2680247724056244, -0.0751093178987503, 0.5697870254516602
-0.3091807961463928, 0.01581418141722679, 0.6256899833679199
-0.3198939263820648, 0.010393024422228336, 0.6073125004768372
-0.29473158717155457, -0.040527813136577606, 0.5796307325363159
-0.26173943281173706, -0.07502050697803497, 0.5794907212257385
-0.25791651010513306, -0.062135737389326096, 0.6180621981620789
-0.2728292644023895, -0.061829689890146255, 0.5918830037117004
-0.2735159695148468, -0.03427692875266075, 0.6361408829689026
-0.2880275249481201, -0.04779401421546936, 0.5867841839790344
-0.25892403721809387, -0.04805498197674751, 0.635413646697998
-0.28973954916000366, -0.03464905917644501, 0.6062073111534119
-0.3029068112373352, -0.006127094849944115, 0.6210771203041077
-0.25606581568717957, -0.07526857405900955, 0.5881665945053101
-0.2873840928077698, -0.06251762062311172, 0.5619232654571533
-0.26634472608566284, -0.05956970900297165, 0.597156286239624
-0.287026971578598, -0.01730332337319851, 0.6322705149650574
-0.3021645247936249, -0.04620128124952316, 0.5567724704742432
-0.30224549770355225, -0.03434903919696808, 0.5889927744865417
-0.28296810388565063, -0.02764391526579857, 0.6108260154724121
-0.2927315831184387, -0.05747254937887192, 0.5542735457420349
-0.3036039471626282, -0.018196336925029755, 0.6073237657546997
-0.3208770155906677, 0.017136605456471443, 0.60788494348526
-0.3161453604698181, -0.002305073430761695, 0.5878829956054688
-0.315956175327301, 0.011357450857758522, 0.6203417778015137
-0.26948976516723633, -0.044255491346120834, 0.6057531833648682
