-1.8361732959747314, -1.1509836912155151, -0.11139681190252304
-1.8482508659362793, -1.1537235975265503, -0.14202991127967834
-1.8323923349380493, -1.150465488433838, -0.13907533884048462
-1.8236477375030518, -1.1475410461425781, -0.10089237242937088
-1.8256744146347046, -1.1358543634414673, -0.07143288850784302
-1.8473602533340454, -1.153141975402832, -0.10710418969392776
-1.8348194360733032, -1.1526517868041992, -0.1243957057595253
-1.856865644454956, -1.1634576320648193, -0.1168144941329956
-1.8586233854293823, -1.1644409894943237, -0.09134470671415329
-1.8379476070404053, -1.1552865505218506, -0.07348986715078354
-1.8287514448165894, -1.1514166593551636, -0.13303974270820618
-1.8622106313705444, -1.1642019748687744, -0.1075112372636795
-1.874364972114563, -1.1689244508743286, -0.1042858436703682
-1.8683292865753174, -1.167742371559143, -0.08598314225673676
-1.8207786083221436, -1.1332770586013794, -0.1158638671040535
-1.8253209590911865, -1.1482146978378296, -0.08890482038259506
-1.8698375225067139, -1.1794493198394775, -0.12544432282447815
-1.8362658023834229, -1.152468204498291, -0.08488205075263977
-1.8660123348236084, -1.1815526485443115, -0.1095120757818222
-1.8116188049316406, -1.1297645568847656, -0.11247457563877106
-1.8558309078216553, -1.175894021987915, -0.1277279555797577
-1.8504849672317505, -1.1549967527389526, -0.12352561205625534
-1.866500973701477, -1.1755592823028564, -0.142520010471344
-1.8593984842300415, -1.1648255586624146, -0.05209540203213692
-1.833580732345581, -1.1439710855484009, -0.04048721492290497
-1.8725152015686035, -1.1725656986236572, -0.07678789645433426
-1.87803053855896, -1.1710304021835327, -0.08056463301181793
-1.8845021724700928, -1.1923772096633911, -0.09877032041549683
-1.881589412689209, -1.1942425966262817, -0.1298450231552124
-1.865609049797058, -1.1637306213378906, -0.0564480759203434
-1.8540229797363281, -1.164680004119873, -0.035790540277957916
-1.8606781959533691, -1.1655559539794922, -0.04005537927150726
-1.899627685546875, -1.197582483291626, -0.07694745808839798
-1.8836376667022705, -1.1880886554718018, -0.04992222040891647
-1.8818011283874512, -1.183681607246399, -0.034530311822891235
-1.9011167287826538, -1.209039568901062, -0.12304552644491196
-1.8901129961013794, -1.189924955368042, -0.13701310753822327
-1.8025507926940918, -1.1140881776809692, -0.034635961055755615
-1.9122344255447388, -1.198335886001587, -0.08642813563346863
-1.9158790111541748, -1.2038551568984985, -0.10384294390678406
-1.9246069192886353, -1.2105729579925537, -0.07180903106927872
-1.9304224252700806, -1.2565089464187622, -0.10417044162750244
-1.9414737224578857, -1.2536182403564453, -0.08243982493877411
-1.9472919702529907, -1.2490812540054321, -0.09812936186790466
-1.9773043394088745, -1.2853081226348877, -0.0828612893819809
-1.9701462984085083, -1.2869004011154175, -0.11314191669225693
-1.9881632328033447, -1.291666865348816, -0.1264324188232422
-1.9766650199890137, -1.2911478281021118, -0.0979398787021637
-1.9827055931091309, -1.288980484008789, -0.053331196308135986
-1.9794259071350098, -1.2932010889053345, -0.06606251001358032
-1.9754451513290405, -1.2905954122543335, -0.07639331370592117
-1.9840327501296997, -1.2892554998397827, -0.10906478017568588
-1.9889681339263916, -1.3142484426498413, -0.1349470168352127
