-1.02623450756073, -1.086134910583496, -0.08339470624923706
-1.0444315671920776, -1.0587729215621948, -0.06428635865449905
-1.027421474456787, -1.0979031324386597, -0.03478631749749184
-1.0280375480651855, -1.0851614475250244, -0.0382087416946888
-1.0140222311019897, -1.113884449005127, -0.11235292255878448
-1.012322187423706, -1.1179277896881104, -0.08302654325962067
-1.0291634798049927, -1.0870057344436646, -0.12838056683540344
-1.0013301372528076, -1.105718970298767, -0.06484219431877136
-1.0281288623809814, -1.0998591184616089, -0.09895893186330795
-1.0265350341796875, -1.0867682695388794, -0.052288416773080826
-1.0308172702789307, -1.0851742029190063, -0.09903532266616821
-1.0135340690612793, -1.1041711568832397, -0.12653325498104095
-1.0283887386322021, -1.0886709690093994, -0.11361249536275864
-1.0268843173980713, -1.086459755897522, -0.06798382103443146
-1.011777639389038, -1.1173070669174194, -0.10097149014472961
-1.0117404460906982, -1.1051337718963623, -0.08347181230783463
-1.0099749565124512, -1.1161473989486694, -0.038536082953214645
-1.0019986629486084, -1.118079662322998, -0.03824044018983841
-1.0035293102264404, -1.1161136627197266, -0.05480582267045975
-0.9963879585266113, -1.143373966217041, -0.11336468905210495
-0.995966374874115, -1.1327018737792969, -0.0840303972363472
-0.9971343874931335, -1.129573941230774, -0.1451563537120819
-0.9948442578315735, -1.1304391622543335, -0.12796449661254883
-0.9971972107887268, -1.130091905593872, -0.11459033936262131
-0.9950332045555115, -1.1308908462524414, -0.09722284227609634
-0.994782567024231, -1.1420891284942627, -0.09817390143871307
-0.9857673645019531, -1.1361076831817627, -0.05307239294052124
-0.9849258661270142, -1.1460886001586914, -0.06771927326917648
-0.985641598701477, -1.1364833116531372, -0.06838975846767426
-0.9843613505363464, -1.1325712203979492, -0.03693990409374237
-0.9778724312782288, -1.1590149402618408, -0.14115411043167114
-0.9698019623756409, -1.161829948425293, -0.11008026450872421
-0.9754666090011597, -1.1720119714736938, -0.10488541424274445
-0.9694127440452576, -1.1635963916778564, -0.1251194030046463
-0.979625403881073, -1.1611396074295044, -0.12973956763744354
-0.9692422151565552, -1.1643214225769043, -0.08203613013029099
-0.970550537109375, -1.1618542671203613, -0.09654901921749115
-0.9683479070663452, -1.1753736734390259, -0.051680564880371094
-0.9667938351631165, -1.1753445863723755, -0.03645942732691765
-0.9511423110961914, -1.1922615766525269, -0.08161423355340958
-0.9543520212173462, -1.1914784908294678, -0.10057207942008972
-0.9506559371948242, -1.2031171321868896, -0.0651121512055397
-1.0276862382888794, -1.075615406036377, -0.06977725028991699
-0.9682779312133789, -1.1647121906280518, -0.05279789865016937
-1.0104944705963135, -1.1177161931991577, -0.05239858105778694
-0.9523884057998657, -1.203894019126892, -0.08300542086362839
-0.9682740569114685, -1.176073670387268, -0.06730356812477112
-1.0136523246765137, -1.1022205352783203, -0.09901648759841919
-0.9519234895706177, -1.192770004272461, -0.05195315182209015
-0.9854594469070435, -1.1463348865509033, -0.03849973529577255
-0.9953314065933228, -1.1318986415863037, -0.06815832853317261
-1.0303698778152466, -1.0758076906204224, -0.144962340593338
-1.0461022853851318, -1.0607500076293945, -0.0993604063987732
-0.9665977954864502, -1.1646547317504883, -0.03697153180837631
-0.9825921654701233, -1.1602202653884888, -0.02456085942685604
-0.9495476484298706, -1.2060555219650269, -0.03813115879893303
-0.9518880248069763, -1.179892897605896, -0.08214513957500458
-1.0123560428619385, -1.105488896369934, -0.052095599472522736
-1.0233715772628784, -1.0993741750717163, -0.051563724875450134
-1.0277646780014038, -1.0756806135177612, -0.11212609708309174
-0.9832442998886108, -1.1466253995895386, -0.15711325407028198
-1.044779658317566, -1.0608831644058228, -0.05097075551748276
-1.0246402025222778, -1.1011173725128174, -0.006984329782426357
-1.0120707750320435, -1.1039022207260132, -0.11276232451200485
-0.9817607998847961, -1.146405816078186, -0.14353905618190765
-0.9580663442611694, -1.179749608039856, -0.11441577970981598
-0.9547528028488159, -1.1946322917938232, -0.06880522519350052
-1.0307492017745972, -1.076439380645752, -0.12853538990020752
-0.9802942276000977, -1.1585218906402588, -0.11134287714958191
-0.9491400122642517, -1.2040190696716309, -0.051642097532749176
-0.9795671105384827, -1.1508018970489502, -0.1125633642077446
-0.9936362504959106, -1.144598364830017, -0.05195464566349983
-0.9654102325439453, -1.1783993244171143, -0.14358539879322052
-0.9818899631500244, -1.1470540761947632, -0.12844939529895782
-0.9561208486557007, -1.1778863668441772, -0.1403392106294632
-1.0455673933029175, -1.069933295249939, -0.05430695787072182
-0.963750958442688, -1.1876733303070068, -0.13127350807189941
-0.9769554138183594, -1.1626545190811157, -0.09516012668609619
-0.9523828029632568, -1.1913518905639648, -0.14049787819385529
-0.9803586006164551, -1.1599348783493042, -0.07956108450889587
-1.0231918096542358, -1.1010441780090332, -0.1403753012418747
-0.9966027140617371, -1.1316241025924683, -0.052980657666921616
-0.9901440739631653, -1.1419843435287476, -0.03498150408267975
-1.0066395998001099, -1.1272939443588257, -0.17592772841453552
-1.01381254196167, -1.1032615900039673, -0.06656543165445328
-1.011002540588379, -1.1162199974060059, -0.06531266868114471
-1.0280163288116455, -1.0853554010391235, -0.14268526434898376
-1.0426141023635864, -1.0688841342926025, -0.06790513545274734
-1.0068166255950928, -1.1280560493469238, -0.14691728353500366
-1.0126209259033203, -1.114734411239624, -0.1306736022233963
-1.0433986186981201, -1.070359706878662, -0.036567769944667816
-1.0350176095962524, -1.0816320180892944, -0.05478598549962044
-0.9965043663978577, -1.1189994812011719, -0.14318442344665527
-0.9536952972412109, -1.193746566772461, -0.03930210322141647
-0.9810636639595032, -1.147712230682373, -0.09740370512008667
-1.0390870571136475, -1.0847722291946411, -0.09398595243692398
-1.0140146017074585, -1.1011543273925781, -0.03614167124032974
-1.0413233041763306, -1.074683427810669, -0.11321122944355011
-1.029782772064209, -1.0767713785171509, -0.054442424327135086
-1.0448228120803833, -1.0579358339309692, -0.11185844242572784
-0.9634087681770325, -1.1802700757980347, -0.11073192954063416
-1.0309643745422363, -1.0728470087051392, -0.036708418279886246
-0.9650933742523193, -1.187286138534546, -0.0886349156498909
-0.9957212209701538, -1.135301947593689, -0.022047078236937523
-0.9681910276412964, -1.165257215499878, -0.02238663099706173
-0.9930745363235474, -1.1498985290527344, -0.12480060756206512
-1.0559436082839966, -1.060508370399475, -0.022758476436138153
-0.9636995792388916, -1.1772656440734863, -0.12649399042129517
-0.9496686458587646, -1.2053890228271484, -0.11395835876464844
-1.025889277458191, -1.1019999980926514, -0.08575541526079178
-1.0415481328964233, -1.0702455043792725, -0.08178842812776566
-0.9818761348724365, -1.1634154319763184, -0.06675709784030914
-0.9691446423530579, -1.1649234294891357, -0.06753186881542206
-0.9517768621444702, -1.1802637577056885, -0.06483395397663116
-0.9647337794303894, -1.1782029867172241, -0.09589327126741409
-1.0054789781570435, -1.125068187713623, -0.08771764487028122
-1.0242418050765991, -1.0979959964752197, -0.11344416439533234
-0.9994403123855591, -1.1139065027236938, -0.08554685860872269
-1.0441138744354248, -1.0714367628097534, -0.09593644738197327
-0.9992889761924744, -1.118061900138855, -0.11337783187627792
-0.9816847443580627, -1.1451815366744995, -0.08208193629980087
-0.9455534815788269, -1.2040302753448486, -0.10150530189275742
-0.9985523819923401, -1.1344588994979858, -0.038163039833307266
-0.9683420658111572, -1.1744840145111084, -0.08169614523649216
-0.946883499622345, -1.2249361276626587, -0.05849866941571236
-0.9698455929756165, -1.1623318195343018, -0.13992083072662354
-0.9541140198707581, -1.1776671409606934, -0.037257492542266846
-1.016465187072754, -1.0874626636505127, -0.0970829576253891
-0.9435961246490479, -1.1942435503005981, -0.06862246990203857
-0.9414602518081665, -1.1948736906051636, -0.05534643679857254
-0.9847137331962585, -1.1359840631484985, -0.024487368762493134
-1.0580391883850098, -1.0664446353912354, -0.07868532091379166
-0.9537349939346313, -1.190705418586731, -0.11422812193632126
-0.989970862865448, -1.1339740753173828, -0.09742293506860733
-1.0547208786010742, -1.0661550760269165, -0.0628923773765564
-0.942840576171875, -1.1930536031723022, -0.09727442264556885
-1.0056663751602173, -1.1329532861709595, -0.03128741309046745
-0.9531360864639282, -1.1821544170379639, -0.13170936703681946
-0.9477962255477905, -1.2100940942764282, -0.12960344552993774
-1.014570713043213, -1.102877140045166, -0.14303967356681824
-1.0033471584320068, -1.1147902011871338, -0.06196793168783188
-1.017651081085205, -1.0887882709503174, -0.04019089415669441
-0.9988842606544495, -1.1192235946655273, -0.018890565261244774
-0.9428014159202576, -1.200340986251831, -0.0158428642898798
-1.0571597814559937, -1.0678942203521729, -0.05397818237543106
-0.9785156846046448, -1.1809494495391846, -0.0863582044839859
-0.9941651821136475, -1.1445648670196533, -0.08473189175128937
-0.9870916604995728, -1.1337774991989136, -0.0750894695520401
-1.0012809038162231, -1.1065647602081299, -0.03772812709212303
-1.0565863847732544, -1.0599133968353271, -0.06655045598745346
-0.9559575319290161, -1.1789593696594238, -0.022764593362808228
-0.9717156887054443, -1.1525837182998657, -0.14631380140781403
-0.9872807264328003, -1.1319730281829834, -0.1108001098036766
-0.9678179621696472, -1.1500282287597656, -0.05454682558774948
-0.9943283796310425, -1.1216115951538086, -0.10059438645839691
-0.9928810596466064, -1.1401848793029785, -0.07177410274744034
-0.9915355443954468, -1.1512072086334229, -0.13947737216949463
-1.027757167816162, -1.071492075920105, -0.08490467071533203
-0.9850755333900452, -1.1437052488327026, -0.04934940114617348
-0.9513067603111267, -1.1936290264129639, -0.021454064175486565
-0.9707189798355103, -1.1497024297714233, -0.06548292934894562
-0.9530643820762634, -1.1807564496994019, -0.10077470541000366
-1.0215880870819092, -1.111836314201355, -0.10704750567674637
-1.0359184741973877, -1.0847138166427612, -0.113127201795578
-1.0393953323364258, -1.0822553634643555, -0.03880234435200691
-1.0127534866333008, -1.116321086883545, -0.14643776416778564
-0.9539213180541992, -1.1782090663909912, -0.05272896587848663
-0.9717487692832947, -1.1520593166351318, -0.11489330232143402
-1.0104682445526123, -1.0927157402038574, -0.0787486881017685
-1.054029941558838, -1.0617632865905762, -0.08383762091398239
-1.0093473196029663, -1.1295534372329712, -0.16334393620491028
-0.9361454248428345, -1.2008543014526367, -0.10628486424684525
-0.9374812841415405, -1.2087022066116333, -0.09557674080133438
-0.9809417128562927, -1.1594223976135254, -0.03649485111236572
-0.9544976353645325, -1.1914737224578857, -0.12824614346027374
-1.0083459615707397, -1.1296324729919434, -0.13399730622768402
