-1.8069179058074951, -1.036137580871582, -0.02403588593006134
-1.79068922996521, -1.0239512920379639, -0.021282710134983063
-1.8124690055847168, -1.0413306951522827, -0.012097924947738647
-1.853459358215332, -1.0557361841201782, -0.009892203845083714
-1.8523550033569336, -1.1131832599639893, -0.01655556634068489
-1.8697260618209839, -1.1193885803222656, -0.016855506226420403
-1.8385536670684814, -1.0420209169387817, -0.009905371814966202
-1.8227931261062622, -0.9819058179855347, -0.019065983593463898
-1.8965505361557007, -1.0727789402008057, -0.019973227754235268
-1.8709888458251953, -1.0102267265319824, -0.009859822690486908
-1.8690431118011475, -1.0586720705032349, -0.010244211181998253
-1.8975999355316162, -1.1320587396621704, -0.010617676191031933
-1.8845041990280151, -1.1322238445281982, -0.01856878399848938
-1.8994618654251099, -1.0864956378936768, -0.012933211401104927
-1.8976351022720337, -1.144860029220581, -0.010799706913530827
-1.8544440269470215, -0.996635913848877, -0.02049536630511284
-1.8051912784576416, -0.9806647300720215, -0.018363427370786667
-1.836695671081543, -0.9841752052307129, -0.009512740187346935
-1.9133124351501465, -1.0281915664672852, -0.00699656642973423
-1.9294564723968506, -1.0868053436279297, -0.007574134506285191
-1.9102692604064941, -1.029776930809021, -0.017081785947084427
-1.8978257179260254, -1.016613483428955, -0.018103163689374924
-1.879196286201477, -1.01267409324646, -0.009957020170986652
-1.944633960723877, -1.104195475578308, -0.022701803594827652
-1.945614218711853, -1.1034717559814453, -0.010858352296054363
-1.943367600440979, -1.1625381708145142, -0.013125834055244923
-1.9409925937652588, -1.0430294275283813, -0.015385013073682785
-1.9282413721084595, -1.0278117656707764, -0.008991358801722527
-1.9716821908950806, -1.1035783290863037, -0.010933342389762402
-1.8967125415802002, -0.9640380144119263, -0.0119906822219491
-1.9172005653381348, -0.9710656404495239, -0.019777361303567886
-1.9142229557037354, -0.9678755402565002, -0.010490256361663342
-1.9695308208465576, -1.1625885963439941, -0.016340043395757675
-1.9613010883331299, -1.1748939752578735, -0.01583593524992466
-1.968703269958496, -1.116133689880371, -0.012216739356517792
-1.999714970588684, -1.1173726320266724, -0.009358120150864124
-1.999559760093689, -1.0680629014968872, -0.022416317835450172
-1.9287346601486206, -0.974018931388855, -0.009365631267428398
-2.00242018699646, -1.1900125741958618, -0.018901577219367027
-2.0232951641082764, -1.1467846632003784, -0.019025778397917747
-2.0175631046295166, -1.129903793334961, -0.010791756212711334
-1.9613547325134277, -1.237518072128296, -0.009662485681474209
-2.0131096839904785, -1.0699899196624756, -0.018627088516950607
-2.031920909881592, -1.1466395854949951, -0.01769542321562767
-2.0285260677337646, -1.2057133913040161, -0.012431296519935131
-1.9290145635604858, -1.1582286357879639, -0.018114684149622917
-1.8817996978759766, -0.9390267133712769, -0.010527316480875015
-1.9750969409942627, -1.1638437509536743, -0.0071633728221058846
-2.0334014892578125, -1.1350200176239014, -0.008958445861935616
-1.8806753158569336, -0.9971907734870911, -0.010475990362465382
-2.0156943798065186, -1.1318204402923584, -0.021012190729379654
-1.8092252016067505, -1.0715336799621582, -0.010130126029253006
-1.8376579284667969, -1.1043727397918701, -0.016718175262212753
-1.8243299722671509, -1.0274990797042847, -0.00931248627603054
-1.91581392288208, -1.0866541862487793, -0.011136075481772423
-1.9583148956298828, -1.1613638401031494, -0.009296983480453491
-1.7623143196105957, -1.0134801864624023, -0.009933819063007832
-2.0171046257019043, -1.1890602111816406, -0.00991975236684084
-1.9732472896575928, -1.1044117212295532, -0.015368606895208359
-2.0135233402252197, -1.2072088718414307, -0.01774533838033676
-1.8678911924362183, -0.9365826845169067, -0.00920281931757927
-1.865799903869629, -1.0447068214416504, -0.012366825714707375
-1.7300173044204712, -0.9833691716194153, -0.020646309480071068
-1.840522050857544, -0.9404309391975403, -0.007853035815060139
-1.8259150981903076, -0.9691416621208191, -0.017303606495261192
-1.9392859935760498, -1.1457631587982178, -0.018142683431506157
-2.005852699279785, -1.0715826749801636, -0.010449416935443878
-1.9425134658813477, -1.209160327911377, -0.009670482017099857
-1.9452860355377197, -1.0345263481140137, -0.016607096418738365
-1.9946039915084839, -1.1187961101531982, -0.01974714919924736
-1.9326401948928833, -1.1487799882888794, -0.015648985281586647
-1.775297999382019, -0.9652594923973083, -0.009017148986458778
-1.8538471460342407, -1.1055186986923218, -0.015274648554623127
-1.9249258041381836, -1.0870000123977661, -0.017295870929956436
-1.88424551486969, -1.119376540184021, -0.017654940485954285
-1.810436487197876, -1.0261591672897339, -0.010522685945034027
-1.8521685600280762, -1.0447196960449219, -0.00716199167072773
-1.7894610166549683, -0.9683868885040283, -0.009305478073656559
-1.792659044265747, -1.086364507675171, -0.018017446622252464
-2.0362114906311035, -1.2061570882797241, -0.01787353865802288
-1.95196533203125, -1.1625562906265259, -0.01874588429927826
-1.8259798288345337, -0.9326777458190918, -0.020581910386681557
-1.9148036241531372, -1.0722609758377075, -0.018963336944580078
-1.8680250644683838, -0.9967470169067383, -0.016886379569768906
-1.7919092178344727, -0.9659366607666016, -0.01703879050910473
-1.945515513420105, -1.0892353057861328, -0.009733925573527813
-1.7929704189300537, -1.0158482789993286, -0.020044194534420967
-2.0476865768432617, -1.1450426578521729, -0.0070851389318704605
-1.9858876466751099, -1.1769979000091553, -0.017715739086270332
-1.9442651271820068, -1.1493299007415771, -0.009902819991111755
-2.050581455230713, -1.1587365865707397, -0.012291047722101212
-1.8365763425827026, -0.983638346195221, -0.016451535746455193
-2.0012669563293457, -1.056377649307251, -0.020109813660383224
-1.8025646209716797, -0.9663699269294739, -0.010319259949028492
-1.9132617712020874, -1.1316723823547363, -0.010426728054881096
-1.8378043174743652, -1.085216760635376, -0.009852303192019463
-1.9275026321411133, -1.0149812698364258, -0.010344996117055416
-2.0442235469818115, -1.1292133331298828, -0.013564368709921837
-1.9859042167663574, -1.040055513381958, -0.005891745910048485
-1.9261106252670288, -1.0741448402404785, -0.011767571792006493
-1.8267327547073364, -0.9343207478523254, -0.008825642988085747
-1.9292917251586914, -1.1302447319030762, -0.007036147639155388
-2.00089430809021, -1.1717119216918945, -0.011886443011462688
-1.84970223903656, -1.1008745431900024, -0.01069038175046444
-2.0193943977355957, -1.1799225807189941, -0.01227982435375452
-1.835308313369751, -1.0282111167907715, -0.007150690071284771
-1.8193920850753784, -1.0221338272094727, -0.015876807272434235
-1.806942105293274, -1.0167409181594849, -0.017424311488866806
-1.8813960552215576, -0.9515119194984436, -0.009344561025500298
-2.019906520843506, -1.071199655532837, -0.009963628835976124
-1.8939498662948608, -1.1770352125167847, -0.010834467597305775
-1.9098175764083862, -0.9505184888839722, -0.009671825915575027
-1.801926851272583, -1.0216021537780762, -0.01608164608478546
-1.8867278099060059, -0.9374294877052307, -0.015679989010095596
-1.8234161138534546, -1.0415867567062378, -0.011683650314807892
-2.058635950088501, -1.1453303098678589, -0.011753755621612072
-1.950432538986206, -1.2338857650756836, -0.015830760821700096
-1.897164225578308, -0.9523687958717346, -0.005564652383327484
-1.9766051769256592, -1.0608875751495361, -0.018213629722595215
-1.8201824426651, -0.965680718421936, -0.010642198845744133
-1.9723145961761475, -1.2228785753250122, -0.010680371895432472
-1.8703113794326782, -1.102849006652832, -0.018177945166826248
-1.8544597625732422, -0.9849057793617249, -0.01641673780977726
-1.8384379148483276, -0.9197673201560974, -0.007321939337998629
-1.7300368547439575, -0.9802619218826294, -0.004947310779243708
-2.007232427597046, -1.1837470531463623, -0.019482893869280815
-1.7951756715774536, -1.073331594467163, -0.01593981683254242
-1.9277408123016357, -1.1438121795654297, -0.010224716737866402
-1.9874831438064575, -1.2356853485107422, -0.011365743353962898
-2.041229486465454, -1.2005878686904907, -0.018527839332818985
-1.9596328735351562, -1.1490403413772583, -0.01849103718996048
-1.811307430267334, -1.081411600112915, -0.016392074525356293
-1.8067965507507324, -0.9253760576248169, -0.017154013738036156
-1.897587537765503, -0.9975125193595886, -0.009817843325436115
-1.9181264638900757, -1.2175004482269287, -0.01649012602865696
-1.7486754655838013, -1.0407826900482178, -0.009547121822834015
-1.9131667613983154, -1.1336209774017334, -0.016859499737620354
-1.8936405181884766, -1.1205171346664429, -0.019741903990507126
-1.8340792655944824, -1.098569631576538, -0.012632702477276325
-1.853947401046753, -0.9231640100479126, -0.008119798265397549
-1.903799295425415, -0.9507291913032532, -0.017842253670096397
-1.9713714122772217, -1.0400432348251343, -0.008859706111252308
-1.9453518390655518, -1.2222402095794678, -0.00855163112282753
-1.9394402503967285, -1.2226386070251465, -0.018452826887369156
-1.8368967771530151, -0.9211867451667786, -0.01911279931664467
-1.867066740989685, -0.9958862662315369, -0.009474693797528744
-1.8132092952728271, -0.9647722840309143, -0.0191652774810791
-1.8077566623687744, -0.923004150390625, -0.009236939251422882
-1.7872343063354492, -1.056006669998169, -0.016418766230344772
-1.7410504817962646, -1.039473056793213, -0.019419429823756218
-1.7938369512557983, -0.955697774887085, -0.019357509911060333
-1.885820984840393, -1.1295266151428223, -0.00966043770313263
-1.8223508596420288, -1.0716240406036377, -0.01056951005011797
-1.9111542701721191, -1.0121495723724365, -0.01071481965482235
-1.7787790298461914, -1.0701974630355835, -0.018306076526641846
-1.8547283411026, -1.0885478258132935, -0.009202186018228531
-1.865282416343689, -1.028162956237793, -0.009196019731462002
-1.7449283599853516, -1.0277600288391113, -0.010189250111579895
-1.8517982959747314, -0.9369844794273376, -0.009132428094744682
-1.8825803995132446, -1.1013275384902954, -0.008579234592616558
-1.7630152702331543, -1.0309364795684814, -0.00748252822086215
-1.9267346858978271, -1.060292363166809, -0.010028970427811146
-1.806379795074463, -0.9523690938949585, -0.01051401812583208
-1.8232024908065796, -1.013369083404541, -0.009171955287456512
-1.8687150478363037, -1.090651035308838, -0.006250051781535149
-1.901036262512207, -1.1805133819580078, -0.018315207213163376
-1.9586331844329834, -1.0445711612701416, -0.015262735076248646
-2.050436019897461, -1.1243525743484497, -0.016047727316617966
-1.8817291259765625, -1.0404837131500244, -0.008302189409732819
-1.7910560369491577, -1.0720469951629639, -0.009361202828586102
-1.7290372848510742, -0.9935741424560547, -0.017194457352161407
-1.9405440092086792, -1.0726540088653564, -0.009840673767030239
-2.0322482585906982, -1.1155307292938232, -0.015535478480160236
-2.003490447998047, -1.1006078720092773, -0.009470715187489986
-1.9846594333648682, -1.0290340185165405, -0.010593242943286896
-1.9885488748550415, -1.089937448501587, -0.006729908287525177
-1.7774159908294678, -0.9373518824577332, -0.010016972199082375
-1.9276591539382935, -1.206922173500061, -0.005053257569670677
-1.9272081851959229, -1.0029200315475464, -0.007978321984410286
-2.0037567615509033, -1.1628289222717285, -0.009256727062165737
-1.8549528121948242, -0.9954018592834473, -0.007773724850267172
-1.9102171659469604, -1.118449091911316, -0.008016801439225674
-1.9118939638137817, -1.0550625324249268, -0.008835169486701488
-1.9446275234222412, -1.026011347770691, -0.0122517766430974
-2.072786331176758, -1.1493176221847534, -0.010222971439361572
-1.9544670581817627, -1.0160841941833496, -0.017014505341649055
-1.9704982042312622, -1.1466078758239746, -0.01027337834239006
-1.9550533294677734, -1.1358773708343506, -0.011424927972257137
-1.9592254161834717, -1.0759153366088867, -0.00992681086063385
-1.7912057638168335, -0.9977684020996094, -0.009216845966875553
-1.7740399837493896, -0.9832769632339478, -0.00822052825242281
-1.8198918104171753, -1.0864310264587402, -0.011489054188132286
-1.8697600364685059, -1.1154241561889648, -0.008136393502354622
-2.0791335105895996, -1.136938452720642, -0.010479225777089596
-1.9706590175628662, -1.0272403955459595, -0.018237333744764328
-1.7651987075805664, -1.0558210611343384, -0.011533216573297977
-1.7795318365097046, -1.0454853773117065, -0.007027020677924156
-2.0637755393981934, -1.131487250328064, -0.012762078084051609
-1.89814031124115, -1.1073970794677734, -0.005242728628218174
-1.9136908054351807, -0.9977501034736633, -0.01017757412046194
-1.806694507598877, -1.0580918788909912, -0.00803280808031559
-1.7773748636245728, -1.012222409248352, -0.007976649329066277
-1.985785961151123, -1.1603217124938965, -0.011863009072840214
-1.839374303817749, -0.9664245247840881, -0.009339955635368824
-1.8889038562774658, -1.0498688220977783, -0.020113211125135422
-1.7296340465545654, -1.0274412631988525, -0.007621333934366703
-1.9560542106628418, -1.0875672101974487, -0.01143075991421938
-1.8506529331207275, -1.027681589126587, -0.009642931632697582
-1.958547830581665, -1.0309321880340576, -0.009022623300552368
-1.7932828664779663, -0.9493269324302673, -0.010638566687703133
-1.9754983186721802, -1.2370843887329102, -0.00956002064049244
-1.9017164707183838, -1.0560259819030762, -0.01771216094493866
-2.042853593826294, -1.1922807693481445, -0.016527600586414337
-1.8675822019577026, -0.9505151510238647, -0.017658619210124016
-1.762286901473999, -0.9859423041343689, -0.011939399875700474
-2.0172653198242188, -1.1127084493637085, -0.01803349144756794
-1.8744257688522339, -0.9874253273010254, -0.01829894632101059
-1.8037816286087036, -1.0622162818908691, -0.016800837591290474
-1.8278179168701172, -0.9100759625434875, -0.015734925866127014
-1.9711533784866333, -1.0290080308914185, -0.006003750953823328
-1.9985371828079224, -1.1341376304626465, -0.01972140558063984
-2.0292365550994873, -1.1181174516677856, -0.012503081932663918
-1.8785479068756104, -0.9812098145484924, -0.005369877442717552
-1.7717399597167969, -1.0619258880615234, -0.021362116560339928
-1.76210618019104, -1.04239022731781, -0.019050952047109604
-2.0315463542938232, -1.1039472818374634, -0.011345572769641876
-1.8371031284332275, -0.9083346128463745, -0.006896872539073229
-1.8362417221069336, -1.1316615343093872, -0.010304209776222706
-1.7454460859298706, -0.9963763952255249, -0.01706429198384285
-1.762173056602478, -0.9981584548950195, -0.009353547357022762
-1.926300287246704, -1.1796821355819702, -0.005215619690716267
-1.9410130977630615, -1.0584646463394165, -0.00592157943174243
-1.850927710533142, -0.9105715751647949, -0.003354651853442192
-1.9771642684936523, -1.0491355657577515, -0.015789685770869255
-1.8663878440856934, -1.1475036144256592, -0.010513215325772762
-1.9763133525848389, -1.2092331647872925, -0.008079731836915016
-1.9259531497955322, -1.1274423599243164, -0.016330618411302567
-1.8253910541534424, -1.117453694343567, -0.01209063921123743
-2.085127115249634, -1.1322792768478394, -0.012490148656070232
-1.987352728843689, -1.1466400623321533, -0.00851100031286478
-1.823965072631836, -1.1297818422317505, -0.012326082214713097
-2.045135498046875, -1.1158729791641235, -0.009997709654271603
-1.8244459629058838, -0.9550058841705322, -0.011562257073819637
-1.822550654411316, -0.9040935635566711, -0.009185749106109142
-1.8674954175949097, -1.1636532545089722, -0.010688463225960732
-2.0030317306518555, -1.0540082454681396, -0.007876257412135601
-1.851466417312622, -1.1342432498931885, -0.0092201242223382
-1.8499294519424438, -1.0784568786621094, -0.008685795590281487
-1.8171882629394531, -1.1183720827102661, -0.019947554916143417
-1.7449389696121216, -0.9521674513816833, -0.011367449536919594
-1.9329338073730469, -1.1956896781921387, -0.016817830502986908
-2.0445566177368164, -1.1735844612121582, -0.011971496045589447
-1.8340768814086914, -1.0726200342178345, -0.010663498193025589
-2.0144529342651367, -1.165931224822998, -0.004942058585584164
-1.9999234676361084, -1.104193925857544, -0.0178175400942564
-1.8991894721984863, -0.9845029711723328, -0.009287392720580101
-1.94525945186615, -1.0106360912322998, -0.009594880044460297
-1.8973770141601562, -1.1618680953979492, -0.009296839125454426
-1.806633710861206, -0.9985146522521973, -0.008017444051802158
-2.0639915466308594, -1.1168957948684692, -0.008731833659112453
-1.7359583377838135, -0.9961682558059692, -0.011568879708647728
-1.864527940750122, -0.9239405989646912, -0.0051888357847929
-1.941689372062683, -1.120132327079773, -0.011084869503974915
-1.9282646179199219, -1.1214104890823364, -0.015478421933948994
-1.7902871370315552, -1.04144287109375, -0.006834021303802729
-2.0306146144866943, -1.175613522529602, -0.017014723271131516
-1.8777822256088257, -1.0598342418670654, -0.016701191663742065
-1.9895375967025757, -1.1938719749450684, -0.018956931307911873
-1.7782326936721802, -1.0574504137039185, -0.011023462750017643
-1.7591707706451416, -1.0548466444015503, -0.02253042533993721
-1.8819950819015503, -1.160219669342041, -0.011995735578238964
-1.8408547639846802, -1.0167479515075684, -0.015062853693962097
-1.9169987440109253, -1.1156197786331177, -0.019404252991080284
-2.0478057861328125, -1.1846942901611328, -0.016773998737335205
-1.9531326293945312, -1.1993186473846436, -0.01682094857096672
-1.9109327793121338, -1.1945085525512695, -0.016643822193145752
-1.847169041633606, -1.0879158973693848, -0.016585972160100937
-1.921154260635376, -1.180902361869812, -0.017222091555595398
-1.9462898969650269, -1.2094591856002808, -0.01681266538798809
-1.8250024318695068, -1.012453317642212, -0.015576602891087532
-1.861681342124939, -0.9713595509529114, -0.017289288341999054
-1.9026697874069214, -1.0465948581695557, -0.015187487937510014
-1.9902453422546387, -1.219547152519226, -0.006575806997716427
-1.8516978025436401, -1.1644160747528076, -0.008200433105230331
-2.0159525871276855, -1.1049772500991821, -0.010709536261856556
-1.7931971549987793, -1.1000555753707886, -0.009894371032714844
-2.021430492401123, -1.193710446357727, -0.018282964825630188
-1.7643812894821167, -1.0425257682800293, -0.0083506153896451
-1.9549673795700073, -1.0720183849334717, -0.018493948504328728
-1.9405994415283203, -1.1317083835601807, -0.009552978910505772
-1.7905737161636353, -0.9389132261276245, -0.007504115346819162
-1.8626495599746704, -0.9695075750350952, -0.005217650439590216
-1.7739579677581787, -1.0087058544158936, -0.016728730872273445
-1.7889004945755005, -1.1071152687072754, -0.022282958030700684
-1.8420902490615845, -0.953830361366272, -0.011624571867287159
-2.0206563472747803, -1.2245525121688843, -0.012759443372488022
-1.7769687175750732, -0.9522566199302673, -0.00836029089987278
-2.0456902980804443, -1.1684037446975708, 0.0021397077944129705
-1.9243385791778564, -0.9843547344207764, -0.007812258321791887
-1.8082160949707031, -0.9840731620788574, -0.008334612473845482
-1.8232060670852661, -1.0659369230270386, -0.018203159794211388
-1.9721603393554688, -1.1306898593902588, -0.007429908495396376
-1.9844216108322144, -1.1921460628509521, -0.007757083047181368
-1.8520379066467285, -1.0080426931381226, -0.008103501051664352
-1.8671413660049438, -1.089136004447937, -0.016996677964925766
-1.9850437641143799, -1.1787925958633423, -0.00519455224275589
-1.9691720008850098, -1.2085487842559814, -0.016419002786278725
-1.9081664085388184, -1.1745023727416992, -0.007574242539703846
-1.875848650932312, -1.081054449081421, -0.0077158245258033276
-1.7458065748214722, -0.9829197525978088, -0.009510265663266182
-1.9888944625854492, -1.071936011314392, -0.005274299532175064
-1.9075777530670166, -1.0974112749099731, -0.007948620244860649
-1.8377659320831299, -1.00530207157135, -0.009898275136947632
-1.9350202083587646, -1.188836693763733, -0.015368614345788956
-1.9283533096313477, -1.1021769046783447, -0.010306145064532757
-1.9711451530456543, -1.190294623374939, -0.012375326827168465
-1.9553728103637695, -0.9976494312286377, -0.009899914264678955
-1.8511735200881958, -1.0681766271591187, 3.6018369428347796E-5
-2.0093884468078613, -1.149936556816101, -0.010039246641099453
-1.8281338214874268, -0.8972898125648499, -0.012830402702093124
-2.0258753299713135, -1.1584243774414062, -0.009430096484720707
-1.9463448524475098, -1.1826897859573364, -0.007443965878337622
-1.8862061500549316, -1.0281661748886108, -0.011920318007469177
-1.9578644037246704, -1.1181869506835938, -0.007820632308721542
-1.7627623081207275, -0.9664154052734375, -0.010495807975530624
-1.9291820526123047, -1.0482677221298218, -0.008091182447969913
-1.9119395017623901, -1.04011869430542, -0.0071218861266970634
-1.8098998069763184, -0.8959324359893799, -0.011262315325438976
-2.0160088539123535, -1.0860087871551514, -0.01043885201215744
-1.8085706233978271, -1.1052055358886719, -0.00934858899563551
-1.7802256345748901, -0.9531586170196533, -0.016864493489265442
-1.9384289979934692, -0.9951664209365845, -0.013671042397618294
-1.9263982772827148, -1.1634650230407715, -0.008514780551195145
-1.8061671257019043, -1.1171154975891113, -0.01201179251074791
-1.8374147415161133, -1.055534839630127, -0.008161702193319798
-1.9420679807662964, -1.2544872760772705, -0.016494031995534897
-1.9285386800765991, -1.2098369598388672, -0.019933050498366356
-1.915508508682251, -0.9764151573181152, -0.006530538201332092
-1.7812564373016357, -0.9236589670181274, -0.00907965935766697
-1.8327194452285767, -0.950039803981781, -0.01648023910820484
-1.971372365951538, -1.0876948833465576, -0.008233286440372467
-1.8654937744140625, -0.9513037204742432, -0.00938657857477665
-1.7324838638305664, -1.0072623491287231, -0.010787696577608585
-2.062441110610962, -1.161249041557312, -0.006553190760314465
-1.793685793876648, -1.026235818862915, -0.01092137023806572
-1.8501133918762207, -0.8923766613006592, -0.0037141800858080387
-1.8679628372192383, -1.1026991605758667, -0.009851823560893536
-1.9430699348449707, -1.0475108623504639, -0.011203374713659286
-1.9589914083480835, -1.1755621433258057, -0.011324235238134861
-2.0510177612304688, -1.1057289838790894, -0.010939921252429485
-1.985181212425232, -1.0615801811218262, -0.010378344915807247
-1.8357336521148682, -0.9965013861656189, -0.00608009984716773
-1.8851053714752197, -1.0771052837371826, -0.00989255029708147
-1.86380934715271, -1.0661382675170898, -0.008262543007731438
-1.8933053016662598, -1.1907243728637695, -0.017837708815932274
-1.9142534732818604, -1.1646392345428467, -0.00772891566157341
-1.843937635421753, -1.0554178953170776, -0.016722850501537323
-1.9565600156784058, -1.251417636871338, -0.010746082291007042
-1.8240256309509277, -0.9918173551559448, -0.00933542475104332
-1.925382375717163, -1.236128330230713, -0.013014711439609528
-1.909050464630127, -1.2059892416000366, -0.019548652693629265
-1.966530203819275, -1.273235559463501, -0.023782722651958466
-2.0366592407226562, -1.0848102569580078, -0.010328439064323902
-2.0329103469848633, -1.1464617252349854, -0.010929537937045097
-1.9417705535888672, -1.2369191646575928, -0.010246172547340393
-1.7502326965332031, -1.010974645614624, -0.010485275648534298
-1.9842371940612793, -1.1264269351959229, -0.0074210804887115955
-1.9692351818084717, -1.0542058944702148, -0.010971397161483765
-1.9302468299865723, -1.223791241645813, -0.012149353511631489
-1.8358434438705444, -0.8912018537521362, -0.011191381141543388
-1.9921067953109741, -1.0719224214553833, -0.017940573394298553
-1.985285758972168, -1.129684567451477, -0.016267884522676468
-1.8847123384475708, -1.1953232288360596, -0.013756383210420609
-1.8714466094970703, -1.1320778131484985, -0.008821283467113972
-1.8123884201049805, -0.9356412887573242, -0.01063031516969204
-1.9240686893463135, -1.0984374284744263, -0.019842403009533882
-2.0014572143554688, -1.1960058212280273, -0.006213967688381672
-1.8512526750564575, -1.0058815479278564, -0.02033938840031624
-1.8669184446334839, -1.008525013923645, -0.01934484951198101
-1.7484900951385498, -1.058427333831787, -0.018831767141819
-2.0412957668304443, -1.1585968732833862, -0.019851641729474068
-1.8239496946334839, -0.9190241694450378, -0.0068496414460241795
-1.9007041454315186, -0.9671300053596497, -0.01976080611348152
-1.7234079837799072, -0.9712284207344055, -0.005133784841746092
-1.746519923210144, -0.999512255191803, -0.006927686743438244
-1.7761480808258057, -1.0220197439193726, -0.009971543215215206
-1.9566395282745361, -1.055155873298645, -0.016171611845493317
-1.7609972953796387, -0.9388213753700256, -0.010287865065038204
-1.8821935653686523, -0.9633533358573914, -0.01839343272149563
-1.8919569253921509, -1.024735450744629, -0.015682954341173172
-1.8732324838638306, -1.1835463047027588, -0.01536252349615097
-1.9575629234313965, -1.0396677255630493, -0.012487733736634254
-1.7626291513442993, -0.9510000944137573, -0.01277860812842846
-1.8812247514724731, -1.0103588104248047, -0.017047284170985222
-2.0020499229431152, -1.1278018951416016, -0.013174738734960556
-1.87713623046875, -1.0661944150924683, -0.017548374831676483
-1.73433256149292, -1.0178194046020508, -0.01565849781036377
-2.044651985168457, -1.1454851627349854, -0.017999162897467613
-1.7983155250549316, -1.0818901062011719, -0.007613084279000759
-1.8805081844329834, -1.0611906051635742, -0.005563438404351473
-1.9028751850128174, -1.1948997974395752, -0.011832211166620255
-1.8319623470306396, -0.9310339093208313, 7.175268838182092E-4
-1.7819945812225342, -1.0865763425827026, -0.010620016604661942
-1.894975185394287, -1.0111949443817139, -0.00867794081568718
-1.8311010599136353, -1.040684700012207, -0.016678867861628532
-1.8044793605804443, -0.9300962686538696, -0.016309795901179314
-1.8491640090942383, -1.1627029180526733, -0.018598150461912155
-1.9672552347183228, -1.1721110343933105, -0.0046944995410740376
-1.8026728630065918, -1.087976336479187, -0.01048204954713583
-1.9093313217163086, -1.0710647106170654, -0.010573920793831348
-1.9082564115524292, -1.081963062286377, -0.017379071563482285
-1.958330750465393, -1.1057019233703613, -0.011723890900611877
-1.8804564476013184, -1.1862057447433472, -0.020982082933187485
-1.822874903678894, -0.9827001094818115, -0.006116263102740049
-1.916078805923462, -1.1473897695541382, -0.016951294615864754
-1.990228533744812, -1.1125134229660034, -0.013985369354486465
-1.9575698375701904, -1.1529698371887207, -0.0056167105212807655
-1.8403189182281494, -1.1147282123565674, -0.008371674455702305
-1.9167813062667847, -1.1937830448150635, -0.009777412749826908
-1.841577410697937, -1.155759334564209, -0.010697676800191402
-1.9457404613494873, -1.0855284929275513, -0.017048140987753868
-1.816563606262207, -1.039365530014038, -0.018742747604846954
-1.772444725036621, -1.0740879774093628, -0.012380953878164291
-1.886299729347229, -1.1753565073013306, -0.007392390631139278
-1.796900749206543, -1.0159881114959717, -0.010238141752779484
-1.9858559370040894, -1.1046860218048096, -0.009358149953186512
-1.8259152173995972, -1.146466612815857, -0.010129814967513084
-1.979223608970642, -1.1822453737258911, -0.015114041976630688
-2.0331203937530518, -1.1936063766479492, -0.01138745155185461
-1.8479061126708984, -1.0415812730789185, -0.015214662998914719
-1.8398783206939697, -0.9332859516143799, -0.01799853704869747
-1.8231902122497559, -1.103949785232544, -0.01934097334742546
-1.9585200548171997, -1.2247167825698853, -0.016666702926158905
-2.0291717052459717, -1.1321263313293457, -0.017691390588879585
-1.772864580154419, -1.048619031906128, -0.01612802781164646
-1.9553885459899902, -1.1957794427871704, -0.0043489630334079266
-2.0430166721343994, -1.12674081325531, 0.001273690490052104
-1.898423194885254, -1.0523037910461426, -0.011355075985193253
-1.9301438331604004, -1.0735105276107788, -0.016062971204519272
-1.7683817148208618, -0.9941250085830688, -0.020202672109007835
-1.9696921110153198, -1.2191509008407593, -0.020680824294686317
-1.8518295288085938, -0.9709710478782654, -0.010886594653129578
-1.8503092527389526, -0.9771744608879089, 0.0011129674967378378
-1.8243235349655151, -0.9227803945541382, -0.01626630872488022
-1.9566184282302856, -1.0162274837493896, -0.0060773370787501335
-1.8265963792800903, -0.9597846269607544, -0.01519350428134203
-1.9300148487091064, -1.1928690671920776, -0.005566208157688379
-1.8686199188232422, -0.9823504686355591, -0.00989309698343277
-2.0715689659118652, -1.1433136463165283, -0.02054392173886299
-1.8051797151565552, -0.9067397713661194, -0.008217873983085155
-1.8481841087341309, -0.9766921997070312, -0.009931452572345734
-1.9013473987579346, -1.1175930500030518, -0.010530069470405579
-1.893571138381958, -1.0539097785949707, 8.442273247055709E-4
-1.7961188554763794, -1.0588979721069336, -0.010677949525415897
-1.8410061597824097, -1.1444648504257202, -0.0065525290556252
-1.8501697778701782, -0.9484163522720337, -0.0036358346696943045
-1.8578428030014038, -1.118451714515686, -0.00853718165308237
-1.9935672283172607, -1.1578911542892456, -0.016264047473669052
-1.9334638118743896, -1.0156214237213135, -0.01568440906703472
-1.796294927597046, -0.9069751501083374, -0.008998766541481018
-2.0095207691192627, -1.2323347330093384, -0.009132013656198978
-2.0511868000030518, -1.1331813335418701, -0.01853192411363125
-1.886349081993103, -1.1145808696746826, -0.012873598374426365
-2.0333783626556396, -1.1786526441574097, -0.007097112014889717
-1.8017488718032837, -1.0091623067855835, 0.0012748893350362778
-1.7788825035095215, -0.9947865009307861, -0.006878356449306011
-1.839901328086853, -0.9737063646316528, -0.015590421855449677
-1.975897192955017, -1.2354636192321777, -0.016638733446598053
-1.916935682296753, -1.060603141784668, -0.016421960666775703
-1.8801851272583008, -1.147884726524353, -0.006511447485536337
-1.9633420705795288, -1.2623209953308105, -0.004896802362054586
-2.0576171875, -1.1293559074401855, -0.021445220336318016
-1.7796121835708618, -0.9385769963264465, 1.4891241153236479E-4
-1.949428915977478, -1.1380057334899902, -0.02153145894408226
-1.8489491939544678, -0.9707334041595459, -0.02130415476858616
-1.8423103094100952, -1.0244035720825195, -0.018878916278481483
-1.9585001468658447, -1.2072112560272217, -0.009847111068665981
-1.8843797445297241, -0.9101681709289551, -0.019964011386036873
-1.8232556581497192, -1.1451765298843384, -0.02079547382891178
-1.8050261735916138, -1.0058801174163818, -0.01229774672538042
-2.0404443740844727, -1.1860069036483765, -0.013144396245479584
-1.8613947629928589, -1.033883810043335, -0.022238556295633316
-1.888585090637207, -0.9878693222999573, -0.01581595465540886
-1.873126745223999, -1.173658847808838, -0.011527872644364834
-1.9127073287963867, -1.2058206796646118, -0.009171106852591038
