-1.1477376222610474, -0.7722686529159546, -0.05263233184814453
-1.1624042987823486, -0.7573202848434448, -0.08133178949356079
-1.1628469228744507, -0.7552921175956726, -0.052566975355148315
-1.132441520690918, -0.7875484824180603, -0.08260805904865265
-1.1805843114852905, -0.7415963411331177, -0.053799692541360855
-1.1629739999771118, -0.7563517689704895, -0.09758692234754562
-1.1470779180526733, -0.7710102200508118, -0.06804875284433365
-1.1481558084487915, -0.7719061970710754, -0.0981123074889183
-1.1779444217681885, -0.7399889826774597, -0.06599102169275284
-1.162505865097046, -0.7569437026977539, -0.06756957620382309
-1.1463749408721924, -0.771579921245575, -0.082063227891922
-1.1773924827575684, -0.7397043704986572, -0.08044438064098358
-1.193678855895996, -0.7272579669952393, -0.08149617165327072
-1.1645604372024536, -0.7571414709091187, -0.12744803726673126
-1.178662657737732, -0.7399759292602539, -0.09569138288497925
-1.1929360628128052, -0.726584792137146, -0.05305185914039612
-1.1793115139007568, -0.7403543591499329, -0.02244817279279232
-1.1492087841033936, -0.7727798223495483, -0.03797735273838043
-1.1931062936782837, -0.7263455986976624, -0.09510207176208496
-1.1933345794677734, -0.7165768146514893, -0.06564310193061829
-1.1800037622451782, -0.7410528063774109, -0.14277926087379456
-1.2018550634384155, -0.7252262234687805, -0.11716659367084503
-1.1929652690887451, -0.7280341982841492, -0.12882432341575623
-1.218003749847412, -0.707459032535553, -0.09884501993656158
-1.2179226875305176, -0.706520140171051, -0.08357501029968262
-1.2208315134048462, -0.7069766521453857, -0.0695948451757431
-1.2214951515197754, -0.6995581388473511, -0.06863832473754883
-1.1937991380691528, -0.7253062129020691, -0.1442951112985611
-1.2068915367126465, -0.7123018503189087, -0.14124447107315063
-1.2070995569229126, -0.7125138640403748, -0.15749403834342957
-1.1892331838607788, -0.7271136045455933, -0.1579921841621399
-1.2379798889160156, -0.6824031472206116, -0.09632682055234909
-1.2361379861831665, -0.6831792593002319, -0.11074905842542648
-1.1880748271942139, -0.7415606379508972, -0.05625791847705841
-1.2539288997650146, -0.6679069399833679, -0.05255041643977165
-1.2538433074951172, -0.6669752597808838, -0.08285687118768692
-1.231766939163208, -0.6904680728912354, -0.15142761170864105
-1.252784252166748, -0.667153000831604, -0.11116683483123779
-1.2537589073181152, -0.66852205991745, -0.1267615407705307
-1.2360987663269043, -0.6911441087722778, -0.10118252784013748
-1.25248122215271, -0.6655455827713013, -0.09723944962024689
-1.2192246913909912, -0.7072534561157227, -0.15779609978199005
-1.23850679397583, -0.682248055934906, -0.06564143300056458
-1.2217344045639038, -0.699138343334198, -0.05298065394163132
-1.2100547552108765, -0.7105671763420105, -0.11324021965265274
-1.2379051446914673, -0.6835308074951172, -0.05207996070384979
-1.2217756509780884, -0.6990723013877869, -0.0831439197063446
-1.2108064889907837, -0.7021573185920715, -0.049911171197891235
-1.2349424362182617, -0.6943320631980896, -0.12769854068756104
-1.1797614097595215, -0.740431547164917, -0.11150991916656494
-1.1935468912124634, -0.7289831042289734, -0.11296090483665466
-1.255167841911316, -0.665976881980896, -0.03656631335616112
-1.2042686939239502, -0.7241092920303345, -0.06692195683717728
-1.1637946367263794, -0.75662761926651, -0.03907841444015503
-1.2239898443222046, -0.6826262474060059, -0.14326930046081543
-1.2546696662902832, -0.6676102876663208, -0.023164091631770134
-1.221206545829773, -0.6994844079017639, -0.09992360323667526
-1.221680998802185, -0.6987675428390503, -0.038092728704214096
-1.2661458253860474, -0.6667210459709167, -0.05350029096007347
-1.1470352411270142, -0.7729150652885437, -0.12598443031311035
-1.131618618965149, -0.785713255405426, -0.05120149627327919
-1.2545344829559326, -0.6676232814788818, -0.06934962421655655
-1.2180392742156982, -0.705101728439331, -0.1132202222943306
-1.2070982456207275, -0.7221114635467529, -0.0843888372182846
-1.204192876815796, -0.725848913192749, -0.15624737739562988
-1.1726452112197876, -0.7543435096740723, -0.08499930053949356
-1.1893728971481323, -0.74003666639328, -0.09823499619960785
-1.236294150352478, -0.6907442808151245, -0.14067547023296356
-1.237075924873352, -0.6836711168289185, -0.1415102779865265
-1.2033774852752686, -0.7240632176399231, -0.14266084134578705
-1.2030713558197021, -0.7233181595802307, -0.12766197323799133
-1.1886553764343262, -0.7383145093917847, -0.06637762486934662
-1.2221318483352661, -0.7008486390113831, -0.11486098170280457
-1.193415641784668, -0.7269973158836365, -0.038275569677352905
-1.1315765380859375, -0.7875164747238159, -0.03778377175331116
-1.133453369140625, -0.8025658130645752, -0.034619420766830444
-1.2191280126571655, -0.7102994918823242, -0.1283216029405594
-1.1826287508010864, -0.7330594062805176, -0.05198937654495239
-1.1752933263778687, -0.753697395324707, -0.05102018266916275
-1.1880854368209839, -0.7403329610824585, -0.13845330476760864
-1.188382863998413, -0.7390733361244202, -0.12383464723825455
-1.221081256866455, -0.7073891758918762, -0.14629338681697845
-1.2224640846252441, -0.6995411515235901, -0.021873537451028824
-1.2058192491531372, -0.7155629396438599, -0.12821368873119354
-1.188464879989624, -0.7386367321014404, -0.11114125698804855
-1.206645131111145, -0.7126177549362183, -0.083470419049263
-1.1550025939941406, -0.7721588015556335, -0.08033149689435959
-1.2072018384933472, -0.7129964828491211, -0.03789464011788368
-1.2063570022583008, -0.7147522568702698, -0.05007365718483925
-1.1311372518539429, -0.7892276644706726, -0.06689438223838806
-1.2383276224136353, -0.6818646788597107, -0.08107169717550278
-1.1824041604995728, -0.7300320267677307, -0.03623361140489578
-1.2076994180679321, -0.713505208492279, -0.067698173224926
-1.2061970233917236, -0.7145460844039917, -0.09955994784832001
-1.1814563274383545, -0.7332326173782349, -0.1281401664018631
-1.2488744258880615, -0.6805015802383423, -0.06640492379665375
-1.163386583328247, -0.7543603181838989, -0.02274983376264572
-1.1578696966171265, -0.771056592464447, -0.1255718171596527
-1.1784287691116333, -0.7415196895599365, -0.12647464871406555
-1.15119469165802, -0.7609307765960693, -0.005911932326853275
-1.2493089437484741, -0.6779947280883789, -0.03651296719908714
-1.1728967428207397, -0.7545451521873474, -0.09960225224494934
-1.1325297355651855, -0.7867714762687683, -0.09567028284072876
-1.1753634214401245, -0.754557192325592, -0.11594884097576141
-1.1763410568237305, -0.7532557249069214, -0.06920921802520752
-1.232069492340088, -0.6974390149116516, -0.06283318251371384
-1.194629430770874, -0.7270175218582153, -0.0688633844256401
-1.1583248376846313, -0.772965133190155, -0.05368247628211975
-1.1969232559204102, -0.7161356210708618, -0.023377323523163795
-1.1624935865402222, -0.7568713426589966, -0.14411023259162903
-1.1671278476715088, -0.7452487945556641, -0.02337033674120903
-1.142580509185791, -0.7856057286262512, -0.03582862392067909
-1.230504035949707, -0.7018048763275146, -0.08616258203983307
-1.2391889095306396, -0.6821988224983215, -0.008909638039767742
-1.1742159128189087, -0.7551910877227783, -0.12600651383399963
-1.1318018436431885, -0.7877948880195618, -0.023563485592603683
-1.2327346801757812, -0.6944656372070312, -0.032881248742341995
-1.1734498739242554, -0.7524160146713257, -0.14224907755851746
-1.1579413414001465, -0.7683327198028564, -0.10040386021137238
-1.2089515924453735, -0.7135159373283386, -0.025216879323124886
-1.1386747360229492, -0.7752485275268555, -0.03827942907810211
-1.2273045778274536, -0.6879538893699646, -0.08037007600069046
-1.1587140560150146, -0.7703983783721924, -0.11651475727558136
-1.2239882946014404, -0.6979196071624756, -0.1292009800672531
-1.1222400665283203, -0.7901223301887512, -0.07074916362762451
-1.228652834892273, -0.6859387159347534, -0.06979232281446457
-1.1989041566848755, -0.7180464267730713, -0.05700649693608284
-1.149086594581604, -0.7724266648292542, -0.14367292821407318
-1.2344682216644287, -0.6944222450256348, -0.05098844692111015
-1.2017115354537964, -0.7373371720314026, -0.1384461671113968
-1.1481881141662598, -0.7722471356391907, -0.022458726540207863
-1.25123929977417, -0.6808333396911621, -0.09826463460922241
-1.148954153060913, -0.7617268562316895, -0.06557784974575043
-1.1540513038635254, -0.755672812461853, -0.02561260759830475
-1.1342484951019287, -0.8004270792007446, -0.05186633765697479
-1.1914948225021362, -0.738130509853363, -0.03383352980017662
-1.2315027713775635, -0.6918801069259644, -0.10948050022125244
-1.1478965282440186, -0.7721327543258667, -0.11168287694454193
-1.2380982637405396, -0.6841364502906799, -0.12738287448883057
-1.1976120471954346, -0.7183240056037903, -0.08180253207683563
-1.2045613527297974, -0.7204403877258301, -0.10449221730232239
-1.1999425888061523, -0.7168280482292175, -0.006743520498275757
-1.2143977880477905, -0.6968399286270142, -0.0773634985089302
-1.192101240158081, -0.7408761382102966, -0.08047695457935333
-1.2219942808151245, -0.6979973912239075, -0.14210346341133118
-1.224281668663025, -0.7099985480308533, -0.043757762759923935
-1.1440601348876953, -0.7879909873008728, -0.020487235859036446
-1.21280837059021, -0.7014917731285095, -0.09861701726913452
-1.1240687370300293, -0.7904771566390991, -0.04632885754108429
-1.1916886568069458, -0.7271717190742493, -0.022414153441786766
-1.1981585025787354, -0.7140920162200928, -0.09339151531457901
-1.1339142322540283, -0.7875790596008301, -0.12680630385875702
-1.1671977043151855, -0.7474252581596375, -0.07043570280075073
-1.1408202648162842, -0.7829689979553223, -0.07195925712585449
