-0.5919879674911499, -0.6825103163719177, -0.00794604979455471
-0.5779507756233215, -0.6966521739959717, -0.007518291473388672
-0.6072767376899719, -0.6821260452270508, -0.00723258825019002
-0.6220565438270569, -0.711180567741394, -0.018492335453629494
-0.6371982097625732, -0.6661598086357117, -0.007370258681476116
-0.5620099306106567, -0.6817538738250732, -0.007448405027389526
-0.6060066223144531, -0.7275547981262207, -0.008393184281885624
-0.547939121723175, -0.6831693053245544, -0.006913449615240097
-0.6235830187797546, -0.7116757035255432, -0.008244287222623825
-0.6075851917266846, -0.6400601863861084, -0.007218653801828623
-0.6072854399681091, -0.6533583998680115, -0.007667862810194492
-0.5773765444755554, -0.6822063326835632, -0.008000287227332592
-0.5923586487770081, -0.6972976922988892, -0.007850109599530697
-0.5915986895561218, -0.7333621978759766, -0.016646018251776695
-0.5624759197235107, -0.6979703307151794, -0.006898373365402222
-0.6077070236206055, -0.6969743371009827, -0.008269146084785461
-0.6073212027549744, -0.6700448989868164, -0.008911948651075363
-0.5777166485786438, -0.6673076152801514, -0.007633955683559179
-0.5933884382247925, -0.7123434543609619, -0.0076437098905444145
-0.5474591255187988, -0.6965901851654053, -0.0076723843812942505
-0.5772016048431396, -0.6833670139312744, -0.017596734687685966
-0.5611688494682312, -0.712702214717865, -0.0077263410203158855
-0.545326828956604, -0.6674885153770447, -0.01699250563979149
-0.5768507122993469, -0.6378829479217529, -0.006388138514012098
-0.5917794704437256, -0.6667836308479309, -0.006091326475143433
-0.6394419074058533, -0.681006908416748, -0.016645826399326324
-0.6225746273994446, -0.667556881904602, -0.007791681215167046
-0.5625557899475098, -0.6523520946502686, -0.008550756610929966
-0.605797529220581, -0.7002270221710205, -0.016944102942943573
-0.5797614455223083, -0.728352427482605, -0.018952123820781708
-0.637474536895752, -0.698309600353241, -0.006735494360327721
-0.622715413570404, -0.6978619694709778, -0.007813915610313416
-0.6222094893455505, -0.6824702024459839, -0.006735559552907944
-0.624116837978363, -0.6848770976066589, 0.002517345827072859
-0.5768253207206726, -0.6525439023971558, -0.007222583517432213
-0.5784445405006409, -0.7120699882507324, -0.0077100349590182304
-0.6208305954933167, -0.6521364450454712, -0.018530651926994324
-0.5922225713729858, -0.726321816444397, -0.007100612856447697
-0.6222242116928101, -0.6525581479072571, -0.008577531203627586
-0.5936604738235474, -0.7460045218467712, -0.017431767657399178
-0.5639586448669434, -0.742720901966095, -0.007599184289574623
-0.5780280232429504, -0.7413578629493713, -0.008338523097336292
-0.5622645616531372, -0.7282807230949402, -0.006935484241694212
-0.533149778842926, -0.6822082996368408, -0.007128393743187189
-0.6071364879608154, -0.7116504907608032, -0.007952873595058918
-0.5303659439086914, -0.6990448236465454, -0.01763547956943512
-0.5480844974517822, -0.7119868993759155, -0.007068239152431488
-0.5479401350021362, -0.7264143228530884, -0.006719827651977539
-0.6527010798454285, -0.6824588775634766, -0.006326551549136639
-0.6369240880012512, -0.7109236717224121, -0.007278733421117067
-0.6517838835716248, -0.6666926145553589, -0.007134146988391876
-0.6381410956382751, -0.7153465151786804, -0.016750609502196312
-0.6374223828315735, -0.6820262670516968, -0.006813150364905596
-0.6222559213638306, -0.7258875370025635, -0.006549639627337456
-0.6523668169975281, -0.6966941356658936, -0.007217524107545614
-0.6547356843948364, -0.7162532806396484, -0.021397290751338005
-0.6353495717048645, -0.759266197681427, -0.01814151555299759
-0.6553335189819336, -0.7293800115585327, -0.017810147255659103
-0.6402137875556946, -0.7289772629737854, -0.0186484195291996
-0.6683382391929626, -0.6982022523880005, -0.007795828394591808
-0.653052806854248, -0.7415071725845337, -0.009392021223902702
-0.6682384610176086, -0.7121337652206421, -0.007509815972298384
-0.6076067686080933, -0.7568323016166687, -0.00892837904393673
-0.6527963876724243, -0.7119638323783875, -0.008017199113965034
-0.636727511882782, -0.7430233955383301, -0.0072212135419249535
-0.6673154234886169, -0.6993497014045715, -0.018324874341487885
-0.6224167346954346, -0.7576380372047424, -0.009100113995373249
-0.6377959251403809, -0.7267048358917236, -0.008401633240282536
-0.6228210926055908, -0.7429137229919434, -0.019533023238182068
-0.6524567604064941, -0.7264800071716309, -0.006291886791586876
-0.6079933047294617, -0.7422941327095032, -0.008303419686853886
-0.637200653553009, -0.757165253162384, -0.008855985477566719
-0.6822162866592407, -0.6825255751609802, -0.007763165980577469
-0.6675072908401489, -0.6677098870277405, -0.007083534263074398
-0.6508640646934509, -0.6552537083625793, -0.00795616116374731
-0.6673453450202942, -0.6823524832725525, -0.006414561998099089
-0.680552065372467, -0.6678465008735657, -0.01920269802212715
-0.653312087059021, -0.6509983539581299, -0.03844020143151283
-0.5183990597724915, -0.6675559282302856, -0.007105682510882616
-0.521327018737793, -0.6994320750236511, -0.019284963607788086
-0.5169851183891296, -0.6810001730918884, -0.01748875342309475
-0.5481052398681641, -0.6368227005004883, -0.00709406565874815
-0.5321042537689209, -0.6668259501457214, -0.007261427119374275
-0.5164130926132202, -0.6675370335578918, 0.005059915594756603
-0.5175809860229492, -0.6835702657699585, -0.007285367231816053
-0.592694103717804, -0.7577542662620544, -0.007994082756340504
-0.6081181764602661, -0.7723752856254578, -0.00812731496989727
-0.5783854126930237, -0.7580233812332153, -0.006346904672682285
-0.5876118540763855, -0.7758799195289612, -0.016374442726373672
-0.5183618068695068, -0.7117785811424255, -0.01610659807920456
-0.5174198746681213, -0.7131279706954956, -0.007138732820749283
-0.534400463104248, -0.6402316689491272, -0.019554898142814636
-0.5035912990570068, -0.6828784346580505, -0.006944173015654087
-0.5335102081298828, -0.7263209819793701, -0.018294021487236023
-0.5001681447029114, -0.6967493295669556, -0.01804090104997158
-0.5026643872261047, -0.697538435459137, -0.007161454763263464
-0.5011959671974182, -0.6658658981323242, 0.0033432338386774063
-0.5176820755004883, -0.6527261734008789, -0.008621567860245705
-0.5026337504386902, -0.6677599549293518, -0.007284495979547501
-0.5316819548606873, -0.7269256114959717, 0.002632622607052326
-0.5179693102836609, -0.6508374214172363, -0.018964361399412155
-0.5766316056251526, -0.6260868310928345, -0.005258047021925449
-0.589998722076416, -0.6286997199058533, -0.007072808220982552
-0.5620764493942261, -0.6229377388954163, -0.006950924638658762
-0.5620446801185608, -0.7566011548042297, -0.018527556210756302
-0.5791060328483582, -0.7718201279640198, -0.0073792776092886925
-0.532007098197937, -0.7423595190048218, -0.008402452804148197
-0.4998099207878113, -0.7073221802711487, -0.01716427132487297
-0.5470523834228516, -0.757938802242279, -0.00735584506765008
-0.5314061641693115, -0.622723400592804, -0.006512481719255447
-0.5321095585823059, -0.6509541273117065, -0.008841549046337605
-0.5473548173904419, -0.6212103366851807, -0.006809665355831385
-0.5461176037788391, -0.6113519668579102, -0.006660780403763056
-0.6823036670684814, -0.6967049241065979, -0.00836991984397173
-0.6838981509208679, -0.6982902884483337, -0.01726105995476246
-0.6832808256149292, -0.7127682566642761, -0.00741803552955389
-0.6082199811935425, -0.787426233291626, -0.007887547835707664
-0.5784313678741455, -0.7868427038192749, -0.007738856133073568
-0.5919302701950073, -0.7892721891403198, -0.018853768706321716
-0.5799581408500671, -0.7870343923568726, -0.018659472465515137
-0.5482480525970459, -0.7877213358879089, -0.008701768703758717
-0.5315617322921753, -0.7572186589241028, -0.007243454456329346
-0.5485665202140808, -0.7715705037117004, -0.008832328952848911
-0.5481171011924744, -0.787918210029602, -0.01673939824104309
-0.5167002081871033, -0.7421153783798218, -0.006998139899224043
-0.5634596943855286, -0.7868364453315735, -0.006658498663455248
-0.5342298150062561, -0.7729570865631104, -0.017386874184012413
-0.48776668310165405, -0.6981673240661621, -0.008415105752646923
-0.48790067434310913, -0.6675748229026794, -0.007133530918508768
-0.5008355975151062, -0.7280890941619873, -0.006776673253625631
-0.501675009727478, -0.7258527278900146, -0.017637964338064194
-0.6987367868423462, -0.6979514360427856, -0.007560202851891518
-0.6972641348838806, -0.6827079057693481, -0.007755874656140804
-0.6530882716178894, -0.7561027407646179, -0.008316542953252792
-0.683847963809967, -0.726597785949707, -0.0074051544070243835
-0.667508602142334, -0.7413861155509949, -0.008977177552878857
-0.6375779509544373, -0.7712417840957642, -0.007757957559078932
-0.696382999420166, -0.7129262089729309, -0.01890416070818901
-0.699764609336853, -0.7272584438323975, -0.017043501138687134
-0.6670488715171814, -0.759232759475708, -0.0076911491341888905
-0.6977208256721497, -0.7281699776649475, -0.007211728487163782
-0.6684426069259644, -0.7539525032043457, -0.017506485804915428
-0.6229881048202515, -0.8025857210159302, -0.007275427225977182
-0.6367483139038086, -0.8046568632125854, -0.0198240727186203
-0.6514353156089783, -0.7711155414581299, -0.018306327983736992
-0.6507038474082947, -0.8031079769134521, -0.00785135943442583
-0.6384555697441101, -0.7858299016952515, -0.007257002871483564
-0.6224797964096069, -0.786540687084198, -0.007886676117777824
-0.6367826461791992, -0.7877070307731628, -0.018202349543571472
-0.682583212852478, -0.7565272450447083, -0.009125826880335808
-0.6483541131019592, -0.7890356183052063, -0.017777355387806892
-0.6614892482757568, -0.7705804109573364, -0.017780516296625137
-0.6678213477134705, -0.7720750570297241, -0.006547706667333841
-0.653469443321228, -0.7882108092308044, -0.008406995795667171
-0.6825425028800964, -0.7733491063117981, -0.006529074162244797
-0.6974977850914001, -0.742418110370636, -0.006727156229317188
-0.7108249068260193, -0.7110293507575989, -0.01922423206269741
-0.7126672863960266, -0.6978223919868469, -0.005395800806581974
-0.712264895439148, -0.6822274327278137, -0.01743466593325138
-0.7133854031562805, -0.7129163146018982, -0.0070085288025438786
-0.698184072971344, -0.760863721370697, -0.017707055434584618
-0.7123361229896545, -0.7275924682617188, -0.008371376432478428
-0.6059941649436951, -0.8028581738471985, -0.01725928671658039
-0.5924454927444458, -0.8026469349861145, -0.007273492403328419
-0.4723879098892212, -0.6523306965827942, -0.006749450694769621
-0.48617619276046753, -0.6508569121360779, -0.019782785326242447
-0.5176809430122375, -0.6222873330116272, -0.005853418260812759
-0.4733607769012451, -0.6671815514564514, -0.007042111363261938
-0.5025379061698914, -0.6373779773712158, -0.0074581303633749485
-0.4731254577636719, -0.7124558687210083, -0.007377285975962877
-0.4720366299152374, -0.6979258060455322, -0.00839198287576437
-0.4875068962574005, -0.7272709012031555, -0.007522796746343374
-0.5171094536781311, -0.6074302792549133, -0.008054804056882858
-0.5784614086151123, -0.8016106486320496, -0.006600711960345507
-0.563312292098999, -0.8020539879798889, -0.009139026515185833
-0.607810378074646, -0.8160421848297119, -0.007094795349985361
-0.6216848492622375, -0.8172354698181152, -0.00871395692229271
-0.6229053139686584, -0.8209104537963867, -0.01613599807024002
-0.6384180784225464, -0.8165813684463501, -0.01734885573387146
-0.48758038878440857, -0.741731584072113, -0.008289805613458157
-0.5168899297714233, -0.7718414664268494, -0.0055400957353413105
-0.457940936088562, -0.7125778198242188, -0.007978086359798908
-0.5319779515266418, -0.787524938583374, -0.008655386045575142
-0.5313358902931213, -0.7873555421829224, -0.01856796257197857
-0.5473506450653076, -0.800790011882782, -0.006034759804606438
-0.5020266175270081, -0.7725690007209778, -0.008294301107525826
-0.5188640356063843, -0.7880356311798096, -0.008714720606803894
-0.4896858334541321, -0.7597867250442505, -0.018443875014781952
-0.5166665315628052, -0.7909998893737793, -0.017153149470686913
-0.7285566329956055, -0.7113344669342041, -0.006775326561182737
-0.7273293733596802, -0.7273640632629395, -0.008566397242248058
-0.6225913166999817, -0.8326557278633118, -0.008898090571165085
-0.6225253343582153, -0.8319112658500671, -0.01817713864147663
-0.6075845956802368, -0.8285365700721741, -0.008659178391098976
-0.4884302020072937, -0.7740026712417603, -0.01859993301331997
-0.4864826202392578, -0.7716547250747681, -0.007179053034633398
-0.47211071848869324, -0.757161557674408, -0.006192503031343222
-0.44260603189468384, -0.6976516842842102, -0.008203976787626743
-0.4721779227256775, -0.6231053471565247, -0.006742240395396948
-0.4573413133621216, -0.7417415380477905, -0.007411131169646978
-0.7421957850456238, -0.6962330341339111, -0.017670845612883568
-0.7409071922302246, -0.687876284122467, -0.010051635093986988
-0.7423372268676758, -0.6968373656272888, -0.007552167866379023
-0.6977648735046387, -0.772702693939209, -0.008523250930011272
-0.666939377784729, -0.8019949793815613, -0.009320203214883804
-0.6822546124458313, -0.7866686582565308, -0.006883800029754639
-0.6830834746360779, -0.7888669371604919, -0.017988553270697594
-0.6952797770500183, -0.7728368639945984, -0.019453244283795357
-0.7112602591514587, -0.7555105090141296, -0.018942471593618393
-0.7273703217506409, -0.7425878643989563, -0.006473846733570099
-0.7423069477081299, -0.7272934913635254, -0.007852111011743546
-0.7403299808502197, -0.7431443333625793, -0.017323674634099007
-0.7264124751091003, -0.7565441131591797, -0.0072481222450733185
-0.7116920948028564, -0.7722774744033813, -0.007031066343188286
-0.7250936031341553, -0.7573260068893433, -0.019443806260824203
-0.7414742112159729, -0.7437835335731506, -0.00597930233925581
-0.6964719295501709, -0.7878919243812561, -0.00834374874830246
-0.6822196841239929, -0.802895188331604, -0.007021982688456774
-0.7410299181938171, -0.7430300116539001, 0.0031825366895645857
-0.636274516582489, -0.8315966725349426, -0.006667181849479675
-0.6524722576141357, -0.8325560688972473, -0.007889282889664173
-0.6378424167633057, -0.8474364280700684, -0.01910698413848877
-0.667004406452179, -0.8154658675193787, -0.008242064155638218
-0.6828159689903259, -0.8172438144683838, -0.01954471506178379
-0.6536533236503601, -0.846601665019989, -0.007609895896166563
-0.6818835139274597, -0.8171516060829163, -0.007421996910125017
-0.6685875654220581, -0.8330371975898743, -0.015757018700242043
-0.6684423685073853, -0.8322493433952332, -0.009285889565944672
-0.6966784596443176, -0.8021682500839233, -0.008607017807662487
-0.6999783515930176, -0.8155926465988159, -0.017069874331355095
-0.6966463327407837, -0.8178855776786804, -0.007372889667749405
-0.6848074197769165, -0.8318892121315002, -0.0066251615062355995
-0.728523850440979, -0.7743053436279297, -0.0180559940636158
-0.7132158279418945, -0.7875187993049622, -0.008695041760802269
-0.7295530438423157, -0.7729405760765076, -0.010167996399104595
-0.7123163938522339, -0.8021408915519714, -0.00610604602843523
-0.7121434211730957, -0.8025147318840027, -0.018613385036587715
-0.7272633910179138, -0.7865327596664429, -0.007199364714324474
-0.7233675122261047, -0.7853246331214905, -0.02027083933353424
-0.7562772631645203, -0.7272563576698303, -0.0063459607772529125
-0.759336531162262, -0.7288277745246887, -0.018648721277713776
-0.757734477519989, -0.6986852288246155, -0.006730224937200546
-0.7447673678398132, -0.7699909806251526, -0.018541976809501648
-0.7590488791465759, -0.7425004839897156, -0.007381599396467209
-0.42877140641212463, -0.670057475566864, -0.008005755953490734
-0.47275981307029724, -0.6079871654510498, -0.006318369880318642
-0.45898935198783875, -0.6083254218101501, -0.007318160030990839
-0.4572729170322418, -0.7585029602050781, -0.008531647734344006
-0.4418487548828125, -0.7410142421722412, -0.008180046454071999
-0.44280970096588135, -0.756823718547821, -0.007184247020632029
-0.42850056290626526, -0.7441107630729675, -0.017049668356776237
-0.47297969460487366, -0.5810025930404663, -0.00896149966865778
-0.7735159993171692, -0.7400986552238464, -0.006799574010074139
-0.7567364573478699, -0.7589128613471985, -0.006779782939702272
-0.6372447609901428, -0.8170287609100342, -0.00815711822360754
-0.4283176362514496, -0.7560121417045593, -0.006522079464048147
-0.4127032160758972, -0.7422081828117371, -0.007238890044391155
-0.7275344133377075, -0.8032498359680176, -0.008834759704768658
-0.7275214791297913, -0.80264812707901, -0.018223565071821213
-0.6822195053100586, -0.7445774078369141, -0.01930278167128563
-0.7129058837890625, -0.8154779076576233, -0.017275532707571983
-0.7431823015213013, -0.7869210243225098, -0.008287052623927593
-0.7134289145469666, -0.8181890845298767, -0.007702527567744255
-0.6995786428451538, -0.833121657371521, -0.00720774382352829
-0.7558550238609314, -0.7749900817871094, -0.018983524292707443
-0.7861801981925964, -0.7279646396636963, -0.006753698457032442
-0.758447527885437, -0.7876303791999817, -0.02017221599817276
-0.7688648104667664, -0.7736778855323792, -0.008280400186777115
-0.7577454447746277, -0.7889440059661865, -0.007819987833499908
-0.7878249287605286, -0.756277322769165, -0.005842580460011959
-0.74301677942276, -0.8029179573059082, -0.0075208405032753944
-0.7284032106399536, -0.8154719471931458, -0.006913308519870043
-0.7137529253959656, -0.8313707113265991, -0.0071782199665904045
-0.7096198797225952, -0.8304535746574402, -0.018194779753684998
-0.6962630152702332, -0.8638530373573303, -0.01937282085418701
-0.7265321612358093, -0.833480715751648, -0.009381621144711971
-0.6981250643730164, -0.8621254563331604, -0.008272797800600529
-0.7117757797241211, -0.8477832078933716, -0.007527324371039867
-0.7376378178596497, -0.8344933986663818, -0.019075436517596245
-0.7258181571960449, -0.8473743200302124, -0.0069566029123961926
-0.771989643573761, -0.7888884544372559, -0.00801856629550457
-0.7582148313522339, -0.8016610741615295, -0.006150432396680117
-0.7551902532577515, -0.8143976926803589, -0.017702745273709297
-0.7567815184593201, -0.8171610236167908, -0.007520696148276329
-0.7723990082740784, -0.8025606274604797, -0.008056609891355038
-0.8010845184326172, -0.7414438724517822, -0.017632486298680305
-0.8013978600502014, -0.7133111953735352, -0.008276264183223248
-0.7882087826728821, -0.7858573198318481, -0.008400846272706985
-0.7910078167915344, -0.7890868186950684, -0.017268428578972816
-0.7871319055557251, -0.7721094489097595, -0.007795929443091154
-0.4544023871421814, -0.7542683482170105, -0.01869495026767254
-0.8151900172233582, -0.7161090970039368, -0.007229840382933617
-0.7423558235168457, -0.8478854894638062, -0.005868136417120695
-0.7427871227264404, -0.8472701907157898, -0.018048342317342758
-0.7709461450576782, -0.8170666098594666, -0.006762593984603882
-0.755683183670044, -0.8319193720817566, -0.009507069364190102
-0.7270773649215698, -0.8638402819633484, -0.017129885032773018
-0.7866352796554565, -0.8022653460502625, -0.006903231609612703
-0.7175944447517395, -0.8745869398117065, -0.017596758902072906
-0.7726718783378601, -0.8326587677001953, -0.01906094141304493
-0.7869892120361328, -0.8186370730400085, -0.01849423162639141
-0.7583369016647339, -0.8472896814346313, -0.017528612166643143
-0.758988618850708, -0.8470470309257507, -0.006931902375072241
-0.7297607660293579, -0.875369131565094, -0.0074450792744755745
-0.7393771409988403, -0.8742135763168335, -0.017906349152326584
-0.7564108967781067, -0.8640347719192505, -0.007399642840027809
-0.7710760235786438, -0.843197226524353, -0.018157437443733215
-0.7111299633979797, -0.862007737159729, -0.016932297497987747
-0.4712953567504883, -0.7119643092155457, 0.0037630200386047363
-0.5925471186637878, -0.7726842164993286, -0.006391082890331745
-0.4721321761608124, -0.7417293190956116, -0.007973380386829376
-0.8031483292579651, -0.7267367243766785, -0.006522915326058865
-0.7126948237419128, -0.7420952320098877, -0.007111689541488886
-0.654013454914093, -0.7735286355018616, -0.00858347862958908
-0.5624403357505798, -0.6667376756668091, -0.005520468112081289
-0.6080002188682556, -0.7269261479377747, -0.018770860508084297
-0.5925077795982361, -0.8165110945701599, -0.006600724533200264
-0.6534276008605957, -0.6687988042831421, -0.018059123307466507
-0.5324057936668396, -0.6971622705459595, -0.008123979903757572
-0.7420856952667236, -0.877444863319397, -0.009828240610659122
-0.757698118686676, -0.7728898525238037, -0.0067572928965091705
-0.5320018529891968, -0.7707602977752686, 0.0030334070324897766
-0.5050182342529297, -0.6633810997009277, -0.017369547858834267
-0.5022886991500854, -0.7445099353790283, -0.007524189539253712
-0.697761595249176, -0.7124679088592529, -0.007566250395029783
-0.8169716000556946, -0.7407150268554688, -0.007853429764509201
-0.7447437047958374, -0.7126261591911316, -0.007632595952600241
-0.5323494672775269, -0.712111234664917, -0.007504118140786886
-0.7730566263198853, -0.8475219011306763, -0.009090361185371876
-0.48722222447395325, -0.6825888156890869, -0.00934838317334652
-0.5335667729377747, -0.7991103529930115, -0.008851812221109867
-0.4569685161113739, -0.6527888178825378, -0.006932288873940706
-0.5162152647972107, -0.6965333223342896, 0.0017244118498638272
-0.7709488868713379, -0.7254513502120972, -0.017054062336683273
-0.48702165484428406, -0.7565995454788208, -0.005617078859359026
-0.7424802184104919, -0.8658180832862854, -0.0179209653288126
-0.8178900480270386, -0.7263289093971252, -0.01745913363993168
-0.5170523524284363, -0.7582610845565796, -0.007072092965245247
-0.4723610579967499, -0.7700621485710144, -0.007833144627511501
-0.53163743019104, -0.6104202270507812, -0.006192311178892851
-0.7258842587471008, -0.7268328070640564, -0.0174630768597126
-0.5478562712669373, -0.7429720759391785, -0.00813191570341587
-0.8102737665176392, -0.771521806716919, -0.016429303213953972
-0.5636748671531677, -0.7566242814064026, -0.008617198094725609
-0.7434691190719604, -0.7576826810836792, -0.006836934946477413
-0.4873031675815582, -0.713222324848175, -0.007309436332434416
-0.5029003620147705, -0.7866705060005188, -0.008649010211229324
-0.5469543933868408, -0.6990992426872253, -0.016778815537691116
-0.636447012424469, -0.6528643369674683, -0.008162112906575203
-0.6973724961280823, -0.7566628456115723, -0.007722867652773857
-0.6644161343574524, -0.6571772694587708, -0.007462894078344107
-0.6981183886528015, -0.6985721588134766, -0.017079122364521027
-0.7546426653862, -0.8877151012420654, -0.008614136837422848
-0.45779380202293396, -0.6839454174041748, -0.00669863959774375
-0.4428791105747223, -0.7277459502220154, -0.008028385229408741
-0.5621935129165649, -0.6362011432647705, -0.005419772118330002
-0.7127532958984375, -0.6832141876220703, -0.008475767448544502
-0.4273749887943268, -0.6974777579307556, -0.007260068319737911
-0.44378018379211426, -0.6387524008750916, -0.008268867619335651
-0.5924955606460571, -0.7410957217216492, -0.0065719932317733765
-0.5029446482658386, -0.7130133509635925, -0.006671682000160217
-0.5924102663993835, -0.638411819934845, -0.006718117743730545
-0.48729899525642395, -0.6212124824523926, -0.007063449360430241
-0.7727452516555786, -0.7116374373435974, -0.007749616634100676
-0.48932045698165894, -0.684873104095459, -0.019034193828701973
-0.7415861487388611, -0.8304694890975952, -0.008485839702188969
-0.471260130405426, -0.6065152287483215, 0.0037687525618821383
-0.7277847528457642, -0.6854020357131958, -0.008205555379390717
-0.8008522987365723, -0.786859393119812, -0.008939258754253387
-0.7145416736602783, -0.7736329436302185, -0.019247543066740036
-0.5014234781265259, -0.5957413911819458, -0.006763349752873182
-0.4719299376010895, -0.7279298305511475, -0.008885443210601807
-0.6989188194274902, -0.849553108215332, -0.008192597888410091
-0.6824377775192261, -0.668822169303894, -0.006700851488858461
-0.5020626783370972, -0.7571185827255249, -0.008074005134403706
-0.4562284052371979, -0.7430326342582703, -0.01852300390601158
-0.45459815859794617, -0.6674860119819641, -0.017042770981788635
-0.5019421577453613, -0.7870323657989502, -0.017204895615577698
-0.8027807474136353, -0.7416815161705017, -0.007049320265650749
-0.6219929456710815, -0.641327977180481, -0.008612371981143951
-0.7437103986740112, -0.8609712719917297, -0.008599797263741493
-0.7285649180412292, -0.8630120754241943, -0.008097291924059391
-0.4831107258796692, -0.5829167366027832, -0.00836973823606968
-0.4874759018421173, -0.63798987865448, -0.0076743983663618565
-0.5937392115592957, -0.7874224781990051, -0.008543589152395725
-0.606469452381134, -0.6668844223022461, -0.016940783709287643
-0.7441933751106262, -0.7718950510025024, -0.008104194886982441
-0.5470743179321289, -0.654028594493866, -0.007857981137931347
-0.42642977833747864, -0.7268741726875305, -0.005940937902778387
-0.6825853586196899, -0.757487952709198, -0.01644708961248398
-0.517115592956543, -0.7262405753135681, -0.006491051986813545
-0.7020383477210999, -0.7919082045555115, -0.015363471582531929
-0.5317920446395874, -0.7276596426963806, -0.006598162464797497
-0.7723912596702576, -0.8322387337684631, -0.007669063750654459
-0.7434360384941101, -0.8167413473129272, -0.008145248517394066
-0.8014512062072754, -0.7913140058517456, -0.01608230546116829
-0.5325591564178467, -0.6369900703430176, -0.006726354826241732
-0.7694581151008606, -0.875138521194458, -0.007725194096565247
-0.5161852836608887, -0.743605375289917, -0.018458113074302673
-0.8018845915794373, -0.7576637864112854, -0.006373997312039137
-0.44227153062820435, -0.6681880950927734, -0.007565643638372421
-0.7858710289001465, -0.7413146495819092, -0.0071619548834860325
-0.6069899797439575, -0.7575396299362183, -0.017602436244487762
-0.7728878259658813, -0.7271295189857483, -0.007326713763177395
-0.4582245945930481, -0.7727587223052979, -0.010940659791231155
-0.5778288841247559, -0.7273301482200623, -0.008438085205852985
-0.5788027048110962, -0.8057317733764648, -0.018047140911221504
-0.460552453994751, -0.7721967697143555, -0.017842186614871025
-0.5479027032852173, -0.6674947142601013, -0.008372117765247822
-0.7581392526626587, -0.7114709615707397, -0.006276029162108898
-0.5161858797073364, -0.6971951723098755, -0.006949550472199917
-0.4880346357822418, -0.6078363060951233, -0.007143676280975342
-0.4575515687465668, -0.6229531168937683, -0.007577628828585148
-0.42796459794044495, -0.7430320978164673, -0.008163952268660069
-0.6677429676055908, -0.7266172170639038, -0.005477830767631531
-0.46960631012916565, -0.6816542148590088, -0.01773960329592228
-0.42783981561660767, -0.6837225556373596, -0.009041954763233662
-0.728314995765686, -0.744719386100769, 0.005180350970476866
-0.47158193588256836, -0.6821197271347046, -0.006855631712824106
-0.5613647699356079, -0.7130523920059204, -0.01810907945036888
-0.4874188303947449, -0.6529657244682312, -0.0070327892899513245
-0.4426634907722473, -0.6816540956497192, -0.005714974831789732
-0.6961475610733032, -0.671313464641571, -0.007707894779741764
-0.7119993567466736, -0.8642381429672241, -0.008716629818081856
-0.7998791933059692, -0.8027863502502441, -0.010331490077078342
-0.5635532140731812, -0.7732599973678589, -0.006813494022935629
-0.4580877721309662, -0.6391432881355286, -0.008241689763963223
-0.5025339126586914, -0.6524185538291931, -0.0063355001620948315
-0.4146084487438202, -0.7121711373329163, -0.008135905489325523
-0.5923270583152771, -0.6518955230712891, -0.00784350372850895
-0.4686499834060669, -0.7570738196372986, -0.016743188723921776
-0.4570012390613556, -0.7271553874015808, -0.006776292808353901
-0.487152099609375, -0.6350197792053223, 0.002854051301255822
-0.7736914753913879, -0.7579869627952576, -0.006859597750008106
-0.6850427985191345, -0.8633928894996643, -0.019539106637239456
-0.6370421648025513, -0.6493956446647644, -0.021512852981686592
-0.5011123418807983, -0.7709028124809265, -0.017522968351840973
-0.6397720575332642, -0.8024024963378906, -0.007967756129801273
-0.8043557405471802, -0.7554603219032288, -0.016544243320822716
-0.6523470282554626, -0.7443258762359619, -0.01909271627664566
-0.518704354763031, -0.6369357109069824, -0.006274893879890442
-0.6835417747497559, -0.8463379740715027, -0.008579956367611885
-0.5610966682434082, -0.7418978810310364, -0.017428509891033173
-0.7102259993553162, -0.7865842580795288, -0.01738177053630352
-0.6056712865829468, -0.7433230876922607, -0.017447568476200104
-0.7581803202629089, -0.6973072290420532, -0.018959591165184975
-0.6102304458618164, -0.6827052235603333, -0.01719876006245613
-0.6216652393341064, -0.7252917289733887, -0.018671443685889244
-0.6070067286491394, -0.8021023273468018, -0.007622395642101765
-0.7268445491790771, -0.8467769026756287, -0.01977807655930519
-0.7593939304351807, -0.7578222155570984, -0.019057845696806908
-0.608497679233551, -0.7907682061195374, -0.01865563914179802
-0.529840350151062, -0.684546709060669, -0.017101075500249863
-0.49037298560142517, -0.7450702786445618, -0.01822880282998085
-0.6665109395980835, -0.7881426215171814, -0.017275292426347733
-0.7428973913192749, -0.7887582182884216, -0.019245756790041924
-0.7839599847793579, -0.8007672429084778, -0.01626882702112198
-0.7565193176269531, -0.8766675591468811, -0.008712337352335453
-0.6656700968742371, -0.8022744059562683, -0.016657525673508644
-0.5928713083267212, -0.7597904205322266, -0.017313236370682716
-0.5934464931488037, -0.6981732845306396, -0.017058316618204117
-0.45657244324684143, -0.6971617341041565, -0.006350602023303509
-0.6972890496253967, -0.7431057095527649, -0.01779096946120262
-0.6411467790603638, -0.745390772819519, -0.01851581409573555
-0.637005090713501, -0.771578311920166, -0.01689654402434826
-0.6518204808235168, -0.8345076441764832, -0.020781544968485832
-0.6714252829551697, -0.7428819537162781, -0.017738286405801773
-0.4872446656227112, -0.6686995625495911, -0.018827710300683975
-0.473666250705719, -0.5922759771347046, -0.00760254729539156
-0.6519792675971985, -0.6973082423210144, -0.0160300862044096
-0.42797064781188965, -0.7129504084587097, -0.007785189896821976
-0.7114163637161255, -0.7430057525634766, -0.01742938533425331
-0.7405673861503601, -0.7289637327194214, 0.0030677795875817537
-0.7694698572158813, -0.8624910712242126, -0.009757702238857746
-0.7867230772972107, -0.7252547144889832, -0.01797432452440262
-0.7589804530143738, -0.8339456915855408, -0.015406246297061443
-0.8170856237411499, -0.7266761064529419, -0.00816082488745451
-0.6833125352859497, -0.80406653881073, -0.017745986580848694
-0.6527771949768066, -0.7577104568481445, -0.017193328589200974
-0.7132495045661926, -0.7565884590148926, 0.00361403520219028
-0.48766934871673584, -0.7849782705307007, -0.009091483429074287
-0.7103723287582397, -0.7573055028915405, -0.005655013490468264
-0.5620569586753845, -0.6854321956634521, -0.018875766545534134
-0.5761658549308777, -0.8145581483840942, -0.016917308792471886
-0.7731143832206726, -0.7540590167045593, -0.018279848620295525
-0.7567829489707947, -0.8796147108078003, -0.01616814360022545
-0.47125908732414246, -0.7151228785514832, -0.017352905124425888
-0.5181125402450562, -0.6416370272636414, -0.017398221418261528
-0.6830080151557922, -0.8597651720046997, -0.008365600369870663
-0.45732808113098145, -0.667635440826416, -0.006801137700676918
-0.6717458963394165, -0.8584217429161072, -0.007790566887706518
-0.6249145865440369, -0.8043953776359558, 0.0013130599400028586
-0.6825183629989624, -0.7431405782699585, -0.008042480796575546
-0.7882428169250488, -0.7123702168464661, -0.007449721451848745
-0.5752931237220764, -0.7738260626792908, -0.01889709383249283
-0.5896077156066895, -0.6685217022895813, 0.005070473998785019
-0.6650758981704712, -0.8198127746582031, -0.01765907183289528
-0.5328688621520996, -0.697409987449646, 0.0014337653992697597
-0.6220654249191284, -0.8425976037979126, -0.019825978204607964
-0.500535249710083, -0.6490526795387268, -0.016864415258169174
-0.7719159722328186, -0.700164258480072, -0.006910230964422226
-0.6853211522102356, -0.6837126016616821, -0.017032913863658905
-0.7734663486480713, -0.743710458278656, 8.121462888084352E-4
-0.7601075768470764, -0.8005014061927795, -0.018510067835450172
-0.5641764402389526, -0.6232550144195557, 0.004372016992419958
-0.667371928691864, -0.7861660122871399, -0.00914947222918272
-0.5304859280586243, -0.7732738256454468, -0.007492788601666689
-0.4748270511627197, -0.743376612663269, -0.018240652978420258
-0.7264626026153564, -0.6977128982543945, -0.006601903587579727
-0.7842670679092407, -0.7720526456832886, -0.016491087153553963
-0.5083560943603516, -0.7976177334785461, -0.016178719699382782
-0.7993499040603638, -0.7717757225036621, -0.00814921036362648
-0.7252258658409119, -0.7123411893844604, -0.0171656534075737
-0.6081979870796204, -0.7168907523155212, 0.002411935478448868
-0.6225252747535706, -0.7419067025184631, -0.008373407647013664
-0.635748565196991, -0.8432893753051758, -0.005221568048000336
-0.5786566734313965, -0.7399595975875854, -0.018413322046399117
-0.6358746886253357, -0.6839945316314697, 0.00295430445112288
-0.7867677807807922, -0.8168452978134155, -0.007583466358482838
-0.650674045085907, -0.6806758642196655, 0.0038091158494353294
-0.6210927367210388, -0.7745411396026611, -0.01939234510064125
-0.5621752738952637, -0.8008529543876648, -0.01873953267931938
-0.6231675744056702, -0.7721915245056152, -0.007857109420001507
-0.6546872854232788, -0.6813551187515259, -0.018475037068128586
-0.7257176637649536, -0.8323729634284973, -0.01862245798110962
-0.7235278487205505, -0.8780840635299683, -0.01726469397544861
-0.6508833765983582, -0.8173117637634277, -0.006237582769244909
-0.667101263999939, -0.7241138815879822, -0.01835058070719242
-0.6693407297134399, -0.8475586175918579, -0.008100077509880066
-0.8199729919433594, -0.7422404289245605, -0.017064161598682404
-0.5645559430122375, -0.7126139402389526, 0.0017842178931459785
-0.6922500729560852, -0.828894317150116, -0.018119245767593384
-0.4126267433166504, -0.7273494601249695, -0.008011451922357082
-0.44182437658309937, -0.7417950630187988, -0.018905695527791977
-0.561313807964325, -0.6674252152442932, 0.00393273402005434
-0.5184040069580078, -0.6093765497207642, -0.01902618445456028
-0.5315186977386475, -0.755607008934021, -0.017338858917355537
-0.6834240555763245, -0.7721373438835144, -0.017484968528151512
-0.8014342188835144, -0.730605959892273, -0.023056287318468094
-0.5465666055679321, -0.6235209107398987, 0.002943345345556736
-0.6387002468109131, -0.696815013885498, 0.0023089542519301176
-0.7890656590461731, -0.7536225318908691, -0.016381660476326942
-0.5325313210487366, -0.7135026454925537, 0.0032615314703434706
-0.5626674294471741, -0.7283368110656738, 0.001392590464092791
-0.6223937273025513, -0.6832810044288635, -0.0165612380951643
-0.519401490688324, -0.759611964225769, -0.018017185851931572
-0.4894014298915863, -0.6655381321907043, 0.0032647987827658653
-0.5797013640403748, -0.6946728229522705, -0.01812698505818844
-0.5653102993965149, -0.8147597312927246, -0.00841442495584488
-0.4874202311038971, -0.5929909348487854, -0.006818235851824284
-0.5156900882720947, -0.7422874569892883, 0.003972877748310566
-0.6345003843307495, -0.8366290926933289, -0.01783476397395134
-0.6782557368278503, -0.7302740216255188, -0.01767188310623169
-0.5725040435791016, -0.7593882083892822, -0.017530076205730438
-0.5777706503868103, -0.7442162036895752, 0.0035241954028606415
-0.45566326379776, -0.6839860081672668, 0.002915394026786089
-0.47308844327926636, -0.6360207796096802, -0.006700183730572462
-0.6671708226203918, -0.8179115056991577, 0.0027677202597260475
-0.44270244240760803, -0.7125695943832397, -0.007916339673101902
-0.5786645412445068, -0.8143342733383179, -0.0091864550486207
-0.6245965957641602, -0.7597414255142212, -0.019581252709031105
-0.5639026761054993, -0.7714084982872009, 0.002440130803734064
-0.6256420612335205, -0.8024070262908936, -0.016349855810403824
-0.44713476300239563, -0.6237892508506775, -0.008739560842514038
-0.5913500785827637, -0.7716793417930603, 0.002913807285949588
-0.442121684551239, -0.7684447169303894, -0.01210295595228672
-0.611360490322113, -0.7732235193252563, -0.017479779198765755
-0.7397691607475281, -0.8854228258132935, -0.01316913217306137
-0.5469656586647034, -0.7433755993843079, 0.001895000459626317
-0.47317737340927124, -0.6537231802940369, 0.0030676862224936485
-0.5025918483734131, -0.6227925419807434, -0.005839633289724588
-0.7004180550575256, -0.7890617251396179, 0.003613998182117939
-0.6806067228317261, -0.6693770289421082, 0.00200923765078187
-0.4296167194843292, -0.7528818845748901, -0.017255965620279312
-0.45564186573028564, -0.7289242744445801, -0.017705034464597702
-0.7411410808563232, -0.7580642104148865, 0.003154538804665208
-0.7760040760040283, -0.7720688581466675, 0.0023057470098137856
-0.7114521861076355, -0.8025986552238464, 0.0029694857075810432
-0.47458696365356445, -0.6958036422729492, -0.01715158112347126
-0.517903745174408, -0.6664173603057861, -0.018231049180030823
-0.7291488647460938, -0.8195551037788391, -0.01763296127319336
-0.4712674021720886, -0.6384910941123962, -0.018206488341093063
-0.516229510307312, -0.6779873371124268, 0.0023783589713275433
-0.5951854586601257, -0.6387481093406677, 0.003163264598697424
-0.6948939561843872, -0.6714189052581787, 0.00485259247943759
-0.45696794986724854, -0.6969807744026184, 0.005379083100706339
-0.5485748648643494, -0.7549317479133606, 0.002027105772867799
-0.5494586825370789, -0.7310253381729126, -0.019403375685214996
-0.44279852509498596, -0.7143591046333313, -0.01911943592131138
-0.5023776888847351, -0.7577772736549377, -0.01839449629187584
-0.5036847591400146, -0.7399921417236328, 0.004160494543612003
-0.5340006351470947, -0.6814746856689453, 0.004377175122499466
-0.501238226890564, -0.6244553327560425, -0.018701406195759773
-0.5291815400123596, -0.7131063938140869, -0.01893201470375061
-0.5011453032493591, -0.6069538593292236, -0.006340770050883293
-0.7107890248298645, -0.7244412899017334, -0.01833231747150421
-0.7277922034263611, -0.8498417139053345, 0.0024107894860208035
-0.7102274894714355, -0.8467344045639038, -0.019298817962408066
-0.40170586109161377, -0.7430325746536255, -0.008283826522529125
-0.5319494009017944, -0.6245936751365662, -0.016684990376234055
-0.6998372673988342, -0.6812099814414978, 0.0028242813423275948
-0.5183638334274292, -0.7984327077865601, -0.008190429769456387
-0.6389777064323425, -0.6972531080245972, -0.016691535711288452
-0.6104130744934082, -0.8282106518745422, -0.01801791787147522
-0.44429153203964233, -0.6795573234558105, -0.016727371141314507
-0.6374976634979248, -0.7273837924003601, 0.002146568614989519
-0.4867875277996063, -0.7741807103157043, 0.0013964425306767225
-0.5740411281585693, -0.6686851978302002, -0.01802331581711769
-0.4588588774204254, -0.6228763461112976, 0.0030138790607452393
-0.7867485880851746, -0.830848217010498, -0.00961371511220932
-0.5778011083602905, -0.6363754868507385, -0.01790609396994114
-0.4695267379283905, -0.6247349977493286, -0.01722118631005287
-0.553414523601532, -0.8120733499526978, -0.017605528235435486
-0.47231119871139526, -0.7269902229309082, -0.017508402466773987
-0.5016509294509888, -0.7119696140289307, 0.00268318853341043
-0.5472395420074463, -0.7453252673149109, -0.02003292553126812
-0.48764920234680176, -0.6090309023857117, 0.004612532909959555
-0.5915035009384155, -0.818037211894989, 0.0022024759091436863
-0.7572219371795654, -0.7739373445510864, 0.0020458437502384186
-0.6656830310821533, -0.6690268516540527, 0.005368566140532494
-0.5914873480796814, -0.6814454793930054, 0.00402067881077528
-0.623251736164093, -0.6695913672447205, 0.00497830007225275
-0.5465993285179138, -0.6204227209091187, -0.016509732231497765
-0.66554856300354, -0.7131375670433044, -0.01656876504421234
-0.7268494367599487, -0.6948559880256653, 0.0020592825021594763
-0.5772573351860046, -0.6698523759841919, 0.0032862804364413023
-0.7136467695236206, -0.8737539649009705, -0.008122931234538555
-0.7546619772911072, -0.7451158761978149, -0.01615101471543312
-0.7404060363769531, -0.7574132680892944, -0.01758110523223877
-0.7611726522445679, -0.8655833005905151, -0.01749974489212036
-0.5945098996162415, -0.827358067035675, -0.007017977070063353
-0.7679601907730103, -0.8175630569458008, -0.017647912725806236
-0.5955491662025452, -0.7122842073440552, -0.017600256949663162
-0.6996616125106812, -0.7404019832611084, 0.004322097636759281
-0.5793905258178711, -0.6253923177719116, 0.003745779162272811
-0.6973125338554382, -0.8007904291152954, -0.019712582230567932
-0.7715274095535278, -0.8886350989341736, -0.01856382004916668
-0.6528909206390381, -0.6570850014686584, 9.490335360169411E-4
-0.7737501263618469, -0.7868500351905823, -0.01763954944908619
-0.4453451335430145, -0.75289386510849, -0.017647380009293556
-0.6819297075271606, -0.7875237464904785, 0.0037899299059063196
-0.7127199769020081, -0.8436459302902222, 3.6035769153386354E-4
-0.43988558650016785, -0.7137934565544128, 0.002729371888563037
-0.742384672164917, -0.8190510272979736, -0.020874004811048508
-0.7115136981010437, -0.7838742136955261, 0.002693107584491372
-0.6362184882164001, -0.6674911379814148, 0.004611055366694927
-0.7717458605766296, -0.875952959060669, -0.01700887270271778
-0.8006945848464966, -0.7551192045211792, 0.004574429243803024
-0.5744150876998901, -0.6353476643562317, 0.003803570056334138
-0.5212234258651733, -0.7325502634048462, -0.019841670989990234
-0.5966813564300537, -0.8128468990325928, -0.015891604125499725
-0.49891898036003113, -0.6824702024459839, 0.0037406221963465214
-0.7557696104049683, -0.8863137364387512, -0.0204533152282238
-0.5481061339378357, -0.7577512264251709, -0.018359094858169556
-0.485578715801239, -0.7277911305427551, -0.01687418296933174
-0.5640941858291626, -0.7888368368148804, -0.01890428550541401
-0.7387287616729736, -0.8895267248153687, -0.019457750022411346
-0.6537380218505859, -0.7884543538093567, 0.0014067026786506176
-0.7417321801185608, -0.7999941110610962, -0.01847343146800995
-0.5306463837623596, -0.6557274460792542, -0.01860116235911846
-0.7571642994880676, -0.6993622779846191, 0.005088716745376587
-0.5354809761047363, -0.7988821864128113, -0.016681887209415436
-0.774402916431427, -0.7988433241844177, -0.015919312834739685
-0.5297828912734985, -0.79837965965271, 0.0015224665403366089
-0.7119913697242737, -0.6770340800285339, -0.031698260456323624
-0.4563186764717102, -0.7140558362007141, 0.004009191412478685
-0.6537817120552063, -0.7277855277061462, 7.052728324197233E-4
-0.7720109820365906, -0.7594090700149536, 0.0030376261565834284
-0.5618712902069092, -0.8008434772491455, 0.0063139330595731735
-0.4421288073062897, -0.7582361102104187, 9.929989464581013E-4
-0.7873493432998657, -0.7446760535240173, 0.0017139135161414742
-0.5785590410232544, -0.7139478325843811, 0.005567001178860664
-0.5630254149436951, -0.7231941819190979, -0.01795468106865883
-0.6222267150878906, -0.695923388004303, -0.01740761660039425
-0.5160698890686035, -0.6531834602355957, 0.0014078617095947266
-0.7275530695915222, -0.759647011756897, 0.002022318309172988
-0.4540652632713318, -0.634013295173645, 0.002169541083276272
-0.7892545461654663, -0.7682421207427979, 0.0011713594431057572
-0.4329946041107178, -0.6544867753982544, -0.009744823910295963
-0.8025377988815308, -0.8175597190856934, -0.021149862557649612
-0.7869578003883362, -0.7457751035690308, -0.017747672274708748
-0.6652288436889648, -0.771800696849823, 0.001740794163197279
-0.7417900562286377, -0.8019205331802368, 0.003669888712465763
-0.5766944885253906, -0.8125399947166443, 0.0051642851904034615
-0.5641964077949524, -0.8127097487449646, 0.0019466259982436895
-0.7841008901596069, -0.7603651285171509, 0.003197436686605215
-0.42419344186782837, -0.711505651473999, 0.003918910399079323
-0.5267842411994934, -0.6067460775375366, -0.017819592729210854
-0.6490691900253296, -0.8287019729614258, 0.0019553466700017452
-0.8103229999542236, -0.7699404954910278, -0.010691121220588684
-0.4487294554710388, -0.775949239730835, -0.016429832205176353
-0.5458114743232727, -0.65355384349823, -0.01761697046458721
-0.5613658428192139, -0.6732713580131531, -0.018485158681869507
-0.5323107242584229, -0.7875257134437561, 0.002832375932484865
-0.4571785628795624, -0.6975594758987427, -0.015647627413272858
-0.6990659236907959, -0.8289608359336853, 0.002060367725789547
-0.46213459968566895, -0.7303978800773621, 0.0016626175493001938
-0.7427025437355042, -0.7910139560699463, 0.0022867447696626186
-0.7542186975479126, -0.7132211327552795, -0.016328509896993637
-0.6808397173881531, -0.6977275013923645, 0.0031849960796535015
-0.7461613416671753, -0.8627077341079712, 0.0018240540521219373
-0.8037524223327637, -0.7144878506660461, 0.00289540714584291
-0.6904222369194031, -0.7737578749656677, 3.763084241654724E-4
-0.7618066072463989, -0.7442888617515564, 0.006301805377006531
-0.7254485487937927, -0.8160523176193237, 0.005871704779565334
-0.5128945708274841, -0.5980210900306702, -0.0046409983187913895
-0.7305691242218018, -0.7150182723999023, 0.0036592637188732624
-0.44235536456108093, -0.6345393657684326, 0.0032432316802442074
-0.5774836540222168, -0.6269662380218506, -0.017929188907146454
-0.4845462441444397, -0.7001844048500061, 0.001031813328154385
-0.6913588643074036, -0.8607736229896545, 0.0023236002307385206
-0.5778735280036926, -0.6536586284637451, -0.01679537072777748
-0.4728142321109772, -0.7845748662948608, -0.018712928518652916
