-1.0760085582733154, -1.116824984550476, -0.019391551613807678
-1.057554841041565, -1.1476057767868042, -0.019946159794926643
-1.1196826696395874, -1.131126880645752, -0.017226049676537514
-1.1023715734481812, -1.103902816772461, -0.01914212852716446
-1.0728713274002075, -1.1322861909866333, -0.00968968030065298
-1.0910283327102661, -1.0996450185775757, -0.016546580940485
-1.0753260850906372, -1.072914719581604, -0.0095765870064497
-1.0894941091537476, -1.144497036933899, -0.00960863009095192
-1.1179592609405518, -1.1180083751678467, -0.018478503450751305
-1.0610908269882202, -1.1630064249038696, -0.019553298130631447
-1.0604908466339111, -1.1013531684875488, -0.01073924358934164
-1.087581753730774, -1.1315956115722656, -0.007857067510485649
-1.0415773391723633, -1.0707851648330688, -0.01969192549586296
-1.07295823097229, -1.1777904033660889, -0.009994223713874817
-1.1045680046081543, -1.1603279113769531, -0.0165508184581995
-1.0156954526901245, -1.1480070352554321, -0.009335589595139027
-1.0269191265106201, -1.1628506183624268, -0.009873831644654274
-1.0734061002731323, -1.1785547733306885, -0.018021009862422943
-1.1336939334869385, -1.1467715501785278, -0.011310591362416744
-1.1082652807235718, -1.1735785007476807, -0.021833617240190506
-1.1177985668182373, -1.179000973701477, -0.019009634852409363
-1.1454565525054932, -1.162190556526184, -0.015745515003800392
-1.0107096433639526, -1.1302834749221802, -0.0213142242282629
-1.087329626083374, -1.192702054977417, -0.009424393996596336
-1.0558750629425049, -1.2041667699813843, -0.01753506064414978
-1.0568499565124512, -1.2101629972457886, -0.009053354151546955
-1.0569915771484375, -1.2207317352294922, -0.007617170922458172
-1.1018112897872925, -1.2080761194229126, -0.01856386661529541
-1.1159145832061768, -1.1912474632263184, -0.01657484471797943
-1.1305116415023804, -1.1953061819076538, -0.018650859594345093
-1.103029489517212, -1.2206599712371826, -0.017171956598758698
-1.1350500583648682, -1.2062034606933594, -0.00974351353943348
-1.161940336227417, -1.1938414573669434, -0.006632653530687094
-1.1072587966918945, -1.2331246137619019, -0.010707221925258636
-1.0417258739471436, -1.248585820198059, -0.018902121111750603
-1.0293939113616943, -1.2358148097991943, -0.01829516887664795
-1.0761919021606445, -1.2486644983291626, -0.01652337610721588
-1.0255777835845947, -1.221785545349121, -0.021172337234020233
-1.0414098501205444, -1.253476858139038, -0.00960190873593092
-1.0428502559661865, -1.2639111280441284, -0.006306719966232777
-1.1210646629333496, -1.2527456283569336, -0.007506544701755047
-1.1186716556549072, -1.242293119430542, -0.015632154420018196
-1.1458929777145386, -1.223376750946045, -0.010897919535636902
-1.118207573890686, -1.252181053161621, -0.016210848465561867
-1.1504333019256592, -1.2383865118026733, -0.007489311043173075
-1.202500820159912, -1.1855121850967407, -0.02039833553135395
-1.2068127393722534, -1.1909070014953613, -0.009211074560880661
-1.1003925800323486, -1.2835931777954102, -0.01991524174809456
-1.1309055089950562, -1.2680110931396484, -0.007439331151545048
-1.1046744585037231, -1.2960658073425293, -0.009824669919908047
-1.1033257246017456, -1.294937014579773, -0.022653410211205482
-1.1636631488800049, -1.2524793148040771, -0.010140392929315567
-1.1956729888916016, -1.2342121601104736, -0.019378582015633583
-1.177017092704773, -1.265731692314148, -0.010886065661907196
-1.1807562112808228, -1.2804698944091797, -0.024854250252246857
-1.2087713479995728, -1.2521414756774902, -0.009132931008934975
-1.2091217041015625, -1.2532365322113037, -0.02010311372578144
-1.2271976470947266, -1.2193126678466797, -0.023531697690486908
-1.2232398986816406, -1.2065030336380005, -0.019321762025356293
-1.2399924993515015, -1.2209287881851196, -0.01898970454931259
-1.1170363426208496, -1.3143926858901978, -0.019114652648568153
-1.1499204635620117, -1.3067374229431152, -0.013090903870761395
-1.2416470050811768, -1.2339566946029663, -0.023374496027827263
-1.2240667343139648, -1.2674520015716553, -0.01720917411148548
-1.193237066268921, -1.2969136238098145, -0.018012534826993942
-1.1635487079620361, -1.3164496421813965, -0.022183896973729134
-1.2098726034164429, -1.312422513961792, -0.01826602593064308
-1.1654973030090332, -1.3292139768600464, -0.01726279966533184
-1.2365481853485107, -1.2840747833251953, -0.02048613131046295
-1.2513189315795898, -1.239319920539856, -0.010467233136296272
-1.1776026487350464, -1.3413861989974976, -0.016617491841316223
-1.2515969276428223, -1.2989290952682495, -0.019222185015678406
-1.2683130502700806, -1.2800674438476562, -0.018378987908363342
-1.238994836807251, -1.2963993549346924, -0.017745019868016243
-1.221114993095398, -1.3271397352218628, -0.018147697672247887
-1.236027479171753, -1.3449560403823853, -0.018844520673155785
-1.252433180809021, -1.3118864297866821, -0.009823269210755825
-1.2839171886444092, -1.2935101985931396, -0.021377911791205406
-1.301837682723999, -1.2482879161834717, -0.02480294741690159
-1.3103938102722168, -1.2529685497283936, -0.019243573769927025
-1.1302917003631592, -1.328449010848999, -0.02266581915318966
-1.2993441820144653, -1.3071116209030151, -0.018677471205592155
-1.2679946422576904, -1.3260555267333984, -0.018593108281493187
-1.272904872894287, -1.340530514717102, -0.019144559279084206
-1.2431280612945557, -1.3716602325439453, -0.018821390345692635
-1.2367299795150757, -1.3564256429672241, -0.010221043601632118
-1.2545074224472046, -1.3868143558502197, -0.020518064498901367
-1.2875137329101562, -1.355985164642334, -0.019162340089678764
-1.1487104892730713, -1.2983484268188477, -0.019131535664200783
-1.167212963104248, -1.3265256881713867, -0.007814504206180573
-1.2676903009414673, -1.3894346952438354, -0.009022119455039501
-1.1909617185592651, -1.2819093465805054, -0.009614778682589531
-1.0460035800933838, -1.2043139934539795, -0.00969430897384882
-1.1936157941818237, -1.1643726825714111, -0.009983145631849766
-1.2852977514266968, -1.3423223495483398, -0.010011830367147923
-1.1061017513275146, -1.1143137216567993, -0.008513575419783592
-1.1625677347183228, -1.3134881258010864, -0.011122779920697212
-1.2256826162338257, -1.2816791534423828, -0.011813400313258171
-1.029900074005127, -1.2369741201400757, -0.008701088838279247
-1.2742141485214233, -1.2674729824066162, -0.01899617537856102
-1.3135097026824951, -1.311103343963623, -0.008508625440299511
-1.2678823471069336, -1.2540576457977295, -0.01125609502196312
-1.2551621198654175, -1.386014699935913, -0.00955144502222538
-1.2398382425308228, -1.2361663579940796, -0.006409352645277977
-1.1030681133270264, -1.1631159782409668, -0.01064333226531744
-1.269324541091919, -1.3266167640686035, -0.009600588120520115
-1.1029232740402222, -1.2837239503860474, -0.00962163507938385
-1.0898281335830688, -1.2654693126678467, -0.017404640093445778
-1.1491577625274658, -1.1734468936920166, -0.017077656462788582
-1.2369945049285889, -1.357234001159668, -0.016918733716011047
-1.120110034942627, -1.3266592025756836, -0.010764295235276222
-1.1348365545272827, -1.1616668701171875, -0.01102247554808855
-1.0913598537445068, -1.2836841344833374, -0.008639149367809296
-1.1648348569869995, -1.2680470943450928, -0.009450186043977737
-1.0585542917251587, -1.1622705459594727, -0.0103082787245512
-1.3298429250717163, -1.270912766456604, -0.017820734530687332
-1.1804091930389404, -1.1606826782226562, -0.020078890025615692
-1.1181471347808838, -1.178041696548462, -0.006856303662061691
-1.253645420074463, -1.3735255002975464, -0.010876720771193504
-1.1154885292053223, -1.2378175258636475, -0.007233819924294949
-1.0918086767196655, -1.2801384925842285, -0.015485305339097977
-1.0441595315933228, -1.1923025846481323, -0.009551162831485271
-1.3278272151947021, -1.3356910943984985, -0.016611583530902863
-1.2816777229309082, -1.279632568359375, -0.009586594067513943
-1.1918233633041382, -1.3589814901351929, -0.011327892541885376
-1.0578134059906006, -1.148295521736145, -0.009114290587604046
-1.283320665359497, -1.3567702770233154, -0.008056409657001495
-1.1330868005752563, -1.146187424659729, -0.01835687644779682
-1.3013982772827148, -1.2984881401062012, -0.010244244709610939
-1.3152251243591309, -1.2513277530670166, -0.0082027493044734
-1.1938492059707642, -1.2243866920471191, -0.011260333471000195
-1.1040409803390503, -1.1757396459579468, -0.007414691150188446
-1.1925532817840576, -1.2348675727844238, -0.006133098620921373
-1.1351361274719238, -1.2225040197372437, -0.008309029042720795
-1.0895931720733643, -1.207360029220581, -0.01002141647040844
-1.3391169309616089, -1.2932822704315186, -0.015497645363211632
-1.298051118850708, -1.2965483665466309, -0.01984412409365177
-1.0575166940689087, -1.0991408824920654, -0.018172891810536385
-1.3418735265731812, -1.280065894126892, -0.01825752668082714
-1.0430476665496826, -1.1311583518981934, -0.007444186136126518
-1.0732038021087646, -1.116220235824585, -0.009223620407283306
-1.0272412300109863, -1.118629813194275, -0.009239870123565197
-1.1778008937835693, -1.1479324102401733, -0.009547618217766285
-1.0904133319854736, -1.1343703269958496, -0.018850084394216537
-1.0834088325500488, -1.1804875135421753, -0.01941518858075142
-1.0417100191116333, -1.191401481628418, -0.019169384613633156
-1.2690565586090088, -1.4022718667984009, -0.009878678247332573
-1.1645433902740479, -1.2461292743682861, -0.015965258702635765
-1.1521333456039429, -1.2234612703323364, -0.017470505088567734
-1.1786255836486816, -1.1596400737762451, -0.008729973807930946
-1.056434988975525, -1.193606972694397, -0.010858424939215183
-1.2657004594802856, -1.3916884660720825, -0.01957573927938938
-1.0127534866333008, -1.207478404045105, -0.007534762844443321
-1.1620500087738037, -1.1756662130355835, -0.007639945950359106
-1.1464624404907227, -1.3444795608520508, -0.021223213523626328
-1.0881942510604858, -1.1926993131637573, -0.01731283776462078
-1.1469515562057495, -1.2806025743484497, -0.011858495883643627
-1.1619142293930054, -1.23823881149292, -0.018803374841809273
-1.1762230396270752, -1.192046880722046, -0.008151988498866558
-1.131537914276123, -1.188631296157837, -0.008008369244635105
-1.1956864595413208, -1.2962270975112915, -0.010888905264437199
-1.010545015335083, -1.1794697046279907, -0.011243566870689392
-1.0421829223632812, -1.178703784942627, -0.019062431529164314
-1.1908581256866455, -1.220983862876892, -0.01782076619565487
-1.1329149007797241, -1.2531211376190186, -0.009946285746991634
-1.2661027908325195, -1.250227451324463, -0.017975546419620514
-1.2207199335098267, -1.2517025470733643, -0.009008216671645641
-1.0570780038833618, -1.2688381671905518, -0.009705069474875927
-1.1921591758728027, -1.346407175064087, -0.014132585376501083
-1.1686782836914062, -1.1911455392837524, -0.018627217039465904
-1.2679364681243896, -1.3125816583633423, -0.018477143719792366
-0.9993007779121399, -1.178986668586731, -0.010208847932517529
-1.1021426916122437, -1.2073860168457031, -0.010791930370032787
-1.1187772750854492, -1.118065357208252, -0.009954392910003662
-1.283323049545288, -1.341255784034729, -0.01834806799888611
-1.1027697324752808, -1.1485483646392822, -0.009539235383272171
-1.1812697649002075, -1.2551945447921753, -0.017764810472726822
-0.9942631125450134, -1.2246341705322266, -0.009074954316020012
-1.1435015201568604, -1.2825430631637573, -0.017735064029693604
-1.1791064739227295, -1.2044388055801392, -0.010574175044894218
-1.1520311832427979, -1.2978047132492065, -0.011816511861979961
-1.0813426971435547, -1.12112557888031, -0.019925374537706375
-1.31513512134552, -1.3144601583480835, -0.01749132014811039
-1.219438076019287, -1.2477750778198242, -0.01724209636449814
-1.0725553035736084, -1.223973274230957, -0.018163423985242844
-1.0721074342727661, -1.1610773801803589, -0.008945002220571041
-1.2074131965637207, -1.1776814460754395, -0.020118365064263344
-1.1303972005844116, -1.3271077871322632, -0.011890447698533535
-1.0726711750030518, -1.2390267848968506, -0.018869945779442787
-1.191510796546936, -1.2786535024642944, -0.018063068389892578
-1.2968616485595703, -1.3538451194763184, -0.008368552662432194
-1.2830790281295776, -1.3255175352096558, -0.010866093449294567
-1.3281104564666748, -1.3264570236206055, -0.009586983360350132
-1.1179919242858887, -1.2227779626846313, -0.010831506922841072
-1.1628665924072266, -1.1799677610397339, -0.017231371253728867
-1.0572034120559692, -1.0869206190109253, -0.008051271550357342
-1.2106328010559082, -1.3089942932128906, -0.008860206231474876
-1.235429048538208, -1.2676740884780884, -0.01046824175864458
-1.251140832901001, -1.2992873191833496, -0.007880187593400478
-1.1034958362579346, -1.2199794054031372, -0.011693177744746208
-1.280196189880371, -1.26676344871521, -0.010414499789476395
-1.0278618335723877, -1.1478346586227417, -0.00826378632336855
-1.191105604171753, -1.3404619693756104, -0.01712438277900219
-1.0125765800476074, -1.2045600414276123, -0.01752326637506485
-1.120115876197815, -1.31098473072052, -0.01082667987793684
-1.2381781339645386, -1.2831960916519165, -0.011235548183321953
-1.1773324012756348, -1.3286000490188599, -0.011545476503670216
-1.0254859924316406, -1.2080211639404297, -0.008097294718027115
-1.2066981792449951, -1.371901512145996, -0.010276596061885357
-1.2373920679092407, -1.3431568145751953, -0.008151932619512081
-1.2824043035507202, -1.4130611419677734, -0.017953284084796906
-1.0288491249084473, -1.1619935035705566, -0.018198974430561066
-1.3307828903198242, -1.2647690773010254, -0.012081602588295937
-1.0596240758895874, -1.2816154956817627, -0.019243670627474785
-1.0558834075927734, -1.1900112628936768, -0.017677702009677887
-1.151643991470337, -1.3537728786468506, -0.017775755375623703
-1.1469964981079102, -1.2058860063552856, -0.009669474326074123
-1.1786222457885742, -1.2637931108474731, -0.021001508459448814
-1.0887320041656494, -1.0866432189941406, -0.019431646913290024
-1.2312607765197754, -1.2642760276794434, -0.017882000654935837
-1.1654456853866577, -1.2390471696853638, -0.008070714771747589
-1.2086076736450195, -1.3580400943756104, -0.01706191897392273
-1.086745023727417, -1.2400765419006348, -0.010709922760725021
-1.1178619861602783, -1.2984503507614136, -0.016330117359757423
-1.0568299293518066, -1.2541210651397705, -0.017776817083358765
-1.283262014389038, -1.3270597457885742, -0.01979236491024494
-0.9530354738235474, -1.2052830457687378, -0.019563810899853706
-1.2363073825836182, -1.331526517868042, -0.019261434674263
-1.1932003498077393, -1.37279212474823, -0.018779445439577103
-1.0574232339859009, -1.1339714527130127, -0.00847548060119152
-1.205957055091858, -1.1782166957855225, -0.01022373978048563
-0.9977747201919556, -1.2208869457244873, -0.020187819376587868
-1.2061271667480469, -1.2998381853103638, -0.019205139949917793
-1.0299729108810425, -1.2235593795776367, -0.009821020066738129
-0.9804110527038574, -1.2081294059753418, -0.01827196776866913
-1.2532680034637451, -1.2378182411193848, -0.02105819620192051
-1.3224221467971802, -1.3107308149337769, -0.017807038500905037
-1.191117525100708, -1.2078580856323242, -0.007042302750051022
-1.165645718574524, -1.368395447731018, -0.0217477697879076
-1.118486762046814, -1.1628652811050415, -0.017788344994187355
-1.1598392724990845, -1.3722113370895386, -0.038226716220378876
-1.0120360851287842, -1.2525742053985596, -0.018524209037423134
-1.0428564548492432, -1.2387529611587524, -0.01712968945503235
-0.9969336986541748, -1.1510658264160156, -0.010122331790626049
-1.1609870195388794, -1.1644428968429565, -0.009656992740929127
-1.2980244159698486, -1.3123258352279663, -0.008164610713720322
-1.3163695335388184, -1.2641983032226562, -0.018226144835352898
-1.1622931957244873, -1.2966855764389038, -0.017681049183011055
-1.100451946258545, -1.0902338027954102, -0.011519127525389194
-1.191223382949829, -1.2649214267730713, -0.01780146174132824
-1.0709177255630493, -1.2835584878921509, -0.009277389384806156
-1.180475115776062, -1.3314902782440186, -0.020817596465349197
-1.3561161756515503, -1.2854869365692139, -0.016553282737731934
-1.0734189748764038, -1.0987352132797241, -0.017081255093216896
-1.0425878763198853, -1.1793535947799683, -0.00880477111786604
-1.071787714958191, -1.1628037691116333, -0.017253749072551727
-1.0246729850769043, -1.2060385942459106, -0.017854828387498856
-1.2494882345199585, -1.2812297344207764, -0.01775754615664482
-1.204057216644287, -1.237450361251831, -0.007900347001850605
-1.1493626832962036, -1.268357753753662, -0.020582443103194237
-1.0373256206512451, -1.1039042472839355, -0.018614666536450386
-1.296919584274292, -1.279994249343872, -0.019216392189264297
-1.104179859161377, -1.2682756185531616, -0.008904848247766495
-1.0563150644302368, -1.0724689960479736, -0.006832813378423452
-1.1310182809829712, -1.1777011156082153, -0.0094740130007267
-0.9811896085739136, -1.1921744346618652, -0.00932849757373333
-1.0998690128326416, -1.1952409744262695, -0.010447726584970951
-0.9844868779182434, -1.2211648225784302, -0.011031961999833584
-1.0881035327911377, -1.1179994344711304, -0.01039894949644804
-1.207290768623352, -1.295604944229126, -0.010449402965605259
-1.1492446660995483, -1.149385690689087, -0.01083333883434534
-1.0592082738876343, -1.2819913625717163, -0.011031298898160458
-1.3130061626434326, -1.297104001045227, -0.022049356251955032
-1.014622449874878, -1.1887931823730469, -0.017763487994670868
-0.9936843514442444, -1.1479750871658325, -0.02081066370010376
-1.1748074293136597, -1.3164620399475098, -0.01795811578631401
-0.98653644323349, -1.1478511095046997, -0.019935928285121918
-1.0861352682113647, -1.2548898458480835, -0.010074283927679062
-1.3105803728103638, -1.2964880466461182, -0.011374564841389656
-0.9981874227523804, -1.1890701055526733, -0.00981692224740982
-1.069044589996338, -1.2895931005477905, -0.015825793147087097
-1.2208493947982788, -1.2372254133224487, -0.010000590234994888
-1.0875368118286133, -1.176499843597412, -0.00899750366806984
-1.2671648263931274, -1.3115832805633545, -0.00793623086065054
-1.0120265483856201, -1.1186835765838623, -0.010629306547343731
-1.2515205144882202, -1.3571910858154297, -0.015451528131961823
-0.9954676628112793, -1.1733945608139038, -0.01860334910452366
-1.2404671907424927, -1.4119216203689575, -0.011143770068883896
-1.1033132076263428, -1.1487812995910645, -0.018973348662257195
-1.2659629583358765, -1.3710254430770874, -0.007571435533463955
-1.133245587348938, -1.1311752796173096, -0.009184213355183601
-1.2067327499389648, -1.224663257598877, -0.009861444123089314
-1.2677254676818848, -1.2367371320724487, -0.00993086863309145
-0.9959608316421509, -1.2327295541763306, -0.009374165907502174
-1.0715107917785645, -1.2220946550369263, -0.006477359216660261
-1.1061841249465942, -1.117661714553833, -0.017485670745372772
-1.2969872951507568, -1.341772198677063, -0.008699480444192886
-1.0897701978683472, -1.0904977321624756, -0.012682247906923294
-1.1613636016845703, -1.2227221727371216, -0.008313761092722416
-1.2531880140304565, -1.2241401672363281, -0.01908014714717865
-1.0416691303253174, -1.1631288528442383, -0.009263823740184307
-1.136123538017273, -1.3393484354019165, -0.01044619269669056
-1.327839970588684, -1.3122950792312622, -0.008968949317932129
-1.1296961307525635, -1.2388529777526855, -0.007941880263388157
-1.1167348623275757, -1.2973086833953857, -0.006871889345347881
-1.177650809288025, -1.1948908567428589, -0.016946058720350266
-1.2679295539855957, -1.374005675315857, -0.016975384205579758
-1.1507132053375244, -1.208625316619873, -0.018792185932397842
-1.2994755506515503, -1.2812232971191406, -0.008888661861419678
-1.1782768964767456, -1.3136427402496338, -0.009118620306253433
-1.160387396812439, -1.29341721534729, -0.0075745610520243645
-1.268774151802063, -1.265885829925537, -0.012450695969164371
-1.280893087387085, -1.252990484237671, -0.008776708506047726
-1.2526229619979858, -1.2815282344818115, -0.008588816970586777
-1.3403055667877197, -1.2703067064285278, -0.012119898572564125
-1.1186562776565552, -1.164974331855774, -0.0075864484533667564
-0.9976097345352173, -1.235435962677002, -0.019035348668694496
-1.0442142486572266, -1.1178034543991089, -0.008518108166754246
-1.222032070159912, -1.3876385688781738, -0.007471666671335697
-1.2689939737319946, -1.40583336353302, -0.02012626640498638
-1.2216442823410034, -1.375040888786316, -0.010247414000332355
-1.1596847772598267, -1.2825475931167603, -0.009263451211154461
-1.0403143167495728, -1.2243894338607788, -0.00790153443813324
-1.192116141319275, -1.1954841613769531, -0.006553879007697105
-1.0730806589126587, -1.2095495462417603, -0.008190670982003212
-1.1174309253692627, -1.2811373472213745, -0.0046678464859724045
-1.1717987060546875, -1.2987955808639526, -0.007753855083137751
-1.202230453491211, -1.346855878829956, -0.01727924309670925
-1.3093485832214355, -1.3583259582519531, -0.013277886435389519
-1.1893216371536255, -1.253807544708252, -0.009823290631175041
-1.149720311164856, -1.1772055625915527, -0.008643022738397121
-1.195256233215332, -1.2682143449783325, -0.009921318851411343
-1.1004867553710938, -1.1336438655853271, -0.007333727553486824
-1.224246859550476, -1.3401172161102295, -0.019238699227571487
-1.1156980991363525, -1.1038663387298584, -0.008579809218645096
-1.1454010009765625, -1.1488975286483765, -0.01670471765100956
-1.132495641708374, -1.3120059967041016, -0.007766923401504755
-1.0398985147476196, -1.1029912233352661, -0.008152621798217297
-1.2150980234146118, -1.232640266418457, -0.015134545974433422
-1.2506929636001587, -1.3412301540374756, -0.00605040742084384
-1.2368862628936768, -1.3984438180923462, -0.010348440147936344
-1.2071473598480225, -1.2820109128952026, -0.010044893249869347
-1.2541272640228271, -1.4254543781280518, -0.015280690044164658
-1.175203561782837, -1.2364370822906494, -0.007859590463340282
-1.2360516786575317, -1.2539265155792236, -0.007808118127286434
-1.1486927270889282, -1.2662972211837769, -0.01040134858340025
-1.0142583847045898, -1.2523506879806519, -0.009123275056481361
-1.2496368885040283, -1.3713412284851074, -0.020780596882104874
-1.280979871749878, -1.3865869045257568, -0.019619131460785866
-1.2826899290084839, -1.3870978355407715, -0.01222858764231205
-1.0426214933395386, -1.2368923425674438, -0.008916789665818214
-1.1784844398498535, -1.3407691717147827, -0.01012442447245121
-1.218474268913269, -1.299781084060669, -0.009746214374899864
-1.0249395370483398, -1.134521484375, -0.008166699670255184
-1.2393815517425537, -1.3290061950683594, -0.007780144922435284
-1.1032978296279907, -1.3126261234283447, -0.012392460368573666
-1.2182024717330933, -1.3671090602874756, -0.015885259956121445
-1.1579580307006836, -1.268153190612793, -0.018008463084697723
-1.2353436946868896, -1.190855860710144, -0.01126278005540371
-1.2665822505950928, -1.2261335849761963, -0.007239627186208963
-1.085846185684204, -1.2524420022964478, -0.01735154166817665
-1.0575975179672241, -1.1773922443389893, -0.012026891112327576
-1.2513529062271118, -1.403900146484375, -0.009125618264079094
-1.1460673809051514, -1.3286656141281128, -0.017001157626509666
-1.0727338790893555, -1.1493793725967407, -0.007532353978604078
-1.1017048358917236, -1.1923319101333618, -0.01842440292239189
-1.008325457572937, -1.10519540309906, -0.00791172869503498
-1.2646846771240234, -1.3595428466796875, -0.020335976034402847
-1.1283552646636963, -1.2994850873947144, -0.020599879324436188
-1.119335651397705, -1.2850382328033447, -0.019323356449604034
-1.2507253885269165, -1.2738656997680664, -0.016212299466133118
-1.0727556943893433, -1.1035935878753662, -0.010896953754127026
-1.278588891029358, -1.3138010501861572, -0.01124334242194891
-1.0559523105621338, -1.084889531135559, -0.017022887244820595
-1.206305742263794, -1.3397802114486694, -0.01188613474369049
-1.2198020219802856, -1.3002521991729736, -0.016557829454541206
-1.025841474533081, -1.1319565773010254, -0.019136078655719757
-1.2820796966552734, -1.3143060207366943, -0.0192633755505085
-1.1027202606201172, -1.2548705339431763, -0.009271819144487381
-1.1872334480285645, -1.193841576576233, -0.016292531043291092
-1.1175713539123535, -1.2131893634796143, -0.024337630718946457
-1.073441743850708, -1.236651062965393, -0.008962052874267101
-1.1602801084518433, -1.2221869230270386, -0.01718764752149582
-1.1760001182556152, -1.3730125427246094, -0.012634352780878544
-1.3268029689788818, -1.2985587120056152, -0.00963016226887703
-1.0847917795181274, -1.226140022277832, -0.007634793873876333
-1.164325475692749, -1.2098689079284668, -0.01919173076748848
-1.2087199687957764, -1.3743265867233276, -0.020488113164901733
-1.0836658477783203, -1.2262513637542725, -0.020864073187112808
-1.0707697868347168, -1.204614520072937, -0.019829537719488144
-1.2037577629089355, -1.212064504623413, -0.010099219158291817
-1.0861042737960815, -1.1625295877456665, -0.007240762934088707
-1.0734411478042603, -1.1483185291290283, -0.0157525222748518
-1.1326897144317627, -1.296355962753296, -0.007908537983894348
-1.322998046875, -1.322455644607544, -0.015863437205553055
-1.1470670700073242, -1.1626862287521362, -0.007432548329234123
-1.2350786924362183, -1.3124936819076538, -0.013477513566613197
-1.0412027835845947, -1.149919033050537, -0.018075160682201385
-1.1011004447937012, -1.2543716430664062, -0.01762554794549942
-1.3017983436584473, -1.3397225141525269, -0.017299193888902664
-1.2654989957809448, -1.2952576875686646, -0.018208535388112068
-1.2373943328857422, -1.3882808685302734, -0.009645944461226463
-1.1593842506408691, -1.3526705503463745, -0.018152954056859016
-1.05687415599823, -1.2541831731796265, -0.010141689330339432
-1.1788921356201172, -1.2410924434661865, -0.016177190467715263
-1.1011096239089966, -1.2400736808776855, -0.01752808690071106
-1.146835207939148, -1.2511614561080933, -0.010038111358880997
-1.1198705434799194, -1.147707223892212, -0.008585633710026741
-1.0860979557037354, -1.1679155826568604, -0.015775589272379875
-1.263089656829834, -1.2804570198059082, -0.009154438972473145
-1.2369219064712524, -1.2509593963623047, -0.017815206199884415
-1.1481115818023682, -1.135953664779663, -0.018921807408332825
-1.0248085260391235, -1.253483772277832, -0.004731007851660252
-1.0391998291015625, -1.1644502878189087, -0.018467122688889503
-1.088996171951294, -1.2959924936294556, -0.01202358864247799
-1.0709540843963623, -1.1972932815551758, -0.016156798228621483
-1.1469084024429321, -1.3233550786972046, -0.010923108085989952
-1.2212707996368408, -1.1945676803588867, -0.010664930567145348
-1.2962301969528198, -1.3266535997390747, -0.01751362346112728
-1.266066551208496, -1.361393690109253, -0.0055290586315095425
-1.192423939704895, -1.3132680654525757, -0.010193627327680588
-1.178896188735962, -1.1817371845245361, -0.016978967934846878
-1.1615660190582275, -1.1473536491394043, -0.010291509330272675
-1.2507586479187012, -1.2078077793121338, -0.01751624047756195
-1.1664292812347412, -1.358633279800415, -0.010051798075437546
-1.1451032161712646, -1.1932883262634277, -0.005519362166523933
-1.2845525741577148, -1.370681881904602, -0.009013424627482891
-1.2212060689926147, -1.3595316410064697, -0.010701381601393223
-1.117597222328186, -1.2076246738433838, -0.00826885737478733
-1.0701125860214233, -1.0882289409637451, -0.01732715591788292
-1.2050464153289795, -1.269254446029663, -0.006366739980876446
-1.011979579925537, -1.2207303047180176, -0.01091359555721283
-1.1906120777130127, -1.248943567276001, -0.01608225516974926
-1.2669858932495117, -1.2974698543548584, -0.005234717391431332
-1.073293924331665, -1.2696069478988647, -0.008971385657787323
-1.2501575946807861, -1.4190515279769897, -0.0078047337010502815
-1.222286343574524, -1.2224148511886597, -0.012160557322204113
-1.0903725624084473, -1.3122284412384033, -0.018030531704425812
-1.1610170602798462, -1.1622774600982666, -0.016163134947419167
-1.298985481262207, -1.2686560153961182, -0.01740109547972679
-1.3057087659835815, -1.3406277894973755, -0.0075972964987158775
-1.0227439403533936, -1.1991750001907349, -0.020228836685419083
-1.2770090103149414, -1.244775414466858, -0.01887817308306694
-1.2207558155059814, -1.1938532590866089, -0.018234608694911003
-1.2518389225006104, -1.2662239074707031, -0.010653072968125343
-1.1609057188034058, -1.3402124643325806, -0.017554547637701035
-1.2233409881591797, -1.3437447547912598, -0.011483724229037762
-1.193160891532898, -1.1779409646987915, -0.01227601058781147
-1.0560579299926758, -1.072036862373352, -0.01787842996418476
-1.312885046005249, -1.325026273727417, -0.009127864614129066
-1.2389585971832275, -1.3755569458007812, -0.006522241979837418
-1.3282350301742554, -1.280535101890564, -0.010948640294373035
-1.1930394172668457, -1.3599132299423218, -0.019680192694067955
-1.1774179935455322, -1.2209492921829224, -0.008741063997149467
-1.2394534349441528, -1.4171339273452759, -0.017244556918740273
-1.1808345317840576, -1.3557958602905273, -0.017026279121637344
-1.0706135034561157, -1.087867259979248, -0.010940968990325928
-0.9872697591781616, -1.220888376235962, -0.0184088833630085
-1.056368350982666, -1.238930583000183, -0.00783066637814045
-1.3010640144348145, -1.2515389919281006, -0.012456157244741917
-1.3191516399383545, -1.2776660919189453, -0.01637481525540352
-1.0884249210357666, -1.2671643495559692, -0.0065376958809792995
-1.3397890329360962, -1.2946425676345825, -0.006474327761679888
-1.1789590120315552, -1.2816720008850098, -0.010489452630281448
-1.1779828071594238, -1.359060525894165, -0.012364538386464119
-1.0754386186599731, -1.1925666332244873, -0.006364779081195593
-1.05807626247406, -1.1182793378829956, -0.005160934291779995
-1.2045352458953857, -1.3293957710266113, -0.016367267817258835
-0.9966971278190613, -1.2038979530334473, -0.009014485403895378
-1.2360923290252686, -1.2065593004226685, -0.008421644568443298
-1.2655513286590576, -1.4134681224822998, -0.009839649312198162
-1.0093491077423096, -1.1647993326187134, -0.009539864957332611
-1.22494375705719, -1.2073558568954468, -0.008928831666707993
-1.2538657188415527, -1.324683427810669, -0.00913673359900713
-1.0717905759811401, -1.2526917457580566, -0.007033366244286299
-1.2694988250732422, -1.341110110282898, -0.005654382985085249
-1.1748720407485962, -1.1785359382629395, -0.005636268295347691
-1.044370174407959, -1.2212722301483154, -0.01841943897306919
-1.0586806535720825, -1.2256546020507812, -0.02319173887372017
-1.1081147193908691, -1.312068223953247, -0.019019657745957375
-1.1226783990859985, -1.1947146654129028, -0.009952939115464687
-1.2256696224212646, -1.2679288387298584, -0.01186566986143589
-1.3274025917053223, -1.2827210426330566, -0.018394308164715767
-1.2966643571853638, -1.2391993999481201, -0.010987728834152222
-1.2509289979934692, -1.3079230785369873, -0.018997544422745705
-1.0418277978897095, -1.0727943181991577, -0.00976310484111309
-1.2058056592941284, -1.3867398500442505, -0.01873546466231346
-1.134691596031189, -1.1557537317276, -0.01803426817059517
-1.1142399311065674, -1.1513211727142334, -0.017314862459897995
-1.0750733613967896, -1.1308043003082275, -0.018424205482006073
-1.089170217514038, -1.1466102600097656, -0.019186105579137802
-1.087520956993103, -1.1060161590576172, -0.00896691344678402
-1.134408712387085, -1.2788690328598022, -0.017577186226844788
-1.0278581380844116, -1.191070795059204, -0.007992023602128029
-1.119857907295227, -1.325117826461792, -0.016851624473929405
-1.2114779949188232, -1.3222399950027466, -0.012145938351750374
-1.1645565032958984, -1.2106876373291016, -0.007353724911808968
-1.0606911182403564, -1.2309130430221558, -0.01663374714553356
-1.1481367349624634, -1.1310818195343018, -0.006926927715539932
-1.0412471294403076, -1.2695221900939941, -0.016186395660042763
-1.0109124183654785, -1.23866868019104, -0.017375845462083817
-1.1937947273254395, -1.3291808366775513, -0.01749463938176632
-1.240889549255371, -1.2958667278289795, -0.0051146941259503365
-1.1189676523208618, -1.25196373462677, 0.0010082648368552327
-1.1892536878585815, -1.1748266220092773, -0.020573394373059273
-1.2850995063781738, -1.2962076663970947, -0.007572024129331112
-1.2135180234909058, -1.4081060886383057, -0.023508738726377487
-1.1363122463226318, -1.2203447818756104, -0.021331876516342163
-1.0568549633026123, -1.1240322589874268, -0.020201900973916054
-1.2241294384002686, -1.2808243036270142, -0.022051792591810226
-1.2555509805679321, -1.249983310699463, -0.00900648906826973
-1.0137401819229126, -1.216217279434204, -0.020888984203338623
-1.0787560939788818, -1.2614195346832275, -0.016588464379310608
-1.1629737615585327, -1.14485764503479, -0.01710222102701664
-0.9998107552528381, -1.2467271089553833, -0.02233755774796009
-1.2654589414596558, -1.2197260856628418, -0.015137264505028725
-1.181229591369629, -1.2101404666900635, -0.021752547472715378
-1.132064700126648, -1.2696434259414673, -0.020581981167197227
-1.1971887350082397, -1.3814432621002197, -0.007926229387521744
-1.227689504623413, -1.4189218282699585, -0.02489113248884678
-1.1936593055725098, -1.305660605430603, -0.016694553196430206
-1.2996582984924316, -1.3613967895507812, -0.02033720351755619
-1.2822258472442627, -1.286907434463501, -0.017466410994529724
-1.2060914039611816, -1.2414662837982178, -0.01730499044060707
-1.0613306760787964, -1.292668342590332, -0.01462738960981369
-1.102494716644287, -1.1036896705627441, -0.009409069083631039
-1.3508942127227783, -1.2941728830337524, -0.019530078396201134
-1.1175305843353271, -1.2270686626434326, -0.01771579682826996
-1.3562028408050537, -1.2954962253570557, -0.011177459731698036
-1.0110466480255127, -1.2656145095825195, -0.03327210992574692
-1.0130033493041992, -1.1033225059509277, -0.022152381017804146
-1.0495685338974, -1.1422395706176758, -0.0104580819606781
-1.2259060144424438, -1.4051682949066162, -0.012370447628200054
-0.9409596920013428, -1.1953610181808472, -0.00963125191628933
-1.1899094581604004, -1.209187626838684, -0.018578466027975082
-0.9580274820327759, -1.1689985990524292, -0.01244211383163929
-1.122973084449768, -1.1938005685806274, 0.003018682822585106
-0.9703757166862488, -1.1928420066833496, -0.011920809745788574
-0.984648585319519, -1.2328675985336304, -0.01529783383011818
-1.0303720235824585, -1.1784371137619019, -0.01804644800722599
-1.1467242240905762, -1.3526313304901123, -0.012917188927531242
-1.1091002225875854, -1.2378257513046265, 0.005857565905898809
-1.299604058265686, -1.3674601316452026, -0.013129973784089088
-1.1277939081192017, -1.2525869607925415, -0.015089280903339386
-1.2832790613174438, -1.270688772201538, -0.020180488005280495
-1.2090749740600586, -1.3857840299606323, -0.011335128918290138
-1.0066087245941162, -1.2464313507080078, 0.0016153798205778003
-1.2536187171936035, -1.2224271297454834, -0.006953445728868246
-1.2551945447921753, -1.3579504489898682, -0.010322414338588715
-1.1923837661743164, -1.1632115840911865, -0.020320415496826172
-1.1329492330551147, -1.313711404800415, -0.020400220528244972
-1.1219624280929565, -1.2374392747879028, 0.001549096079543233
-1.1150288581848145, -1.2270663976669312, 0.0018272947054356337
-1.2925326824188232, -1.2700520753860474, -0.008623100817203522
-1.1904628276824951, -1.3306303024291992, -0.010545133613049984
-1.014288306236267, -1.1510519981384277, -0.01577809825539589
-1.2786369323730469, -1.41189706325531, -0.013774351216852665
-1.097610354423523, -1.2667745351791382, -0.01952076330780983
-1.2275251150131226, -1.3240625858306885, -0.008805617690086365
-1.2089505195617676, -1.3619890213012695, -0.01015851367264986
-1.3381654024124146, -1.3246768712997437, -0.010307963006198406
-1.2254688739776611, -1.3146393299102783, -0.012131493538618088
-1.2195991277694702, -1.1803953647613525, -0.010134098120033741
-1.182081937789917, -1.1905685663223267, 0.001977036939933896
-1.1270428895950317, -1.1185615062713623, -0.009096379391849041
-1.0077540874481201, -1.1647202968597412, -0.017440499737858772
-1.0979875326156616, -1.3242406845092773, -0.01878155954182148
-1.006326675415039, -1.2350783348083496, -0.010953640565276146
-1.141311764717102, -1.3186237812042236, -0.017451148480176926
-1.1444652080535889, -1.2595854997634888, -0.015525233000516891
-1.3085613250732422, -1.2873599529266357, -0.005050275474786758
-1.2470736503601074, -1.340323805809021, -0.017338333651423454
-1.2008503675460815, -1.2141019105911255, -0.015401801094412804
-1.2315787076950073, -1.1933726072311401, -0.027133604511618614
-1.087464451789856, -1.3075305223464966, -0.011760683730244637
-1.0811277627944946, -1.293555498123169, -0.021250441670417786
-1.2384614944458008, -1.2227436304092407, -0.010105974972248077
-1.0087603330612183, -1.1769349575042725, -0.020634010434150696
-1.0158377885818481, -1.1431670188903809, 0.004682116210460663
-1.1852304935455322, -1.3924907445907593, -0.023561013862490654
-1.2904049158096313, -1.3283528089523315, -0.002375988056883216
-0.9806544184684753, -1.174034595489502, -0.02028229460120201
-1.2106677293777466, -1.2236822843551636, -0.016203761100769043
-1.1747655868530273, -1.3729536533355713, -0.015439119189977646
-0.9814425110816956, -1.1781606674194336, -0.00928832869976759
-1.2174749374389648, -1.1756176948547363, -0.023648861795663834
-1.0267784595489502, -1.0871031284332275, -0.009221541695296764
-0.9888173937797546, -1.1985204219818115, -0.016292953863739967
-1.1489667892456055, -1.3430356979370117, -0.010220501571893692
-1.2927898168563843, -1.3976253271102905, -0.019392821937799454
-1.311141014099121, -1.3567472696304321, -0.021145585924386978
-1.0476468801498413, -1.2524769306182861, 0.005564772058278322
