-0.8489447832107544, -0.23239287734031677, -0.12874247133731842
-0.8283554315567017, -0.26163774728775024, -0.1135963648557663
-0.8474878668785095, -0.23268428444862366, -0.09776467829942703
-0.8476860523223877, -0.2325698882341385, -0.08268330246210098
-0.8346084952354431, -0.249535471200943, -0.128789484500885
-0.8345027565956116, -0.24827168881893158, -0.11160222440958023
-0.8340168595314026, -0.24919743835926056, -0.08091625571250916
-0.8343834280967712, -0.2500550150871277, -0.09705624729394913
-0.8609960079193115, -0.21831363439559937, -0.11380178481340408
-0.8026714324951172, -0.2923526465892792, -0.11312970519065857
-0.804674506187439, -0.2774612009525299, -0.1447111964225769
-0.8334358930587769, -0.24751175940036774, -0.06914371997117996
-0.8139597177505493, -0.2781161665916443, -0.09861370921134949
-0.8162569403648376, -0.2759086787700653, -0.08185463398694992
-0.8024738430976868, -0.29181498289108276, -0.1280694305896759
-0.8213048577308655, -0.26574981212615967, -0.09530825912952423
-0.8143100142478943, -0.2753101885318756, -0.11274930834770203
-0.8144347667694092, -0.2772846221923828, -0.12777099013328552
-0.8489013910293579, -0.23123374581336975, -0.05304597318172455
-0.8354295492172241, -0.24808257818222046, -0.052460893988609314
-0.8345049619674683, -0.24870000779628754, -0.03751299902796745
-0.8031668663024902, -0.2774471938610077, -0.15528827905654907
-0.8171530961990356, -0.27505019307136536, -0.053387198597192764
-0.8077508211135864, -0.28117436170578003, -0.06733708828687668
-0.7748839855194092, -0.32634875178337097, -0.1274557262659073
-0.7866645455360413, -0.30754080414772034, -0.14310282468795776
-0.8026950359344482, -0.29398080706596375, -0.08184436708688736
-0.7886850237846375, -0.30898359417915344, -0.1284307986497879
-0.7837463021278381, -0.318597674369812, -0.09777975082397461
-0.7891908288002014, -0.308453768491745, -0.08196084946393967
-0.7900956273078918, -0.3068389594554901, -0.1128329336643219
-0.8037595152854919, -0.29250025749206543, -0.06782817095518112
-0.7893508076667786, -0.30834662914276123, -0.06768409162759781
-0.7759231328964233, -0.32521942257881165, -0.11166303604841232
-0.8022499084472656, -0.29349711537361145, -0.0531192272901535
-0.7817565202713013, -0.3191181719303131, -0.06512819230556488
-0.7761781811714172, -0.32501205801963806, -0.03682874143123627
-0.7758908271789551, -0.3251558542251587, -0.08172694593667984
-0.7762274742126465, -0.32409438490867615, -0.0527263842523098
-0.7568684816360474, -0.35272786021232605, -0.11273907124996185
-0.7706180214881897, -0.336579293012619, -0.022730816155672073
-0.7574679255485535, -0.3511239290237427, -0.06790930032730103
-0.8066948652267456, -0.2805601954460144, -0.037411682307720184
-0.757774293422699, -0.3519607484340668, -0.05331026017665863
-0.842955470085144, -0.24330487847328186, -0.03544222563505173
-0.8480548858642578, -0.23305651545524597, -0.038598060607910156
-0.7697564959526062, -0.33728545904159546, -0.05292653292417526
-0.819217324256897, -0.26582837104797363, -0.054001934826374054
-0.8028664588928223, -0.29241228103637695, -0.03853234276175499
-0.7838805913925171, -0.31848007440567017, -0.08188596367835999
-0.8077318072319031, -0.281147837638855, -0.11173343658447266
-0.8036490678787231, -0.2914843261241913, -0.09797163307666779
-0.7825714945793152, -0.3195500671863556, -0.03664902597665787
-0.8303927183151245, -0.2593194842338562, -0.06704702228307724
-0.7583088874816895, -0.3524336814880371, -0.022555813193321228
-0.7898555994033813, -0.3084106743335724, -0.05241909995675087
-0.756706178188324, -0.3522105813026428, -0.08216939121484756
-0.8155990242958069, -0.2766270637512207, -0.02337486669421196
-0.7966999411582947, -0.30399784445762634, -0.11258149892091751
-0.7703428268432617, -0.3360650837421417, -0.06632260233163834
-0.7679882049560547, -0.346103310585022, -0.08218302577733994
-0.8486436009407043, -0.23271986842155457, -0.06738128513097763
-0.8162944316864014, -0.2772933840751648, -0.0376528799533844
-0.8427685499191284, -0.2446192353963852, -0.06692056357860565
-0.7756401300430298, -0.3259665369987488, -0.06667382270097733
-0.8141253590583801, -0.2773558497428894, -0.06617695838212967
-0.8018983006477356, -0.29252806305885315, -0.02329779602587223
-0.7697179913520813, -0.3368418514728546, -0.036162421107292175
-0.769631028175354, -0.33714035153388977, -0.08150491863489151
-0.7831590175628662, -0.32154250144958496, -0.1119190901517868
-0.8079800009727478, -0.28255927562713623, -0.08257488161325455
-0.8597062826156616, -0.21814313530921936, -0.05188857391476631
-0.8445209264755249, -0.24316157400608063, -0.0805680900812149
-0.7635526657104492, -0.34099775552749634, -0.06900691241025925
-0.7561734914779663, -0.35223791003227234, -0.09519656747579575
-0.8209245204925537, -0.2655133306980133, -0.0675102025270462
-0.7982165813446045, -0.3027867078781128, -0.09479840844869614
-0.8208553194999695, -0.26600101590156555, -0.1114160493016243
-0.8444744348526001, -0.2433910369873047, -0.09857069700956345
-0.7986556887626648, -0.3029186427593231, -0.018894102424383163
-0.7907629013061523, -0.3081589639186859, -0.022175122052431107
-0.8341080546379089, -0.2498873919248581, -0.02070942521095276
-0.7892557978630066, -0.30906835198402405, -0.09730114787817001
-0.7971618175506592, -0.3038778603076935, -0.054405029863119125
-0.8289566040039062, -0.2599788308143616, -0.0968656986951828
-0.8064630031585693, -0.28288623690605164, -0.053864676505327225
-0.7700244188308716, -0.3369815945625305, -0.1272364854812622
-0.8290179967880249, -0.25891849398612976, -0.1275808960199356
-0.789481520652771, -0.30964407324790955, -0.03636854887008667
-0.8286153078079224, -0.2614371180534363, -0.05149258300662041
-0.8287068605422974, -0.26007577776908875, -0.021789981052279472
-0.8112474679946899, -0.2878797650337219, -0.03268791362643242
-0.7697250247001648, -0.3364056348800659, -0.11221662163734436
-0.8585970997810364, -0.21987099945545197, -0.09821800887584686
-0.771082878112793, -0.3363107442855835, -0.09756410866975784
-0.7968851327896118, -0.3028869926929474, -0.1273302435874939
-0.7905881404876709, -0.30884936451911926, -0.007524443324655294
-0.8285403251647949, -0.26215657591819763, -0.03634154424071312
-0.8110203742980957, -0.2905711531639099, -0.07682439684867859
-0.8361650705337524, -0.2492440938949585, -0.006123010069131851
-0.8206974267959595, -0.26580744981765747, -0.12756264209747314
-0.8287668824195862, -0.2600807547569275, -0.08101429790258408
-0.856601357460022, -0.22770808637142181, -0.05085295811295509
-0.860673189163208, -0.22092287242412567, -0.019120534881949425
-0.7563076615333557, -0.35135820508003235, -0.12721334397792816
-0.8211695551872253, -0.264852374792099, -0.037145163863897324
-0.8483157753944397, -0.2326374053955078, -0.11125217378139496
-0.855851411819458, -0.22901569306850433, -0.06839242577552795
-0.7629886269569397, -0.3411014676094055, -0.0530785508453846
-0.7631136178970337, -0.34265756607055664, -0.09855546057224274
-0.8447997570037842, -0.24447596073150635, -0.05003582686185837
-0.7665439248085022, -0.3497110903263092, -0.11237429082393646
-0.7967314124107361, -0.3042494058609009, -0.03695698827505112
-0.8441628217697144, -0.2425859570503235, -0.11193657666444778
-0.7972077131271362, -0.30220043659210205, -0.15523886680603027
-0.7517699599266052, -0.3677697777748108, -0.06638385355472565
-0.7830218076705933, -0.3187818229198456, -0.12817643582820892
-0.8571332693099976, -0.22670641541481018, -0.09850222617387772
-0.8205317854881287, -0.26761892437934875, -0.08196267485618591
-0.7613202333450317, -0.3423411548137665, -0.11326931416988373
-0.765733540058136, -0.3466567397117615, -0.09522156417369843
-0.7842302322387695, -0.3189779818058014, -0.05439372733235359
-0.7523991465568542, -0.36291226744651794, -0.051628477871418
-0.7621389627456665, -0.3426162004470825, -0.037811532616615295
-0.7760328054428101, -0.3257526457309723, -0.09650083631277084
-0.8427343964576721, -0.24516025185585022, -0.12629465758800507
-0.8273582458496094, -0.27251046895980835, -0.11599157005548477
-0.7660048604011536, -0.3454506993293762, -0.04546021297574043
-0.8100537657737732, -0.28718301653862, -0.11170738190412521
-0.797008216381073, -0.3027523458003998, -0.06776934117078781
-0.7448916435241699, -0.3661387860774994, -0.024857046082615852
-0.8072004318237305, -0.28116968274116516, -0.023100264370441437
-0.8089272975921631, -0.28124505281448364, -0.12845265865325928
-0.8577937483787537, -0.22126971185207367, -0.06718400120735168
-0.7474242448806763, -0.36572352051734924, -0.10025089979171753
-0.7455521821975708, -0.36445075273513794, -0.05350954458117485
-0.8556016087532043, -0.2282831221818924, -0.11204881221055984
-0.7659811973571777, -0.3457147181034088, -0.1261409968137741
-0.7541964054107666, -0.36349180340766907, -0.037738095968961716
-0.798843502998352, -0.30389484763145447, -0.07945160567760468
-0.8130666017532349, -0.287024587392807, -0.09471885114908218
-0.8069741725921631, -0.2817279100418091, -0.09444335103034973
-0.8252626657485962, -0.27046823501586914, -0.03936498612165451
-0.821408212184906, -0.26567405462265015, -0.022367775440216064
-0.7637482285499573, -0.34094473719596863, -0.07851416617631912
-0.7664417028427124, -0.3481282889842987, -0.07038982212543488
-0.7484528422355652, -0.36495107412338257, -0.11485052108764648
-0.7481776475906372, -0.3659195899963379, -0.08493766188621521
-0.7530899047851562, -0.3630119562149048, -0.09941352158784866
-0.7491884827613831, -0.357415109872818, -0.052782557904720306
-0.7623324394226074, -0.34250664710998535, -0.008186738938093185
-0.7551197409629822, -0.36538639664649963, -0.02140798047184944
-0.8290891051292419, -0.2701755166053772, -0.05094955489039421
-0.7496861815452576, -0.3588320016860962, -0.030618270859122276
-0.8397500514984131, -0.2390783429145813, -0.07616392523050308
-0.7485917210578918, -0.35445159673690796, -0.08339016884565353
-0.7800014615058899, -0.3318386971950531, -0.06547979265451431
-0.753447413444519, -0.3620249330997467, -0.08143806457519531
-0.761574387550354, -0.34082087874412537, -0.1281539797782898
-0.7765874266624451, -0.3245469927787781, -0.0217224583029747
-0.8731240630149841, -0.21529653668403625, -0.11479516327381134
-0.7495934963226318, -0.35787278413772583, -0.10862410068511963
-0.7894894480705261, -0.3088339865207672, 0.005503268446773291
