-1.7048892974853516, -0.9831047058105469, -0.11131751537322998
-1.7023259401321411, -0.9842602610588074, -0.12521356344223022
-1.7332364320755005, -0.9540843963623047, -0.09695791453123093
-1.7154440879821777, -0.9797828197479248, -0.08095381408929825
-1.7498056888580322, -0.9480758309364319, -0.11205154657363892
-1.748457670211792, -0.9509913325309753, -0.0821547880768776
-1.750055193901062, -0.9400624632835388, -0.1408589482307434
-1.7486021518707275, -0.938456118106842, -0.05210911110043526
-1.7686452865600586, -0.9216353893280029, -0.11560478061437607
-1.7168372869491577, -0.9696664810180664, -0.06777701526880264
-1.716670036315918, -0.9671950340270996, -0.036209240555763245
-1.7455378770828247, -0.9517666101455688, -0.06701132655143738
-1.7793655395507812, -0.9186769723892212, -0.1307251900434494
-1.7593072652816772, -0.9367001056671143, -0.08364887535572052
-1.779712438583374, -0.9214922785758972, -0.09813149273395538
-1.7605310678482056, -0.9370045065879822, -0.1001337394118309
-1.7762287855148315, -0.9206150770187378, -0.08181207627058029
-1.7772822380065918, -0.918782651424408, -0.1456487774848938
-1.7783925533294678, -0.9231210350990295, -0.15807926654815674
-1.780016303062439, -0.9100643992424011, -0.12579089403152466
-1.7804701328277588, -0.9096499681472778, -0.05398456007242203
-1.7830477952957153, -0.9109601974487305, -0.03313485532999039
-1.7919871807098389, -0.9164218902587891, -0.06730269640684128
-1.7783619165420532, -0.9093158841133118, -0.06777800619602203
-1.7915953397750854, -0.9078385233879089, -0.09963266551494598
-1.7797023057937622, -0.9121264219284058, -0.10901309549808502
-1.7788679599761963, -0.9091936945915222, -0.08109932392835617
-1.809325098991394, -0.889661967754364, -0.12887293100357056
-1.7930521965026855, -0.9041492938995361, -0.06471128761768341
-1.7483338117599487, -0.9389934539794922, -0.06500092148780823
-1.7913475036621094, -0.9044447541236877, -0.037870049476623535
-1.8105729818344116, -0.8801880478858948, -0.1130160465836525
-1.8096511363983154, -0.8771719932556152, -0.09804797172546387
-1.822113037109375, -0.8760767579078674, -0.11208970099687576
-1.7173510789871216, -0.9814154505729675, -0.142038956284523
-1.7907832860946655, -0.9054511785507202, -0.05037258565425873
-1.7924479246139526, -0.9080595374107361, -0.07986605167388916
-1.7594115734100342, -0.9389961957931519, -0.06757822632789612
-1.7472267150878906, -0.9399844408035278, -0.09675277769565582
-1.7939765453338623, -0.9074835777282715, -0.12892019748687744
-1.7903931140899658, -0.9072133898735046, -0.1133834719657898
-1.8330299854278564, -0.8749959468841553, -0.08005718886852264
-1.7942920923233032, -0.9044188261032104, -0.14448168873786926
-1.7179681062698364, -0.9689357280731201, -0.09772201627492905
-1.8227334022521973, -0.8792658448219299, -0.06821805238723755
-1.7467372417449951, -0.9510372877120972, -0.09795968979597092
-1.7748171091079712, -0.919085681438446, -0.11084742844104767
-1.7196872234344482, -0.9687843918800354, -0.11708402633666992
-1.7275203466415405, -0.9677383303642273, -0.05344558134675026
-1.7888970375061035, -0.9221983551979065, -0.07974570989608765
-1.7615435123443604, -0.9369323253631592, -0.12654787302017212
-1.7058939933776855, -0.9819712042808533, -0.051676977425813675
-1.7885538339614868, -0.8949902653694153, -0.035555966198444366
-1.7307499647140503, -0.9679990410804749, -0.1394386738538742
-1.7315160036087036, -0.9687619805335999, -0.02246430516242981
-1.7614494562149048, -0.9345924854278564, -0.03639320656657219
-1.7856199741363525, -0.9160327315330505, -0.04972314089536667
-1.7742592096328735, -0.935648500919342, -0.058070261031389236
-1.7477235794067383, -0.9412733912467957, -0.11748409271240234
-1.7320021390914917, -0.9674065113067627, -0.08284880965948105
-1.806900143623352, -0.8928900361061096, -0.05097320303320885
-1.764182448387146, -0.9357638359069824, -0.053528182208538055
-1.7163673639297485, -0.9796015620231628, -0.09610692411661148
-1.7607365846633911, -0.9367656707763672, -0.14134721457958221
-1.7956902980804443, -0.8965992331504822, -0.06456775963306427
-1.7657675743103027, -0.9254850149154663, -0.010339934378862381
-1.7562549114227295, -0.9458575248718262, -0.04801896959543228
-1.8012017011642456, -0.901031494140625, -0.13647662103176117
-1.7320680618286133, -0.9708890914916992, -0.0973171666264534
-1.7160944938659668, -0.9827567338943481, -0.03706268593668938
-1.7466325759887695, -0.9473421573638916, -0.12593868374824524
-1.7955784797668457, -0.8975768685340881, -0.07940725982189178
-1.7987184524536133, -0.8965940475463867, -0.128836989402771
-1.7152822017669678, -0.9805205464363098, -0.1111532673239708
-1.765904426574707, -0.9205869436264038, -0.1263900101184845
-1.7430983781814575, -0.9478777647018433, -0.0385652631521225
-1.8229825496673584, -0.8781254887580872, -0.08268854767084122
-1.714303970336914, -0.9835530519485474, -0.0660957470536232
-1.8049441576004028, -0.901800274848938, -0.11320009082555771
-1.7601585388183594, -0.9365864992141724, -0.11281706392765045
-1.8202158212661743, -0.8797658085823059, -0.03772703930735588
-1.794110655784607, -0.8975982666015625, -0.09615270793437958
-1.8241411447525024, -0.8777395486831665, -0.09823644161224365
-1.805683970451355, -0.8926961421966553, -0.06836595386266708
-1.8106430768966675, -0.8782910704612732, -0.0832662433385849
-1.774465560913086, -0.9226126074790955, -0.06767413765192032
-1.8138375282287598, -0.879844069480896, -0.023931089788675308
-1.737929344177246, -0.9524374604225159, -0.0226740725338459
-1.7717641592025757, -0.9350327253341675, -0.06890597194433212
-1.7928298711776733, -0.9065069556236267, -0.022456079721450806
-1.7508431673049927, -0.9387111067771912, -0.03942776098847389
-1.7759506702423096, -0.9201042056083679, -0.05367179214954376
-1.7273751497268677, -0.9670678377151489, -0.10935620963573456
-1.7033464908599854, -0.9973282814025879, -0.0555538572371006
-1.8030319213867188, -0.8941173553466797, -0.08296926319599152
-1.7719511985778809, -0.9306446313858032, -0.16109806299209595
-1.809574842453003, -0.8908957839012146, -0.10083896666765213
-1.8242689371109009, -0.8762465715408325, -0.050797801464796066
-1.74809992313385, -0.950935959815979, -0.022594591602683067
-1.713909387588501, -0.9908648729324341, -0.14077498018741608
-1.7160128355026245, -0.9704803228378296, -0.08222318440675735
-1.8192965984344482, -0.8913840055465698, -0.1157040074467659
-1.7750091552734375, -0.9213308691978455, -0.039800673723220825
-1.7344132661819458, -0.9532840847969055, -0.034742992371320724
-1.8065184354782104, -0.8891557455062866, -0.16529931128025055
-1.7155189514160156, -0.9794625043869019, -0.05297064036130905
-1.7333614826202393, -0.954555869102478, -0.12354642152786255
-1.7979005575180054, -0.895726203918457, -0.1460224837064743
-1.8073111772537231, -0.8824280500411987, -0.054472342133522034
-1.8346600532531738, -0.872456431388855, -0.0970776379108429
-1.706507921218872, -0.9849885702133179, -0.07019665092229843
-1.7155741453170776, -0.9693043231964111, -0.05049070715904236
-1.8079445362091064, -0.8963278532028198, -0.03690945357084274
-1.7140049934387207, -0.982801616191864, -0.12921901047229767
-1.7551270723342896, -0.9543555378913879, -0.1016249880194664
-1.8024256229400635, -0.9056427478790283, -0.08565892279148102
-1.8208914995193481, -0.8852463960647583, -0.030709469690918922
-1.7887365818023682, -0.9184144139289856, -0.10481935739517212
-1.7591602802276611, -0.9495750665664673, -0.08949229121208191
-1.8233681917190552, -0.8916222453117371, -0.0987999215722084
-1.7458300590515137, -0.9513497352600098, -0.1409968137741089
-1.734311819076538, -0.9506663084030151, -0.11001592874526978
-1.7279143333435059, -0.9691214561462402, -0.06811004877090454
-1.7740012407302856, -0.9341749548912048, -0.03762311488389969
-1.76112699508667, -0.9484962224960327, -0.15832987427711487
-1.7177983522415161, -0.9809575080871582, -0.023920215666294098
-1.6908472776412964, -1.0073740482330322, -0.0820758268237114
-1.7070430517196655, -0.9853965044021606, -0.08348293602466583
-1.802634835243225, -0.9041463136672974, -0.0465751551091671
-1.7352755069732666, -0.9542642831802368, -0.13872292637825012
-1.8053356409072876, -0.9015060067176819, -0.10028830915689468
-1.7767919301986694, -0.9087527990341187, -0.09182481467723846
-1.729443073272705, -0.9780120849609375, -0.14157505333423615
-1.7322982549667358, -0.9673254489898682, -0.12680397927761078
-1.6942745447158813, -1.0038573741912842, -0.05737468972802162
-1.757786750793457, -0.9468822479248047, -0.1682867854833603
-1.79710054397583, -0.8956010341644287, -0.05290704593062401
-1.747076153755188, -0.9511330723762512, -0.15763823688030243
-1.8113155364990234, -0.90347820520401, -0.040377259254455566
-1.6876780986785889, -0.9989515542984009, -0.025104891508817673
