-0.831878125667572, -0.3206787109375, 0.0038706453051418066
-0.8618838787078857, -0.3227229118347168, -0.006283111870288849
-0.9218488335609436, -0.322935551404953, 0.0031784249003976583
-0.8774893879890442, -0.35261285305023193, -0.007099677808582783
-0.8331201076507568, -0.3524174094200134, -0.004414021503180265
-0.8774981498718262, -0.3673386573791504, -0.006498467177152634
-0.8620609641075134, -0.381273090839386, -0.007858442142605782
-0.8773123025894165, -0.33826982975006104, -0.00571574317291379
-0.8913320302963257, -0.3060441017150879, 0.0027346541173756123
-0.891817569732666, -0.36693084239959717, -0.007407501805573702
-0.8474621772766113, -0.33739861845970154, -0.007436754181981087
-0.8627424836158752, -0.33674830198287964, -0.005710473284125328
-0.893022894859314, -0.3075025975704193, -0.005635857116430998
-0.8315500617027283, -0.35183486342430115, 0.0038257066626101732
-0.9225237369537354, -0.3377031981945038, -0.005283077247440815
-0.8624848127365112, -0.3676423132419586, -0.006940394174307585
-0.9093948006629944, -0.3523688316345215, 0.0035232084337621927
-0.9219964146614075, -0.35154733061790466, -0.005890031810849905
-0.893004834651947, -0.32273098826408386, -0.007256738841533661
-0.8758196234703064, -0.3820839822292328, -0.007126537151634693
-0.8613616824150085, -0.29247814416885376, -0.006090487353503704
-0.9065658450126648, -0.35189029574394226, -0.006245214957743883
-0.8930802345275879, -0.3376797139644623, -0.0066672577522695065
-0.9234598278999329, -0.32335972785949707, -0.0051481714472174644
-0.8778006434440613, -0.3219678997993469, -0.0062226359732449055
-0.8483359217643738, -0.35106608271598816, -0.006683035288006067
-0.8932563066482544, -0.35276299715042114, -0.007128067780286074
-0.8460505604743958, -0.3344038724899292, -0.016872588545084
-0.8924397826194763, -0.3815213739871979, -0.006476425565779209
-0.8628230094909668, -0.3524230122566223, -0.00692171324044466
-0.8771953582763672, -0.3814809322357178, 0.0028706854209303856
-0.8772531747817993, -0.3074946403503418, 0.003550555557012558
-0.8633587956428528, -0.3522893190383911, 0.0037209107540547848
-0.8917122483253479, -0.2938365340232849, -0.005421540234237909
-0.9076168537139893, -0.32202401757240295, -0.0066886660642921925
-0.830467939376831, -0.3701778054237366, 0.0033690431155264378
-0.8158178329467773, -0.33783555030822754, -0.005697216838598251
-0.8326555490493774, -0.36754539608955383, -0.005406982731074095
-0.8764955401420593, -0.3071928024291992, -0.005127905867993832
-0.847222089767456, -0.2924818992614746, -0.005720808636397123
-0.8186440467834473, -0.33571991324424744, 0.0034596791956573725
-0.816576361656189, -0.3667984902858734, -0.00556086516007781
-0.845859706401825, -0.27626946568489075, -0.005214397795498371
-0.7871592044830322, -0.33688434958457947, 0.0027251748833805323
-0.8326128721237183, -0.3230580687522888, -0.006247434765100479
-0.8172996044158936, -0.3074215352535248, -0.005796886049211025
-0.8025591373443604, -0.33586278557777405, 0.0021064188331365585
-0.8172828555107117, -0.2930159568786621, -0.006673987954854965
-0.9075875282287598, -0.3383457660675049, -0.0065439483150839806
-0.8624036312103271, -0.36854103207588196, 0.003078717039898038
-0.8467728495597839, -0.36721497774124146, -0.006680656224489212
-0.8768665194511414, -0.27696195244789124, -0.005324678495526314
-0.9073192477226257, -0.29342302680015564, -0.006763138342648745
-0.9066104888916016, -0.27744540572166443, -0.00519791292026639
-0.9511136412620544, -0.2938019931316376, 0.002062061568722129
-0.9528467655181885, -0.3375609219074249, -0.006188409402966499
-0.9536621570587158, -0.3086307942867279, -0.007395819295197725
-0.9511274695396423, -0.33752286434173584, 0.0037782618310302496
-0.907861590385437, -0.3686371445655823, -0.005775369703769684
-0.9532155394554138, -0.322218120098114, -0.005604612175375223
-0.9373956918716431, -0.2924897074699402, -0.006154126953333616
-0.9211120009422302, -0.3072068691253662, -0.005852716043591499
-0.9357485771179199, -0.3524160385131836, -0.00588718056678772
-0.9218873977661133, -0.36753135919570923, -0.004799168556928635
-0.9387145042419434, -0.3049449324607849, 0.003987959586083889
-0.921325147151947, -0.29404416680336, -0.0060828072018921375
-0.9378164410591125, -0.3222109079360962, -0.006262171547859907
-0.9209627509117126, -0.3549768924713135, 0.003675313200801611
-0.9221265912055969, -0.28154680132865906, 0.002680667443200946
-0.9369300603866577, -0.3078764081001282, -0.006881344597786665
-0.9664261937141418, -0.33531224727630615, 0.0026410354766994715
-0.9682498574256897, -0.32189521193504333, -0.00685302447527647
-0.9356476068496704, -0.33772510290145874, -0.0058289505541324615
-0.9678295254707336, -0.30786657333374023, -0.00591254560276866
-0.9364151358604431, -0.2771717607975006, -0.005987426731735468
-0.9379292130470276, -0.37024831771850586, 0.006845061667263508
-0.9378339648246765, -0.36809417605400085, -0.0048947203904390335
-0.891423761844635, -0.3980298936367035, -0.00547580374404788
-0.8763213753700256, -0.39726579189300537, -0.006320073269307613
-0.8471702933311462, -0.32264935970306396, -0.005663725547492504
-0.8632741570472717, -0.3972567915916443, -0.008037937805056572
-0.8480446338653564, -0.3821154236793518, -0.006106279790401459
-0.9076097011566162, -0.38236451148986816, -0.007055329158902168
-0.8174281120300293, -0.397512286901474, -0.018915165215730667
-0.8332767486572266, -0.39727920293807983, 0.002983728190883994
-0.7883042693138123, -0.3515847325325012, -0.00593172712251544
-0.8030300736427307, -0.3789539337158203, 0.0027910969220101833
-0.8471473455429077, -0.3958383798599243, 0.003901001065969467
-0.8471024036407471, -0.39780548214912415, -0.006099129095673561
-0.8181432485580444, -0.38193902373313904, -0.006599700078368187
-0.8167694211006165, -0.3977266550064087, -0.005805698689073324
-0.8330258131027222, -0.3963146209716797, -0.005251087713986635
-0.9109670519828796, -0.3961647152900696, 0.0017743716016411781
-0.8625282049179077, -0.412000834941864, -0.006636123638600111
-0.9250385165214539, -0.37803247570991516, -0.015742717310786247
-0.9215980172157288, -0.38249221444129944, -0.006278811488300562
-0.8774509429931641, -0.41228175163269043, -0.007104829419404268
-0.9073150157928467, -0.39846986532211304, -0.007147294003516436
-0.8933079242706299, -0.41269373893737793, -0.007475087884813547
-0.9229685068130493, -0.3837296664714813, 0.003818024881184101
-0.8480578064918518, -0.41242215037345886, -0.006417499855160713
-0.8631143569946289, -0.4276253581047058, -0.007832545787096024
-0.9070665836334229, -0.2635035216808319, -0.005511847324669361
-0.9005531072616577, -0.27680790424346924, -0.017722036689519882
-0.8933912515640259, -0.2775883674621582, -0.005939634516835213
-0.8920989036560059, -0.26180699467658997, -0.00549135310575366
-0.9081326127052307, -0.4277908205986023, -0.006438056938350201
-0.9228165745735168, -0.41319629549980164, -0.005515123251825571
-0.9224293231964111, -0.3980003893375397, -0.006542915944010019
-0.936486542224884, -0.3983626663684845, -0.005245787091553211
-0.8781092166900635, -0.2470589429140091, -0.005413368809968233
-0.9682918787002563, -0.3513951301574707, 0.0029362328350543976
-0.9529144763946533, -0.3678625226020813, -0.005431216210126877
-0.9654289484024048, -0.3674485683441162, -0.01610831916332245
-0.969170093536377, -0.365617036819458, -0.00522488122805953
-0.9187830090522766, -0.2637491822242737, -0.006760785356163979
-0.9042611122131348, -0.2505562901496887, -0.008130650036036968
-0.7734365463256836, -0.3385143280029297, 0.003037248272448778
-0.8200120329856873, -0.41260990500450134, 0.0033940717112272978
-0.8020012378692627, -0.3979814350605011, -0.007705471944063902
-0.8859686255455017, -0.23605310916900635, -0.006887112278491259
-0.9619237780570984, -0.2951284945011139, -0.007709552068263292
-0.9795982837677002, -0.31148040294647217, -0.006775926798582077
-0.9978790879249573, -0.3528529703617096, -0.006757030263543129
-0.9835290312767029, -0.33761030435562134, -0.007738730404525995
-0.9821910262107849, -0.3677518963813782, -0.005952745676040649
-0.9656885266304016, -0.38311922550201416, -0.01645272970199585
-0.9980418682098389, -0.3381807208061218, -0.007156074978411198
-0.9527652859687805, -0.3996279835700989, 0.0036553184036165476
-0.937413215637207, -0.41296929121017456, -0.00680529186502099
-1.0119801759719849, -0.3544089198112488, -0.005583661142736673
-1.0124887228012085, -0.3397749960422516, -0.005703815259039402
-0.9967578649520874, -0.36675184965133667, -0.006360183469951153
-0.9510565400123596, -0.4128928780555725, 0.003217791672796011
-0.9676844477653503, -0.3975679278373718, -0.005851618479937315
-0.8779243230819702, -0.4421473443508148, -0.006325682159513235
-0.8915761709213257, -0.4420818090438843, -0.005267765838652849
-0.907339334487915, -0.4413943290710449, -0.004889470525085926
-0.8640944361686707, -0.44174715876579285, -0.0077074444852769375
-0.923675537109375, -0.44192567467689514, -0.006361011881381273
-0.938042402267456, -0.4281328022480011, -0.005381464958190918
-0.8924897313117981, -0.4574786424636841, -0.006320801563560963
-0.9071420431137085, -0.45698991417884827, -0.0071425833739340305
-0.9076725840568542, -0.4721699059009552, -0.008078827522695065
-0.8939598798751831, -0.47196972370147705, -0.008237967267632484
-0.9216983318328857, -0.4722886383533478, -0.0070840963162481785
-0.922842800617218, -0.45693325996398926, -0.0061210934072732925
-0.9382314085960388, -0.4571038782596588, -0.005622143857181072
-0.9357851147651672, -0.44302865862846375, 0.003709944197908044
-0.9368708729743958, -0.4424394369125366, -0.006338936742395163
-0.9693012237548828, -0.41262173652648926, -0.004835060331970453
-0.9689401388168335, -0.42811891436576843, -0.005445015151053667
-0.9834503531455994, -0.3987889587879181, -0.00475836219266057
-0.9825893640518188, -0.41205936670303345, -0.005564508959650993
-0.9974530339241028, -0.3829220235347748, -0.004797226749360561
-0.9959726333618164, -0.3983445167541504, -0.006851790007203817
-0.8177555799484253, -0.27788007259368896, -0.008336641825735569
-1.0274543762207031, -0.36481478810310364, -0.015622464939951897
-1.0278877019882202, -0.38169053196907043, -0.005994604900479317
-1.0113115310668945, -0.3985786437988281, -0.007362320553511381
-1.0420174598693848, -0.355974406003952, -0.00616725767031312
-1.0281027555465698, -0.36743754148483276, -0.0068529448471963406
-0.997040867805481, -0.4116338789463043, -0.007298205979168415
-0.9833006262779236, -0.42852649092674255, -0.00696504395455122
-0.9681340456008911, -0.4436354339122772, -0.007782484870404005
-0.9538396596908569, -0.45822378993034363, -0.006888718344271183
-1.0107170343399048, -0.4134053587913513, -0.004967885557562113
-1.0429847240447998, -0.38304945826530457, -0.007351343985646963
-1.0255903005599976, -0.398343950510025, -0.005267043597996235
-0.9813619256019592, -0.44301220774650574, -0.007441812660545111
-0.9671959280967712, -0.45840564370155334, -0.006245323456823826
-0.9988539814949036, -0.4264708161354065, -0.008031079545617104
-0.9235069155693054, -0.48794132471084595, -0.006909825839102268
-0.9369276762008667, -0.47079744935035706, -0.005516317673027515
-0.9583112597465515, -0.4703000783920288, -0.019889341667294502
-0.9533528089523315, -0.4745468199253082, -0.0068168905563652515
-0.9371570348739624, -0.4872058629989624, -0.00650255661457777
-0.9520931243896484, -0.5028511881828308, -0.0074142091907560825
-0.9685235023498535, -0.48878368735313416, -0.006895239930599928
-0.9819938540458679, -0.4728439450263977, -0.007608133368194103
-0.982090413570404, -0.4584593176841736, -0.006892829667776823
-0.9933885931968689, -0.4384646415710449, -0.016332006081938744
-1.0124942064285278, -0.42845165729522705, -0.006903464440256357
-0.9960125088691711, -0.44213372468948364, -0.005815692711621523
-1.0136616230010986, -0.44131574034690857, -0.00637836242094636
-0.9970942735671997, -0.4573954641819, -0.006847667973488569
-1.026268482208252, -0.41306716203689575, -0.0051279072649776936
-1.026932954788208, -0.42688602209091187, -0.005211211740970612
-1.0412311553955078, -0.3969898521900177, -0.006125064566731453
-1.041939377784729, -0.4123530685901642, -0.00739443302154541
-1.0710707902908325, -0.3845781981945038, -0.007605643477290869
-1.0718696117401123, -0.39938104152679443, 0.0037786136381328106
-1.040784478187561, -0.4275507628917694, -0.005980904679745436
-1.0568195581436157, -0.3973677158355713, 0.002791499486193061
-1.0571670532226562, -0.41244521737098694, -0.007455687504261732
-1.0275964736938477, -0.44140899181365967, -0.006722313817590475
-1.0128697156906128, -0.45702430605888367, -0.006092936731874943
-0.997855544090271, -0.4714958965778351, -0.005974299740046263
-0.9840128421783447, -0.4885307550430298, -0.0058669219724833965
-0.9675626754760742, -0.5018796920776367, 0.004113814327865839
-0.9673313498497009, -0.5030021071434021, -0.0074134585447609425
-1.042771339416504, -0.44222715497016907, -0.006232494488358498
-1.0275664329528809, -0.4567760229110718, -0.005959991365671158
-1.0871652364730835, -0.39845848083496094, -0.005797534715384245
-0.9981897473335266, -0.4873558282852173, -0.00625715684145689
-1.0124520063400269, -0.472495436668396, -0.00595893943682313
-0.9821041226387024, -0.5033189654350281, -0.005443699192255735
-0.9663012623786926, -0.5180971622467041, -0.005805289838463068
-0.9976644515991211, -0.5018864870071411, -0.006349385716021061
-0.9972354769706726, -0.5173301100730896, -0.008451229892671108
-1.0118035078048706, -0.4861542880535126, -0.006106588523834944
-1.0132195949554443, -0.5023710131645203, -0.008216422982513905
-1.0276997089385986, -0.48806798458099365, -0.007200048770755529
-1.0280754566192627, -0.4722111225128174, -0.0055152419954538345
-1.042777180671692, -0.45791095495224, -0.007862799800932407
-1.0575110912322998, -0.4418830871582031, -0.006099923048168421
-1.056799054145813, -0.4569457769393921, -0.007079397793859243
-1.0723133087158203, -0.4264609217643738, -0.017908833920955658
-1.072198510169983, -0.4412063658237457, -0.006119724828749895
-1.085860252380371, -0.4122648537158966, -0.005426922347396612
-1.1027765274047852, -0.4132721722126007, -0.005396510474383831
-1.103514313697815, -0.42730191349983215, -0.004451851360499859
-1.0121729373931885, -0.5168412923812866, -0.006247371435165405
-1.012686014175415, -0.5173624157905579, 0.0025670132599771023
-0.9982163906097412, -0.5310070514678955, -0.005650653038173914
-1.0710545778274536, -0.4742022752761841, -0.0056492602452635765
-1.026052713394165, -0.502189576625824, -0.0062417746521532536
-1.041271686553955, -0.5025918483734131, -0.00639998959377408
-1.118499517440796, -0.4277805984020233, -0.006325817666947842
-1.1026313304901123, -0.4427284896373749, -0.006740488111972809
-1.0122919082641602, -0.5332726836204529, -0.0057796817272901535
-0.9983153939247131, -0.5471566319465637, -0.004927285946905613
-1.0268871784210205, -0.5334084630012512, -0.006245637312531471
-1.0425338745117188, -0.516755223274231, -0.005864767357707024
-1.026648759841919, -0.548141360282898, -0.00799340009689331
-1.0127800703048706, -0.5629772543907166, -0.008021136745810509
-1.0582404136657715, -0.5027744770050049, -0.007851223461329937
-1.0557612180709839, -0.5177028775215149, -0.008204338140785694
-1.0713813304901123, -0.503441333770752, -0.007465811911970377
-1.0704166889190674, -0.4898233711719513, -0.019520990550518036
-1.0711314678192139, -0.487867534160614, -0.0062282150611281395
-1.0878578424453735, -0.473552942276001, -0.006255239248275757
-1.0869890451431274, -0.48686933517456055, -0.0054885162971913815
-1.1035430431365967, -0.47215303778648376, -0.006379721220582724
-1.1304759979248047, -0.4272708594799042, -0.0064730290323495865
-1.1169229745864868, -0.4709794521331787, -0.00775468023493886
-1.130889654159546, -0.4581500291824341, -0.004845734685659409
-1.0711140632629395, -0.5173229575157166, 0.0032808345276862383
-1.0737909078598022, -0.5156574845314026, -0.007744524162262678
-1.1036649942398071, -0.501267671585083, -0.005574972368776798
-1.0880850553512573, -0.51736980676651, -0.005936314817517996
-1.1177889108657837, -0.48676177859306335, -0.008179327473044395
-1.0877639055252075, -0.5007741451263428, -0.007357720285654068
-1.0723024606704712, -0.5318533778190613, -0.005555600859224796
-1.148321270942688, -0.4566909372806549, -0.006945605389773846
-1.133811116218567, -0.4706976115703583, -0.005852032452821732
-1.0422195196151733, -0.5618789196014404, -0.007866550236940384
-1.0568950176239014, -0.5777055621147156, -0.0061243074014782906
-1.0717025995254517, -0.5622221231460571, -0.005283086560666561
-1.1002882719039917, -0.5327048897743225, -0.007490619085729122
-1.117568850517273, -0.5026300549507141, -0.008517084643244743
-1.1326756477355957, -0.4862681031227112, -0.008972297422587872
-1.0849976539611816, -0.5591931343078613, -0.009582233615219593
-0.9358944296836853, -0.4730203449726105, 0.006294182501733303
-0.9390705227851868, -0.3224382996559143, 0.003114791354164481
-0.9524115324020386, -0.4281904697418213, -0.00562620721757412
-0.9531586170196533, -0.42082321643829346, -0.016072601079940796
-0.8804709315299988, -0.4120151102542877, -0.016426987946033478
-0.8324713706970215, -0.42599478363990784, -0.006759805139154196
-1.1477229595184326, -0.47136834263801575, -0.006324294023215771
-0.8016692996025085, -0.38239580392837524, -0.006816868670284748
-1.0863909721374512, -0.5341364145278931, -0.006343524903059006
-0.8621206879615784, -0.2470349669456482, -0.005934497807174921
-1.0277702808380127, -0.46957868337631226, -0.017369700595736504
-1.0550981760025024, -0.5788972973823547, 0.0026755058206617832
-0.9512307643890381, -0.4133700132369995, -0.006039932370185852
-0.983697772026062, -0.4103326201438904, -0.017045598477125168
-1.0420957803726196, -0.4882981777191162, -0.004782500676810741
-1.1027981042861938, -0.4864126443862915, -0.007310265675187111
-0.8932594656944275, -0.42713069915771484, -0.006826797034591436
-0.9075457453727722, -0.41237974166870117, -0.006603761576116085
-1.0111382007598877, -0.39941444993019104, 0.0025079797487705946
-0.8325437307357788, -0.2919796407222748, -0.004290783312171698
-1.116499662399292, -0.44378340244293213, -0.0075490353628993034
-1.0420567989349365, -0.5775876045227051, -0.006569881923496723
-1.0114632844924927, -0.5482299327850342, -0.005823779851198196
-1.1318284273147583, -0.44252240657806396, 0.002752377651631832
-0.9642837047576904, -0.41369277238845825, 0.004021808039397001
-1.0572623014450073, -0.48904746770858765, -0.006142131518572569
-1.0562549829483032, -0.5305905342102051, -0.006414232775568962
-0.9384766817092896, -0.5028485655784607, -0.0075406539253890514
-1.0627983808517456, -0.5138329863548279, -0.017022034153342247
-0.985093355178833, -0.5188304781913757, -0.015211835503578186
-0.9654473066329956, -0.4206439256668091, -0.015569227747619152
-1.0885322093963623, -0.4995254576206207, 0.001597546972334385
-0.8917075395584106, -0.38427045941352844, 0.0025502012576907873
-0.8179324865341187, -0.3522487282752991, -0.005068216007202864
-1.0280157327651978, -0.5180747509002686, -0.005841671954840422
-0.936630368232727, -0.45884329080581665, -0.017648901790380478
-1.0266016721725464, -0.49075692892074585, -0.017718810588121414
-1.0579960346221924, -0.4276209771633148, -0.00821335893124342
-0.8767677545547485, -0.456588476896286, -0.006374948192387819
-0.8190569281578064, -0.29051849246025085, 0.00449745450168848
-0.8055692315101624, -0.2934267222881317, 0.004003595560789108
-0.8932653665542603, -0.24936914443969727, 0.003937507979571819
-0.9084987044334412, -0.48649677634239197, -0.007485091220587492
-0.7714789509773254, -0.3672839403152466, -0.005143570248037577
-0.8020490407943726, -0.352780282497406, -0.005870589055120945
-1.1318186521530151, -0.44372040033340454, -0.00676939869299531
-1.0272817611694336, -0.560430645942688, -0.0072328755632042885
-1.057009220123291, -0.5630301237106323, -0.004171137232333422
-0.9825016856193542, -0.5325609445571899, -0.006279363296926022
-1.0568071603775024, -0.3825004994869232, -0.006512505002319813
-0.8317911624908447, -0.4127672612667084, -0.005096050910651684
-0.9873859286308289, -0.5308179259300232, -0.01678679697215557
-0.9518206119537354, -0.3526962101459503, -0.00644115824252367
-1.1026952266693115, -0.4590132236480713, -0.0070112464018166065
-1.1005058288574219, -0.4463592767715454, -0.01663907989859581
-1.1462815999984741, -0.44495293498039246, -0.007439034059643745
-1.074940800666809, -0.4983617961406708, -0.019284255802631378
-0.9528805017471313, -0.5157915949821472, -0.007150296121835709
-0.8790108561515808, -0.4115474224090576, 0.0017802297370508313
-0.9533907175064087, -0.4887921214103699, -0.007633164059370756
-0.8766128420829773, -0.42783883213996887, -0.006603993009775877
-0.818074643611908, -0.41164737939834595, -0.006600101012736559
-1.102469563484192, -0.5179902911186218, -0.005792638752609491
-0.7883387207984924, -0.3829643130302429, -0.005934469867497683
-0.9373737573623657, -0.4586523473262787, 0.004148989450186491
-1.098510980606079, -0.5436081886291504, -0.009263482876121998
-1.0573768615722656, -0.473086953163147, -0.008534871973097324
-0.8749305605888367, -0.23382724821567535, -0.005241460632532835
-1.0126690864562988, -0.38378825783729553, -0.006622308399528265
-0.9675812125205994, -0.47352704405784607, -0.007568825501948595
-1.1028943061828613, -0.40949663519859314, -0.016613522544503212
-0.8328965902328491, -0.33792319893836975, -0.006261342670768499
-1.01358163356781, -0.5195962190628052, -0.01569756306707859
-1.0432345867156982, -0.4719240367412567, -0.008098229765892029
-0.9382031559944153, -0.39645910263061523, 0.00462306197732687
-1.0548523664474487, -0.5924769639968872, -0.003826735308393836
-1.0724602937698364, -0.4274379014968872, -0.006472855340689421
-0.9513972997665405, -0.44306981563568115, -0.007567394059151411
-1.088719129562378, -0.4264518618583679, -0.006964806467294693
-0.8315747976303101, -0.2778802216053009, -0.006083836778998375
-0.8631939888000488, -0.30845725536346436, -0.0068284436129033566
-1.0717366933822632, -0.4117826819419861, -0.006698194425553083
-0.8014493584632874, -0.3665187358856201, -0.006280128378421068
-0.8488085269927979, -0.3080716133117676, -0.0061572701670229435
-1.0867938995361328, -0.4418168067932129, -0.006809395272284746
-0.9517220258712769, -0.42782220244407654, 0.004412317648530006
-1.073000192642212, -0.4575507342815399, -0.006324754096567631
-1.0406713485717773, -0.5458992719650269, -0.006251352373510599
-0.8906959891319275, -0.24876457452774048, -0.006621596869081259
-0.866244912147522, -0.4085567593574524, -0.015637647360563278
-0.9665282368659973, -0.44866254925727844, -0.016552520915865898
-0.8630127310752869, -0.24868349730968475, 0.0036897400859743357
-1.0421628952026367, -0.5318856835365295, -0.010277239605784416
-0.8035052418708801, -0.30793121457099915, 0.00524520268663764
-0.832761824131012, -0.33743277192115784, 0.0043434095568954945
-0.9842984676361084, -0.36873477697372437, 0.0026813349686563015
-0.773651123046875, -0.3814345598220825, 0.0032455138862133026
-0.8480645418167114, -0.4275459051132202, -0.006202525459229946
-0.9512921571731567, -0.35243716835975647, 0.00366932712495327
-0.9668489098548889, -0.4906786382198334, -0.018824787810444832
-0.8954052925109863, -0.3555600941181183, -0.01817631721496582
-0.8472583293914795, -0.2628810703754425, -0.0049477433785796165
-0.9958605766296387, -0.39733555912971497, 0.003913131542503834
-0.9813891649246216, -0.3839235007762909, 0.0026546702720224857
-1.0000298023223877, -0.4113701283931732, -0.01573038101196289
-0.9688287377357483, -0.35074204206466675, -0.005457207094877958
-0.969269871711731, -0.33606383204460144, -0.006454318296164274
-0.9829909205436707, -0.381757915019989, -0.00607424508780241
-0.9223011136054993, -0.4280824363231659, -0.006183513905853033
-0.947950541973114, -0.3385493755340576, -0.018487567082047462
-1.1079565286636353, -0.48708856105804443, -0.015092880465090275
-0.8176544308662415, -0.36763060092926025, 0.004908664617687464
-1.0120314359664917, -0.36853599548339844, -0.0059492820873856544
-0.8488897085189819, -0.3668985366821289, 0.004166949074715376
-0.9822304248809814, -0.3228307366371155, -0.006710854358971119
-0.81675785779953, -0.32377055287361145, -0.004816156346350908
-0.833370566368103, -0.3829634487628937, -0.004819467198103666
-1.1150615215301514, -0.4152900278568268, -0.00696397852152586
-0.8626810312271118, -0.2769836187362671, -0.005602671764791012
-0.8629453182220459, -0.2632911205291748, -0.006436479277908802
-1.0713536739349365, -0.5765783190727234, -0.00965906772762537
-0.9956790804862976, -0.32624587416648865, -0.007698763627558947
-1.0121963024139404, -0.5387500524520874, -0.015337704680860043
-1.0746557712554932, -0.5487819314002991, -0.006730895955115557
-1.0243481397628784, -0.3408370018005371, -0.0060362545773386955
-0.8059998750686646, -0.396200567483902, 0.002712097018957138
-1.0268208980560303, -0.3553122580051422, -0.0065498389303684235
-0.8320189714431763, -0.2624216079711914, -0.006648448761552572
-0.8323003053665161, -0.30781587958335876, 0.004056171514093876
-0.9837837815284729, -0.3527700901031494, -0.005292437970638275
-0.8030061721801758, -0.33817219734191895, -0.0059181577526032925
-0.8309517502784729, -0.27831515669822693, 0.003655474865809083
-0.9653433561325073, -0.4566524624824524, 0.004461775533854961
-0.9518883228302002, -0.38321685791015625, -0.00670928368344903
-1.0064257383346558, -0.4422058165073395, -0.015999626368284225
-0.9091379046440125, -0.4121112823486328, -0.016342246904969215
-0.8778342008590698, -0.32390230894088745, 0.003748455084860325
-0.8430009484291077, -0.31084924936294556, -0.017059773206710815
-0.9664124250411987, -0.38228321075439453, -0.005974088329821825
-0.8616294860839844, -0.30736762285232544, 0.0026947103906422853
-0.877295970916748, -0.2921246290206909, -0.006877425126731396
-1.0549297332763672, -0.41236045956611633, -0.015733765438199043
-1.0713582038879395, -0.4740338623523712, 0.0026555892545729876
-1.0125089883804321, -0.38432592153549194, 0.0024088730569928885
-0.952451229095459, -0.39744314551353455, -0.007039804011583328
-1.084533929824829, -0.42568084597587585, 0.004068515729159117
-1.088164210319519, -0.4597233533859253, -0.007275265641510487
-1.0675857067108154, -0.534021258354187, -0.016851289197802544
-0.9518385529518127, -0.3664715886116028, 0.004220697097480297
-0.9069253206253052, -0.307962566614151, -0.00603291392326355
-0.9239338636398315, -0.27911698818206787, -0.005265397019684315
-0.8675855398178101, -0.32991403341293335, -0.01534515991806984
-1.0398428440093994, -0.45934242010116577, -0.015953106805682182
-1.046040415763855, -0.41160324215888977, -0.01501520723104477
-0.9256333112716675, -0.40068548917770386, -0.020250631496310234
-1.0718060731887817, -0.39775389432907104, -0.006194123532623053
-0.8487653732299805, -0.35481035709381104, -0.017220409587025642
-0.8325984477996826, -0.3075946569442749, -0.006418878212571144
-1.056994080543518, -0.4123779833316803, 0.006307404953986406
-1.0737223625183105, -0.5309773683547974, 0.005632856860756874
-0.7872981429100037, -0.3666551113128662, -0.0060450853779911995
-0.9077398777008057, -0.3240392208099365, 0.0041870721615850925
-0.9508537650108337, -0.29350221157073975, -0.006892974488437176
-0.7718614339828491, -0.35336267948150635, -0.0056989132426679134
-1.029275894165039, -0.5753462314605713, -0.008424678817391396
-0.907599687576294, -0.3277968466281891, -0.019274180755019188
-1.0577133893966675, -0.5462493300437927, -0.006642681546509266
-0.9509294033050537, -0.44295793771743774, 0.0038804863579571247
-0.7878472805023193, -0.33704808354377747, -0.00528495479375124
-1.0742298364639282, -0.4564635753631592, 0.004979810211807489
-0.9363313317298889, -0.3833225667476654, -0.006675641052424908
-0.8472118377685547, -0.2929789423942566, 0.0026300044264644384
-0.9090670347213745, -0.33477064967155457, 0.0027485191822052
-1.0536961555480957, -0.4620738625526428, -0.017759783193469048
-0.8607739210128784, -0.35107535123825073, -0.01568780653178692
-1.067622423171997, -0.5888976454734802, -0.00973900780081749
-0.9378845691680908, -0.5032011270523071, -0.01882205344736576
-0.953493595123291, -0.3223828375339508, 0.003298676572740078
-0.8311984539031982, -0.3201785981655121, -0.01642979122698307
-0.8954434394836426, -0.37253427505493164, -0.016339335590600967
-1.0114892721176147, -0.35427677631378174, -0.01649719849228859
-1.116895318031311, -0.4703964591026306, -0.018412061035633087
-1.1056749820709229, -0.518220841884613, -0.018064359202980995
-0.8643634915351868, -0.26096391677856445, 0.0025357077829539776
-0.8761441707611084, -0.24904698133468628, 0.003272210480645299
-0.9811160564422607, -0.4893013834953308, -0.01634049601852894
-1.1063132286071777, -0.5000563859939575, -0.018241187557578087
-1.0104447603225708, -0.4707125425338745, -0.016678592190146446
-0.9827470779418945, -0.5193467736244202, -0.008807895705103874
-1.1454403400421143, -0.486057847738266, -0.010447241365909576
-1.0735830068588257, -0.43937742710113525, 0.00472630187869072
-0.9208215475082397, -0.48894789814949036, -0.017933525145053864
-0.9715932607650757, -0.46021315455436707, -0.018472420051693916
-0.7853639125823975, -0.3505367338657379, 0.0027403077110648155
-0.891157865524292, -0.27763643860816956, 0.00242616212926805
-1.0702627897262573, -0.5185972452163696, -0.01672220602631569
-0.864632248878479, -0.4547801911830902, -0.007581621874123812
-1.0538133382797241, -0.4397006928920746, -0.017260510474443436
-0.8009299635887146, -0.30707797408103943, -0.005899050273001194
-0.9758652448654175, -0.37616899609565735, -0.01593231037259102
-1.112300157546997, -0.4444178342819214, -0.020455216988921165
-0.7580527663230896, -0.36463770270347595, 0.003021383425220847
-0.9515274167060852, -0.30524197220802307, 0.004509757738560438
-0.9113813638687134, -0.33177104592323303, -0.016521532088518143
-1.0923880338668823, -0.4802517294883728, -0.017216389998793602
-0.8488391041755676, -0.4410567581653595, -0.00982910580933094
-0.8941201567649841, -0.25339898467063904, -0.015894806012511253
-0.8750276565551758, -0.23809325695037842, 0.004856749437749386
-0.9391311407089233, -0.3828189969062805, 0.00349820707924664
-1.117436170578003, -0.45970308780670166, -0.0067427512258291245
-0.9478933215141296, -0.47028177976608276, 0.004218823276460171
-0.7874665260314941, -0.3662484288215637, 0.0022997092455625534
-1.0609922409057617, -0.5652361512184143, -0.016960270702838898
-0.8167780041694641, -0.3226456642150879, 0.0038644138257950544
-0.9220374822616577, -0.4860847592353821, 0.0033513163216412067
-0.9789655208587646, -0.5065019130706787, -0.01634352281689644
-0.9181939959526062, -0.4534618556499481, -0.017032146453857422
-1.0422251224517822, -0.36919862031936646, -0.006897128652781248
-0.9420327544212341, -0.44449949264526367, -0.017122317105531693
-0.9065449833869934, -0.4578361511230469, -0.016948385164141655
-0.7733333110809326, -0.36735963821411133, 0.0028785790782421827
-0.848142147064209, -0.2469542771577835, -0.007214468903839588
-0.9397213459014893, -0.48936569690704346, 0.003803082276135683
-0.9972481727600098, -0.3592078387737274, -0.016827266663312912
-1.0750534534454346, -0.5074548125267029, 0.0033168531954288483
-0.8452849388122559, -0.3534851372241974, 0.002969012362882495
-1.041331171989441, -0.48795706033706665, -0.020041275769472122
-0.8624398112297058, -0.3383863568305969, 0.0030420722905546427
-0.9234328269958496, -0.3052237033843994, 0.0032254441175609827
-0.9786300659179688, -0.3527933359146118, 0.0034264291170984507
-1.0873692035675049, -0.474454402923584, 0.002657806035131216
-0.8613610863685608, -0.2340637743473053, -0.0043114181607961655
-1.0882744789123535, -0.4735875725746155, -0.0181718822568655
-0.9067959189414978, -0.4417479336261749, 0.0029683662578463554
-0.8916369080543518, -0.33675166964530945, -0.016628209501504898
-0.8613213896751404, -0.38077250123023987, 0.003855266375467181
-1.0403332710266113, -0.5481879115104675, -0.01710009202361107
-0.9097235798835754, -0.47413280606269836, 0.004290120210498571
-0.8613216876983643, -0.23200544714927673, 0.0033674417063593864
-0.7883774042129517, -0.3952893614768982, -0.007650062441825867
-0.847571074962616, -0.2787174582481384, 0.0030402683187276125
-1.0731042623519897, -0.4886974096298218, 0.004901451990008354
-0.9837165474891663, -0.4779084026813507, -0.021308856084942818
-0.8931750059127808, -0.3513939380645752, 0.0036830794997513294
-0.9362943172454834, -0.3364141285419464, 0.005172194913029671
-1.0696351528167725, -0.5716578960418701, 6.681139348074794E-4
-0.9958071112632751, -0.48510506749153137, 0.003256139811128378
-0.9228018522262573, -0.33755478262901306, 0.005887462291866541
-0.817801296710968, -0.27737316489219666, 0.003980108071118593
-0.9058400392532349, -0.2647537589073181, 0.005232975818216801
-0.9658974409103394, -0.36664727330207825, 0.0035900904331356287
-0.8474901914596558, -0.4294002056121826, -0.01967809721827507
-0.8516334891319275, -0.4394197165966034, 0.002746597398072481
-0.9207631349563599, -0.3668718636035919, 0.003981926944106817
-1.1321321725845337, -0.4744076728820801, 0.0030511165969073772
-0.8913392424583435, -0.3657006323337555, 0.0017090970650315285
-0.9208666682243347, -0.41249585151672363, -0.017160309478640556
-0.9825884699821472, -0.44769275188446045, -0.016646165400743484
-0.9033170938491821, -0.40067535638809204, -0.016235116869211197
-0.8778022527694702, -0.2617854177951813, -0.005587245803326368
-0.9695936441421509, -0.5331009030342102, -0.007388714235275984
-0.8032188415527344, -0.2932843863964081, -0.0065496377646923065
-1.144887089729309, -0.4847560226917267, -0.015523088164627552
-0.878034234046936, -0.27827101945877075, 0.002118266187608242
-0.8937874436378479, -0.29072561860084534, 0.0033313953317701817
-0.8770757913589478, -0.36723804473876953, 0.004256622400134802
-1.1058332920074463, -0.4616328477859497, -0.017385536804795265
-0.8177650570869446, -0.3063609302043915, 0.005203635431826115
-1.0881470441818237, -0.4411984384059906, 0.004230846650898457
-0.8500450253486633, -0.23319949209690094, -0.008810169994831085
-1.0467225313186646, -0.40257078409194946, -0.018725024536252022
-0.8938378691673279, -0.3368588089942932, 0.0020878585055470467
-1.0180575847625732, -0.3710494339466095, -0.020182382315397263
-0.8902166485786438, -0.3221549391746521, 0.005152060650289059
-0.8625720143318176, -0.29319629073143005, 0.0034938903991132975
-1.0547032356262207, -0.39838942885398865, -0.006186667364090681
-0.8647196888923645, -0.3814180791378021, -0.018180932849645615
-0.9400559067726135, -0.3239780366420746, -0.022037623450160027
-0.847629964351654, -0.32140108942985535, 0.0031153790187090635
-0.8018920421600342, -0.32304543256759644, -0.007241043262183666
-0.9086523056030273, -0.3837237060070038, 0.0028709142934530973
-0.9811791777610779, -0.4285043478012085, 0.0032793215941637754
-0.9230949282646179, -0.3082442283630371, -0.017798282206058502
-0.9357907176017761, -0.29375049471855164, 0.003053048625588417
-1.0298824310302734, -0.5206679105758667, -0.019396435469388962
-1.044581651687622, -0.37403348088264465, -0.016458086669445038
-1.024568796157837, -0.38349056243896484, 0.0036964246537536383
-0.9039697647094727, -0.36968865990638733, 0.0027325728442519903
-0.9660062789916992, -0.3946458697319031, 0.003698892891407013
-0.9384358525276184, -0.4321107268333435, -0.0163626316934824
-1.0860974788665771, -0.5320335626602173, 0.0014114315854385495
-1.1292943954467773, -0.501331627368927, -0.008486725389957428
-0.8650698065757751, -0.3205357491970062, 0.003914049826562405
-1.0433335304260254, -0.5773319005966187, 0.006427168380469084
-1.0569064617156982, -0.5628257989883423, 0.0056184870190918446
-1.0417104959487915, -0.5464690923690796, 0.004061270505189896
-1.011670470237732, -0.3535347282886505, 0.00471141654998064
-1.1166197061538696, -0.5186083316802979, -0.008035095408558846
-0.817915141582489, -0.35346588492393494, 0.004700129386037588
-0.8020390868186951, -0.3517470955848694, 0.0033171495888382196
-0.7750483155250549, -0.379940927028656, -0.007133873645216227
-0.7601516842842102, -0.35421738028526306, 0.0031473806593567133
-0.9386453032493591, -0.4274146854877472, 0.0036213533021509647
-0.9718886613845825, -0.3597669303417206, -0.015394933521747589
-0.9375352263450623, -0.3540070652961731, 0.0030929758213460445
-1.0609172582626343, -0.4577232301235199, 0.0023863394744694233
-0.8951162099838257, -0.3996596932411194, 0.002385251922532916
-1.1023885011672974, -0.4005890488624573, -0.006508814170956612
-1.0123265981674194, -0.3709346055984497, 0.0023303625639528036
-0.9082141518592834, -0.4115810990333557, 0.0022459637839347124
-0.8494901657104492, -0.33837518095970154, 0.003655555658042431
-0.8479902148246765, -0.2621428072452545, 0.004459846764802933
-0.9030884504318237, -0.43776071071624756, -0.017614778131246567
-1.0642235279083252, -0.4860965311527252, -0.016044816002249718
-1.0863173007965088, -0.5484742522239685, -0.006896688137203455
-0.8044683933258057, -0.32144996523857117, 0.004172040149569511
-0.7855109572410583, -0.3791419267654419, 0.0030534109100699425
-1.0064458847045898, -0.4640488922595978, -0.01592021994292736
-0.9855771660804749, -0.5462043285369873, -0.007381460629403591
-1.0284345149993896, -0.367571085691452, 0.003230098634958267
-1.0710368156433105, -0.47647416591644287, -0.018985826522111893
-1.086510419845581, -0.4866350293159485, 0.003710527904331684
-1.1261053085327148, -0.4394857883453369, -0.015747103840112686
-1.0268583297729492, -0.4416545033454895, 0.0016491443384438753
-0.9528295993804932, -0.38195353746414185, 0.0028507844544947147
-0.9799036979675293, -0.32496902346611023, 0.0017864680849015713
-0.9502372741699219, -0.4849652647972107, -0.015366524457931519
-0.88021320104599, -0.338688462972641, 0.002039923332631588
-0.9326884150505066, -0.2797105312347412, 0.0014572414802387357
-0.7718632817268372, -0.35243499279022217, 0.003913321066647768
-1.1595044136047363, -0.46811965107917786, -0.011166448704898357
-0.9820355176925659, -0.41486048698425293, 0.003193523967638612
-1.0574405193328857, -0.44047296047210693, 0.0034600417129695415
-0.9932067394256592, -0.3725202977657318, -0.019962269812822342
-1.1034234762191772, -0.43990010023117065, 0.007504339795559645
-0.9932145476341248, -0.3877474069595337, 0.003907622303813696
-0.9720658659934998, -0.4131782352924347, -0.01602611504495144
-1.039008617401123, -0.4717637598514557, 0.003257864387705922
-0.8627960681915283, -0.3392389416694641, -0.01683587208390236
-0.9993370175361633, -0.4296257197856903, 0.001970240380614996
-0.866023063659668, -0.39971834421157837, -0.01554455142468214
-1.0247900485992432, -0.5498979091644287, -0.017961572855710983
-0.9506363272666931, -0.45766890048980713, -0.016809778288006783
-0.9946374297142029, -0.5034275650978088, -0.017122384160757065
-0.8210468888282776, -0.2674402892589569, -0.0069634392857551575
-1.0224417448043823, -0.4153174161911011, -0.01695755124092102
-1.0740939378738403, -0.4123063385486603, 0.004392059985548258
-1.0279474258422852, -0.48547783493995667, 0.004464223049581051
-1.0204474925994873, -0.49664434790611267, -0.015525402501225471
-0.9976850748062134, -0.3685477674007416, 0.002835949184373021
-0.9085811376571655, -0.36367568373680115, -0.017410682514309883
-0.970469057559967, -0.3826053738594055, 0.0035713689867407084
-0.9404556155204773, -0.4152088463306427, -0.01531209982931614
-0.9349606037139893, -0.411959707736969, 0.004220201633870602
-0.999496579170227, -0.4013020992279053, -0.016358647495508194
-1.1277947425842285, -0.47776708006858826, -0.016773413866758347
-0.8470025062561035, -0.38312414288520813, 0.006112225819379091
-0.9976521730422974, -0.5177555680274963, -0.01925627328455448
-0.923848032951355, -0.4411584734916687, 0.0038668490014970303
-0.8949392437934875, -0.32208502292633057, -0.01723698154091835
-0.8441373109817505, -0.4144660234451294, -0.016427360475063324
-0.9972620010375977, -0.4765527844429016, -0.020278777927160263
-0.9242621660232544, -0.4282614588737488, 0.0020988029427826405
-1.0408703088760376, -0.5198677778244019, 0.0036234089639037848
-1.1584914922714233, -0.4457523822784424, -0.010606269352138042
-0.8475877642631531, -0.24700060486793518, 0.0023029474541544914
-1.0430419445037842, -0.5187939405441284, -0.016384145244956017
-1.1556243896484375, -0.46297961473464966, -0.005874183028936386
-0.9245206117630005, -0.39588403701782227, 0.003211948089301586
-0.9089453816413879, -0.2759706676006317, 0.0031123131047934294
-1.0546399354934692, -0.5930650234222412, -0.021794393658638
-0.9361948370933533, -0.47353869676589966, -0.017223071306943893
-1.1162559986114502, -0.4251919686794281, 0.0022065062075853348
-1.0238940715789795, -0.45849916338920593, 0.0014600367285311222
-1.1272460222244263, -0.46128585934638977, -0.016718603670597076
-0.8516614437103271, -0.38914918899536133, -0.015736432746052742
-0.8903523087501526, -0.42860737442970276, 0.003156199585646391
-0.9694416522979736, -0.31811070442199707, 0.002756762783974409
-0.8772720098495483, -0.2628398835659027, 0.002917102538049221
-0.9714680910110474, -0.4902550280094147, 0.0048372396267950535
-1.001474380493164, -0.560164213180542, -0.004582993220537901
-0.7723403573036194, -0.3383920192718506, -0.007332395762205124
-0.9663052558898926, -0.5014793276786804, -0.018206505104899406
-0.863562822341919, -0.3987910747528076, 0.0023335812147706747
-0.7748110890388489, -0.3784233629703522, -0.016827352344989777
-1.0290110111236572, -0.5040146112442017, 8.30880890134722E-4
-0.8181244134902954, -0.3975876271724701, 0.004386358894407749
-1.0568733215332031, -0.37054693698883057, -0.007999015972018242
-1.119620680809021, -0.47086799144744873, 0.0012572011910378933
-1.0105280876159668, -0.4390486478805542, 0.0023160413838922977
-1.0406410694122314, -0.4869641661643982, 0.008368516340851784
-1.0548337697982788, -0.5047240853309631, -0.017938394099473953
-0.9655009508132935, -0.4282756447792053, 0.0033215016592293978
-0.9625757932662964, -0.28879669308662415, -0.015062390826642513
-0.9983904361724854, -0.5474313497543335, -0.017867401242256165
-0.9826611280441284, -0.5455895662307739, -0.01673344150185585
-0.820690929889679, -0.4237976372241974, -0.005603026133030653
-0.8816442489624023, -0.29091423749923706, 0.002710944041609764
-1.10271155834198, -0.5223932266235352, 0.002409812528640032
-0.804266631603241, -0.3675122857093811, 0.00474287336692214
-0.9207509160041809, -0.32405292987823486, -0.01679137907922268
-1.0440044403076172, -0.5914980173110962, -0.0058419168926775455
-0.8318008184432983, -0.26179492473602295, 0.003632714506238699
-1.0819004774093628, -0.5726273655891418, -0.01048264093697071
-1.018842339515686, -0.4266258776187897, -0.02463606931269169
-0.9536721706390381, -0.3060009181499481, -0.016545303165912628
-1.02646803855896, -0.42509087920188904, -0.01812378689646721
-0.8061110973358154, -0.28363537788391113, -0.010505760088562965
-1.056222915649414, -0.4254966974258423, -0.016726763918995857
-1.0131746530532837, -0.506019115447998, -0.020474020391702652
-1.0003527402877808, -0.44113826751708984, 0.002739465795457363
-0.9978081583976746, -0.4544181823730469, 0.0020265942439436913
-1.1558977365493774, -0.4566406011581421, -0.019855596125125885
-0.8783289194107056, -0.39813894033432007, 0.0018038220005109906
-1.0412859916687012, -0.4261423349380493, 7.850393303669989E-4
-1.1001850366592407, -0.5565783977508545, -0.017693262547254562
-0.9799118638038635, -0.5160205960273743, 0.002361803548410535
-0.9220471978187561, -0.40809503197669983, 0.003319317242130637
-0.8908349275588989, -0.46172213554382324, 0.004094028379768133
-1.0481809377670288, -0.4252784848213196, -0.018392980098724365
-1.0601588487625122, -0.38599827885627747, 0.004058415535837412
-1.0117032527923584, -0.4868539571762085, 0.0028043296188116074
-0.90556800365448, -0.42719438672065735, 9.498075232841074E-4
-0.9246470332145691, -0.4993484318256378, -0.008651752956211567
-0.938363790512085, -0.5121296048164368, -0.005028740037232637
-1.0820475816726685, -0.45097705721855164, -0.01584683544933796
-1.0277626514434814, -0.4254589378833771, 0.0026398918125778437
-0.8635268807411194, -0.2768367528915405, 0.00324257486499846
-1.086362361907959, -0.45848751068115234, 0.0014846696285530925
-1.075875997543335, -0.42721155285835266, 0.0037721532862633467
-1.042979121208191, -0.38425958156585693, 0.0013551297597587109
-0.9641942977905273, -0.47415128350257874, -0.016738155856728554
-0.9242962002754211, -0.5019655823707581, -0.01687433011829853
-0.9768916964530945, -0.3974052369594574, 0.0016307311598211527
-1.0481315851211548, -0.43952691555023193, -0.016292644664645195
-1.0298172235488892, -0.5393508076667786, -0.015032162889838219
-0.8787519335746765, -0.34941011667251587, 0.003931145183742046
-1.0835249423980713, -0.4011762738227844, 0.003664161078631878
-0.9731908440589905, -0.5227751731872559, -0.01615637168288231
-0.9965969920158386, -0.5321040749549866, 0.0017942101694643497
-0.983033299446106, -0.48323947191238403, 0.001936697051860392
-0.8763744831085205, -0.34907782077789307, -0.016252921894192696
-1.0537934303283691, -0.5028121471405029, 0.006788715720176697
-1.1208410263061523, -0.44285374879837036, 0.001948778168298304
-0.8201107978820801, -0.42505979537963867, -0.020940888673067093
-0.8785979747772217, -0.46192511916160583, -0.01996338739991188
-1.0815378427505493, -0.42232897877693176, -0.016878018155694008
-0.9633972644805908, -0.31039512157440186, 1.6432240954600275E-4
-0.9557176232337952, -0.5294628739356995, -0.00892888568341732
-0.8800944685935974, -0.4691549241542816, -0.016504693776369095
-0.8950732946395874, -0.4841354191303253, -0.007428268902003765
-0.7883059978485107, -0.32214778661727905, 0.0035092856269329786
-1.0279159545898438, -0.4708811640739441, 0.0015419292030856013
-1.0538722276687622, -0.5445361733436584, -0.017250269651412964
-1.0876749753952026, -0.5735802054405212, -0.018451780080795288
-0.9949712753295898, -0.3314490020275116, -0.01595153845846653
-0.933386504650116, -0.37305179238319397, -0.01634315401315689
-0.8643369674682617, -0.452676385641098, 0.002638760255649686
-1.0755743980407715, -0.5725297331809998, -0.015073174610733986
-1.016102910041809, -0.4068962335586548, 0.004900210537016392
-1.0145621299743652, -0.4263264536857605, 9.37179138418287E-4
-1.0072581768035889, -0.5485687255859375, 0.001421285793185234
-1.064693570137024, -0.4739678204059601, -0.0158207006752491
-0.8645538091659546, -0.4244336485862732, -0.01777387037873268
-0.8054998517036438, -0.4097863733768463, -0.009771842509508133
-0.9835646152496338, -0.44170400500297546, 0.0015757821965962648
-0.8412688970565796, -0.44231492280960083, -0.019138041883707047
-0.758522629737854, -0.3535423278808594, -0.008167639374732971
-1.0365837812423706, -0.41499316692352295, 0.003806482767686248
-0.9670825600624084, -0.5349990129470825, 0.0016700555570423603
-0.9510663747787476, -0.5030390024185181, -0.01623656414449215
-0.8630205392837524, -0.4421524703502655, 0.0038628694601356983
-0.9833706617355347, -0.5017503499984741, 0.0037230192683637142
-1.0586808919906616, -0.38761433959007263, -0.016158750280737877
-0.7620071768760681, -0.381125271320343, 9.836057142820209E-5
-0.9520554542541504, -0.2850074768066406, -0.015674157068133354
-1.0669691562652588, -0.38703906536102295, -0.015900878235697746
-0.9303447008132935, -0.26884785294532776, -0.007690958213061094
-1.1039447784423828, -0.47933536767959595, -0.015826113522052765
-0.8938721418380737, -0.4134118854999542, 0.0031656622886657715
-0.8795543909072876, -0.46824806928634644, -0.005103815346956253
-0.852036714553833, -0.45254966616630554, -0.011026845313608646
-1.131106972694397, -0.45638802647590637, 0.0038641225546598434
-0.9037054777145386, -0.38036495447158813, -0.015967540442943573
-1.0196905136108398, -0.5690937638282776, 8.796359761618078E-4
-1.0865542888641357, -0.4159267544746399, 0.00522260507568717
-1.1173160076141357, -0.5024100542068481, -0.01762492023408413
-0.9950687289237976, -0.35845306515693665, 0.001546934712678194
-0.9828004837036133, -0.4637303054332733, 0.0018153120763599873
