-0.4678516685962677, -0.5881596207618713, -0.08461429178714752
-0.446689635515213, -0.6230194568634033, -0.06619640439748764
-0.45940202474594116, -0.5932835936546326, -0.08216974884271622
-0.46022552251815796, -0.5937924981117249, -0.05175464600324631
-0.4550516903400421, -0.6052529811859131, -0.09619904309511185
-0.44623130559921265, -0.624708890914917, -0.09945447742938995
-0.4542655944824219, -0.6083434224128723, -0.08206038177013397
-0.45539334416389465, -0.6044527888298035, -0.05227547883987427
-0.45245203375816345, -0.621300220489502, -0.08100296556949615
-0.4604276120662689, -0.5913664102554321, -0.09648380428552628
-0.4460495412349701, -0.6243038177490234, -0.03629422187805176
-0.43888407945632935, -0.6499421000480652, -0.0688190832734108
-0.4382624626159668, -0.6480815410614014, -0.08248413354158401
-0.4418163001537323, -0.6387783288955688, -0.05143995210528374
-0.4516986012458801, -0.6204859018325806, -0.038202784955501556
-0.44239550828933716, -0.6363894939422607, -0.037619754672050476
-0.4422062635421753, -0.636845052242279, -0.0829109251499176
-0.4373267889022827, -0.650381326675415, -0.05205237492918968
-0.4301947355270386, -0.6678938269615173, -0.06763011962175369
-0.42903098464012146, -0.6692184209823608, -0.08301088213920593
-0.43807700276374817, -0.6500163674354553, -0.09565705060958862
-0.4411625862121582, -0.6373575925827026, -0.11334089189767838
-0.42963317036628723, -0.6677172183990479, -0.1142871081829071
-0.4293796718120575, -0.6692190766334534, -0.03635241091251373
-0.4237436354160309, -0.6830451488494873, -0.08383156359195709
-0.4249562919139862, -0.6814273595809937, -0.038970381021499634
-0.4243122339248657, -0.6818113327026367, -0.05080151930451393
-0.42182791233062744, -0.6950249671936035, -0.05274886265397072
-0.4229670763015747, -0.695470929145813, -0.09594710171222687
-0.4159991145133972, -0.6989693641662598, -0.03798632323741913
-0.4108005464076996, -0.7120510339736938, -0.0523294135928154
-0.41113632917404175, -0.7115218639373779, -0.08409768342971802
-0.41126397252082825, -0.7112353444099426, -0.09672056883573532
-0.42369332909584045, -0.697310745716095, -0.018567772582173347
-0.40802791714668274, -0.7248266935348511, -0.06611774861812592
-0.4287843406200409, -0.6686990261077881, -0.13026510179042816
-0.42397403717041016, -0.6821570992469788, -0.06669051945209503
-0.46782028675079346, -0.5801016688346863, -0.037209659814834595
-0.43539664149284363, -0.667565643787384, -0.11847027391195297
-0.454213947057724, -0.6059244275093079, -0.11270129680633545
-0.4284955859184265, -0.6669438481330872, -0.09962726384401321
-0.4241773784160614, -0.6835088133811951, -0.11098138988018036
-0.4408799111843109, -0.6386339664459229, -0.09795688092708588
-0.42155054211616516, -0.6923954486846924, -0.12830407917499542
-0.40841081738471985, -0.7247576713562012, -0.05442450940608978
-0.41518646478652954, -0.6982676386833191, -0.08256572484970093
-0.43744078278541565, -0.6502622365951538, -0.12623490393161774
-0.44085893034935, -0.6373142004013062, -0.126475527882576
-0.4377461075782776, -0.6528289318084717, -0.10994955897331238
-0.45442014932632446, -0.6065576076507568, -0.06578429788351059
-0.42253807187080383, -0.6940046548843384, -0.0859532430768013
-0.44651418924331665, -0.6241168975830078, -0.08405240625143051
-0.41669580340385437, -0.6976264119148254, -0.11194169521331787
-0.4432125985622406, -0.6359549164772034, -0.06828704476356506
-0.4070976972579956, -0.7366790771484375, -0.06754788011312485
-0.43207159638404846, -0.6547077298164368, -0.079257532954216
-0.45122408866882324, -0.6183410882949829, -0.11264143884181976
-0.4372321367263794, -0.6496483087539673, -0.1562926173210144
-0.42484039068222046, -0.6796135902404785, -0.09602970629930496
-0.4126421809196472, -0.7122513651847839, -0.03894621878862381
-0.3998669385910034, -0.7428528666496277, -0.09820346534252167
-0.42117735743522644, -0.6939617395401001, -0.03248075768351555
-0.40578168630599976, -0.738454282283783, -0.03569814935326576
-0.44281205534935, -0.6369672417640686, -0.02184014394879341
-0.4334110617637634, -0.6565008759498596, -0.06752420961856842
-0.4450051188468933, -0.6240260601043701, -0.11050613224506378
-0.4069884717464447, -0.7239879369735718, -0.0828065574169159
-0.4169532358646393, -0.6985630989074707, -0.06779605150222778
-0.4079747498035431, -0.724259614944458, -0.14492270350456238
-0.40253761410713196, -0.729594349861145, -0.12786053121089935
-0.4584329128265381, -0.5928139686584473, -0.06735222786664963
-0.4622018337249756, -0.5822001099586487, -0.05240887776017189
-0.45129120349884033, -0.6175503730773926, -0.05261588469147682
-0.4001791179180145, -0.7405129075050354, -0.03843587264418602
-0.42244818806648254, -0.6955562233924866, -0.1120353415608406
-0.39963942766189575, -0.7422398328781128, -0.08167974650859833
-0.4017982482910156, -0.7411888241767883, -0.020723367109894753
-0.43019482493400574, -0.6670212745666504, -0.0526871383190155
-0.40012574195861816, -0.7402138710021973, -0.05128106474876404
-0.4203472137451172, -0.7062204480171204, -0.09540127217769623
-0.40692567825317383, -0.7247314453125, -0.11401242017745972
-0.4630710780620575, -0.579464316368103, -0.09595930576324463
-0.43283116817474365, -0.6548498868942261, -0.09855800867080688
-0.4517790973186493, -0.6192634105682373, -0.0968320295214653
-0.4158684313297272, -0.6994309425354004, -0.09549754858016968
-0.4214313328266144, -0.6942483186721802, -0.07012581080198288
-0.43092474341392517, -0.6556013226509094, -0.12948216497898102
-0.4476075768470764, -0.6227459907531738, -0.051695797592401505
-0.4153757691383362, -0.6981265544891357, -0.006943834479898214
-0.4080039858818054, -0.7256175875663757, -0.022836416959762573
-0.4339924454689026, -0.6539005637168884, -0.0512327179312706
-0.4014423191547394, -0.7313119769096375, -0.08135458081960678
-0.43806880712509155, -0.6499296426773071, -0.03762296959757805
-0.4618403911590576, -0.5797244310379028, -0.023625003173947334
-0.4075855612754822, -0.7255016565322876, -0.04003625363111496
-0.47209101915359497, -0.5795249342918396, -0.11372155696153641
-0.4140228033065796, -0.7008129954338074, -0.04875395447015762
-0.46178480982780457, -0.5812720656394958, -0.06763733923435211
-0.4051201343536377, -0.7381401658058167, -0.11702876538038254
-0.4022992253303528, -0.7255643606185913, -0.009471281431615353
-0.4195231795310974, -0.6820734143257141, -0.11138246208429337
-0.4690190255641937, -0.5788916945457458, -0.049546387046575546
-0.41680118441581726, -0.6991323828697205, -0.021657202392816544
-0.40251147747039795, -0.7291752099990845, -0.037730272859334946
-0.4214683175086975, -0.6912615895271301, -0.14230041205883026
-0.4020501673221588, -0.7414467334747314, -0.0701272189617157
-0.3986116051673889, -0.7513171434402466, -0.0541902631521225
-0.4697037637233734, -0.5798333883285522, -0.08516934514045715
-0.4041808247566223, -0.716586709022522, -0.06392139941453934
-0.4246804416179657, -0.685217559337616, -0.020358439534902573
-0.41598647832870483, -0.6877264380455017, -0.09205780178308487
-0.435834139585495, -0.6620796322822571, -0.12204974889755249
-0.44738349318504333, -0.6137858629226685, -0.08779793232679367
-0.4000392258167267, -0.741550862789154, -0.11562660336494446
-0.40949687361717224, -0.7133396863937378, -0.12875667214393616
-0.474332720041275, -0.5787400603294373, -0.06155432015657425
-0.4188518226146698, -0.6845695972442627, -0.04987622797489166
-0.404155433177948, -0.7194809913635254, -0.07685110718011856
-0.44136399030685425, -0.6536743640899658, -0.01884971372783184
-0.40327560901641846, -0.7117843627929688, -0.10078322887420654
-0.4105466604232788, -0.7139546275138855, -0.1123998686671257
-0.4676411747932434, -0.587785005569458, -0.0385727733373642
-0.43521222472190857, -0.661308228969574, -0.03724934905767441
-0.451728880405426, -0.6217852830886841, -0.06896607577800751
