-1.6373016834259033, -1.3998661041259766, -0.019599810242652893
-1.6889514923095703, -1.3836203813552856, -0.011305917985737324
-1.6584490537643433, -1.3540852069854736, -0.007535159587860107
-1.6149060726165771, -1.3734352588653564, -0.019024761393666267
-1.6774649620056152, -1.3704535961151123, -0.011206435970962048
-1.7130200862884521, -1.4005451202392578, -0.020643219351768494
-1.6445609331130981, -1.3437867164611816, -0.018486084416508675
-1.5989972352981567, -1.3712188005447388, -0.017728498205542564
-1.750541090965271, -1.432137370109558, -0.015941377729177475
-1.738020420074463, -1.354742169380188, -0.009888297878205776
-1.734006404876709, -1.4189717769622803, -0.021232863888144493
-1.6109073162078857, -1.3113833665847778, -0.018206007778644562
-1.5649545192718506, -1.3427996635437012, -0.009922425262629986
-1.7764878273010254, -1.4566211700439453, -0.015355364419519901
-1.7294538021087646, -1.3424360752105713, -0.011957172304391861
-1.7190165519714355, -1.339169979095459, -0.011349087581038475
-1.7171121835708618, -1.3278841972351074, -0.018069524317979813
-1.7651177644729614, -1.372286081314087, -0.019591599702835083
-1.58439302444458, -1.2955889701843262, -0.009420307353138924
-1.644898772239685, -1.2830331325531006, -0.011564474552869797
-1.5544109344482422, -1.3276270627975464, -0.01826966181397438
-1.809998631477356, -1.485878586769104, -0.019477644935250282
-1.7746822834014893, -1.3819735050201416, -0.01745264045894146
-1.7030377388000488, -1.3137540817260742, -0.009830279275774956
-1.6295318603515625, -1.2543959617614746, -0.014100642874836922
-1.77644681930542, -1.312988519668579, -0.011801062151789665
-1.8251233100891113, -1.3554162979125977, -0.018043462187051773
-1.8082447052001953, -1.3379870653152466, -0.01199636235833168
-1.850999355316162, -1.374147653579712, -0.01046344731003046
-1.8371949195861816, -1.356716275215149, -0.011081232689321041
-1.8672922849655151, -1.3853013515472412, -0.007758692838251591
-1.8832056522369385, -1.387885332107544, -0.011077756993472576
-1.6895251274108887, -1.4566709995269775, -0.0113362492993474
-1.8231849670410156, -1.4000242948532104, -0.009374517947435379
-1.6892271041870117, -1.4325981140136719, -0.01836840622127056
-1.5960304737091064, -1.2839908599853516, -0.016744256019592285
-1.7501250505447388, -1.3428404331207275, -0.010551417246460915
-1.8377807140350342, -1.343799352645874, -0.007162127643823624
-1.6717736721038818, -1.2835659980773926, -0.010557127185165882
-1.7460741996765137, -1.418146014213562, -0.009731856174767017
-1.5805723667144775, -1.2794849872589111, -0.010995663702487946
-1.8709168434143066, -1.3907530307769775, -0.01886884495615959
-1.7948694229125977, -1.3269577026367188, -0.015173960477113724
-1.5524342060089111, -1.3737362623214722, -0.016974298283457756
-1.7015810012817383, -1.3694427013397217, -0.010817009955644608
-1.5983693599700928, -1.3569527864456177, -0.017158202826976776
-1.7608094215393066, -1.3573150634765625, -0.01032780297100544
-1.8144787549972534, -1.4749306440353394, -0.016364222392439842
-1.718050479888916, -1.387953519821167, -0.009508379735052586
-1.5834765434265137, -1.3430631160736084, -0.01731417328119278
-1.583545207977295, -1.2676305770874023, -0.018752051517367363
-1.654829740524292, -1.3304405212402344, -0.016583267599344254
-1.6552724838256836, -1.2824649810791016, -0.017677102237939835
-1.5676167011260986, -1.2663406133651733, -0.019119974225759506
-1.5714757442474365, -1.3271397352218628, -0.01140261348336935
-1.8577663898468018, -1.3584340810775757, -0.011191979050636292
-1.6384179592132568, -1.3245004415512085, -0.017549458891153336
-1.669326901435852, -1.3526726961135864, -0.01097740326076746
-1.7768094539642334, -1.386505126953125, -0.006752762943506241
-1.8101526498794556, -1.4007816314697266, -0.01744844764471054
-1.5235759019851685, -1.357187032699585, -0.01307635847479105
-1.7130279541015625, -1.3309845924377441, -0.011501291766762733
-1.7934192419052124, -1.4029417037963867, -0.010029156692326069
-1.6578032970428467, -1.4032269716262817, -0.008920902386307716
-1.6548545360565186, -1.2699041366577148, -0.01089081447571516
-1.5391501188278198, -1.3576489686965942, -0.019213218241930008
-1.8366951942443848, -1.4299594163894653, -0.018580228090286255
-1.8393139839172363, -1.435030460357666, -0.008947908878326416
-1.8239928483963013, -1.4164005517959595, -0.01864750310778618
-1.851808786392212, -1.4449959993362427, -0.006266402546316385
-1.6122533082962036, -1.2500663995742798, -0.010719101876020432
-1.7785074710845947, -1.3708043098449707, -0.010625272057950497
-1.5640923976898193, -1.3310059309005737, -0.019035205245018005
-1.5534995794296265, -1.3101699352264404, -0.012394603341817856
-1.7334028482437134, -1.4040981531143188, -0.007564440369606018
-1.6122668981552124, -1.312119722366333, -0.00881231389939785
-1.642353892326355, -1.2685779333114624, -0.012175424955785275
-1.7599960565567017, -1.357354998588562, -0.023639768362045288
-1.5990839004516602, -1.2902333736419678, -0.015724485740065575
-1.825411081314087, -1.3402655124664307, -0.017924953252077103
-1.805721640586853, -1.328244924545288, -0.02118678204715252
-1.7049589157104492, -1.3772612810134888, -0.018371369689702988
-1.657897710800171, -1.3435907363891602, -0.018930230289697647
-1.782199501991272, -1.375475287437439, -0.02040713280439377
-1.6426254510879517, -1.390718936920166, -0.016392778605222702
-1.8049309253692627, -1.4630119800567627, -0.01841980218887329
-1.734168529510498, -1.4019217491149902, -0.018434083089232445
-1.6255738735198975, -1.3135994672775269, -0.018915841355919838
-1.7647359371185303, -1.4321327209472656, -0.01583346165716648
-1.811123013496399, -1.3276013135910034, -0.011260471306741238
-1.7478713989257812, -1.4916033744812012, -0.018111050128936768
-1.6894721984863281, -1.3710949420928955, -0.01803611032664776
-1.8995506763458252, -1.4005086421966553, -0.01886938512325287
-1.859333872795105, -1.4375910758972168, -0.02085721306502819
-1.7174721956253052, -1.3876290321350098, -0.015564220026135445
-1.5265164375305176, -1.2987067699432373, -0.019292766228318214
-1.6118255853652954, -1.3585598468780518, -0.021398300305008888
-1.7579929828643799, -1.506333827972412, -0.017258089035749435
-1.5982061624526978, -1.3427573442459106, -0.017743822187185287
-1.819282054901123, -1.475423812866211, -0.018120676279067993
-1.8585602045059204, -1.3659865856170654, -0.015229522250592709
-1.6697946786880493, -1.294384241104126, -0.01765686832368374
-1.6902377605438232, -1.3013219833374023, -0.021263720467686653
-1.5980488061904907, -1.2201257944107056, -0.01125366985797882
-1.8516805171966553, -1.4306623935699463, -0.011327944695949554
-1.6446682214736938, -1.4106312990188599, -0.01731562241911888
-1.7316410541534424, -1.3386707305908203, -0.01794404536485672
-1.8341621160507202, -1.4941843748092651, -0.021419160068035126
-1.7607200145721436, -1.2983026504516602, -0.009292208589613438
-1.6718740463256836, -1.3419338464736938, -0.01871635764837265
-1.6414167881011963, -1.3154959678649902, -0.012836255133152008
-1.6566345691680908, -1.4129643440246582, -0.010661456733942032
-1.6433480978012085, -1.401861310005188, -0.010381179861724377
-1.719907522201538, -1.3154652118682861, -0.019642585888504982
-1.5834541320800781, -1.2840410470962524, -0.015566426329314709
-1.6300458908081055, -1.331084966659546, -0.016560928896069527
-1.6570611000061035, -1.3437995910644531, -0.012404725886881351
-1.5675641298294067, -1.3144867420196533, -0.01140474434942007
-1.6897066831588745, -1.3583190441131592, -0.01743318885564804
-1.7781264781951904, -1.3054410219192505, -0.022392554208636284
-1.7493712902069092, -1.293238878250122, -0.022535638883709908
-1.7577641010284424, -1.4142509698867798, -0.010046904906630516
-1.7962305545806885, -1.3972456455230713, -0.02210002765059471
-1.6301027536392212, -1.2980953454971313, -0.011539100669324398
-1.8215457201004028, -1.4634922742843628, -0.010782509110867977
-1.6331942081451416, -1.3772895336151123, -0.0183224156498909
-1.7325533628463745, -1.4772648811340332, -0.01793486811220646
-1.6857705116271973, -1.2841532230377197, -0.00984484888613224
-1.752631425857544, -1.363741397857666, -0.02302217110991478
-1.869337797164917, -1.4316987991333008, -0.008976023644208908
-1.791944146156311, -1.3875343799591064, -0.008715166710317135
-1.5814898014068604, -1.2649288177490234, -0.01168952789157629
-1.601902723312378, -1.2389323711395264, -0.017508409917354584
-1.6584948301315308, -1.389500617980957, -0.01094357855618
-1.7019184827804565, -1.2988723516464233, -0.018183305859565735
-1.7941594123840332, -1.3743476867675781, -0.009801125153899193
-1.6740920543670654, -1.3452051877975464, -0.010572871193289757
-1.588362693786621, -1.3399358987808228, -0.011426163837313652
-1.581984519958496, -1.3975688219070435, -0.015889864414930344
-1.7647309303283691, -1.4957659244537354, -0.017414163798093796
-1.6146306991577148, -1.298130750656128, -0.01608455926179886
-1.749932050704956, -1.3377010822296143, -0.02025752142071724
-1.8269226551055908, -1.4969857931137085, -0.018698565661907196
-1.8499441146850586, -1.4172782897949219, -0.01864408329129219
-1.5607388019561768, -1.313126564025879, -0.018640056252479553
-1.7920868396759033, -1.4494856595993042, -0.017947886139154434
-1.5834143161773682, -1.3259291648864746, -0.011956814676523209
-1.8494198322296143, -1.3537452220916748, -0.01682654581964016
-1.7150142192840576, -1.4442932605743408, -0.016214095056056976
-1.7936733961105347, -1.4591102600097656, -0.01058335229754448
-1.631157636642456, -1.2457818984985352, -0.02243165299296379
-1.7323684692382812, -1.3270671367645264, -0.018366053700447083
-1.6386146545410156, -1.3083763122558594, -0.020742591470479965
-1.6321274042129517, -1.2662055492401123, -0.021070031449198723
-1.6137291193008423, -1.222586750984192, -0.011818940751254559
-1.6989492177963257, -1.3110175132751465, -0.018032770603895187
-1.8384068012237549, -1.4042757749557495, -0.019785398617386818
-1.8209528923034668, -1.4021755456924438, -0.01762835495173931
-1.7030093669891357, -1.432677149772644, -0.01734466478228569
-1.623777151107788, -1.362440586090088, -0.01623680628836155
-1.6706714630126953, -1.4148186445236206, -0.01785733550786972
-1.5666453838348389, -1.373187780380249, -0.018467452377080917
-1.6406128406524658, -1.2519829273223877, -0.01823221705853939
-1.6858069896697998, -1.448590874671936, -0.018178708851337433
-1.6272501945495605, -1.297898769378662, -0.021554863080382347
-1.6755728721618652, -1.2856225967407227, -0.0173796359449625
-1.6612181663513184, -1.2671754360198975, -0.018810855224728584
-1.5670207738876343, -1.2537387609481812, -0.011298154480755329
-1.6583096981048584, -1.3270848989486694, -0.011926429346203804
-1.779524564743042, -1.4359594583511353, -0.017843138426542282
-1.7929604053497314, -1.4745615720748901, -0.017832757905125618
-1.5686402320861816, -1.3890235424041748, -0.016399413347244263
-1.6261736154556274, -1.3717247247695923, -0.010190838016569614
-1.6584727764129639, -1.398213267326355, -0.015488626435399055
-1.6699235439300537, -1.4376322031021118, -0.01756729744374752
-1.6105257272720337, -1.2365827560424805, -0.01811967045068741
-1.5987834930419922, -1.2367790937423706, -0.011840268038213253
-1.5801002979278564, -1.3823904991149902, -0.017917271703481674
-1.554508090019226, -1.3573431968688965, -0.018735039979219437
-1.5986511707305908, -1.4054627418518066, -0.01525112520903349
-1.686105489730835, -1.3401859998703003, -0.012073522433638573
-1.6383129358291626, -1.3852466344833374, -0.008128608576953411
-1.7651305198669434, -1.345456838607788, -0.018986497074365616
-1.6821235418319702, -1.278570294380188, -0.017497843131422997
-1.7682774066925049, -1.4184026718139648, -0.016516536474227905
-1.6604974269866943, -1.2572025060653687, -0.019293664023280144
-1.728646993637085, -1.4578856229782104, -0.01662391796708107
-1.810652256011963, -1.45023775100708, -0.01685960590839386
-1.6752573251724243, -1.403372049331665, -0.013591881841421127
-1.744663119316101, -1.4686743021011353, -0.017175832763314247
-1.7004725933074951, -1.3554658889770508, -0.009561209939420223
-1.7191896438598633, -1.372565746307373, -0.009845349937677383
-1.703160047531128, -1.4448137283325195, -0.009973603300750256
-1.732645034790039, -1.3883650302886963, -0.0031548102851957083
-1.7945352792739868, -1.4345712661743164, -0.01997845247387886
-1.9139899015426636, -1.4026219844818115, -0.01954006403684616
-1.8425267934799194, -1.479598045349121, -0.01692473515868187
-1.7040904760360718, -1.2953479290008545, -0.012586050666868687
-1.6083084344863892, -1.3438833951950073, -0.023655284196138382
-1.8504377603530884, -1.4047284126281738, -0.010243136435747147
-1.6125339269638062, -1.4220499992370605, -0.018356990069150925
-1.8093373775482178, -1.374321699142456, -0.016938837245106697
-1.6241527795791626, -1.2385369539260864, -0.015284608118236065
-1.7291665077209473, -1.3102961778640747, -0.008390961214900017
-1.8775341510772705, -1.3793269395828247, -0.017012979835271835
-1.7784862518310547, -1.3541457653045654, -0.017232362180948257
-1.776713490486145, -1.4939796924591064, -0.01863819919526577
-1.6903910636901855, -1.4172863960266113, -0.0071176826022565365
-1.6724317073822021, -1.268269419670105, -0.019083334133028984
-1.6449166536331177, -1.2670773267745972, -0.01636851578950882
-1.6522890329360962, -1.3843663930892944, -0.01775253936648369
-1.8018229007720947, -1.530610203742981, -0.023021914064884186
-1.6421111822128296, -1.3716731071472168, -0.008626033551990986
-1.7507553100585938, -1.4034936428070068, -0.016551174223423004
-1.6881694793701172, -1.43184494972229, -0.010171006433665752
-1.6276787519454956, -1.3611973524093628, -0.009319492615759373
-1.6104795932769775, -1.2796019315719604, -0.011411363258957863
-1.7363712787628174, -1.3238282203674316, -0.006031638476997614
-1.7154362201690674, -1.2987396717071533, -0.009440342895686626
-1.7936573028564453, -1.5090361833572388, -0.02061752788722515
-1.7939505577087402, -1.3682589530944824, -0.019176917150616646
-1.6418349742889404, -1.2974358797073364, -0.006884904112666845
-1.8044224977493286, -1.3580106496810913, -0.006899458821862936
-1.5194581747055054, -1.3243381977081299, -0.009095491841435432
-1.7776439189910889, -1.491538166999817, -0.007851548492908478
-1.8174769878387451, -1.4439103603363037, -6.377111421898007E-4
-1.8162301778793335, -1.5233206748962402, -0.01186348032206297
-1.6750197410583496, -1.4202470779418945, -0.010812053456902504
-1.6728826761245728, -1.2642064094543457, -0.006141069810837507
-1.701352834701538, -1.2803127765655518, -0.006727927830070257
-1.759588599205017, -1.388383388519287, -0.01055080071091652
-1.5982537269592285, -1.389646053314209, -0.009764110669493675
-1.699686050415039, -1.342751383781433, -0.007781229913234711
-1.5675840377807617, -1.3622913360595703, -0.01252173911780119
-1.6274534463882446, -1.2246947288513184, -0.008517058566212654
-1.777350902557373, -1.3429009914398193, -0.0179055854678154
-1.6874589920043945, -1.2538611888885498, -0.009044787846505642
-1.5409269332885742, -1.3572417497634888, -0.011470239609479904
-1.794525384902954, -1.506819248199463, -0.006790835410356522
-1.7298542261123657, -1.3751544952392578, -0.007911833934485912
-1.533767580986023, -1.3388192653656006, -0.006427600979804993
-1.7585740089416504, -1.473996877670288, -0.012997155077755451
-1.566653847694397, -1.2967294454574585, -0.011955132707953453
-1.5421595573425293, -1.3678367137908936, -0.01629737578332424
-1.6118134260177612, -1.402908444404602, -0.00703455088660121
-1.6237045526504517, -1.4159308671951294, -0.007416252978146076
-1.8101701736450195, -1.3726612329483032, -0.006978597026318312
-1.623206377029419, -1.2816907167434692, -0.010448765940964222
-1.6866894960403442, -1.4019432067871094, -0.00702871847897768
-1.7915935516357422, -1.4310849905014038, -0.008222856558859348
-1.7740684747695923, -1.4099124670028687, -0.01557124312967062
-1.6868528127670288, -1.2691476345062256, -0.005680840462446213
-1.8235044479370117, -1.387754201889038, -0.01750868372619152
-1.8372820615768433, -1.4601166248321533, -0.00471199955791235
-1.5963871479034424, -1.266789197921753, -0.012204581871628761
-1.611592173576355, -1.3443421125411987, -0.00921528972685337
-1.8091529607772827, -1.4338332414627075, -0.0052816132083535194
-1.6558353900909424, -1.239999532699585, -0.008066345006227493
-1.865334153175354, -1.4183601140975952, -0.013406763784587383
-1.5960773229599, -1.2690728902816772, -0.017464810982346535
-1.8355035781860352, -1.3885196447372437, -0.011035367846488953
-1.7539665699005127, -1.3231176137924194, -0.015459281392395496
-1.7773009538650513, -1.4179649353027344, -0.02052762359380722
-1.8330610990524292, -1.4633790254592896, -0.017450787127017975
-1.7454817295074463, -1.3196557760238647, -0.021558091044425964
-1.8221893310546875, -1.3847010135650635, -0.01096523366868496
-1.6009323596954346, -1.3324613571166992, -0.01891925185918808
-1.7958295345306396, -1.361515760421753, -0.0168068315833807
-1.564837098121643, -1.239477276802063, -0.008684773929417133
-1.880460500717163, -1.4215400218963623, -0.009456243366003036
-1.6580255031585693, -1.3109185695648193, -0.009081989526748657
-1.808398962020874, -1.4481475353240967, -0.01146994810551405
-1.7039906978607178, -1.3599910736083984, -0.018650319427251816
-1.5346790552139282, -1.3284814357757568, -0.01083370205014944
-1.6425864696502686, -1.236680030822754, -0.010980312712490559
-1.5938607454299927, -1.3927865028381348, -0.017565129324793816
-1.6796908378601074, -1.3340497016906738, -0.01804974116384983
-1.7893974781036377, -1.3426921367645264, -0.0048644146881997585
-1.6423239707946777, -1.3699091672897339, -0.020049508661031723
-1.805772304534912, -1.5242453813552856, -0.020327212288975716
-1.6201893091201782, -1.3483803272247314, -0.01918439194560051
-1.7436063289642334, -1.4605774879455566, -0.012120324186980724
-1.6086235046386719, -1.2673091888427734, -0.006959130521863699
-1.7566722631454468, -1.3284803628921509, -0.019014542922377586
-1.7369239330291748, -1.4970048666000366, -0.03022117353975773
-1.6096073389053345, -1.2078185081481934, -0.007915248163044453
-1.6303396224975586, -1.387493371963501, -0.02209409326314926
-1.643561601638794, -1.4332470893859863, -0.01402483880519867
-1.6934046745300293, -1.4217560291290283, -0.01987258531153202
-1.7378640174865723, -1.4549280405044556, -0.019418146461248398
-1.695137619972229, -1.4163599014282227, -0.01735210232436657
-1.7617383003234863, -1.3299083709716797, -0.009632114320993423
-1.719873309135437, -1.4388682842254639, -0.015389799140393734
-1.6052114963531494, -1.4022901058197021, -0.016163961961865425
-1.6771143674850464, -1.3845338821411133, -0.017525192350149155
-1.6735996007919312, -1.3854639530181885, -0.0093455258756876
-1.8358676433563232, -1.370119333267212, -0.009860748425126076
-1.5206838846206665, -1.322547197341919, -0.018649758771061897
-1.6154998540878296, -1.2430379390716553, -0.01204063929617405
-1.5961062908172607, -1.3125495910644531, -0.011942710727453232
-1.8238346576690674, -1.370474100112915, -0.009672088548541069
-1.6906020641326904, -1.3297359943389893, -0.009270811453461647
-1.7467790842056274, -1.3112865686416626, -0.008666327223181725
-1.8479431867599487, -1.4594818353652954, -0.009892932139337063
-1.5492925643920898, -1.3325011730194092, -0.010808559134602547
-1.6973634958267212, -1.3487790822982788, -0.022341087460517883
-1.7183034420013428, -1.3553611040115356, -0.007809804752469063
-1.7007343769073486, -1.400517225265503, -0.008012342266738415
-1.6584413051605225, -1.4434247016906738, -0.013592563569545746
-1.795785665512085, -1.5174956321716309, -0.012837585061788559
-1.7482508420944214, -1.4774550199508667, -0.010607846081256866
-1.8544704914093018, -1.3939995765686035, -0.009985464625060558
-1.5677952766418457, -1.2835090160369873, -0.01813843473792076
-1.878180980682373, -1.4090721607208252, -0.015961086377501488
-1.7180454730987549, -1.4155256748199463, -0.011550778523087502
-1.7059619426727295, -1.427478313446045, -0.002847769996151328
-1.7464975118637085, -1.3743115663528442, -0.009578315541148186
-1.629856824874878, -1.342999815940857, -0.008637767285108566
-1.733966588973999, -1.4315434694290161, -0.005792665295302868
-1.7882635593414307, -1.3400639295578003, -0.016135208308696747
-1.777586579322815, -1.4777065515518188, -0.010460245423018932
-1.7751632928848267, -1.3980073928833008, -0.010169927962124348
-1.6019693613052368, -1.4167110919952393, -0.024108324199914932
-1.7663280963897705, -1.467485785484314, -0.013137309812009335
-1.7466683387756348, -1.3704752922058105, -0.021319812163710594
-1.5864300727844238, -1.3722926378250122, -0.015298777259886265
-1.675368309020996, -1.312781572341919, -0.005077069159597158
-1.6119558811187744, -1.3275883197784424, -0.0033450950868427753
-1.792270302772522, -1.4811793565750122, -0.008784221485257149
-1.7600395679473877, -1.403519630432129, -0.017719941213726997
-1.8361449241638184, -1.3403663635253906, -0.021178986877202988
-1.5959515571594238, -1.2289446592330933, -0.018127959221601486
-1.7306612730026245, -1.2988402843475342, -0.009801452979445457
-1.7948544025421143, -1.4186828136444092, -0.0068781450390815735
-1.6537044048309326, -1.2947306632995605, -0.009202918037772179
-1.5819815397262573, -1.2385960817337036, -0.01166181918233633
-1.7234102487564087, -1.2859587669372559, -0.006260348483920097
-1.645527720451355, -1.2264842987060547, -0.007877322845160961
-1.7501798868179321, -1.4493613243103027, -0.009451298974454403
-1.7641935348510742, -1.3089791536331177, -0.010459406301379204
-1.8067158460617065, -1.4912147521972656, -0.0048611704260110855
-1.6758381128311157, -1.4573301076889038, -0.01702507585287094
-1.569371223449707, -1.346024513244629, -0.016631927341222763
-1.7141560316085815, -1.2706804275512695, -0.006888569798320532
-1.7873631715774536, -1.3296853303909302, -0.011179749853909016
-1.5825324058532715, -1.3580195903778076, -0.011587272398173809
-1.5333216190338135, -1.3421049118041992, -0.02086087316274643
-1.7589409351348877, -1.3707242012023926, -0.008378928527235985
-1.6709098815917969, -1.3006123304367065, -0.009510321542620659
-1.5647542476654053, -1.2680431604385376, -0.007809151895344257
-1.6723015308380127, -1.4513250589370728, -0.011591853573918343
-1.567936897277832, -1.2253336906433105, -0.010688606649637222
-1.6377204656600952, -1.4109171628952026, -0.011707430705428123
-1.6564348936080933, -1.42741858959198, -0.017445523291826248
-1.5059573650360107, -1.3439438343048096, -0.007979604415595531
-1.7729883193969727, -1.4608299732208252, -0.013735771179199219
-1.7012704610824585, -1.4709572792053223, -0.010325067676603794
-1.8073935508728027, -1.4158732891082764, -0.009299428202211857
-1.8209798336029053, -1.4346914291381836, -0.011137627065181732
-1.6407948732376099, -1.2788358926773071, -0.01953100971877575
-1.7358219623565674, -1.2904952764511108, -0.016041841357946396
-1.7336506843566895, -1.4259328842163086, -0.01641937717795372
-1.6563585996627808, -1.3575565814971924, -0.018553463742136955
-1.6165969371795654, -1.2541172504425049, -0.01778229884803295
-1.7637766599655151, -1.4524306058883667, -0.01853765919804573
-1.5982472896575928, -1.3060033321380615, -0.022739753127098083
-1.6708298921585083, -1.440368413925171, -0.01890270784497261
-1.6736986637115479, -1.3726555109024048, -0.02288651652634144
-1.5210976600646973, -1.3561393022537231, -0.017027974128723145
-1.6891014575958252, -1.3756400346755981, -0.0067789615131914616
-1.8019392490386963, -1.4113084077835083, -0.017834454774856567
-1.6842963695526123, -1.3821364641189575, -0.020511990413069725
-1.6220088005065918, -1.3964108228683472, -0.008621923625469208
-1.7039703130722046, -1.3308212757110596, -0.01767457090318203
-1.7793861627578735, -1.323754072189331, -0.017336715012788773
-1.6265387535095215, -1.3983919620513916, -0.018968138843774796
-1.5785788297653198, -1.2488023042678833, -0.017057090997695923
-1.5500938892364502, -1.3814231157302856, -0.015576417557895184
-1.5356121063232422, -1.29635488986969, -0.0211617611348629
-1.7064411640167236, -1.2679625749588013, -0.02039613202214241
-1.5679596662521362, -1.2113065719604492, -0.01162455789744854
-1.8199450969696045, -1.3547883033752441, -0.014561809599399567
-1.5388048887252808, -1.2961505651474, -0.008149429224431515
-1.6009137630462646, -1.2466319799423218, -0.016771353781223297
-1.6625003814697266, -1.2968064546585083, -0.015737077221274376
-1.612425446510315, -1.3847185373306274, -0.023383909836411476
-1.7458378076553345, -1.29819655418396, -0.00899254810065031
-1.7180633544921875, -1.3423821926116943, -0.018259452655911446
-1.743775486946106, -1.509092092514038, -0.024684308096766472
-1.8520073890686035, -1.452275276184082, -0.022576292976737022
-1.6889578104019165, -1.3154313564300537, -0.007960781455039978
-1.812943935394287, -1.3443459272384644, -0.019126128405332565
-1.5485342741012573, -1.377511739730835, -0.011995011009275913
-1.8674020767211914, -1.372983455657959, -0.00860009528696537
-1.5948108434677124, -1.2876667976379395, -0.010447666980326176
-1.6252857446670532, -1.3812437057495117, -0.008681624196469784
-1.6686488389968872, -1.426184892654419, -0.009977711364626884
-1.7193539142608643, -1.4004013538360596, -0.009201010689139366
-1.643512487411499, -1.3304626941680908, -0.0099400095641613
-1.8216098546981812, -1.4152112007141113, -0.010091720148921013
-1.7034013271331787, -1.385610580444336, -0.019188491627573967
-1.753137469291687, -1.429142951965332, -0.014596972614526749
-1.5391578674316406, -1.2550729513168335, -0.010600192472338676
-1.8104679584503174, -1.4745876789093018, -0.005901137366890907
-1.568906307220459, -1.4012298583984375, -0.023684097453951836
-1.7436325550079346, -1.352431297302246, -0.011195043101906776
-1.7844487428665161, -1.5332945585250854, -0.029142990708351135
-1.6086461544036865, -1.300260305404663, -0.012781763449311256
-1.4927875995635986, -1.336298942565918, -0.008691690862178802
-1.7096141576766968, -1.4771634340286255, -0.01819431036710739
-1.770824909210205, -1.4443926811218262, -0.017878293991088867
-1.7082644701004028, -1.3910027742385864, -0.01180337555706501
-1.8164669275283813, -1.4850817918777466, -0.007311648223549128
-1.7458832263946533, -1.4181737899780273, -0.01830010861158371
-1.762157917022705, -1.4328932762145996, -0.008056349121034145
-1.5928322076797485, -1.2910573482513428, -0.011612953618168831
-1.6459836959838867, -1.3358341455459595, -0.014058586210012436
-1.7898248434066772, -1.4607399702072144, -0.022120114415884018
-1.5382987260818481, -1.36771821975708, -0.01388493925333023
-1.7783745527267456, -1.4467405080795288, -0.009785298258066177
-1.6307324171066284, -1.2615500688552856, -0.004914123099297285
-1.7733625173568726, -1.5150071382522583, -0.014240041375160217
-1.873278260231018, -1.4442027807235718, -0.016149161383509636
-1.5857025384902954, -1.4101712703704834, -0.023958787322044373
-1.691343069076538, -1.295061707496643, -0.00548931211233139
-1.5536253452301025, -1.318049669265747, -0.017570307478308678
-1.6062324047088623, -1.4299525022506714, -0.03272728994488716
-1.801813006401062, -1.3913586139678955, -0.020931171253323555
-1.6208043098449707, -1.306501030921936, -0.010155998170375824
-1.83724045753479, -1.4201076030731201, -0.013029285706579685
-1.6138330698013306, -1.3670578002929688, -0.013514121994376183
-1.7597862482070923, -1.5023837089538574, -0.01476286444813013
-1.5378495454788208, -1.315910816192627, -0.010842757299542427
-1.7082980871200562, -1.324155569076538, -0.004061050247400999
-1.7132376432418823, -1.3135600090026855, -0.011576821096241474
-1.710007667541504, -1.455914855003357, -0.019574057310819626
-1.5988487005233765, -1.3522512912750244, -0.010746235959231853
-1.5535953044891357, -1.251655101776123, -0.013769775629043579
-1.7753331661224365, -1.5077717304229736, -0.011830832809209824
-1.7470515966415405, -1.489950180053711, -0.009324388578534126
-1.8067138195037842, -1.3863091468811035, -0.008405650034546852
-1.5585248470306396, -1.382889986038208, -0.007730965502560139
-1.8071198463439941, -1.4667800664901733, -0.006840821355581284
-1.5460801124572754, -1.2813853025436401, -0.016724921762943268
-1.7033041715621948, -1.4603954553604126, -0.019790496677160263
-1.6773542165756226, -1.2454164028167725, -0.037023577839136124
-1.7502741813659668, -1.4751782417297363, -0.0223406832665205
-1.8638023138046265, -1.354261875152588, -0.011424395255744457
-1.7688826322555542, -1.4885393381118774, -0.0117419408634305
-1.6199748516082764, -1.359628677368164, -0.012765662744641304
-1.69903564453125, -1.420407772064209, -0.008212244138121605
-1.775943636894226, -1.3416242599487305, -0.00982306431978941
-1.6407016515731812, -1.250519037246704, -0.004542757757008076
-1.8432717323303223, -1.3383963108062744, -0.03288063034415245
-1.8072504997253418, -1.5208759307861328, -0.012508520856499672
-1.7393423318862915, -1.481830358505249, -0.008374776691198349
-1.6019855737686157, -1.3352395296096802, -0.014939765445888042
-1.7210075855255127, -1.4474924802780151, -0.007470882963389158
-1.5667568445205688, -1.3691811561584473, -0.012367308139801025
-1.569319248199463, -1.3826810121536255, -0.012317027896642685
-1.799727201461792, -1.44747793674469, -0.006629674229770899
-1.6285358667373657, -1.2351770401000977, -0.010555335320532322
-1.6058059930801392, -1.2205344438552856, -0.018232297152280807
-1.5811891555786133, -1.3895965814590454, -0.009435118176043034
-1.7836675643920898, -1.3627620935440063, -0.011195128783583641
-1.674259901046753, -1.4003541469573975, -0.017516575753688812
-1.8381857872009277, -1.4008419513702393, -0.004887505434453487
-1.7461175918579102, -1.3240807056427002, -0.011135462671518326
-1.6136372089385986, -1.2884234189987183, -0.020917821675539017
-1.9011567831039429, -1.381421685218811, -0.016445837914943695
-1.7988308668136597, -1.53801429271698, -0.02420448325574398
-1.613633155822754, -1.414768934249878, -0.011074330657720566
-1.6282052993774414, -1.4403437376022339, -0.023087434470653534
-1.731777310371399, -1.4617421627044678, -0.007081942167133093
-1.552757740020752, -1.2862586975097656, -0.01052681915462017
-1.7132327556610107, -1.2658324241638184, -0.01846567541360855
-1.8827950954437256, -1.368058204650879, -0.014303664676845074
-1.8306751251220703, -1.472549319267273, -0.007582391612231731
-1.598497986793518, -1.4001045227050781, -0.011242583394050598
-1.8635318279266357, -1.367983102798462, -0.016984082758426666
-1.581787347793579, -1.3268780708312988, -0.018129803240299225
-1.5951919555664062, -1.2044093608856201, -0.009222451597452164
-1.5875579118728638, -1.4005192518234253, -0.010652688331902027
-1.7838488817214966, -1.5122606754302979, -0.017396776005625725
-1.5968050956726074, -1.3209985494613647, -0.0036824101116508245
-1.791822075843811, -1.494412899017334, -0.005229035392403603
-1.7839518785476685, -1.4255472421646118, -0.014289588667452335
-1.7316570281982422, -1.3130028247833252, -0.016911277547478676
-1.6529844999313354, -1.3147733211517334, -0.01864125393331051
-1.8701881170272827, -1.408888339996338, -0.011166749522089958
-1.5618810653686523, -1.3629837036132812, -0.021912649273872375
-1.8779727220535278, -1.4263774156570435, -0.010095726698637009
-1.7117608785629272, -1.2973703145980835, -0.0174355898052454
-1.6411182880401611, -1.3598664999008179, -0.010459781624376774
-1.5672212839126587, -1.3035763502120972, -0.01565544679760933
-1.6596980094909668, -1.3759434223175049, -0.016006873920559883
-1.6537489891052246, -1.452771782875061, -0.016156645491719246
-1.910152554512024, -1.3890044689178467, -0.03747354447841644
-1.5837985277175903, -1.246825098991394, -0.0061470442451536655
-1.7468241453170776, -1.3940104246139526, -0.01909892074763775
-1.7489843368530273, -1.2907284498214722, -0.03664489835500717
-1.599486231803894, -1.2595826387405396, -0.00962879229336977
-1.7328965663909912, -1.4476597309112549, -0.012761293910443783
-1.6484205722808838, -1.4470609426498413, -0.023413265123963356
-1.6466145515441895, -1.4342831373214722, -0.015311670489609241
-1.6749881505966187, -1.3277757167816162, -0.011909851804375648
-1.6261643171310425, -1.4397066831588745, -0.036310505121946335
-1.7321710586547852, -1.3816667795181274, -0.018324557691812515
-1.68268883228302, -1.4080933332443237, -0.019237259402871132
-1.518733024597168, -1.338139295578003, -0.010787438601255417
-1.6305309534072876, -1.4300456047058105, -0.018125900998711586
-1.5269379615783691, -1.2714648246765137, -0.01286032609641552
-1.852806568145752, -1.483346700668335, -0.022797463461756706
-1.6572747230529785, -1.2498064041137695, -0.007266365922987461
-1.5976086854934692, -1.208517074584961, -0.022596444934606552
-1.7619783878326416, -1.4800907373428345, -0.01713351160287857
-1.826108455657959, -1.5240694284439087, -0.015740076079964638
-1.6880497932434082, -1.2483549118041992, -0.03217009827494621
-1.7162928581237793, -1.3683394193649292, -0.016231240704655647
-1.5805596113204956, -1.3752492666244507, -0.008886146359145641
-1.53298819065094, -1.2668737173080444, -0.008804001845419407
-1.7141997814178467, -1.4253395795822144, -0.005040687508881092
-1.8441752195358276, -1.388659954071045, -0.015123412013053894
-1.5809122323989868, -1.306181788444519, -0.012018835172057152
-1.8636455535888672, -1.4247719049453735, -0.015183058567345142
-1.5089185237884521, -1.3118175268173218, -0.012057257816195488
