-0.42616045475006104, -0.9519692659378052, -0.08431319892406464
-0.455045610666275, -0.9211069941520691, -0.06756056100130081
-0.4234311878681183, -0.9647467732429504, -0.08319249004125595
-0.4409477114677429, -0.9398505687713623, -0.09282033890485764
-0.44078272581100464, -0.9352027773857117, -0.06658117473125458
-0.41193780303001404, -0.9805520176887512, -0.053560346364974976
-0.41396647691726685, -0.9687368869781494, -0.06622099131345749
-0.4247490465641022, -0.962255597114563, -0.06703672558069229
-0.4392634630203247, -0.9365906119346619, -0.0525616817176342
-0.41184279322624207, -0.9804568886756897, -0.06741635501384735
-0.43813732266426086, -0.9483738541603088, -0.09828589856624603
-0.4261850118637085, -0.9515646696090698, -0.09788709878921509
-0.47263476252555847, -0.8961507678031921, -0.05245049670338631
-0.42506349086761475, -0.9624351859092712, -0.13924603164196014
-0.398298054933548, -0.9973551034927368, -0.0972568616271019
-0.39737677574157715, -0.9956833124160767, -0.06601491570472717
-0.41037505865097046, -0.9806036949157715, -0.12609761953353882
-0.3793942928314209, -1.0244640111923218, -0.08203651756048203
-0.3699783682823181, -1.0323086977005005, -0.06914965808391571
-0.36671173572540283, -1.0426361560821533, -0.09878475964069366
-0.3666535019874573, -1.0416021347045898, -0.0665731430053711
-0.47071075439453125, -0.8955825567245483, -0.039594799280166626
-0.4076886773109436, -0.9950225949287415, -0.1270170956850052
-0.3827700912952423, -1.0134482383728027, -0.0221412293612957
-0.46855151653289795, -0.9012448787689209, -0.04033427685499191
-0.3828360438346863, -1.0150779485702515, -0.037751100957393646
-0.39838895201683044, -0.9984697699546814, -0.11473339051008224
-0.4583686292171478, -0.9088956117630005, -0.065909244120121
-0.42372918128967285, -0.9646618366241455, -0.1251712292432785
-0.4442330300807953, -0.9247399568557739, -0.052464064210653305
-0.44579607248306274, -0.9227793216705322, -0.02467365749180317
-0.42101261019706726, -0.9757891893386841, -0.12738198041915894
-0.47324883937835693, -0.9031578302383423, -0.1444340944290161
-0.39688965678215027, -0.9958532452583313, -0.040189649909734726
-0.47270721197128296, -0.9032959938049316, -0.08218920975923538
-0.43873730301856995, -0.9392529726028442, -0.12804922461509705
-0.38308411836624146, -1.013419508934021, -0.06543988734483719
-0.41060671210289, -0.9821459650993347, -0.022742534056305885
-0.43790289759635925, -0.9475601315498352, -0.08228908479213715
-0.3816245496273041, -1.0132497549057007, -0.11390441656112671
-0.44022807478904724, -0.9345201849937439, -0.08517599105834961
-0.4572221636772156, -0.9188882112503052, -0.051494404673576355
-0.42586269974708557, -0.9555500745773315, -0.12530069053173065
-0.40951842069625854, -0.98532634973526, -0.09949629753828049
-0.4602918326854706, -0.9082750082015991, -0.12709525227546692
-0.4555278420448303, -0.9223632216453552, -0.0996749997138977
-0.38530004024505615, -1.013327956199646, -0.08414650708436966
-0.4300280213356018, -0.9484246373176575, -0.06575615704059601
-0.39723220467567444, -0.9961683750152588, -0.0804804190993309
-0.42247793078422546, -0.9656911492347717, -0.053251370787620544
-0.3918524980545044, -1.0088835954666138, -0.14303156733512878
-0.4267767369747162, -0.9528099894523621, -0.037436679005622864
-0.3702099025249481, -1.0297666788101196, -0.12652555108070374
-0.4215957522392273, -0.9642840623855591, -0.03241412341594696
-0.4062894582748413, -0.993018388748169, -0.10178717970848083
-0.41429802775382996, -0.968065083026886, -0.09837489575147629
-0.45980384945869446, -0.9078189134597778, -0.051757875829935074
-0.41308173537254333, -0.990351676940918, -0.10692168027162552
-0.3788021206855774, -1.0258474349975586, -0.11357381939888
-0.469210147857666, -0.9018868207931519, -0.10807107388973236
-0.42785075306892395, -0.9527177214622498, -0.05339530482888222
-0.44523343443870544, -0.9247183799743652, -0.08007988333702087
-0.4097294509410858, -0.9801518321037292, -0.11439219862222672
-0.36970850825309753, -1.0304489135742188, -0.05131423845887184
-0.40201497077941895, -0.9831950664520264, -0.09584019333124161
-0.3926301896572113, -1.008474588394165, -0.06518310308456421
-0.3686191141605377, -1.0319565534591675, -0.11511249840259552
-0.42343756556510925, -0.9633283615112305, -0.1092509925365448
-0.3959381878376007, -0.9961245059967041, -0.14260655641555786
-0.3674817681312561, -1.0412479639053345, -0.04927263408899307
-0.42177626490592957, -0.9686734080314636, -0.09709492325782776
-0.37214332818984985, -1.028396487236023, -0.09735886752605438
-0.3939121961593628, -1.0065807104110718, -0.08029685169458389
-0.3848194181919098, -1.0126360654830933, -0.05052490904927254
-0.39307457208633423, -1.0095937252044678, -0.1289084106683731
-0.42970991134643555, -0.9409033060073853, -0.05295633152127266
-0.41627413034439087, -0.9666948914527893, -0.11158707737922668
-0.4129333794116974, -0.9675574898719788, -0.08137106895446777
-0.4001445174217224, -0.9862076044082642, -0.12473589926958084
-0.3945564925670624, -0.9999511241912842, -0.12877438962459564
-0.4355193078517914, -0.9490814208984375, -0.052423153072595596
-0.4578552842140198, -0.9072933197021484, -0.08202716708183289
-0.44479960203170776, -0.9257030487060547, -0.06795495003461838
-0.3978062868118286, -0.9977166652679443, -0.020556705072522163
-0.3654646873474121, -1.0402894020080566, -0.08273033052682877
-0.45701128244400024, -0.9205315113067627, -0.1275729537010193
-0.472179651260376, -0.8966003060340881, -0.08521727472543716
-0.3915395736694336, -1.007537841796875, -0.09544887393712997
-0.39727768301963806, -0.9952205419540405, -0.05221604183316231
-0.4104718565940857, -0.9814276695251465, -0.0808747336268425
-0.37705162167549133, -1.0244872570037842, -0.12404736876487732
-0.36706817150115967, -1.0405198335647583, -0.11403997987508774
-0.45931440591812134, -0.9064203500747681, -0.0360209085047245
-0.41066300868988037, -0.9840729236602783, -0.03842022642493248
-0.4069356620311737, -0.9946691393852234, -0.05230597406625748
-0.3833915889263153, -1.0138468742370605, -0.09789768606424332
-0.3934207558631897, -1.0134546756744385, -0.15886351466178894
-0.3794405460357666, -1.0245803594589233, -0.0985846072435379
-0.45279961824417114, -0.9194717407226562, -0.038338907063007355
-0.3936849534511566, -1.0105903148651123, -0.05821475014090538
-0.45523717999458313, -0.9188969135284424, -0.08155505359172821
-0.36826974153518677, -1.0291197299957275, -0.08460300415754318
-0.462176650762558, -0.8936132192611694, -0.09628322720527649
-0.46201735734939575, -0.8950732946395874, -0.08590387552976608
-0.36526423692703247, -1.0519901514053345, -0.05656588077545166
-0.3783833384513855, -1.0256198644638062, -0.07309500873088837
-0.38826391100883484, -0.999722421169281, -0.13038596510887146
-0.39849328994750977, -0.9862130284309387, -0.11203715950250626
-0.3987559378147125, -0.9858393669128418, -0.08087775111198425
-0.368499219417572, -1.0386686325073242, -0.021597830578684807
-0.4444862902164459, -0.9267426133155823, -0.09383831173181534
-0.401129812002182, -0.9833669662475586, -0.055042967200279236
-0.4134643077850342, -0.9702767133712769, -0.03564656525850296
-0.42970022559165955, -0.9412369728088379, -0.12677539885044098
-0.4386849105358124, -0.9366815686225891, -0.11091979593038559
-0.430525541305542, -0.9387400150299072, -0.08340410143136978
-0.42492878437042236, -0.9506580829620361, -0.1565551608800888
-0.39851710200309753, -0.9856894016265869, -0.07175450772047043
-0.39408886432647705, -1.0098350048065186, -0.03881481662392616
-0.472432017326355, -0.903537392616272, -0.05393997207283974
-0.3893929719924927, -1.0013097524642944, -0.11231046915054321
-0.41352224349975586, -0.9654356837272644, -0.05364935100078583
-0.4314776062965393, -0.9365355372428894, -0.09899064153432846
-0.4352986812591553, -0.948569655418396, -0.11663732677698135
-0.37958770990371704, -1.0241937637329102, -0.053307533264160156
-0.3952009379863739, -1.0103158950805664, -0.018928473815321922
-0.36871498823165894, -1.0441406965255737, -0.03637436032295227
-0.40441274642944336, -0.9695741534233093, -0.08424675464630127
-0.44006869196891785, -0.9368042945861816, -0.14105714857578278
-0.4504072964191437, -0.932719349861145, -0.12367724627256393
-0.4494812786579132, -0.910107433795929, -0.10135596245527267
-0.4719094932079315, -0.8954771161079407, -0.06951409578323364
-0.44833052158355713, -0.9101042747497559, -0.02321613021194935
-0.4239689111709595, -0.9636815190315247, -0.018659353256225586
-0.4136165678501129, -0.9679769277572632, -0.14392037689685822
-0.35940083861351013, -1.0432528257369995, -0.042795754969120026
-0.3880017399787903, -0.9996662139892578, -0.080663301050663
-0.442693293094635, -0.9269037246704102, -0.03761082515120506
-0.43042439222335815, -0.9383202791213989, -0.06617885828018188
-0.43776917457580566, -0.9486834406852722, -0.06364917010068893
-0.4164111018180847, -0.9567773342132568, -0.04580328240990639
-0.386294960975647, -0.9990131855010986, -0.06164123862981796
