-1.521743893623352, -1.2837897539138794, -0.11324390769004822
-1.5407910346984863, -1.2349709272384644, -0.1296653151512146
-1.533432960510254, -1.2799429893493652, -0.11365651339292526
-1.5403026342391968, -1.2389448881149292, -0.11411071568727493
-1.5264215469360352, -1.2684211730957031, -0.08298792690038681
-1.5229542255401611, -1.2703702449798584, -0.06397759914398193
-1.5040318965911865, -1.3156418800354004, -0.11170078814029694
-1.5324146747589111, -1.2783961296081543, -0.12499478459358215
-1.5383135080337524, -1.253814697265625, -0.11427205055952072
-1.5212831497192383, -1.266225814819336, -0.15824612975120544
-1.5477449893951416, -1.251017451286316, -0.09769655019044876
-1.521399736404419, -1.2809431552886963, -0.09546610713005066
-1.5212846994400024, -1.2808077335357666, -0.08162277191877365
-1.514286756515503, -1.2872509956359863, -0.06723476946353912
-1.5072757005691528, -1.3132691383361816, -0.09571674466133118
-1.5530065298080444, -1.2391029596328735, -0.09909883886575699
-1.520308494567871, -1.280479907989502, -0.14582709968090057
-1.5383204221725464, -1.236246109008789, -0.1594044268131256
-1.5590386390686035, -1.206809401512146, -0.14519795775413513
-1.5505881309509277, -1.2371547222137451, -0.08200889080762863
-1.5535959005355835, -1.233667016029358, -0.14405523240566254
-1.5515751838684082, -1.2240278720855713, -0.14325691759586334
-1.5511140823364258, -1.236940622329712, -0.11253739893436432
-1.5664637088775635, -1.2060487270355225, -0.12863357365131378
-1.5664135217666626, -1.206426739692688, -0.11436308920383453
-1.5672321319580078, -1.2065024375915527, -0.1436184048652649
-1.553219199180603, -1.2450101375579834, -0.07906576991081238
-1.5222529172897339, -1.2831107378005981, -0.05709967762231827
-1.5253220796585083, -1.2712064981460571, -0.05055132880806923
-1.5395935773849487, -1.2389780282974243, -0.06593663990497589
-1.4977385997772217, -1.3102736473083496, -0.1253528892993927
-1.5254969596862793, -1.2661113739013672, -0.037455275654792786
-1.539043664932251, -1.2369967699050903, -0.05132138356566429
-1.552783727645874, -1.239548921585083, -0.05101257935166359
-1.5389552116394043, -1.2373826503753662, -0.03764745965600014
-1.506266713142395, -1.3113237619400024, -0.05125312879681587
-1.5418763160705566, -1.2244617938995361, -0.05136111378669739
-1.5261406898498535, -1.266550064086914, -0.1683788001537323
-1.571178913116455, -1.1950196027755737, -0.07213741540908813
-1.5516810417175293, -1.2382367849349976, -0.03416850045323372
-1.5785702466964722, -1.1923006772994995, -0.06792429089546204
-1.551167607307434, -1.2368639707565308, -0.020225385203957558
-1.5259811878204346, -1.2678954601287842, -0.111056387424469
-1.5047944784164429, -1.3152414560317993, -0.12893369793891907
-1.496597170829773, -1.327591061592102, -0.08304496854543686
-1.551950216293335, -1.2351675033569336, -0.1257563680410385
-1.580186367034912, -1.1951184272766113, -0.0527990385890007
-1.5696698427200317, -1.18902587890625, -0.0553821325302124
-1.5330129861831665, -1.2672899961471558, -0.12724219262599945
-1.5508313179016113, -1.2269692420959473, -0.08255091309547424
-1.5519883632659912, -1.2237026691436768, -0.11102688312530518
-1.5083792209625244, -1.3002212047576904, -0.1106594055891037
-1.5084714889526367, -1.3116320371627808, -0.06956646591424942
-1.550966739654541, -1.223448395729065, -0.09523039311170578
-1.5062525272369385, -1.323772668838501, -0.08173666894435883
-1.5517866611480713, -1.2242977619171143, -0.12955325841903687
-1.5079752206802368, -1.3113067150115967, -0.03829636424779892
-1.570235252380371, -1.1946609020233154, -0.08540120720863342
-1.5488473176956177, -1.2360936403274536, -0.0641404539346695
-1.5532357692718506, -1.2241742610931396, -0.03685324639081955
-1.5098421573638916, -1.3099839687347412, -0.08168195188045502
-1.5678118467330933, -1.1931999921798706, -0.11209940165281296
-1.5678040981292725, -1.2081965208053589, -0.08295213431119919
-1.5097267627716064, -1.2976354360580444, -0.09966536611318588
-1.581894040107727, -1.1889386177062988, -0.03541254252195358
-1.5617083311080933, -1.2225465774536133, -0.09538911283016205
-1.5348701477050781, -1.264665126800537, -0.10032907873392105
-1.5514105558395386, -1.2246969938278198, -0.05089092254638672
-1.4939604997634888, -1.3144807815551758, -0.06678646802902222
-1.5647870302200317, -1.2255996465682983, -0.12539157271385193
-1.5367279052734375, -1.2659261226654053, -0.06627503782510757
-1.533374309539795, -1.2820169925689697, -0.1430293172597885
-1.5661407709121704, -1.2053947448730469, -0.06798695027828217
-1.5684876441955566, -1.2057890892028809, -0.09693875163793564
-1.580568790435791, -1.2022347450256348, -0.03519338369369507
-1.5076777935028076, -1.3016293048858643, -0.12445123493671417
-1.5776925086975098, -1.208927869796753, -0.08131909370422363
-1.5048314332962036, -1.3229341506958008, -0.036346983164548874
-1.5819098949432373, -1.1916385889053345, -0.09510970115661621
-1.5047141313552856, -1.2998136281967163, -0.08361788839101791
-1.5806453227996826, -1.1924407482147217, -0.11414674669504166
-1.534118890762329, -1.2654904127120972, -0.08172857761383057
-1.5497801303863525, -1.2367554903030396, -0.17104026675224304
-1.5372663736343384, -1.2647868394851685, -0.15734067559242249
-1.5672012567520142, -1.206963062286377, -0.05184710770845413
-1.5329266786575317, -1.2669821977615356, -0.11070112884044647
-1.5562208890914917, -1.2259241342544556, -0.021114928647875786
-1.5660934448242188, -1.2082117795944214, -0.037978146225214005
-1.5203797817230225, -1.2801964282989502, -0.12619824707508087
-1.5338785648345947, -1.2684497833251953, -0.05336851626634598
-1.5039172172546387, -1.3251498937606812, -0.0494694709777832
-1.5180233716964722, -1.295677900314331, -0.08367626368999481
-1.5399839878082275, -1.2526437044143677, -0.14394718408584595
-1.4979326725006104, -1.3136435747146606, -0.023037303239107132
-1.5565476417541504, -1.210148811340332, -0.09805984795093536
-1.5664327144622803, -1.2192931175231934, -0.07024751603603363
-1.540584921836853, -1.2538219690322876, -0.08329534530639648
-1.5045945644378662, -1.3109639883041382, -0.14220429956912994
-1.5097295045852661, -1.2988388538360596, -0.14092320203781128
-1.489858627319336, -1.3442530632019043, -0.037202008068561554
-1.5051130056381226, -1.321212649345398, -0.11046207696199417
-1.5675665140151978, -1.2233271598815918, -0.08633618801832199
-1.5327491760253906, -1.2639707326889038, -0.14213266968727112
-1.5307883024215698, -1.279836654663086, -0.09963463246822357
-1.5014859437942505, -1.3273377418518066, -0.09789744019508362
-1.5362461805343628, -1.2503679990768433, -0.09610837697982788
-1.5138916969299316, -1.2969887256622314, -0.021173682063817978
-1.505478858947754, -1.310716986656189, -0.024409061297774315
-1.4950922727584839, -1.3123893737792969, -0.038362517952919006
-1.4950896501541138, -1.327607274055481, -0.0222463458776474
-1.523756504058838, -1.279787302017212, -0.06825260818004608
-1.506542682647705, -1.3269095420837402, -0.02061465010046959
-1.568863868713379, -1.1944873332977295, -0.01963907666504383
-1.4955523014068604, -1.3244060277938843, -0.12855130434036255
-1.4946125745773315, -1.3107801675796509, -0.05154205486178398
-1.492258906364441, -1.3268626928329468, -0.06657753884792328
-1.5165966749191284, -1.2928788661956787, -0.05183207243680954
-1.549662470817566, -1.2353878021240234, -0.15700426697731018
-1.5126394033432007, -1.2823221683502197, -0.12849164009094238
-1.521773099899292, -1.2932677268981934, -0.10097481310367584
-1.583089828491211, -1.1812107563018799, -0.12557931244373322
-1.552232027053833, -1.2239962816238403, -0.07019903510808945
-1.5678668022155762, -1.1936824321746826, -0.038145825266838074
-1.4979403018951416, -1.32680344581604, -0.005993969272822142
-1.5534566640853882, -1.2049267292022705, -0.08010270446538925
-1.4963958263397217, -1.3153200149536133, -0.08581394702196121
-1.5376477241516113, -1.2524632215499878, -0.12900325655937195
-1.5692124366760254, -1.2168165445327759, -0.020531300455331802
-1.48879873752594, -1.3471163511276245, -0.023659726604819298
-1.5590734481811523, -1.2105815410614014, -0.11298437416553497
-1.5039162635803223, -1.326378345489502, -0.06321020424365997
-1.5069518089294434, -1.3017445802688599, -0.06783412396907806
-1.5235108137130737, -1.30797278881073, -0.05870978534221649
-1.5487576723098755, -1.2545890808105469, -0.1329241544008255
-1.5463674068450928, -1.2537142038345337, -0.1174718588590622
-1.5145725011825562, -1.2880719900131226, -0.08051059395074844
-1.5700746774673462, -1.1939001083374023, -0.09776360541582108
-1.4902541637420654, -1.3287161588668823, -0.10798153281211853
-1.566046118736267, -1.2172843217849731, -0.16198734939098358
-1.5425933599472046, -1.2384387254714966, -0.09261755645275116
-1.5415270328521729, -1.2404863834381104, -0.028652001172304153
-1.5139881372451782, -1.279744267463684, -0.036110781133174896
-1.5380351543426514, -1.2535651922225952, -0.022070404142141342
-1.5814576148986816, -1.190516710281372, -0.08101527392864227
-1.5210379362106323, -1.3046599626541138, -0.06822724640369415
-1.569927453994751, -1.1924198865890503, -0.12853017449378967
-1.5132023096084595, -1.2750366926193237, -0.09754323959350586
-1.5519702434539795, -1.2230266332626343, -0.15637952089309692
-1.523289680480957, -1.2810157537460327, -0.037480272352695465
-1.491405963897705, -1.327135443687439, -0.09693396836519241
-1.5411241054534912, -1.2412950992584229, -0.08054596185684204
-1.520042061805725, -1.2965607643127441, -0.12845560908317566
-1.5457844734191895, -1.2512292861938477, -0.14245182275772095
-1.5378518104553223, -1.2533329725265503, -0.05061646178364754
-1.5015610456466675, -1.3229812383651733, -0.1491272896528244
-1.5249500274658203, -1.282241940498352, -0.16167370975017548
-1.5026108026504517, -1.3220654726028442, -0.1224765032529831
-1.5752456188201904, -1.205466628074646, -0.1338883936405182
-1.5565097332000732, -1.2082059383392334, -0.058042459189891815
-1.4986143112182617, -1.3276472091674805, -0.05759434029459953
-1.5201387405395508, -1.295746922492981, -0.14845000207424164
-1.518184781074524, -1.3068020343780518, -0.041694045066833496
-1.5373250246047974, -1.2499289512634277, -0.15705160796642303
-1.5443722009658813, -1.2266706228256226, -0.08619990199804306
-1.4835317134857178, -1.3565900325775146, -0.0938674807548523
-1.5180772542953491, -1.2947189807891846, -0.04116152226924896
-1.5751452445983887, -1.203749656677246, -0.06752726435661316
-1.541797399520874, -1.2235158681869507, -0.10900772362947464
-1.490012288093567, -1.301179051399231, -0.06085020676255226
-1.5435444116592407, -1.2281138896942139, -0.03495258837938309
-1.5161874294281006, -1.296103596687317, -0.15220406651496887
-1.477751612663269, -1.3389482498168945, -0.10502641648054123
-1.538666009902954, -1.2522560358047485, -0.035627979785203934
-1.5354207754135132, -1.2687129974365234, -0.024345435202121735
-1.5229432582855225, -1.2810616493225098, -0.021210351958870888
-1.4909234046936035, -1.3472298383712769, -0.08164448291063309
-1.5255589485168457, -1.2648005485534668, -0.09776513278484344
-1.525972843170166, -1.2658294439315796, -0.024360306560993195
-1.515025019645691, -1.3087981939315796, -0.11987017095088959
-1.5388388633728027, -1.2792689800262451, -0.08889861404895782
-1.508537769317627, -1.2983280420303345, -0.056305475533008575
-1.4849637746810913, -1.348024845123291, -0.0885939970612526
-1.4993946552276611, -1.2972068786621094, -0.08944228291511536
-1.5205233097076416, -1.3108654022216797, -0.15151347219944
