-1.3575270175933838, -1.7282339334487915, -0.020901398733258247
-1.374023199081421, -1.759619116783142, -0.020531754940748215
-1.3419058322906494, -1.7023844718933105, -0.0179324671626091
-1.3572956323623657, -1.717895746231079, -0.011440708301961422
-1.373229742050171, -1.7452656030654907, -0.010875100269913673
-1.3753187656402588, -1.761777400970459, -0.0096438592299819
-1.3265154361724854, -1.684074878692627, -0.017007436603307724
-1.419767141342163, -1.7314317226409912, -0.01987762376666069
-1.4483470916748047, -1.7646185159683228, -0.017497293651103973
-1.4343880414962769, -1.745268702507019, -0.013470787554979324
-1.419118881225586, -1.7183489799499512, -0.019660670310258865
-1.4004099369049072, -1.689318299293518, -0.018303282558918
-1.362109661102295, -1.6419020891189575, -0.012442365288734436
-1.3642667531967163, -1.6377290487289429, -0.024401042610406876
-1.4492437839508057, -1.6696155071258545, -0.006210904102772474
-1.386008381843567, -1.6742439270019531, -0.022506289184093475
-1.4690581560134888, -1.6979613304138184, -0.01944984495639801
-1.3529984951019287, -1.6206011772155762, -0.0215280931442976
-1.4774928092956543, -1.7018530368804932, -0.010528657585382462
-1.4650956392288208, -1.6857467889785767, -0.02213471382856369
-1.4305449724197388, -1.628090500831604, -0.010919902473688126
-1.491025686264038, -1.7206224203109741, -0.017628222703933716
-1.4069335460662842, -1.61301589012146, -0.01888454146683216
-1.5112158060073853, -1.6711785793304443, -0.013803435489535332
-1.525549292564392, -1.6842933893203735, -0.015282840467989445
-1.4194214344024658, -1.6236143112182617, -0.017269862815737724
-1.4173060655593872, -1.6155622005462646, -0.01092312391847372
-1.404039978981018, -1.594719409942627, -0.017794907093048096
-1.5077875852584839, -1.749762773513794, -0.010985509492456913
-1.501821517944336, -1.7458441257476807, -0.019846923649311066
-1.5124644041061401, -1.7632249593734741, -0.02031947299838066
-1.5400688648223877, -1.7072551250457764, -0.020190905779600143
-1.5385198593139648, -1.688664197921753, -0.010966263711452484
-1.4925261735916138, -1.6273261308670044, -0.00889933668076992
-1.5542720556259155, -1.7203662395477295, -0.019979579374194145
-1.520270586013794, -1.7637475728988647, -0.009799112565815449
-1.5673915147781372, -1.720318078994751, -0.010576539672911167
-1.5689442157745361, -1.7361388206481934, -0.02083633653819561
-1.5873708724975586, -1.6751501560211182, -0.016215354204177856
-1.574225664138794, -1.7496693134307861, -0.018832873553037643
-1.614856481552124, -1.7054561376571655, -0.018654031679034233
-1.5857549905776978, -1.758939266204834, -0.020110931247472763
-1.5892701148986816, -1.7773759365081787, -0.012050707824528217
-1.5948444604873657, -1.7602145671844482, -0.017120379954576492
-1.5842926502227783, -1.6572729349136353, -0.017838532105088234
-1.5684959888458252, -1.63773775100708, -0.012918137013912201
-1.625467300415039, -1.722904920578003, -0.018135320395231247
-1.6310646533966064, -1.7153611183166504, -0.00884726457297802
-1.6460927724838257, -1.7357224225997925, -0.019418470561504364
-1.6117103099822998, -1.793238639831543, -0.016311869025230408
-1.6418514251708984, -1.7470431327819824, -0.010382560081779957
-1.6498453617095947, -1.6578508615493774, -0.016430718824267387
-1.6539887189865112, -1.7352787256240845, -0.008220691233873367
-1.6615846157073975, -1.764744758605957, -0.015529985539615154
-1.6750770807266235, -1.7599058151245117, -0.0167265385389328
-1.6267354488372803, -1.8071105480194092, -0.010927559807896614
-1.643357753753662, -1.6444977521896362, -0.018764156848192215
-1.6744728088378906, -1.6868494749069214, -0.015525879338383675
-1.3729472160339355, -1.6422971487045288, -0.016935285180807114
-1.6169142723083496, -1.6895111799240112, -0.008709174580872059
-1.478277325630188, -1.6110185384750366, -0.022485459223389626
-1.6577566862106323, -1.6442536115646362, -0.01049627736210823
-1.6006559133529663, -1.6706105470657349, -0.01763562299311161
-1.5796431303024292, -1.7324498891830444, -0.02103782258927822
-1.6598625183105469, -1.746921181678772, -0.016076017171144485
-1.5803654193878174, -1.6385427713394165, -0.018592827022075653
-1.6720516681671143, -1.6743128299713135, -0.020635288208723068
-1.521006464958191, -1.6549104452133179, -0.018888946622610092
-1.4371085166931152, -1.6524372100830078, -0.016929376870393753
-1.4325100183486938, -1.7358297109603882, -0.019381627440452576
-1.4507293701171875, -1.7747445106506348, -0.011630058288574219
-1.3721964359283447, -1.7348442077636719, -0.018859902396798134
-1.360306978225708, -1.6171493530273438, -0.020648173987865448
-1.5048466920852661, -1.7304917573928833, -0.010440153069794178
-1.5647908449172974, -1.623327612876892, -0.01795576512813568
-1.4186030626296997, -1.7013418674468994, -0.01891636848449707
-1.4461759328842163, -1.7508844137191772, -0.021253487095236778
-1.4661390781402588, -1.7791993618011475, -0.017594702541828156
-1.4193241596221924, -1.6119252443313599, -0.01752941869199276
-1.6380560398101807, -1.7159945964813232, -0.017619295045733452
-1.616673231124878, -1.6963402032852173, -0.012445203959941864
-1.585901141166687, -1.7437361478805542, -0.01712171919643879
-1.5974905490875244, -1.7473385334014893, -0.009410934522747993
-1.551975131034851, -1.6872937679290771, -0.010776156559586525
-1.583133339881897, -1.7323689460754395, -0.00891339872032404
-1.5079048871994019, -1.646340012550354, -0.00941454991698265
-1.6127175092697144, -1.6741313934326172, -0.01034723874181509
-1.433704137802124, -1.7206695079803467, -0.009804263710975647
-1.4537965059280396, -1.6628414392471313, -0.015797896310687065
-1.3878916501998901, -1.7623142004013062, -0.012110399082303047
-1.5220813751220703, -1.754894495010376, -0.01873083785176277
-1.3853168487548828, -1.7495715618133545, -0.018939286470413208
-1.46512770652771, -1.7658016681671143, -0.010517905466258526
-1.3424649238586426, -1.6871631145477295, -0.013339143246412277
-1.5502042770385742, -1.7008445262908936, -0.006953884847462177
-1.4921597242355347, -1.61420738697052, -0.009382473304867744
-1.5384706258773804, -1.6846601963043213, -0.01774197444319725
-1.5252881050109863, -1.656192421913147, -0.008325089700520039
-1.3908137083053589, -1.7656081914901733, -0.016620293259620667
-1.5186082124710083, -1.7384874820709229, -0.01864149421453476
-1.6388719081878662, -1.8206393718719482, -0.012496142648160458
-1.6230360269546509, -1.6861222982406616, -0.02181571163237095
-1.4606051445007324, -1.6693766117095947, -0.021840984001755714
-1.4763973951339722, -1.7744419574737549, -0.0164487324655056
-1.3119986057281494, -1.6700356006622314, -0.019031021744012833
-1.3607797622680664, -1.7357536554336548, -0.014042234048247337
-1.4436804056167603, -1.7327879667282104, -0.019215838983654976
-1.4479705095291138, -1.7474027872085571, -0.01081047859042883
-1.6383386850357056, -1.8095347881317139, -0.018444420769810677
-1.3547439575195312, -1.5969319343566895, -0.01091768965125084
-1.5558910369873047, -1.6999403238296509, -0.019651751965284348
-1.4468162059783936, -1.6712346076965332, -0.01961945928633213
-1.549851417541504, -1.6844589710235596, -0.020934823900461197
-1.4920514822006226, -1.7006871700286865, -0.01908930391073227
-1.405227780342102, -1.6992790699005127, -0.008517774753272533
-1.3588041067123413, -1.7008825540542603, -0.0202178992331028
-1.4778354167938232, -1.6722753047943115, -0.016278311610221863
-1.4563157558441162, -1.6570408344268799, -0.019681643694639206
-1.3719536066055298, -1.7133456468582153, -0.012610159814357758
-1.4022812843322754, -1.6558574438095093, -0.019566059112548828
-1.3816211223602295, -1.6559642553329468, -0.01625397801399231
-1.565983533859253, -1.7023661136627197, -0.01129644550383091
-1.3727213144302368, -1.7294528484344482, -0.01149763260036707
-1.4058879613876343, -1.6743186712265015, -0.02073833905160427
-1.366565227508545, -1.7104344367980957, -0.023494703695178032
-1.4876108169555664, -1.731021523475647, -0.01918649487197399
-1.416290283203125, -1.6001079082489014, -0.012697296217083931
-1.4004011154174805, -1.7649054527282715, -0.01986837387084961
-1.4188646078109741, -1.7309545278549194, -0.012113388627767563
-1.429621934890747, -1.703657865524292, -0.00915218424052
-1.41574227809906, -1.6856156587600708, -0.011614110320806503
-1.3435750007629395, -1.6743208169937134, -0.01621660590171814
-1.537437081336975, -1.791211724281311, -0.019246719777584076
-1.559455394744873, -1.8007169961929321, -0.017576975747942924
-1.5968674421310425, -1.644872784614563, -0.011843018233776093
-1.341796875, -1.6594351530075073, -0.018383601680397987
-1.5200086832046509, -1.6491085290908813, -0.015683306381106377
-1.6263326406478882, -1.7935336828231812, -0.01885218359529972
-1.4917951822280884, -1.6129672527313232, -0.01941811293363571
-1.5461959838867188, -1.7821866273880005, -0.015596737153828144
-1.5381741523742676, -1.669114589691162, -0.020497707650065422
-1.387689232826233, -1.646146297454834, -0.021560369059443474
-1.5077242851257324, -1.6281028985977173, -0.010394874028861523
-1.4468787908554077, -1.643009901046753, -0.012756935320794582
-1.5355615615844727, -1.7631769180297852, -0.01957804337143898
-1.3702573776245117, -1.6114381551742554, -0.0170162133872509
-1.4811913967132568, -1.6853163242340088, -0.018749384209513664
-1.3408153057098389, -1.6066004037857056, -0.019177637994289398
-1.539412021636963, -1.7630383968353271, -0.007111235521733761
-1.521872639656067, -1.6398253440856934, -0.009398302063345909
-1.36234712600708, -1.7178139686584473, -0.020656730979681015
-1.4839502573013306, -1.7874250411987305, -0.014566105790436268
-1.4921221733093262, -1.6987192630767822, -0.011225330643355846
-1.337302565574646, -1.5952410697937012, -0.023935943841934204
-1.6123981475830078, -1.762235403060913, -0.009117724373936653
-1.6386127471923828, -1.702583909034729, -0.0055010514333844185
-1.5237571001052856, -1.7495864629745483, -0.011737861670553684
-1.5233482122421265, -1.6680738925933838, -0.01908029615879059
-1.4621903896331787, -1.7477364540100098, -0.00869964249432087
-1.6138793230056763, -1.6622459888458252, -0.01603546179831028
-1.3872349262237549, -1.6709301471710205, -0.009710053913295269
-1.4399179220199585, -1.630558729171753, -0.015561465173959732
-1.6298716068267822, -1.77783203125, -0.009955222718417645
-1.5241891145706177, -1.7766520977020264, -0.0192510187625885
-1.6672394275665283, -1.7320597171783447, -0.009585843421518803
-1.4121575355529785, -1.6848527193069458, -0.017181389033794403
-1.4642139673233032, -1.7638542652130127, -0.021453768014907837
-1.6436922550201416, -1.7914836406707764, -0.00911075808107853
-1.657944917678833, -1.716475486755371, -0.010614864528179169
-1.6697208881378174, -1.655868649482727, -0.020700840279459953
-1.540548324584961, -1.7934045791625977, -0.007627732120454311
-1.4321590662002563, -1.611656665802002, -0.011847066693007946
-1.3847613334655762, -1.734078288078308, -0.008702517487108707
-1.626829981803894, -1.7008743286132812, -0.018050644546747208
-1.3749632835388184, -1.6295433044433594, -0.019287094473838806
-1.6575758457183838, -1.7300209999084473, -0.018331458792090416
-1.3139570951461792, -1.7426503896713257, -0.019814301282167435
-1.3289861679077148, -1.744860053062439, -0.011006752029061317
-1.325920581817627, -1.6579148769378662, -0.009086606092751026
-1.6582196950912476, -1.8099719285964966, -0.010812187567353249
-1.6062164306640625, -1.6573928594589233, -0.01076274923980236
-1.5543224811553955, -1.7765710353851318, -0.006895147264003754
-1.3455853462219238, -1.6742441654205322, -0.006855590268969536
-1.5040651559829712, -1.706588864326477, -0.007378671783953905
-1.3100056648254395, -1.7213835716247559, -0.01605965942144394
-1.6074457168579102, -1.6674473285675049, -0.01836053654551506
-1.4634513854980469, -1.6572562456130981, -0.009223319590091705
-1.6274795532226562, -1.6853463649749756, -0.008557341992855072
-1.6285368204116821, -1.7038933038711548, -0.010079417377710342
-1.5535469055175781, -1.6682932376861572, -0.009673792868852615
-1.5686742067337036, -1.7955867052078247, -0.010617424733936787
-1.3137180805206299, -1.6584415435791016, -0.01095642987638712
-1.4943300485610962, -1.6844981908798218, -0.010703284293413162
-1.4918959140777588, -1.7896407842636108, -0.016424190253019333
-1.4333209991455078, -1.6888185739517212, -0.01235049869865179
-1.3411914110183716, -1.7619751691818237, -0.012508915737271309
-1.4029396772384644, -1.7469525337219238, -0.004822577349841595
-1.5962802171707153, -1.7648887634277344, -0.008298666216433048
-1.6130741834640503, -1.7468849420547485, -0.00856089312583208
-1.3708813190460205, -1.598653793334961, -0.007948561571538448
-1.4208946228027344, -1.6738682985305786, -0.018536601215600967
-1.360626220703125, -1.6258580684661865, -0.013126303441822529
-1.4922664165496826, -1.715897560119629, -0.009570537135004997
-1.414541482925415, -1.6542723178863525, -0.009120789356529713
-1.4036803245544434, -1.6427947282791138, -0.01073753647506237
-1.506795883178711, -1.6140539646148682, -0.020079046487808228
-1.6333985328674316, -1.6392779350280762, -0.024864548817276955
-1.3862416744232178, -1.6584794521331787, -0.009067493490874767
-1.5388734340667725, -1.6537415981292725, -0.008476093411445618
-1.4618855714797974, -1.731765627861023, -0.008497795090079308
-1.4491809606552124, -1.7154613733291626, -0.008574174717068672
-1.5364727973937988, -1.736407995223999, -0.008833217434585094
-1.3417621850967407, -1.5927207469940186, -0.008665120229125023
-1.566777229309082, -1.7794097661972046, -0.0052982112392783165
-1.5448492765426636, -1.7542860507965088, -0.009845166467130184
-1.6728713512420654, -1.659216284751892, -0.009274899959564209
-1.6157442331314087, -1.6913036108016968, -0.02181362360715866
-1.4429994821548462, -1.6483947038650513, -0.01666012592613697
-1.540677785873413, -1.748887300491333, -0.01774168200790882
-1.3865940570831299, -1.7191975116729736, -0.010301396250724792
-1.4114044904708862, -1.7727441787719727, -0.010955490171909332
-1.6274685859680176, -1.82088303565979, -0.024334639310836792
-1.5936264991760254, -1.6393824815750122, -0.021182477474212646
-1.577459692955017, -1.7975355386734009, -0.01939530111849308
-1.4462018013000488, -1.713531732559204, -0.0160991083830595
-1.5875763893127441, -1.7094371318817139, -0.022195350378751755
-1.4754588603973389, -1.7574305534362793, -0.017376873642206192
-1.476467490196228, -1.656813621520996, -0.017740707844495773
-1.3743467330932617, -1.7017061710357666, -0.020487762987613678
-1.4032261371612549, -1.7471349239349365, -0.017214808613061905
-1.39111328125, -1.7303037643432617, -0.015566112473607063
-1.386006236076355, -1.6271337270736694, -0.008743835613131523
-1.5198894739151, -1.7173316478729248, -0.01841701753437519
-1.6087720394134521, -1.74042546749115, -0.020775973796844482
-1.3427404165267944, -1.6987344026565552, -0.008869878947734833
-1.489729642868042, -1.7780671119689941, -0.021594248712062836
-1.3469009399414062, -1.6119039058685303, -0.011514817364513874
-1.4221718311309814, -1.780321717262268, -0.018427927047014236
-1.5325164794921875, -1.7324206829071045, -0.01834777370095253
-1.6584157943725586, -1.801599144935608, -0.019351985305547714
-1.6249423027038574, -1.76173996925354, -0.018599016591906548
-1.449430227279663, -1.6148090362548828, -0.02556539699435234
-1.3282793760299683, -1.674802541732788, -0.015178367495536804
-1.5225404500961304, -1.626922607421875, -0.021215904504060745
-1.4912773370742798, -1.6258721351623535, -0.021527234464883804
-1.570812702178955, -1.6885621547698975, -0.016967447474598885
-1.674699306488037, -1.72393798828125, -0.02049529179930687
-1.3742365837097168, -1.6868999004364014, -0.020404178649187088
-1.64479398727417, -1.6890114545822144, -0.007011970970779657
-1.5063447952270508, -1.701145887374878, -0.01638912782073021
-1.6442773342132568, -1.783527135848999, -0.017902031540870667
-1.5955392122268677, -1.723456859588623, -0.019537437707185745
-1.6312975883483887, -1.6752121448516846, -0.016446057707071304
-1.6124851703643799, -1.6415424346923828, -0.0199311263859272
-1.4777717590332031, -1.7010753154754639, -0.022537777200341225
-1.4338799715042114, -1.691493272781372, -0.0211856197565794
-1.4491915702819824, -1.6281250715255737, -0.015225488692522049
-1.5849459171295166, -1.688398838043213, -0.008466978557407856
-1.459870457649231, -1.6295802593231201, -0.011057639494538307
-1.4336191415786743, -1.5995005369186401, -0.016242723912000656
-1.5977932214736938, -1.7045094966888428, -0.009327025152742863
-1.5036406517028809, -1.6855047941207886, -0.006041257176548243
-1.3309690952301025, -1.6701900959014893, -0.009577418677508831
-1.3441721200942993, -1.641640543937683, -0.006348621100187302
-1.601346492767334, -1.8186068534851074, -0.012166954576969147
-1.638669729232788, -1.7695883512496948, -0.007266668602824211
-1.5646432638168335, -1.7793331146240234, -0.017176667228341103
-1.6319670677185059, -1.6591306924819946, -0.007769663818180561
-1.4200867414474487, -1.672340750694275, -0.009751913137733936
-1.658053994178772, -1.7943401336669922, -0.007533201016485691
-1.648516058921814, -1.7789051532745361, -0.0030371788889169693
-1.6278581619262695, -1.7614811658859253, -0.008049002848565578
-1.4924142360687256, -1.6603249311447144, -0.01223873533308506
-1.4920878410339355, -1.760217547416687, -0.011197478510439396
-1.5635229349136353, -1.6680686473846436, -0.01510693971067667
-1.3557980060577393, -1.758061170578003, -0.013753388077020645
-1.4870051145553589, -1.6736981868743896, -0.01864922046661377
-1.3801792860031128, -1.697298526763916, -0.016419626772403717
-1.5780243873596191, -1.790436029434204, -0.007722447160631418
-1.5167720317840576, -1.7057015895843506, -0.009301315061748028
-1.6109254360198975, -1.720982551574707, -0.010314278304576874
-1.3444793224334717, -1.7457749843597412, -0.01052787434309721
-1.61566960811615, -1.6445300579071045, -0.009075408801436424
-1.3830201625823975, -1.6115882396697998, -0.008022445254027843
-1.3168227672576904, -1.6920640468597412, -0.00892430916428566
-1.632749080657959, -1.8130472898483276, -0.02069278433918953
-1.5047487020492554, -1.789806604385376, -0.006454952526837587
-1.3968569040298462, -1.6364529132843018, -0.017436444759368896
-1.4488638639450073, -1.6999971866607666, -0.011197592131793499
-1.3868660926818848, -1.706763744354248, -0.011225170455873013
-1.3589823246002197, -1.6740920543670654, -0.006714206654578447
-1.5534768104553223, -1.7494544982910156, -0.008743494749069214
-1.673594355583191, -1.707887053489685, -0.010974837467074394
-1.463557243347168, -1.638837456703186, -0.012359721586108208
-1.3285049200057983, -1.6615395545959473, -0.017864441499114037
-1.4193071126937866, -1.7648465633392334, -0.01034037210047245
-1.3573139905929565, -1.6742382049560547, -0.019025567919015884
-1.499185562133789, -1.7801331281661987, -0.01205495372414589
-1.6392465829849243, -1.6685969829559326, -0.0026883541140705347
-1.4025248289108276, -1.6304364204406738, -0.007791160140186548
-1.4668949842453003, -1.716147541999817, -0.007993734441697598
-1.3286192417144775, -1.5951886177062988, -0.008854005485773087
-1.3238472938537598, -1.7048486471176147, -0.007013211026787758
-1.5493323802947998, -1.7300022840499878, -0.009035220369696617
-1.4452335834503174, -1.7868791818618774, -0.015992149710655212
-1.51962149143219, -1.6875437498092651, -0.009382525458931923
-1.4483157396316528, -1.683868646621704, -0.013972287066280842
-1.5674653053283691, -1.656528353691101, -0.00952947698533535
-1.6540648937225342, -1.7655353546142578, -0.010795442387461662
-1.6002881526947021, -1.7966253757476807, -0.012327160686254501
-1.475426435470581, -1.6483426094055176, -0.011154260486364365
-1.4609793424606323, -1.6103665828704834, -0.007647130638360977
-1.5582958459854126, -1.6444445848464966, -0.011954844929277897
-1.5355421304702759, -1.6309926509857178, -0.007871483452618122
-1.597888469696045, -1.8091232776641846, -0.004631318151950836
-1.4296845197677612, -1.6574835777282715, -0.009892785921692848
-1.53730309009552, -1.713818907737732, -0.008344623260200024
-1.386734962463379, -1.6882178783416748, -0.011963501572608948
-1.3429797887802124, -1.721355676651001, -0.010893928818404675
-1.6400084495544434, -1.6527382135391235, -0.0072424523532390594
-1.341017246246338, -1.6299471855163574, -0.008873146958649158
-1.4185014963150024, -1.7465852499008179, -0.008265248499810696
-1.6142656803131104, -1.7760428190231323, -0.018618835136294365
-1.51754891872406, -1.7898319959640503, -0.010668833740055561
-1.6324559450149536, -1.7376346588134766, -0.014275210909545422
-1.655697226524353, -1.6721118688583374, -0.010658612474799156
-1.3743765354156494, -1.5859700441360474, -0.013237236998975277
-1.6535319089889526, -1.7124738693237305, -0.019620904698967934
-1.2998989820480347, -1.7176029682159424, -0.010984585620462894
-1.6598942279815674, -1.6917849779129028, -0.010249622166156769
-1.404320478439331, -1.7144885063171387, -0.009033437818288803
-1.5016855001449585, -1.7935298681259155, -0.022200895473361015
-1.3886322975158691, -1.5966030359268188, -0.01275673322379589
-1.6130506992340088, -1.7369543313980103, -0.006543821655213833
-1.6462024450302124, -1.7306901216506958, -0.011738236993551254
-1.3853493928909302, -1.6817491054534912, -0.020278584212064743
-1.4799129962921143, -1.716993808746338, -0.01950911618769169
-1.4602234363555908, -1.6852924823760986, -0.007019000127911568
-1.431404709815979, -1.6424694061279297, -0.013431248255074024
-1.7007684707641602, -1.6737120151519775, -0.01613474078476429
-1.6644922494888306, -1.6783808469772339, -0.01815965585410595
-1.5842773914337158, -1.7716540098190308, -0.01957682892680168
-1.4323971271514893, -1.7487425804138184, -0.020480439066886902
-1.5398260354995728, -1.6959264278411865, -0.011656473390758038
-1.675458550453186, -1.686233639717102, -0.013012832030653954
-1.3291621208190918, -1.5932538509368896, -0.017313746735453606
-1.6110825538635254, -1.7912331819534302, -0.012596406042575836
-1.3849773406982422, -1.7864749431610107, -0.027920017018914223
-1.4008053541183472, -1.6103112697601318, -0.010357680730521679
-1.6015545129776, -1.696488618850708, -0.019666355103254318
-1.6177912950515747, -1.8176926374435425, -0.017004599794745445
-1.3389434814453125, -1.640775442123413, -0.015422641299664974
-1.3737263679504395, -1.6409188508987427, -0.01097990944981575
-1.3549504280090332, -1.598187804222107, -0.020489759743213654
-1.4052637815475464, -1.7067456245422363, -0.017107229679822922
-1.5279675722122192, -1.796382188796997, -0.01836475357413292
-1.5120573043823242, -1.6731412410736084, -0.021007832139730453
-1.465132474899292, -1.610912799835205, -0.022746246308088303
-1.6287753582000732, -1.6408711671829224, -0.009042937308549881
-1.4926190376281738, -1.7451246976852417, -0.015310653485357761
-1.6318459510803223, -1.822637915611267, -0.010544399730861187
-1.44720458984375, -1.7801601886749268, -0.019196977838873863
-1.6152609586715698, -1.7135611772537231, -0.021306974813342094
-1.4640475511550903, -1.69907808303833, -0.009575072675943375
-1.479108214378357, -1.7164427042007446, -0.005907210521399975
-1.435423493385315, -1.760608434677124, -0.022857679054141045
-1.5839643478393555, -1.7521302700042725, -0.007479380816221237
-1.535893201828003, -1.6464003324508667, -0.017612671479582787
-1.4210468530654907, -1.6389451026916504, -0.020763220265507698
-1.5249502658843994, -1.7787158489227295, -0.007548991125077009
-1.445784330368042, -1.7618894577026367, -0.009894800372421741
-1.5964584350585938, -1.778637170791626, -0.014001697301864624
-1.3686892986297607, -1.6501892805099487, -0.006240039598196745
-1.3560105562210083, -1.740214467048645, -0.014640629291534424
-1.554288387298584, -1.715271234512329, -0.011923277750611305
-1.559660792350769, -1.7384120225906372, -0.018164124339818954
-1.4982414245605469, -1.7320362329483032, -0.00828630942851305
-1.310791015625, -1.7335447072982788, -0.010705352760851383
-1.5354607105255127, -1.6699292659759521, -0.007325638085603714
-1.6244685649871826, -1.663404107093811, -0.020736200734972954
-1.4635331630706787, -1.789549708366394, -0.02287941426038742
-1.6599901914596558, -1.7064666748046875, -0.018690504133701324
-1.3788530826568604, -1.6559865474700928, -0.026006393134593964
-1.494123101234436, -1.6490790843963623, -0.01905052177608013
-1.4300949573516846, -1.6370434761047363, -0.015627561137080193
-1.375320553779602, -1.7532657384872437, -0.028526168316602707
-1.4928289651870728, -1.6706315279006958, -0.006034368649125099
-1.6983078718185425, -1.7032783031463623, -0.01792500726878643
-1.5707838535308838, -1.6402989625930786, -0.020589469000697136
-1.4177136421203613, -1.7005987167358398, -0.01265151146799326
-1.434309959411621, -1.7279274463653564, -0.013165546581149101
-1.4725698232650757, -1.6892149448394775, -0.012043504044413567
-1.355222225189209, -1.7013921737670898, -0.011869980953633785
-1.5641037225723267, -1.7159018516540527, -0.01849205046892166
-1.6570048332214355, -1.655147910118103, -0.02180074155330658
-1.6920700073242188, -1.6818501949310303, -0.016775531694293022
-1.4000180959701538, -1.7737131118774414, -0.021640276536345482
-1.3330022096633911, -1.699495792388916, -0.018823470920324326
-1.4625521898269653, -1.674805998802185, -0.012458386830985546
-1.6838589906692505, -1.704727053642273, -0.012762087397277355
-1.5960745811462402, -1.6547777652740479, -0.018395408987998962
-1.4772796630859375, -1.6263542175292969, -0.017922066152095795
-1.3636057376861572, -1.7419694662094116, -0.02055804431438446
-1.669862985610962, -1.7542170286178589, -0.009622438810765743
-1.6276448965072632, -1.7947120666503906, -0.005810759030282497
-1.4330646991729736, -1.7177324295043945, -0.018506530672311783
-1.530085563659668, -1.7732528448104858, -0.004137449897825718
-1.3422174453735352, -1.7280993461608887, -0.015568140894174576
-1.3558331727981567, -1.658211588859558, -0.007222934626042843
-1.3022600412368774, -1.7306365966796875, -0.007981960661709309
-1.3981984853744507, -1.680379033088684, -0.009847171604633331
-1.3048490285873413, -1.7553380727767944, -0.013887282460927963
-1.5838855504989624, -1.6497218608856201, -0.010836279951035976
-1.6849009990692139, -1.6562086343765259, -0.013683786615729332
-1.2987473011016846, -1.6859138011932373, -0.012230407446622849
-1.5986089706420898, -1.659778118133545, -0.009322415105998516
-1.6129605770111084, -1.774890422821045, -0.006233683787286282
-1.6737428903579712, -1.67099928855896, -0.011624698527157307
-1.4767181873321533, -1.6733813285827637, -0.008615546859800816
-1.3108112812042236, -1.7059651613235474, -0.016433168202638626
-1.4636602401733398, -1.7492214441299438, -0.021485798060894012
-1.578037142753601, -1.702345371246338, -0.007065564393997192
-1.3879022598266602, -1.7457215785980225, -0.012321030721068382
-1.5692747831344604, -1.674087405204773, -0.007118765264749527
-1.6428744792938232, -1.6980534791946411, -0.020392129197716713
-1.3561701774597168, -1.6945898532867432, -0.020040227100253105
-1.5728847980499268, -1.7976880073547363, -0.01731552556157112
-1.574912190437317, -1.7584847211837769, -0.022023813799023628
-1.5955874919891357, -1.7221310138702393, -0.00822104886174202
-1.6863224506378174, -1.758297324180603, -0.01692449487745762
-1.5094177722930908, -1.6421809196472168, -0.019767094403505325
-1.5085374116897583, -1.7209241390228271, -0.01642462983727455
-1.4076701402664185, -1.6618285179138184, -0.011442067101597786
-1.641322135925293, -1.802544116973877, -0.013886257074773312
-1.4501053094863892, -1.7306151390075684, -0.005393465515226126
-1.4777437448501587, -1.7800166606903076, -0.010570164769887924
-1.6279733180999756, -1.6679097414016724, -0.010523324832320213
-1.5556763410568237, -1.7924482822418213, -0.009557003155350685
-1.5698492527008057, -1.8043034076690674, -0.007267515640705824
-1.4456851482391357, -1.6170754432678223, -0.005935611203312874
-1.5120720863342285, -1.713181734085083, -0.012344598770141602
-1.66550612449646, -1.732001781463623, -0.021349633112549782
-1.5559412240982056, -1.7874244451522827, -0.019500022754073143
-1.6534533500671387, -1.8182719945907593, -0.013643786311149597
-1.3588862419128418, -1.6921395063400269, -0.005956579931080341
-1.5958236455917358, -1.7421751022338867, -0.01743110828101635
-1.4020745754241943, -1.673334002494812, -0.0054460614919662476
-1.585204005241394, -1.802810549736023, -0.009901686571538448
-1.4564224481582642, -1.7305206060409546, -0.019979383796453476
-1.3454008102416992, -1.7129318714141846, -0.018558375537395477
-1.3576958179473877, -1.6093758344650269, -0.008434167131781578
-1.3703786134719849, -1.690037488937378, -0.0069671086966991425
-1.3816821575164795, -1.6319289207458496, -0.021675875410437584
-1.6670029163360596, -1.8092137575149536, -0.011432001367211342
-1.6690376996994019, -1.722394347190857, -0.0035744442138820887
-1.528818964958191, -1.7247414588928223, -0.011244258843362331
-1.5532729625701904, -1.6718608140945435, -0.019426945596933365
-1.5867623090744019, -1.8156049251556396, -0.0185079462826252
-1.3699767589569092, -1.594510793685913, -0.020473025739192963
-1.3273450136184692, -1.6864376068115234, -0.008009253069758415
-1.4068022966384888, -1.596663236618042, -0.006087602116167545
-1.4779683351516724, -1.6594713926315308, -0.012186123058199883
-1.50827956199646, -1.614843726158142, -6.477666320279241E-4
-1.4100284576416016, -1.7617450952529907, -0.015199494548141956
-1.6494793891906738, -1.7153139114379883, -0.006576217245310545
-1.5645759105682373, -1.6863902807235718, -0.012666852213442326
-1.3310089111328125, -1.7678440809249878, -0.014634502120316029
-1.3948957920074463, -1.6461294889450073, -0.009825107641518116
-1.3159407377243042, -1.7569893598556519, -0.016896555200219154
-1.6141494512557983, -1.7652218341827393, -0.02381756156682968
-1.5485968589782715, -1.7628694772720337, -0.014993464574217796
-1.4825012683868408, -1.7585221529006958, -0.005886203143745661
-1.564902424812317, -1.7634124755859375, -0.007257986813783646
-1.3327322006225586, -1.7405906915664673, -0.02066720463335514
