-1.3735573291778564, -1.0409618616104126, -0.12671591341495514
-1.3817991018295288, -1.047749638557434, -0.12322258949279785
-1.400936245918274, -1.0627596378326416, -0.135929137468338
-1.3827191591262817, -1.0459448099136353, -0.11332464218139648
-1.3736058473587036, -1.0464308261871338, -0.0831121876835823
-1.4316532611846924, -1.0925700664520264, -0.09856124222278595
-1.4319000244140625, -1.0908405780792236, -0.07886199653148651
-1.3713535070419312, -1.031905174255371, -0.13814528286457062
-1.383873701095581, -1.047600507736206, -0.08549821376800537
-1.3375098705291748, -1.01155686378479, -0.14282283186912537
-1.381859302520752, -1.0468254089355469, -0.0705929696559906
-1.4314229488372803, -1.0883111953735352, -0.1160307377576828
-1.329850435256958, -0.9958570599555969, -0.11179189383983612
-1.3857288360595703, -1.0494704246520996, -0.15539807081222534
-1.370168924331665, -1.031613826751709, -0.12296992540359497
-1.2611113786697388, -0.9203507900238037, -0.09348222613334656
-1.261297345161438, -0.9187844395637512, -0.13245341181755066
-1.2652426958084106, -0.9248597025871277, -0.06144726648926735
-1.266120195388794, -0.9279285669326782, -0.08277711272239685
-1.2451598644256592, -0.9058945178985596, -0.03695215284824371
-1.264023780822754, -0.9250978827476501, -0.03522798418998718
-1.1885062456130981, -0.8512904644012451, -0.07877524197101593
-1.2004878520965576, -0.8569052219390869, -0.12153863906860352
-1.2818384170532227, -0.9510523080825806, -0.09852106869220734
-1.313921570777893, -0.9806320667266846, -0.11409640312194824
-1.2946803569793701, -0.9598275423049927, -0.05768059566617012
-1.2958509922027588, -0.9653606414794922, -0.08349768072366714
-1.3068032264709473, -0.9711287021636963, -0.12811428308486938
-1.2764551639556885, -0.9440876841545105, -0.09579508006572723
-1.2688480615615845, -0.9409873485565186, -0.09975844621658325
-1.1606606245040894, -0.8243915438652039, -0.09700276702642441
-1.2334524393081665, -0.8955667614936829, -0.08030956983566284
-1.2372479438781738, -0.8943371176719666, -0.12546691298484802
-1.4018638134002686, -1.0747699737548828, -0.11648909747600555
-1.2997162342071533, -0.9679166078567505, -0.129635751247406
-1.2539598941802979, -0.917972981929779, -0.11012127995491028
-1.3775465488433838, -1.051454782485962, -0.1216050460934639
-1.4168270826339722, -1.082848072052002, -0.11343517154455185
-1.38625168800354, -1.0547964572906494, -0.11425194144248962
-1.429486870765686, -1.0954322814941406, -0.07223277539014816
-1.3867990970611572, -1.0556731224060059, -0.03513322025537491
-1.4333977699279785, -1.097588300704956, -0.08931993693113327
-1.1888821125030518, -0.8615360856056213, -0.0994071215391159
-1.226184606552124, -0.8903520703315735, -0.06503555923700333
-1.3905631303787231, -1.0622622966766357, -0.0231598112732172
-1.337841510772705, -1.0170729160308838, -0.03540877252817154
-1.2195793390274048, -0.8798562288284302, -0.10335101932287216
-1.1984913349151611, -0.8669456839561462, -0.03522718325257301
-1.1918277740478516, -0.8546059131622314, -0.09764885902404785
-1.2823046445846558, -0.9614413380622864, -0.11261775344610214
-1.232827067375183, -0.8953745365142822, -0.06180194020271301
-1.332168459892273, -0.9968884587287903, -0.1008782759308815
-1.3284395933151245, -0.997276782989502, -0.03422067314386368
-1.208785057067871, -0.873013436794281, -0.07492776960134506
-1.2382043600082397, -0.8959251642227173, -0.10016339272260666
-1.2960377931594849, -0.972354531288147, -0.11233504861593246
-1.3376412391662598, -1.002032995223999, -0.08278647065162659
-1.330461025238037, -0.9981222152709961, -0.048919253051280975
-1.2104592323303223, -0.8729815483093262, -0.10953205823898315
-1.2514350414276123, -0.9355587959289551, -0.016706716269254684
-1.2805042266845703, -0.9518073797225952, -0.08463852107524872
-1.2641574144363403, -0.9391809105873108, -0.05117775499820709
-1.1448421478271484, -0.8235539197921753, -0.0662173256278038
-1.2533304691314697, -0.9342409372329712, -0.12709198892116547
-1.2621345520019531, -0.9426670670509338, -0.06859587132930756
-1.2746288776397705, -0.9467883706092834, -0.09559617936611176
-1.4010592699050903, -1.0788605213165283, -0.09869883954524994
-1.3632745742797852, -1.0421149730682373, -0.05265943706035614
-1.1596885919570923, -0.8241528272628784, -0.0824815183877945
