-0.6515236496925354, -1.133183240890503, -0.00802924856543541
-0.6221479177474976, -1.1023492813110352, -0.009074187837541103
-0.638296365737915, -1.116693377494812, -0.008925598114728928
-0.621215283870697, -1.1175798177719116, -0.007957502268254757
-0.6676051616668701, -1.1017210483551025, -0.006387391127645969
-0.6212942004203796, -1.1476056575775146, -0.009788325987756252
-0.6515631675720215, -1.1178513765335083, -0.017218874767422676
-0.6831580996513367, -1.1632212400436401, -0.020437205210328102
-0.6372763514518738, -1.1020808219909668, -0.018175000324845314
-0.6526804566383362, -1.1785056591033936, -0.00793671514838934
-0.6689771413803101, -1.148261308670044, -0.009783093817532063
-0.6485031247138977, -1.1789779663085938, -0.019450338557362556
-0.678901195526123, -1.1485180854797363, -0.018703490495681763
-0.6992600560188293, -1.1172935962677002, -0.017550058662891388
-0.6690599322319031, -1.0871502161026, -0.020853158086538315
-0.6823133826255798, -1.1632276773452759, -0.008010913617908955
-0.6796229481697083, -1.1321690082550049, -0.020187189802527428
-0.6983660459518433, -1.1177369356155396, -0.007982985116541386
-0.6196833252906799, -1.0736503601074219, -0.016684968024492264
-0.590113639831543, -1.0706908702850342, -0.019010119140148163
-0.6089712977409363, -1.102588415145874, -0.0071498434990644455
-0.6393316984176636, -1.058379888534546, -0.018939122557640076
-0.5919331312179565, -1.1031163930892944, -0.00802095141261816
-0.6081017255783081, -1.0575424432754517, -0.008869609795510769
-0.5918456315994263, -1.0891286134719849, -0.009169142693281174
-0.6206377744674683, -1.087658405303955, -0.018004603683948517
-0.5925371646881104, -1.131580114364624, -0.00947700347751379
-0.5915363430976868, -1.1175098419189453, -0.018674278631806374
-0.6378755569458008, -1.058480143547058, -0.008537335321307182
-0.5934714674949646, -1.1487442255020142, -0.009485382586717606
-0.6970095634460449, -1.0848655700683594, -0.017671728506684303
-0.6669063568115234, -1.0562400817871094, -0.008876451291143894
-0.6988689303398132, -1.1024996042251587, -0.008880502544343472
-0.6845724582672119, -1.0589423179626465, -0.007833660580217838
-0.6980032920837402, -1.088881254196167, -0.008875825442373753
-0.6680763959884644, -1.0609575510025024, -0.018496142700314522
-0.6953204870223999, -1.07435941696167, -0.01817769929766655
-0.563117265701294, -1.1192104816436768, -0.007743418216705322
-0.592491090297699, -1.1644006967544556, -0.008472044952213764
-0.5620722770690918, -1.1032541990280151, -0.007949713617563248
-0.6229739189147949, -1.1773977279663086, -0.0193129014223814
-0.6229606866836548, -1.177697777748108, -0.008381620980799198
-0.6228581666946411, -1.1935529708862305, -0.006934568285942078
-0.7125502824783325, -1.1773470640182495, -0.010009068995714188
-0.7137330770492554, -1.1767690181732178, -0.02494075894355774
-0.6814201474189758, -1.179029107093811, -0.00828120019286871
-0.6517279148101807, -1.1961535215377808, -0.01680990681052208
-0.7077199220657349, -1.1648024320602417, -0.018437255173921585
-0.684211254119873, -1.2079174518585205, -0.006594535894691944
-0.7127159833908081, -1.19248366355896, -0.017332512885332108
-0.6842915415763855, -1.193843126296997, -0.008106376975774765
-0.6228651404380798, -1.2065340280532837, -0.009029125794768333
-0.6539174318313599, -1.2209041118621826, -0.016680438071489334
-0.6535152196884155, -1.2057137489318848, -0.007950197905302048
-0.7287259697914124, -1.133330225944519, -0.008943823166191578
-0.7134062051773071, -1.0730971097946167, -0.007271931506693363
-0.7267952561378479, -1.1037524938583374, -0.009656731970608234
-0.6660078167915344, -1.0427988767623901, -0.00820003729313612
-0.608253002166748, -1.0426952838897705, -0.007884209975600243
-0.5938295125961304, -1.0568292140960693, -0.017229866236448288
-0.6364825963973999, -1.0276274681091309, -0.008898294530808926
-0.5906690955162048, -1.0412635803222656, -0.0077991606667637825
-0.6127579212188721, -1.0257134437561035, -0.018399324268102646
-0.6101445555686951, -1.0434198379516602, -0.01682143099606037
-0.561363160610199, -1.0531597137451172, -0.01933259516954422
-0.5616934299468994, -1.073788046836853, -0.008733700960874557
-0.5899225473403931, -1.0339643955230713, -0.01715219020843506
-0.5621707439422607, -1.08842933177948, -0.008034211583435535
-0.5636849403381348, -1.0725111961364746, -0.017612699419260025
-0.5919668674468994, -1.0268230438232422, -0.010623123496770859
-0.5640778541564941, -1.1032015085220337, -0.01661861129105091
-0.5451208353042603, -1.0570634603500366, -0.007921183481812477
-0.6370730400085449, -1.0152281522750854, -0.009307006374001503
-0.6066076159477234, -1.0127253532409668, -0.010126653127372265
-0.5647112727165222, -1.1485506296157837, -0.017276277765631676
-0.5610660314559937, -1.1754615306854248, -0.008074230514466763
-0.5320885181427002, -1.132879376411438, -0.009204636327922344
-0.5343774557113647, -1.1315537691116333, -0.016662416979670525
-0.5329005122184753, -1.0883405208587646, -0.007993107661604881
-0.5165196657180786, -1.1150681972503662, -0.0191172044724226
-0.532291829586029, -1.1000887155532837, -0.017323268577456474
-0.5174834728240967, -1.1032828092575073, -0.01691061072051525
-0.5329845547676086, -1.1027333736419678, -0.00800336990505457
-0.5307900905609131, -1.1458659172058105, -0.0069804987870156765
-0.5187130570411682, -1.1321830749511719, -0.017337458208203316
-0.5372858643531799, -1.119046926498413, -0.01739935576915741
-0.5896499752998352, -1.2068595886230469, -0.017281413078308105
-0.5158980488777161, -1.088341236114502, -0.008087944239377975
-0.7142876982688904, -1.204538106918335, -0.00920090265572071
-0.7414656281471252, -1.1642924547195435, -0.017629876732826233
-0.7417024374008179, -1.1774839162826538, -0.007083599455654621
-0.6541311740875244, -1.2352232933044434, -0.017242353409528732
-0.653078019618988, -1.236946702003479, -0.008024168200790882
-0.7593037486076355, -1.131759524345398, -0.009179744869470596
-0.7573634386062622, -1.117337942123413, -0.019595446065068245
-0.5634640455245972, -1.0277262926101685, -0.0068474337458610535
-0.6091181039810181, -0.9967812895774841, -0.019340213388204575
-0.5910548567771912, -0.9959800243377686, -0.008670664392411709
-0.5455255508422852, -1.0432406663894653, -0.008594553917646408
-0.546944260597229, -1.027963638305664, -0.008279448375105858
-0.5929679274559021, -0.9836585521697998, -0.03684334456920624
-0.5911704897880554, -0.985123336315155, -0.008404496125876904
-0.5173874497413635, -1.057433843612671, -0.007854808121919632
-0.5174321532249451, -1.0719947814941406, -0.006823956035077572
-0.5171847939491272, -1.0450034141540527, -0.018531978130340576
-0.5204935073852539, -1.055738925933838, -0.01720491237938404
-0.5472471714019775, -1.0104568004608154, -0.009521003812551498
-0.5632467269897461, -0.9974692463874817, -0.009009272791445255
-0.5287179946899414, -1.010240077972412, -0.019334452226758003
-0.5187625288963318, -1.0289915800094604, -0.007897664792835712
-0.5330734848976135, -1.1599876880645752, -0.010348753072321415
-0.48330187797546387, -1.117056965827942, -0.020099885761737823
-0.5032682418823242, -1.1165841817855835, -0.007319774478673935
-0.4862251281738281, -1.1172478199005127, -0.009570504538714886
-0.5013039112091064, -1.1310415267944336, -0.008509183302521706
-0.4875922203063965, -1.0721157789230347, -0.007554126903414726
-0.48635849356651306, -1.1024525165557861, -0.005989760626107454
-0.5327693223953247, -1.073140025138855, -0.005228253547102213
-0.48832276463508606, -1.056360125541687, -0.017776357010006905
-0.48821842670440674, -1.0581839084625244, -0.008773191832005978
-0.5450934767723083, -0.9976228475570679, -0.007781644351780415
-0.5630534291267395, -0.9815816879272461, -0.007187705487012863
-0.5177935361862183, -1.015056848526001, -0.017801929265260696
-0.5176032781600952, -1.0121564865112305, -0.008603900671005249
-0.5635636448860168, -0.9678449630737305, -0.006474354770034552
-0.5035920739173889, -1.027691125869751, -0.007969128899276257
-0.5005189776420593, -1.0134646892547607, -0.006595402490347624
-0.5036291480064392, -1.0130250453948975, -0.017634278163313866
-0.5466709733009338, -0.9688192009925842, -0.006147058214992285
-0.47085899114608765, -1.0562583208084106, -0.010056640952825546
-0.4873819649219513, -1.0435360670089722, -0.0060888249427080154
-0.48815494775772095, -1.0277073383331299, -0.007786359637975693
-0.46946045756340027, -1.0464340448379517, -0.017244845628738403
-0.4721187949180603, -1.0279499292373657, -0.009236667305231094
-0.5015020370483398, -0.9968149662017822, -0.008145458996295929
-0.5015444755554199, -0.9817793965339661, -0.008030904456973076
-0.501883327960968, -0.9836634993553162, -0.018415037542581558
-0.4730815291404724, -1.012784719467163, -0.007345678750425577
-0.45800259709358215, -1.102821707725525, -0.006102346815168858
-0.45733028650283813, -1.0874319076538086, -0.007807685527950525
-0.44202086329460144, -1.0721832513809204, -0.007380204740911722
-0.44087785482406616, -1.0582374334335327, -0.0073134442791342735
-0.4579663574695587, -1.0727964639663696, -0.007599420379847288
-0.44078606367111206, -1.0434285402297974, -0.017952485010027885
-0.5331286191940308, -0.9532020092010498, -0.007243301719427109
-0.4750502109527588, -0.9999821782112122, -0.01742822863161564
-0.5020011067390442, -0.9665634632110596, -0.008226857520639896
-0.4868965744972229, -0.9669674634933472, -0.00804060883820057
-0.4888235628604889, -0.966216504573822, -0.018518507480621338
-0.5168386101722717, -0.9376668334007263, -0.010607156902551651
-0.44216495752334595, -1.0288610458374023, -0.008073261007666588
-0.4270035922527313, -1.0742533206939697, -0.005503018386662006
-0.44353458285331726, -1.0121809244155884, -0.005650847684592009
-0.42749884724617004, -1.0267935991287231, -0.016874050721526146
-0.4866674542427063, -0.9509366154670715, -0.0076934946700930595
-0.427922785282135, -0.9979494214057922, -0.007864627987146378
-0.4125705659389496, -1.05662202835083, -0.007405017968267202
-0.41407254338264465, -1.0437564849853516, -0.00788841675966978
-0.39813849329948425, -1.0423357486724854, -0.007800673134624958
-0.45814821124076843, -0.9531516432762146, -0.009548342786729336
-0.4282306730747223, -0.9850873351097107, -0.009341606870293617
-0.47164463996887207, -0.9373360872268677, -0.007390883751213551
-0.4286072850227356, -0.9686660766601562, -0.00813231896609068
-0.4717005491256714, -0.9244070649147034, -0.007878080010414124
-0.47090449929237366, -0.9075139164924622, -0.007324197329580784
-0.5608030557632446, -1.026725172996521, -0.016603922471404076
-0.6087158918380737, -1.1461862325668335, -0.00891195610165596
-0.4733287990093231, -1.0697673559188843, -0.0023916871286928654
-0.5920438766479492, -1.073851227760315, -0.006641679909080267
-0.5475001335144043, -0.9536447525024414, -0.008483483456075191
-0.5018049478530884, -1.041968584060669, -0.00910353846848011
-0.4868963360786438, -0.9234952926635742, -0.008282591588795185
-0.5467966198921204, -1.1025437116622925, -0.00699433870613575
-0.6377725005149841, -1.071738362312317, -0.008188585750758648
-0.5002645254135132, -0.9372727870941162, -0.0060001336969435215
-0.4723651707172394, -0.9828214049339294, -0.00917428731918335
-0.5925202369689941, -1.1759594678878784, -0.016949091106653214
-0.5465304851531982, -1.0727486610412598, -0.017665985971689224
-0.6218553781509399, -1.0437252521514893, -0.009174748323857784
-0.5617095828056335, -1.162092685699463, -0.009774142876267433
-0.579287588596344, -1.1030796766281128, -0.009301364421844482
-0.42658746242523193, -0.9800382852554321, -0.01707589440047741
-0.4433707296848297, -1.0881352424621582, -0.008298547007143497
-0.45604783296585083, -0.9826092720031738, -0.007656414527446032
-0.5026980042457581, -0.952926516532898, -0.008190265856683254
-0.6072161793708801, -0.9992767572402954, -0.00758699094876647
-0.4590270221233368, -1.0283159017562866, -0.008378945291042328
-0.5172321796417236, -0.9980773329734802, -0.008479486219584942
-0.6379640698432922, -1.1478338241577148, -0.008191597647964954
-0.5038453936576843, -1.0738632678985596, -0.008209680207073689
-0.5347652435302734, -1.011808156967163, -0.008294393308460712
-0.5787785649299622, -1.1312161684036255, -0.006608452647924423
-0.51740562915802, -1.148127555847168, -0.007264310028403997
-0.756294846534729, -1.1286630630493164, -0.015835337340831757
-0.4739440679550171, -1.0888315439224243, -0.00844506174325943
-0.5485854744911194, -1.1648322343826294, -0.008530814200639725
-0.7283135652542114, -1.1196190118789673, -0.01632840186357498
-0.4706907272338867, -0.9531626105308533, -0.016322769224643707
-0.4272036850452423, -1.0272866487503052, -0.011058483272790909
-0.46229955554008484, -0.9691006541252136, -0.015596623532474041
-0.5798377990722656, -1.0440282821655273, -0.009429758414626122
-0.6084313988685608, -1.180617094039917, -0.00829312764108181
-0.6380455493927002, -1.1299524307250977, -0.008198837749660015
-0.7292448282241821, -1.0899381637573242, -0.017847981303930283
-0.5470021367073059, -1.0180280208587646, -0.017526308074593544
-0.4552742838859558, -0.9202775359153748, -0.01971522532403469
-0.4724518656730652, -1.1042695045471191, -0.008192336186766624
-0.6107187271118164, -1.1499866247177124, -0.015975454822182655
-0.6237332224845886, -1.1453412771224976, -0.017563415691256523
-0.41378602385520935, -0.9830999970436096, -0.006706276908516884
-0.5350236296653748, -1.071191430091858, -0.020569421350955963
-0.5637354254722595, -1.1607145071029663, -0.01770029217004776
-0.38415077328681946, -1.0287483930587769, -0.006914518307894468
-0.5191847085952759, -0.9674579501152039, -0.006418080069124699
-0.63765949010849, -1.1036429405212402, -0.009294062852859497
-0.5800666213035583, -1.0723137855529785, -0.0060039390809834
-0.5625127553939819, -1.0415854454040527, -0.008903663605451584
-0.5460968613624573, -0.983834981918335, -0.009416457265615463
-0.4564655125141144, -1.0112345218658447, -0.00785338319838047
-0.5749768018722534, -1.011035680770874, -0.016696663573384285
-0.5618607401847839, -1.1331329345703125, -0.0075122034177184105
-0.5791065692901611, -1.1183855533599854, -0.009273109026253223
-0.6086570620536804, -1.1616774797439575, -0.006740738172084093
-0.5586744546890259, -0.9587087631225586, -0.01361013948917389
-0.5793222188949585, -1.1599440574645996, -0.006988538429141045
-0.5026728510856628, -1.103960633277893, -0.00846981629729271
-0.5791061520576477, -1.1460858583450317, -0.006676511839032173
-0.44186416268348694, -0.9684499502182007, -0.007571313064545393
-0.6382360458374023, -1.0867077112197876, -0.00644822558388114
-0.504336416721344, -1.0574523210525513, -0.00726206274703145
-0.6068331003189087, -1.1658746004104614, 0.001808099215850234
-0.5776718854904175, -1.0583223104476929, -0.009278414770960808
-0.5772178173065186, -0.9973413348197937, -0.009551756083965302
-0.5629683136940002, -1.013043761253357, -0.0073945182375609875
-0.529816746711731, -1.1164538860321045, -0.007566737476736307
-0.5343405604362488, -1.0271220207214355, -0.00783250667154789
-0.5794476270675659, -1.0888439416885376, -0.006880624685436487
-0.6095325946807861, -1.1337535381317139, -0.009840583428740501
-0.6385831832885742, -1.0437794923782349, -0.018436139449477196
-0.4295273423194885, -1.0586479902267456, -0.00862510222941637
-0.5464217662811279, -1.1194682121276855, -0.009183916263282299
-0.6079995036125183, -1.1175869703292847, -0.0075567723251879215
-0.4393003582954407, -0.9964008331298828, -0.017848290503025055
-0.6074972152709961, -1.072123408317566, -0.009380522184073925
-0.5334009528160095, -0.9800263047218323, -0.007763653993606567
-0.5783891081809998, -1.189950942993164, -0.0075121489353477955
-0.6984657645225525, -1.1484415531158447, -0.00915934145450592
-0.6080150604248047, -1.0863600969314575, -0.008383311331272125
-0.4270790219306946, -1.0134295225143433, -0.008438649587333202
-0.4881463944911957, -1.0105514526367188, -0.006864290684461594
-0.488055020570755, -0.9834898114204407, -0.007926288060843945
-0.5923503637313843, -0.9828296899795532, -0.021501407027244568
-0.3835323750972748, -1.0147238969802856, -0.009093181230127811
-0.4470136761665344, -1.1023212671279907, -0.01157288532704115
-0.5784183144569397, -0.9813982248306274, -0.009377139620482922
-0.6391944289207458, -1.2097591161727905, -0.007237525191158056
-0.4585050642490387, -1.042048692703247, -0.009730827994644642
-0.4859221875667572, -1.042173147201538, -0.016628846526145935
-0.563887894153595, -1.0138722658157349, -0.017815064638853073
-0.6692491173744202, -1.0873651504516602, -0.008424702100455761
-0.5022005438804626, -0.9238554239273071, -0.005915238056331873
-0.6366154551506042, -1.0139951705932617, -0.020793523639440536
-0.4289597272872925, -0.9537445306777954, -0.008917383849620819
-0.6519362926483154, -1.2213557958602905, -0.008016551844775677
-0.38304299116134644, -1.0422370433807373, -0.008746618404984474
-0.6355119943618774, -1.0125863552093506, -0.03776592016220093
-0.5331842303276062, -1.0565605163574219, -0.007303391117602587
-0.7283359169960022, -1.1461443901062012, -0.009054617956280708
-0.6213070154190063, -1.0292925834655762, -0.009006224572658539
-0.5795325040817261, -1.0268932580947876, -0.007788252085447311
-0.4888702630996704, -0.9979076385498047, -0.00813749898225069
-0.6071620583534241, -1.0276811122894287, -0.007956484332680702
-0.6694731712341309, -1.072227954864502, -0.018351271748542786
-0.4562378525733948, -0.9661319255828857, -0.007025331258773804
-0.5931521058082581, -1.1917225122451782, -0.007483059540390968
-0.5927283763885498, -1.115471363067627, -0.006219763308763504
-0.4726684093475342, -0.9804339408874512, -0.019401289522647858
-0.7255305647850037, -1.0888346433639526, -0.008662587963044643
-0.5439894199371338, -1.1029679775238037, -0.016925478354096413
-0.45752033591270447, -0.9221528172492981, -0.007904275320470333
-0.5303913950920105, -0.9418020844459534, -0.008402240462601185
-0.6676462888717651, -1.2547094821929932, -0.0167069174349308
-0.5341250896453857, -0.9955651164054871, -0.016119418665766716
-0.6836973428726196, -1.205180048942566, -0.019130514934659004
-0.5480565428733826, -1.134511947631836, -0.01903669163584709
-0.5462183952331543, -1.088793158531189, -0.010279057547450066
-0.5956387519836426, -1.139909029006958, -0.015144930221140385
-0.5709004402160645, -1.084904670715332, -0.01859530434012413
-0.6532483100891113, -1.1633484363555908, -0.008777298964560032
-0.5326085090637207, -0.9820588231086731, -0.01676708646118641
-0.514043927192688, -1.131195306777954, -0.007286234758794308
-0.6503577828407288, -1.068572998046875, -0.017804566770792007
-0.5751832723617554, -1.0719016790390015, -0.01657605543732643
-0.5932323336601257, -1.014007806777954, -0.020740948617458344
-0.5428323149681091, -1.1459300518035889, -0.017929507419466972
-0.5327941179275513, -1.1592060327529907, -0.015915321186184883
-0.5479849576950073, -1.1317981481552124, -0.007555338088423014
-0.5181837677955627, -1.0433229207992554, -0.006811357568949461
-0.4590950906276703, -0.9089332222938538, -0.008347077295184135
-0.5478191375732422, -1.1473451852798462, -0.0068853870034217834
-0.6782758235931396, -1.1207526922225952, -0.01767508126795292
-0.6220768094062805, -1.0582178831100464, -0.007875826209783554
-0.44211545586586, -0.9530786275863647, -0.007120233960449696
-0.6539304256439209, -1.191295862197876, -0.007052827160805464
-0.5801594853401184, -1.0579817295074463, -0.018774621188640594
-0.7280336022377014, -1.1014286279678345, -0.01807958073914051
-0.5164569020271301, -1.1164659261703491, -0.008274564519524574
-0.5318844318389893, -0.997799813747406, -0.00785070564597845
-0.5940982103347778, -1.2036079168319702, -0.008213263936340809
-0.5960097312927246, -1.1629478931427002, -0.01766730658710003
-0.5630168318748474, -1.1471508741378784, -0.007746865041553974
-0.7121660709381104, -1.1483646631240845, -0.0066141304560005665
-0.6217444539070129, -1.161772608757019, -0.009462223388254642
-0.6493335962295532, -1.0878299474716187, -0.00830146949738264
-0.4112181067466736, -0.997696042060852, -0.006410609930753708
-0.6643983125686646, -1.238199234008789, -0.016293859109282494
-0.686131477355957, -1.2365483045578003, -0.008488910272717476
-0.6526579260826111, -1.1498010158538818, -0.019745102152228355
-0.4719868004322052, -0.9510294198989868, -0.007881785742938519
-0.5456627011299133, -0.9943781495094299, -0.01912827044725418
-0.6854269504547119, -1.2220104932785034, -0.009596789255738258
-0.62337327003479, -1.0579935312271118, -0.01867058500647545
-0.6503232717514038, -1.103965401649475, -0.00970449298620224
-0.5967537760734558, -1.102491855621338, -0.018411651253700256
-0.729032039642334, -1.1168186664581299, -0.008257296867668629
-0.5292645692825317, -0.9713990688323975, -0.016124550253152847
-0.5762795805931091, -1.043159008026123, -0.019881075248122215
-0.44317626953125, -1.0438923835754395, -0.009131886065006256
-0.4718582332134247, -0.9039530158042908, -0.021739842370152473
-0.6949243545532227, -1.233573317527771, -0.01772584766149521
-0.6821302175521851, -1.1473854780197144, -0.007840128615498543
-0.5201876759529114, -1.0704259872436523, -0.01548065897077322
-0.6815589070320129, -1.1156247854232788, -0.010109787806868553
-0.5636449456214905, -1.1800951957702637, -0.01893615908920765
-0.6381908655166626, -1.0431581735610962, -0.009076726622879505
-0.7424697279930115, -1.1473742723464966, -0.009338105097413063
-0.5638025999069214, -1.1270642280578613, -0.01675930991768837
-0.7562406659126282, -1.1033902168273926, -0.008436920121312141
-0.735531210899353, -1.1355397701263428, -0.017936507239937782
-0.6966032981872559, -1.0737767219543457, -0.008143101818859577
-0.7411510944366455, -1.162235975265503, -0.00971521157771349
-0.712419331073761, -1.1914584636688232, -0.008148837834596634
-0.591067373752594, -1.0134813785552979, -0.009382527321577072
-0.6228857636451721, -1.218592882156372, -0.009686884470283985
-0.5480363965034485, -1.026453971862793, -0.019689183682203293
-0.6223934888839722, -1.1313661336898804, -0.006897124461829662
-0.7243471741676331, -1.078222632408142, -0.007410016376525164
-0.694361686706543, -1.0600394010543823, -0.008708185516297817
-0.6215474605560303, -1.0868865251541138, -0.00628363573923707
-0.4773029386997223, -1.1236222982406616, -0.01800057664513588
-0.6213370561599731, -1.0738134384155273, -0.007918927818536758
-0.4984845519065857, -0.9130537509918213, -0.006195849273353815
-0.5592920184135437, -0.9984313249588013, -0.018518714234232903
-0.5888002514839172, -1.0871983766555786, -0.019868029281497
-0.6828206181526184, -1.074046015739441, -0.007056627422571182
-0.667472779750824, -1.162446141242981, -0.006307445000857115
-0.698196291923523, -1.1328810453414917, -0.008552982471883297
-0.7272669672966003, -1.1614151000976562, -0.00992631446570158
-0.4560776948928833, -1.0877292156219482, -0.016588207334280014
-0.5918254256248474, -1.147125005722046, -0.018446147441864014
-0.6801163554191589, -1.0453627109527588, -0.020013000816106796
-0.4577849507331848, -1.036393642425537, -0.018884822726249695
-0.5625985860824585, -1.0575157403945923, -0.007345888298004866
-0.4261523485183716, -1.0402976274490356, -0.00708669563755393
-0.760373592376709, -1.1449800729751587, -0.008832753635942936
-0.6535152792930603, -1.0302375555038452, -0.008177384734153748
-0.5920009016990662, -1.1775859594345093, -0.005796368233859539
-0.6699371933937073, -1.1341896057128906, -0.00729000149294734
-0.4855513870716095, -0.9232845306396484, -0.017937207594513893
-0.6871170997619629, -1.2626354694366455, -0.009663436561822891
-0.7283579707145691, -1.1747021675109863, -0.008095870725810528
-0.443647563457489, -1.0582026243209839, -0.015742970630526543
-0.7429795265197754, -1.117725133895874, -0.008117185905575752
-0.5342342257499695, -1.0419753789901733, -0.008335881866514683
-0.4587532579898834, -1.0263135433197021, -0.017354430630803108
-0.47100144624710083, -0.9971478581428528, -0.007960735820233822
-0.6677016019821167, -1.118342638015747, -0.008214651606976986
-0.7436478137969971, -1.1029868125915527, -0.009562080726027489
-0.683387279510498, -1.0859676599502563, -0.005212812684476376
-0.45758867263793945, -0.9377469420433044, -0.007918067276477814
-0.6530322432518005, -1.055875539779663, -0.007412218954414129
-0.39734524488449097, -1.0099958181381226, -0.006983274593949318
-0.5455878973007202, -1.0731171369552612, -0.009757362306118011
-0.7107992768287659, -1.1342934370040894, -0.007522038649767637
-0.7268901467323303, -1.2077734470367432, -0.019019443541765213
-0.5204246640205383, -1.0863841772079468, -0.018565161153674126
-0.7120630741119385, -1.162156105041504, -0.009367724880576134
-0.57829350233078, -1.0130232572555542, -0.005938773509114981
-0.652019739151001, -1.1499464511871338, -0.008930318988859653
-0.48744016885757446, -1.0893311500549316, -0.006575280334800482
-0.4994427561759949, -1.0909843444824219, -0.01628972589969635
-0.6556686758995056, -1.1627540588378906, -0.0184383075684309
-0.6503315567970276, -1.0265613794326782, -0.018526213243603706
-0.5166945457458496, -0.9852294921875, -0.01849047653377056
-0.6068229675292969, -1.1969773769378662, -0.024202704429626465
-0.487507164478302, -0.9112158417701721, -0.008467251434922218
-0.5157646536827087, -1.1015578508377075, -0.007543994579464197
-0.6509730219841003, -1.0725997686386108, -0.007616058923304081
-0.7577562928199768, -1.1175585985183716, -0.007718137465417385
-0.6200616955757141, -1.0259743928909302, -0.017396483570337296
-0.5010499954223633, -1.0289463996887207, -0.017215482890605927
-0.4861452877521515, -0.9366767406463623, -0.0071321940049529076
-0.474717915058136, -0.9666782021522522, -0.007443900220096111
-0.48800063133239746, -0.9940479397773743, -0.01588881015777588
-0.5951370596885681, -0.9990437030792236, -0.01717439293861389
-0.6779589653015137, -1.069809079170227, -0.01895744726061821
-0.4867531359195709, -1.1302306652069092, -0.008969299495220184
-0.531671941280365, -1.0402029752731323, -0.018151573836803436
-0.6979185342788696, -1.208596110343933, -0.007160141598433256
-0.7694535851478577, -1.1324957609176636, -0.01806359365582466
-0.47423046827316284, -1.0583958625793457, -0.01924882084131241
-0.6671209931373596, -1.2069238424301147, -0.009821753017604351
-0.6870113611221313, -1.1769055128097534, -0.019962487742304802
-0.6041061878204346, -1.130318284034729, -0.019755806773900986
-0.4579373002052307, -1.0562719106674194, -0.00659243343397975
-0.6454424262046814, -1.1385400295257568, -0.01831422559916973
-0.6658024787902832, -1.2230842113494873, -0.008692113682627678
-0.7287527322769165, -1.191140055656433, -0.01866230182349682
-0.7147924304008484, -1.119078278541565, -0.01814769208431244
-0.44307243824005127, -0.9834387302398682, -0.00835516955703497
-0.531043529510498, -0.9672853350639343, -0.007818262092769146
-0.6656138896942139, -1.2385706901550293, -0.008148176595568657
-0.5780674815177917, -1.1775941848754883, -0.016677698120474815
-0.6666094660758972, -1.1786818504333496, -0.02045401744544506
-0.5471174120903015, -1.1198337078094482, -0.016936786472797394
-0.6541833281517029, -1.0598238706588745, -0.018433308228850365
-0.5473567247390747, -1.088908314704895, -0.01768392324447632
-0.681182324886322, -1.1331262588500977, -0.008422518149018288
-0.48760494589805603, -0.9103553295135498, -0.02075488679111004
-0.7713309526443481, -1.1415982246398926, -0.021923786029219627
-0.4706272482872009, -1.104496955871582, -0.018675990402698517
-0.5178553462028503, -1.1471813917160034, -0.018384160473942757
-0.6351779103279114, -1.2242779731750488, -0.006882969290018082
-0.6508964896202087, -1.1182489395141602, -0.007013831753283739
-0.6901223063468933, -1.181589126586914, -0.020471442490816116
-0.5618219375610352, -0.9665239453315735, -0.019436832517385483
-0.7412919998168945, -1.1328260898590088, -0.01076887920498848
-0.6969828009605408, -1.1913797855377197, -0.018118079751729965
-0.6822414398193359, -1.2495440244674683, -0.006560666486620903
-0.6221068501472473, -1.1317253112792969, -0.01786770671606064
-0.6516367793083191, -1.1009626388549805, -0.015959955751895905
-0.6531919836997986, -1.206543207168579, -0.016940182074904442
-0.5031599402427673, -0.9531611204147339, 0.002586937975138426
-0.7004557847976685, -1.2255579233169556, -0.017347879707813263
-0.5151247978210449, -0.9516059756278992, -0.017585067078471184
-0.4722903072834015, -1.1156243085861206, -0.008305064402520657
-0.6675915718078613, -1.1975762844085693, -0.016377542167901993
-0.50519859790802, -1.1434181928634644, -0.008453846909105778
-0.6839773058891296, -1.1899211406707764, -0.017415475100278854
-0.7133686542510986, -1.0869643688201904, -0.008411804214119911
-0.4001260995864868, -1.0672340393066406, -0.006164689548313618
-0.7077972292900085, -1.1478867530822754, -0.016120463609695435
-0.5178839564323425, -0.9820467829704285, -0.007109413389116526
-0.517808198928833, -0.952595055103302, -0.008192270062863827
-0.5052635073661804, -1.0887420177459717, -0.007926159538328648
-0.4705296754837036, -1.041334629058838, -0.009192229248583317
-0.5069534778594971, -1.1007366180419922, -0.015904225409030914
-0.48887577652931213, -1.0281195640563965, -0.018283911049365997
-0.43090957403182983, -1.088716983795166, -0.006739035248756409
-0.442979097366333, -1.0098583698272705, -0.016418002545833588
-0.6655101180076599, -1.2534403800964355, -0.010505476966500282
-0.4425998628139496, -0.9379598498344421, -0.00894012488424778
-0.41062164306640625, -1.0391056537628174, -0.01615818962454796
-0.5913299322128296, -1.0600714683532715, -0.008357695303857327
-0.4375804662704468, -0.9505152106285095, -0.01789218932390213
-0.6237707734107971, -1.1938247680664062, -0.017088795080780983
-0.4143557548522949, -1.027169108390808, -0.007465190254151821
-0.5484753847122192, -0.984054446220398, -0.019276879727840424
-0.46084922552108765, -0.9850331544876099, -0.02027985081076622
-0.4249941408634186, -0.9996348023414612, 0.004193754866719246
-0.6078266501426697, -1.0538291931152344, 0.0037186185363680124
-0.4590297043323517, -1.1035879850387573, -0.016712622717022896
-0.6839072108268738, -1.1925160884857178, 0.002277625724673271
-0.6382673382759094, -1.0254707336425781, -0.018114203587174416
-0.6972248554229736, -1.2361055612564087, -0.010000049136579037
-0.580293595790863, -1.1339234113693237, -0.01822047121822834
-0.6977965831756592, -1.1025638580322266, -0.01874847337603569
-0.5612527132034302, -1.1187610626220703, -0.016441740095615387
-0.4418952167034149, -1.0239088535308838, -0.01759512722492218
-0.6969785690307617, -1.2202802896499634, -0.008374187164008617
-0.4448293447494507, -0.9962030053138733, -0.006602683570235968
-0.6200364828109741, -1.0117344856262207, -0.01836562342941761
-0.500416100025177, -1.1366233825683594, -0.017833949998021126
-0.3979737460613251, -0.9993438720703125, -0.007193527650088072
-0.4780343770980835, -1.0926086902618408, -0.025633463636040688
-0.62196284532547, -1.0126897096633911, -0.009403950534760952
-0.39560046792030334, -1.0556409358978271, -0.005693848244845867
-0.49945956468582153, -0.9693275690078735, -0.017979200929403305
-0.7431278824806213, -1.1484742164611816, -0.018131669610738754
-0.4129040539264679, -1.0111973285675049, -0.0062801470048725605
-0.6932751536369324, -1.1344743967056274, -0.024810589849948883
-0.7126649022102356, -1.1017241477966309, -0.010376465506851673
-0.6972266435623169, -1.1646728515625, -0.010329941287636757
-0.6101484894752502, -1.2061493396759033, -0.01724865846335888
-0.6100451946258545, -1.193570852279663, -0.009374301880598068
-0.4909590780735016, -0.9840922355651855, -0.016643671318888664
-0.6345980167388916, -1.2334024906158447, -0.01517600566148758
-0.5820768475532532, -1.166515588760376, -0.016883760690689087
-0.6660670042037964, -1.2083643674850464, -0.018351681530475616
-0.6377548575401306, -1.164670467376709, -0.019173650071024895
-0.6685012578964233, -1.1923030614852905, -0.012500174343585968
-0.6091073751449585, -1.1626245975494385, -0.017103569582104683
-0.6110402941703796, -1.2225148677825928, -0.01765591651201248
-0.7152467966079712, -1.1019667387008667, -0.019881471991539
-0.6980693340301514, -1.1762175559997559, -0.00931770820170641
-0.638707160949707, -1.1764179468154907, -0.008709341287612915
-0.6711361408233643, -1.046003818511963, -0.02165876142680645
-0.6366269588470459, -1.1110246181488037, -0.016265571117401123
-0.7111111879348755, -1.135354995727539, -0.020301708951592445
-0.6677030920982361, -1.1616058349609375, -0.01784636080265045
-0.6652840971946716, -1.1803895235061646, -0.009563562460243702
-0.6828083992004395, -1.0998871326446533, -0.015467939898371696
-0.6395503282546997, -1.19184410572052, -0.009540707804262638
-0.6797661185264587, -1.047729253768921, -0.01235378161072731
-0.6712229251861572, -1.2198960781097412, -0.019236143678426743
-0.4462883174419403, -1.1001828908920288, -0.017476581037044525
-0.6257780194282532, -1.0405508279800415, -0.016110418364405632
-0.5790349841117859, -1.1778703927993774, -0.008538288995623589
-0.7554227113723755, -1.1602606773376465, -0.010915941558778286
-0.6532851457595825, -1.042996883392334, -0.019961565732955933
-0.7015477418899536, -1.2096867561340332, -0.018592417240142822
-0.7382786870002747, -1.0910404920578003, -0.012064453214406967
-0.6193497776985168, -0.9997491836547852, -0.020202940329909325
-0.6056502461433411, -1.1002256870269775, -0.018985124304890633
-0.6213923692703247, -1.1638658046722412, -0.01661011390388012
-0.5764424800872803, -1.0315459966659546, -0.017622951418161392
-0.5159217715263367, -1.0287665128707886, -0.017107432708144188
-0.3661937117576599, -1.0408470630645752, -0.010336518287658691
-0.692073404788971, -1.1426841020584106, -0.017694897949695587
-0.5035590529441833, -0.9339630603790283, -0.01783578097820282
-0.6837880611419678, -1.0863999128341675, -0.016977565363049507
-0.7066090703010559, -1.2190674543380737, -0.01523972675204277
-0.6098921298980713, -1.0815339088439941, -0.016374927014112473
-0.6986258625984192, -1.164792776107788, -0.021073395386338234
-0.5321415066719055, -1.0292811393737793, -0.01783785969018936
-0.38415828347206116, -1.0549650192260742, -0.0074250353500247
-0.6366298794746399, -1.204789400100708, -0.0173557847738266
-0.6537797451019287, -1.0430102348327637, -0.008379174396395683
-0.6087543964385986, -1.0722465515136719, -0.019318321719765663
-0.47130322456359863, -1.0560240745544434, 0.002509104320779443
-0.7272796034812927, -1.192989468574524, -0.008914207108318806
-0.6988861560821533, -1.192123293876648, -0.008232763037085533
-0.6796962022781372, -1.2502312660217285, -0.02069903165102005
-0.6627827882766724, -1.1001601219177246, -0.019638702273368835
-0.5819349884986877, -0.9963246583938599, -0.01653028093278408
-0.48602721095085144, -1.0709567070007324, -0.019336150959134102
-0.5032973885536194, -1.1219563484191895, -0.015468638390302658
-0.6157314777374268, -1.2152806520462036, -0.02076500467956066
-0.4690855145454407, -1.0293118953704834, -0.017731739208102226
-0.714367687702179, -1.1171778440475464, -0.007711149286478758
-0.5824304819107056, -1.1171869039535522, -0.01662490703165531
-0.5327285528182983, -1.08640456199646, -0.01656315289437771
-0.6388000249862671, -1.086236834526062, -0.01735992543399334
-0.5453459620475769, -0.9686769843101501, -0.017320789396762848
-0.4537981152534485, -0.9569329619407654, -0.016434065997600555
-0.4459967613220215, -0.9239924550056458, -0.009902512654662132
-0.5036375522613525, -1.0292558670043945, 0.0011037909425795078
-0.6374397277832031, -1.1604212522506714, -0.004699031822383404
-0.7722682952880859, -1.132922887802124, -0.012519104406237602
-0.4712558388710022, -1.011690616607666, -0.018988531082868576
-0.5638396739959717, -0.9852909445762634, -0.018889928236603737
-0.6414906978607178, -1.2378170490264893, -0.008159924298524857
-0.5762906670570374, -1.0634361505508423, 0.004670148715376854
-0.4117504358291626, -1.0178837776184082, -0.017242606729269028
-0.7534038424491882, -1.1486945152282715, -0.018947651609778404
-0.623373806476593, -1.0601179599761963, 0.0015419734409078956
-0.5651068091392517, -1.042460322380066, -0.01640022173523903
-0.39709270000457764, -1.016971230506897, 0.0013383233454078436
-0.5117166638374329, -0.9251981377601624, -0.005596063565462828
-0.5752893090248108, -0.9725983142852783, -0.014777064323425293
-0.6851650476455688, -1.101540207862854, -0.0074910931289196014
-0.4866688847541809, -0.9568119049072266, -0.019002843648195267
-0.547724723815918, -1.1727566719055176, -0.007068428210914135
-0.7733750343322754, -1.1164323091506958, -0.02247844822704792
-0.7124838829040527, -1.2228304147720337, -0.009461743757128716
-0.7292066812515259, -1.1623002290725708, 0.0015972258988767862
-0.6409923434257507, -1.1404659748077393, -0.016773059964179993
-0.7359069585800171, -1.1801841259002686, -0.01640911214053631
-0.6817159652709961, -1.2188796997070312, -0.016721557825803757
-0.6786924600601196, -1.0578547716140747, 0.005733531899750233
-0.5179154872894287, -0.9611609578132629, -0.017115537077188492
-0.535027265548706, -1.055677890777588, -0.01641545630991459
-0.3871987760066986, -1.0661722421646118, -0.011013876646757126
-0.41862085461616516, -1.0894567966461182, -0.012483349069952965
-0.579899251461029, -1.1464755535125732, 0.001829240471124649
-0.4593842923641205, -0.952666699886322, 0.0014963073190301657
-0.6094229221343994, -1.0138972997665405, -0.018828365951776505
-0.5318092107772827, -1.0133237838745117, 0.0018763954285532236
-0.6128922700881958, -1.2189356088638306, -0.011779218912124634
-0.579292356967926, -1.0897510051727295, 0.002002977766096592
-0.5642708539962769, -1.0855978727340698, -0.02045738324522972
-0.5834778547286987, -1.20548415184021, -0.015248461626470089
-0.5436005592346191, -0.9573268294334412, 0.003460752312093973
-0.7289264798164368, -1.1320416927337646, -0.0163263026624918
-0.5231148600578308, -0.982476532459259, 0.0020434882026165724
-0.6222580671310425, -1.2087178230285645, -0.019610125571489334
-0.7484070658683777, -1.1025726795196533, -0.016735274344682693
-0.6200940608978271, -1.1190632581710815, -0.016617627814412117
-0.5450114011764526, -1.0413975715637207, -0.018813537433743477
-0.4739934802055359, -0.9685998558998108, -0.017015932127833366
-0.6995114088058472, -1.176997423171997, 0.0011551803909242153
-0.40779244899749756, -1.055190086364746, -0.015479162335395813
-0.6735728979110718, -1.1366710662841797, -0.023386964574456215
-0.4602881371974945, -1.1215407848358154, -0.022144343703985214
-0.5018261075019836, -1.0388638973236084, 0.0034984129015356302
-0.6708508133888245, -1.166102409362793, 0.0018680676585063338
-0.40106451511383057, -0.9845871329307556, -0.005342293065041304
-0.43819987773895264, -0.9847644567489624, -0.01896200329065323
-0.6845424175262451, -1.0589535236358643, -0.018381912261247635
-0.4841330349445343, -1.1250832080841064, -0.01511552557349205
-0.4847959876060486, -0.9398045539855957, -0.017675485461950302
-0.6560896635055542, -1.250490427017212, -0.008118309080600739
-0.45892879366874695, -1.0533757209777832, -0.01565064862370491
-0.38701489567756653, -1.0567071437835693, -0.016987429931759834
-0.67210453748703, -1.1405421495437622, -0.01571417972445488
-0.5918010473251343, -1.192115306854248, -0.018200445920228958
-0.4116339087486267, -1.081160068511963, -0.018531160429120064
-0.6195380091667175, -1.1004374027252197, -0.016202403232455254
-0.532726526260376, -1.0444185733795166, 9.415386011824012E-4
-0.4737551212310791, -1.1269209384918213, -0.008769297040998936
-0.5938063263893127, -1.0430656671524048, -0.017633331939578056
-0.4722072184085846, -1.070871353149414, -0.01672280579805374
-0.5749157667160034, -1.1473100185394287, -0.019884981215000153
-0.44796130061149597, -1.1008120775222778, 0.0047197905369102955
-0.6520602107048035, -1.2337714433670044, 7.568321307189763E-4
-0.7373588681221008, -1.1942085027694702, -0.009076247923076153
-0.5589945316314697, -1.1850794553756714, -0.005047420971095562
-0.541093111038208, -1.1639149188995361, -0.020108649507164955
-0.6960176825523376, -1.2474462985992432, -0.01964578405022621
-0.7466657161712646, -1.104331374168396, 0.008341365493834019
-0.6101106405258179, -1.0559391975402832, -0.01644991897046566
-0.5061261057853699, -1.0736052989959717, -0.022862838581204414
-0.39318230748176575, -1.044112205505371, -0.015781495720148087
-0.41357487440109253, -1.0681140422821045, -0.017348190769553185
-0.6430338025093079, -1.0752055644989014, -0.015605288557708263
-0.6384401321411133, -1.0729323625564575, 0.002331220079213381
-0.5779985189437866, -0.9821616411209106, -0.018894130364060402
-0.7183772921562195, -1.200986385345459, -0.016848230734467506
-0.5325311422348022, -1.15041184425354, 0.003849867731332779
-0.6482506990432739, -1.1663845777511597, 4.906794056296349E-4
-0.5015572309494019, -1.0354766845703125, -0.01988372579216957
-0.6215779185295105, -1.218909502029419, 0.003296344541013241
-0.4949817359447479, -1.087645173072815, -0.021960429847240448
-0.4286098778247833, -1.0847997665405273, -0.01795877516269684
-0.7314041256904602, -1.17719304561615, 8.511157939210534E-4
-0.4731980562210083, -0.9353866577148438, -0.017082758247852325
-0.38080957531929016, -1.0412096977233887, -0.018344778567552567
-0.41156652569770813, -1.0733972787857056, -0.00762314535677433
-0.7886126041412354, -1.129239559173584, -0.01889227330684662
-0.39513251185417175, -1.0270475149154663, -0.009054850786924362
-0.6554393768310547, -1.218085527420044, 0.0031698746606707573
-0.6655538082122803, -1.0754327774047852, 4.148369771428406E-4
-0.6244205236434937, -1.206123948097229, 0.0017629793146625161
-0.7208998203277588, -1.2079615592956543, -0.00543178478255868
-0.7052834630012512, -1.2046751976013184, 0.003558335592970252
-0.4569318890571594, -1.113875150680542, -0.010165637359023094
-0.538906991481781, -1.027764081954956, 0.0036799265071749687
-0.703423261642456, -1.1305454969406128, 0.0012195156887173653
-0.5030808448791504, -0.9224529266357422, -0.01929345913231373
-0.4002833962440491, -1.0600907802581787, 0.0016657127998769283
-0.5466663837432861, -0.9523347616195679, -0.01971038058400154
-0.4911682903766632, -1.0556907653808594, 0.0020557751413434744
-0.5266287922859192, -1.1503746509552002, -0.01793525367975235
-0.6329859495162964, -1.145552396774292, 0.003871217602863908
-0.504682183265686, -1.0619604587554932, -0.016857024282217026
-0.538876473903656, -1.1712008714675903, -0.003414649749174714
-0.46598130464553833, -1.0305122137069702, 2.4089030921459198E-4
-0.487965852022171, -1.08109712600708, 0.0021220180206000805
-0.6454206705093384, -1.0826184749603271, 0.003076156135648489
-0.5150227546691895, -1.089853048324585, 3.9507111068814993E-4
-0.48476606607437134, -1.0106065273284912, -0.018446657806634903
-0.6535060405731201, -1.1192002296447754, 0.0037823778111487627
-0.4979473054409027, -1.076336145401001, 6.027687340974808E-4
-0.5364063382148743, -0.9676389098167419, 1.005907979561016E-4
-0.5797996520996094, -1.0980451107025146, -0.0190073661506176
-0.4482656717300415, -1.0875639915466309, -0.01632869802415371
-0.606639564037323, -1.2091704607009888, -0.01162545196712017
-0.4704580307006836, -1.1251609325408936, -0.020035041496157646
-0.6430967450141907, -1.2240092754364014, -0.020998569205403328
-0.6269915103912354, -1.1832069158554077, 0.0017306037480011582
-0.4182854890823364, -0.9596439003944397, -0.014653461053967476
-0.6210010051727295, -1.0039218664169312, -0.01378367654979229
-0.6977163553237915, -1.2450737953186035, -0.008605648763477802
-0.7615571022033691, -1.1261577606201172, 0.004035388585180044
-0.7590108513832092, -1.1166841983795166, 0.004169889260083437
-0.5317741632461548, -0.9561643600463867, 0.0029435616452246904
-0.5376988053321838, -1.1575175523757935, 0.0028020930476486683
-0.7512305378913879, -1.1624128818511963, -0.017677035182714462
-0.5670732855796814, -1.110131025314331, 9.752249461598694E-4
-0.5673633813858032, -1.0702147483825684, 0.001005847123451531
-0.5666687488555908, -1.1841086149215698, 3.8203815347515047E-4
-0.49772191047668457, -1.006808876991272, 6.059880834072828E-4
-0.5473110675811768, -0.9607462286949158, 4.94081003125757E-4
-0.40049290657043457, -0.9934635162353516, 0.003968230914324522
-0.48697400093078613, -0.9193716049194336, 0.0033538343850523233
-0.6285149455070496, -1.160978078842163, 0.007165799383074045
-0.38852787017822266, -1.0412812232971191, 0.003821638645604253
-0.6111404895782471, -1.114546537399292, -0.0227213092148304
-0.4828987419605255, -1.1255844831466675, 4.363191837910563E-4
-0.7479559779167175, -1.118592619895935, 6.459708092734218E-4
