-1.295751690864563, -1.699623465538025, -0.036622170358896255
-1.2961229085922241, -1.6719423532485962, -0.051377616822719574
-1.2959678173065186, -1.6587210893630981, -0.03664622828364372
-1.2937337160110474, -1.6852978467941284, -0.08122202754020691
-1.2947691679000854, -1.7016046047210693, -0.08253669738769531
-1.297369360923767, -1.6999831199645996, -0.0652225986123085
-1.2938868999481201, -1.7125253677368164, -0.06346195936203003
-1.29225492477417, -1.714897632598877, -0.048180434852838516
-1.2995595932006836, -1.6702051162719727, -0.083706334233284
-1.3012890815734863, -1.659541368484497, -0.06858454644680023
-1.2962803840637207, -1.6855652332305908, -0.0944553092122078
-1.3077341318130493, -1.672985315322876, -0.09909375756978989
-1.3002798557281494, -1.653926134109497, -0.08067680895328522
-1.3103187084197998, -1.6266255378723145, -0.06610433757305145
-1.309799313545227, -1.6075485944747925, -0.048681557178497314
-1.2974798679351807, -1.7015656232833862, -0.11351369321346283
-1.2954045534133911, -1.6986083984375, -0.09679179638624191
-1.2817744016647339, -1.736279845237732, -0.08433205634355545
-1.291307806968689, -1.7537269592285156, -0.04915456101298332
-1.306850552558899, -1.682699203491211, -0.11415384709835052
-1.306720495223999, -1.6715701818466187, -0.13157795369625092
-1.29679536819458, -1.68784761428833, -0.12516948580741882
-1.3080687522888184, -1.6506826877593994, -0.10823974013328552
-1.280714988708496, -1.7489105463027954, -0.09836512804031372
-1.2964403629302979, -1.6592047214508057, -0.12779933214187622
-1.3108229637145996, -1.6272203922271729, -0.09704963117837906
-1.3129349946975708, -1.6121578216552734, -0.0841284692287445
-1.2966036796569824, -1.6733206510543823, -0.14223076403141022
-1.315011739730835, -1.6078474521636963, -0.11611203849315643
-1.2830454111099243, -1.748772144317627, -0.11263447254896164
-1.2976770401000977, -1.6995130777359009, -0.1459859311580658
-1.312167763710022, -1.6103302240371704, -0.12905040383338928
-1.312110424041748, -1.6256495714187622, -0.12696674466133118
-1.3124641180038452, -1.581972599029541, -0.09897861629724503
-1.2984399795532227, -1.645395040512085, -0.1417580395936966
-1.3111652135849, -1.610164999961853, -0.14277298748493195
-1.3106639385223389, -1.595811367034912, -0.12684348225593567
-1.2821232080459595, -1.7316640615463257, -0.09897129982709885
-1.3100224733352661, -1.644323468208313, -0.10356409102678299
-1.3085788488388062, -1.6466293334960938, -0.1421228051185608
-1.3123334646224976, -1.5885759592056274, -0.03573012351989746
-1.3016012907028198, -1.716072916984558, -0.07947544753551483
-1.2874271869659424, -1.7306667566299438, -0.05728805065155029
-1.3113969564437866, -1.6153322458267212, -0.09752684831619263
-1.3128104209899902, -1.6008270978927612, -0.09881886094808578
-1.280578374862671, -1.7021085023880005, -0.08751679956912994
-1.30524742603302, -1.6959556341171265, -0.11848349124193192
-1.2958769798278809, -1.6898633241653442, -0.052755311131477356
-1.3253974914550781, -1.576887845993042, -0.06566951423883438
-1.2879513502120972, -1.719920039176941, -0.08958546072244644
-1.2918756008148193, -1.713767409324646, -0.12689068913459778
-1.3129037618637085, -1.59649658203125, -0.08047794550657272
-1.2959343194961548, -1.6773767471313477, -0.06790787726640701
-1.3131968975067139, -1.5835202932357788, -0.06734272092580795
-1.3120427131652832, -1.6434886455535889, -0.11714985966682434
-1.2824763059616089, -1.7337462902069092, -0.0712820440530777
-1.2993046045303345, -1.6251139640808105, -0.0521371066570282
-1.2961891889572144, -1.7212553024291992, -0.16231077909469604
-1.320685863494873, -1.6109545230865479, -0.09523623436689377
-1.2973341941833496, -1.6255578994750977, -0.06527268886566162
-1.3036863803863525, -1.6266734600067139, -0.10159128904342651
-1.280326008796692, -1.7081079483032227, -0.052000563591718674
-1.3023629188537598, -1.6157817840576172, -0.13340818881988525
-1.3071532249450684, -1.6457366943359375, -0.08355773240327835
-1.2996090650558472, -1.6241705417633057, -0.08488868176937103
-1.3167457580566406, -1.584533452987671, -0.11618437618017197
-1.3047369718551636, -1.6131401062011719, -0.10439890623092651
-1.312180519104004, -1.625701904296875, -0.11159846186637878
-1.310880422592163, -1.6446715593338013, -0.12471739947795868
-1.310349702835083, -1.6308263540267944, -0.14782732725143433
-1.283808708190918, -1.7030043601989746, -0.06904954463243484
-1.3067777156829834, -1.6432340145111084, -0.1567261815071106
-1.301924228668213, -1.612122893333435, -0.035664018243551254
-1.293987512588501, -1.6883807182312012, -0.06969340145587921
-1.2875977754592896, -1.701680302619934, -0.11646561324596405
-1.2987008094787598, -1.6485365629196167, -0.09627249836921692
-1.3034191131591797, -1.612886667251587, -0.06993025541305542
-1.282855749130249, -1.745030403137207, -0.05320347845554352
-1.281437873840332, -1.772526741027832, -0.06025443226099014
-1.2974345684051514, -1.6719080209732056, -0.09855461865663528
-1.2885597944259644, -1.702484369277954, -0.13100631535053253
-1.3101739883422852, -1.62704598903656, -0.08331593871116638
-1.302862286567688, -1.5896979570388794, -0.0839577242732048
-1.313568115234375, -1.584200382232666, -0.08324535936117172
-1.3117741346359253, -1.6286484003067017, -0.053491801023483276
-1.2975682020187378, -1.6846091747283936, -0.14691931009292603
-1.2836096286773682, -1.7468090057373047, -0.0795251876115799
-1.3248202800750732, -1.5811735391616821, -0.11235344409942627
-1.3019206523895264, -1.6092883348464966, -0.046579036861658096
-1.2829526662826538, -1.716225504875183, -0.12592729926109314
-1.295736312866211, -1.6764168739318848, -0.12646837532520294
-1.2890652418136597, -1.6693209409713745, -0.06933635473251343
-1.2939362525939941, -1.6772730350494385, -0.030323069542646408
-1.297483205795288, -1.7020668983459473, -0.12642055749893188
-1.2840545177459717, -1.7317767143249512, -0.127305269241333
-1.2729883193969727, -1.752577304840088, -0.07008790969848633
-1.2816694974899292, -1.6965575218200684, -0.09715884178876877
-1.3093411922454834, -1.6366934776306152, -0.052300937473773956
-1.283099889755249, -1.7570008039474487, -0.06525625288486481
-1.27422034740448, -1.7508299350738525, -0.08255872875452042
-1.313319206237793, -1.5956535339355469, -0.14386294782161713
-1.28878915309906, -1.6743428707122803, -0.14280687272548676
-1.2886847257614136, -1.70030677318573, -0.020838921889662743
-1.3149113655090332, -1.5833516120910645, -0.12702292203903198
-1.3135583400726318, -1.5713367462158203, -0.14184272289276123
-1.3101757764816284, -1.595686674118042, -0.11274785548448563
-1.2952286005020142, -1.657225251197815, -0.14037644863128662
-1.2968016862869263, -1.701172113418579, -0.051008228212594986
-1.2967448234558105, -1.6624293327331543, -0.05876928195357323
-1.283562183380127, -1.757338285446167, -0.02275083214044571
-1.3044670820236206, -1.6332135200500488, -0.02690601348876953
-1.3037383556365967, -1.654992938041687, -0.10868950188159943
-1.2971746921539307, -1.6464414596557617, -0.1137065440416336
-1.2865288257598877, -1.6885814666748047, -0.06455861777067184
-1.2725056409835815, -1.7373771667480469, -0.1126171350479126
-1.282008171081543, -1.735434651374817, -0.141056090593338
-1.2838314771652222, -1.7312883138656616, -0.03694399446249008
-1.2886793613433838, -1.6963285207748413, -0.14013424515724182
-1.2865245342254639, -1.689771294593811, -0.14816001057624817
-1.2722822427749634, -1.725913405418396, -0.08915597200393677
-1.290221929550171, -1.7279226779937744, -0.1502501368522644
-1.273606300354004, -1.7444791793823242, -0.09790235757827759
-1.2849647998809814, -1.6896008253097534, -0.05162154138088226
-1.3030810356140137, -1.6576381921768188, -0.09699024260044098
