-1.2071853876113892, -0.8161925673484802, -0.008793453685939312
-1.2084652185440063, -0.7853062152862549, -0.008721903897821903
-1.2537752389907837, -0.8155282735824585, -0.008934411220252514
-1.2383275032043457, -0.80116868019104, -0.00822134967893362
-1.2215662002563477, -0.8175137042999268, -0.007111701183021069
-1.240237832069397, -0.8329169154167175, -0.018235187977552414
-1.1924800872802734, -0.8327507972717285, -0.009551864117383957
-1.226517915725708, -0.7955750823020935, -0.01637154631316662
-1.223059058189392, -0.8325415849685669, -0.006000852212309837
-1.238450288772583, -0.8318928480148315, -0.007879115641117096
-1.1931675672531128, -0.800656259059906, -0.009948579594492912
-1.1912604570388794, -0.8472562432289124, -0.009224513545632362
-1.1640088558197021, -0.7856853008270264, -0.006235045846551657
-1.2513813972473145, -0.7723333835601807, -0.008303758688271046
-1.2516887187957764, -0.7867067456245422, -0.006659530568867922
-1.297135591506958, -0.8006789088249207, -0.009374313056468964
-1.2685022354125977, -0.7876451015472412, -0.007233879063278437
-1.2965989112854004, -0.8329581022262573, -0.00865007471293211
-1.2824759483337402, -0.7888451814651489, -0.008583785966038704
-1.253794550895691, -0.8456956148147583, -0.011255426332354546
-1.267399787902832, -0.8168585300445557, -0.00825228076428175
-1.2551748752593994, -0.8746589422225952, -0.01638038083910942
-1.2949364185333252, -0.769726574420929, -0.018486006185412407
-1.2824139595031738, -0.7571570873260498, -0.00904615968465805
-1.237943172454834, -0.7421568632125854, -0.008107881061732769
-1.2517249584197998, -0.74285888671875, -0.007617116440087557
-1.3121381998062134, -0.7725827097892761, -0.007230987772345543
-1.3425052165985107, -0.789274275302887, -0.009007152169942856
-1.2983930110931396, -0.8467267155647278, -0.006880088709294796
-1.311130404472351, -0.8028867840766907, -0.007326630875468254
-1.3125860691070557, -0.8466022610664368, -0.0056142606772482395
-1.2842235565185547, -0.8329073786735535, -0.010182828642427921
-1.326474666595459, -0.7846408486366272, -0.006898024119436741
-1.3447827100753784, -0.8015732765197754, -0.007324397563934326
-1.3138792514801025, -0.8136551976203918, -0.007397770415991545
-1.3391828536987305, -0.8216432332992554, -0.017186153680086136
-1.327409029006958, -0.8488306999206543, -0.00852437224239111
-1.3126273155212402, -0.8771732449531555, -0.00994928926229477
-1.2999508380889893, -0.8755970001220703, -0.010890624485909939
-1.342982530593872, -0.8293388485908508, -0.010126308538019657
-1.2659584283828735, -0.8879975080490112, -0.007385135628283024
-1.2244786024093628, -0.8613178730010986, -0.009865550324320793
-1.2851874828338623, -0.9043188691139221, -0.009150620549917221
-1.3413134813308716, -0.7566471695899963, -0.008269594982266426
-1.313300371170044, -0.7436590194702148, -0.008925405330955982
-1.2969472408294678, -0.7102490067481995, -0.006097391713410616
-1.2528092861175537, -0.6956884264945984, -0.006811949890106916
-1.3750832080841064, -0.8160034418106079, -0.0114156324416399
-1.3728997707366943, -0.8036220073699951, -0.009206285700201988
-1.3574515581130981, -0.8324345946311951, -0.009061778895556927
-1.3106365203857422, -0.8912384510040283, -0.005025341175496578
-1.328980565071106, -0.8921439051628113, -0.008249628357589245
-1.3155791759490967, -0.7564918994903564, -0.008811410516500473
-1.3869633674621582, -0.818964958190918, -0.017978250980377197
-1.3735003471374512, -0.8460427522659302, -0.009863222949206829
-1.3563330173492432, -0.8736094236373901, -0.016675259917974472
-1.3419189453125, -0.8932102918624878, -0.008782884106040001
-1.3592016696929932, -0.876082718372345, -0.008630997501313686
-1.3711493015289307, -0.8773092031478882, -0.007037753704935312
-1.2994166612625122, -0.9057140946388245, -0.009091328829526901
-1.386885404586792, -0.8468776941299438, -0.009044055826961994
-1.4025154113769531, -0.8335267901420593, -0.007801319006830454
-1.4007625579833984, -0.8202242851257324, -0.010058494284749031
-1.4170743227005005, -0.8311353921890259, -0.009328901767730713
-1.3567324876785278, -0.9080652594566345, -0.016438936814665794
-1.35885751247406, -0.9074532389640808, -0.009207621216773987
-1.342092752456665, -0.9369187355041504, -0.010039025917649269
-1.4025862216949463, -0.8611981868743896, -0.010940328240394592
-1.4292302131652832, -0.8354616165161133, -0.009370362386107445
-1.4150354862213135, -0.8618637919425964, -0.0076793283224105835
-1.372191071510315, -0.9227534532546997, -0.011139430105686188
-1.4176874160766602, -0.8759939670562744, -0.006726972293108702
-1.3111592531204224, -0.9675681591033936, -0.009773219004273415
-1.3281011581420898, -0.9818369746208191, -0.010469788685441017
-1.4318283796310425, -0.8771396279335022, -0.008862722665071487
-1.3581228256225586, -0.9512489438056946, -0.009444188326597214
-1.3436808586120605, -0.9831123352050781, -0.009167245589196682
-1.3561903238296509, -0.952996551990509, -0.01730828732252121
-1.3715187311172485, -0.9652373194694519, -0.007845783606171608
-1.429914951324463, -0.9080209732055664, -0.018584124743938446
-1.3877536058425903, -0.969249963760376, -0.009516099467873573
-1.4026917219161987, -0.9378834962844849, -0.00818773452192545
-1.4183247089385986, -0.9519930481910706, -0.007751764263957739
-1.359069585800171, -0.9953342080116272, -0.017810698598623276
-1.38771390914917, -1.0122184753417969, -0.009619715623557568
-1.4313952922821045, -0.9527482986450195, -0.008533714339137077
-1.4635320901870728, -0.9351404309272766, -0.009113896638154984
-1.4783482551574707, -0.9054343104362488, -0.008490705862641335
-1.4502960443496704, -0.9342193603515625, -0.007088102865964174
-1.434874415397644, -0.9688341021537781, -0.009695593267679214
-1.4193027019500732, -0.9962194561958313, -0.007747014984488487
-1.44770348072052, -0.9670015573501587, -0.008323822170495987
-1.4039112329483032, -1.0257737636566162, -0.010079209692776203
-1.4311883449554443, -1.0126841068267822, -0.010018794797360897
-1.417590618133545, -1.0415747165679932, -0.011459829285740852
-1.4628955125808716, -0.9816815853118896, -0.00887761078774929
-1.4773132801055908, -0.9392377734184265, -0.008957498706877232
-1.3126604557037354, -0.9243624210357666, -0.016035614535212517
-1.3149826526641846, -0.8882912397384644, -0.020922444760799408
-1.179518461227417, -0.8007670640945435, -0.008138462901115417
-1.1744754314422607, -0.7890249490737915, -0.00797817949205637
-1.3890743255615234, -1.0136516094207764, -0.01772739179432392
-1.2405428886413574, -0.7700165510177612, -0.01638997532427311
-1.2684093713760376, -0.7543063163757324, -0.006066835019737482
-1.3537101745605469, -0.7662625312805176, -0.018322721123695374
-1.3190962076187134, -0.7834355235099792, -0.016133323311805725
-1.3136706352233887, -0.7759605050086975, -0.020829031243920326
-1.2244000434875488, -0.7659810781478882, -0.01557188481092453
-1.4720749855041504, -0.9849537014961243, -0.016378160566091537
-1.2691245079040527, -0.7253478765487671, -0.00910288654267788
-1.2969855070114136, -0.9490959048271179, -0.009871345944702625
-1.2710078954696655, -0.857187032699585, -0.021930769085884094
-1.2377341985702515, -0.7714954018592834, -0.00835967157036066
-1.4461641311645508, -0.9230144619941711, -0.010592280887067318
-1.344330072402954, -0.9530807733535767, -0.019567985087633133
-1.2983850240707397, -0.7706202268600464, -0.009843522682785988
-1.4181571006774902, -0.872101366519928, -0.015406113117933273
-1.3613340854644775, -0.8341168165206909, -0.01907145231962204
-1.238946557044983, -0.8640064597129822, -0.007931247353553772
-1.3580455780029297, -0.8013466000556946, -0.0062340195290744305
-1.389230728149414, -0.862156093120575, -0.009952191263437271
-1.4188467264175415, -0.906518816947937, -0.019691817462444305
-1.2966954708099365, -0.7412557601928711, -0.007819036953151226
-1.2230778932571411, -0.7578080296516418, -0.008300568908452988
-1.4950942993164062, -0.955955982208252, -0.020807942375540733
-1.3239779472351074, -0.848121166229248, -0.016206085681915283
-1.3296613693237305, -0.9689069986343384, -0.01751108095049858
-1.2841683626174927, -0.8289214372634888, -0.017548086121678352
-1.4462751150131226, -1.0143113136291504, -0.012237380258738995
-1.1791458129882812, -0.8334768414497375, -0.009027584455907345
-1.180504560470581, -0.7712888717651367, -0.007194859907031059
-1.2388263940811157, -0.711916983127594, -0.010544970631599426
-1.2694687843322754, -0.8626397252082825, -0.009596366435289383
-1.3394607305526733, -0.9374906420707703, -0.01781296730041504
-1.2070034742355347, -0.8456265926361084, -0.010487712919712067
-1.4017276763916016, -0.9825027585029602, -0.018160371109843254
-1.4144529104232788, -0.9513118267059326, -0.015125405043363571
-1.2540849447250366, -0.7265275716781616, -0.006921280175447464
-1.4753402471542358, -0.9928793907165527, -0.010938553139567375
-1.5094870328903198, -0.9231627583503723, -0.017988184466958046
-1.388113260269165, -0.8960390686988831, -0.015790458768606186
-1.2816579341888428, -0.7266087532043457, -0.008402909152209759
-1.3747313022613525, -1.0103297233581543, -0.009950721636414528
-1.437378168106079, -1.0103106498718262, -0.016050972044467926
-1.2861485481262207, -0.8006173968315125, -0.01643408089876175
-1.345124363899231, -0.9059444665908813, -0.007064171601086855
-1.1640204191207886, -0.8167245984077454, -0.0177200548350811
-1.3436365127563477, -0.8625609874725342, -0.016962848603725433
-1.4370545148849487, -0.9209763407707214, -0.017963744699954987
-1.4612678289413452, -0.8917433023452759, -0.009534897282719612
-1.229130744934082, -0.8314589858055115, -0.015666410326957703
-1.173641562461853, -0.8193333148956299, -0.016177302226424217
-1.400977373123169, -1.0287634134292603, -0.01705804280936718
-1.402534008026123, -0.8630278706550598, -0.018199801445007324
-1.360852599143982, -0.9955909252166748, -0.010036743246018887
-1.3876705169677734, -0.9337770342826843, -0.020492108538746834
-1.2480945587158203, -0.8425087928771973, -0.01611274480819702
-1.2087228298187256, -0.754619836807251, -0.009018855169415474
-1.3305329084396362, -0.8600051403045654, -0.01815173402428627
-1.3417329788208008, -0.830967366695404, -0.01762135699391365
-1.327022671699524, -0.9224722981452942, -0.010198167525231838
-1.3771486282348633, -0.9241725206375122, -0.0182212945073843
-1.4044582843780518, -0.902938723564148, -0.01807914301753044
-1.180504322052002, -0.7416157126426697, -0.012054107151925564
-1.1925570964813232, -0.7730387449264526, -0.008362081833183765
-1.2684955596923828, -0.6956260204315186, -0.008415376767516136
-1.3285914659500122, -0.8921501636505127, -0.02030746266245842
-1.1633208990097046, -0.8156307935714722, -0.0071979123167693615
-1.3282525539398193, -0.9250558018684387, -0.01719561591744423
-1.3881266117095947, -0.8163279891014099, -0.005920949392020702
-1.2220181226730347, -0.7567089796066284, -0.017385348677635193
-1.2517131567001343, -0.712805449962616, -0.008918539620935917
-1.4862513542175293, -0.9039607644081116, -0.015332265757024288
-1.207106113433838, -0.7735635638237, -0.00859771203249693
-1.4047133922576904, -0.9058560132980347, -0.008490725420415401
-1.502996802330017, -0.9513728618621826, -0.01159115694463253
-1.3558262586593628, -0.7590017914772034, -0.01039363257586956
-1.3753372430801392, -0.9991865754127502, -0.011320664547383785
-1.2223373651504517, -0.7284706234931946, -0.008494307287037373
-1.296386957168579, -0.8327453136444092, -0.018866367638111115
-1.3108692169189453, -0.9092523455619812, -0.009677846916019917
-1.2239612340927124, -0.785581111907959, -0.009601501747965813
-1.2207828760147095, -0.8497349619865417, -0.016941705718636513
-1.419677734375, -0.9083389639854431, -0.01111865695565939
-1.417055368423462, -0.9827750325202942, -0.010916006751358509
-1.2527637481689453, -0.907746434211731, -0.008190777152776718
-1.4747570753097534, -0.8935573101043701, -0.016675109043717384
-1.4160207509994507, -1.0281180143356323, -0.007978362962603569
-1.4338322877883911, -0.9077572226524353, -0.008482336066663265
-1.282591700553894, -0.697748064994812, -0.010477050207555294
-1.5021710395812988, -0.9627990126609802, -0.01763814315199852
-1.3425781726837158, -0.8621709942817688, -0.010051964782178402
-1.3566464185714722, -0.8675647974014282, -0.019319524988532066
-1.371430516242981, -0.9507311582565308, -0.009188978001475334
-1.3250869512557983, -0.7453426122665405, -0.005915565881878138
-1.2831742763519287, -0.8623030781745911, -0.008913522586226463
-1.4007394313812256, -0.9358629584312439, -0.015736937522888184
-1.434489130973816, -0.9973952770233154, -0.007136142812669277
-1.366257905960083, -0.8431450724601746, -0.016133854165673256
-1.4159561395645142, -0.9850608110427856, -0.017968764528632164
-1.2692081928253174, -0.8501599431037903, -0.02001439407467842
-1.2820119857788086, -0.8966474533081055, -0.020403318107128143
-1.2248653173446655, -0.8576830625534058, -0.015950128436088562
-1.2550586462020874, -0.7559893727302551, -0.006139898672699928
-1.1635040044784546, -0.7546362280845642, -0.009817385114729404
-1.2491031885147095, -0.6956549286842346, -0.018306715413928032
-1.2185020446777344, -0.7888641357421875, -0.016660938039422035
-1.3472890853881836, -0.9843420386314392, -0.01659238710999489
-1.3081308603286743, -0.8051661252975464, -0.015362532809376717
-1.1578490734100342, -0.8082184195518494, -0.017960896715521812
-1.342742681503296, -0.9722020030021667, -0.017569150775671005
-1.4445137977600098, -0.9195979833602905, -0.017276456579566002
-1.4171957969665527, -0.9375051259994507, -0.0070669460110366344
-1.44984769821167, -0.9703468084335327, -0.019216451793909073
-1.2056437730789185, -0.8368556499481201, -0.01698848232626915
-1.2713665962219238, -0.8904622793197632, -0.017910858616232872
-1.3447661399841309, -0.8188591003417969, -0.010324450209736824
-1.4002842903137207, -0.8334749341011047, -0.017859306186437607
-1.277870774269104, -0.8187100887298584, -0.017826678231358528
-1.1963857412338257, -0.8056584596633911, -0.01684577576816082
-1.4364985227584839, -0.9642816781997681, -0.01670343428850174
-1.474061369895935, -0.8923263549804688, -0.009398845955729485
-1.20784330368042, -0.8017026782035828, -0.016202526167035103
-1.4486684799194336, -0.8783848285675049, -0.019963210448622704
-1.2518994808197021, -0.8339822292327881, -0.008773856796324253
-1.2092962265014648, -0.8740350604057312, -0.010432432405650616
-1.3911159038543701, -0.9252181053161621, -0.018083296716213226
-1.2241557836532593, -0.7259309887886047, -0.01657581888139248
-1.3721576929092407, -0.8736463785171509, -0.015800507739186287
-1.4124215841293335, -0.8221517205238342, -0.010971898213028908
-1.4603532552719116, -0.9307831525802612, -0.017171960324048996
-1.2801707983016968, -0.9216002225875854, -0.008734742179512978
-1.372360348701477, -0.8033356070518494, -0.016994979232549667
-1.251194715499878, -0.8028415441513062, -0.005489636212587357
-1.2531696557998657, -0.87549889087677, -0.008337469771504402
-1.2811214923858643, -0.6924727559089661, -0.017485376447439194
-1.2636845111846924, -0.7738444805145264, -0.004792378284037113
-1.2082175016403198, -0.7145941853523254, -0.010876674205064774
-1.2253930568695068, -0.6988563537597656, -0.010398662649095058
-1.4019579887390137, -0.9680294990539551, -0.0093606635928154
-1.2688531875610352, -0.8777770400047302, -0.008233176544308662
-1.4021828174591064, -0.8530887365341187, -0.016764266416430473
-1.3852514028549194, -0.878090500831604, -0.009094858542084694
-1.3750895261764526, -1.0418286323547363, -0.022792592644691467
-1.2643715143203735, -0.8793445229530334, -0.016776686534285545
-1.385256052017212, -0.9538288116455078, -0.00753703061491251
-1.3560223579406738, -0.9375498294830322, -0.0090824319049716
-1.1483654975891113, -0.7723633050918579, -0.008250361308455467
-1.3259103298187256, -0.878961980342865, -0.010670031420886517
-1.3876012563705444, -0.8054690361022949, -0.00930012296885252
-1.4644064903259277, -0.9233043193817139, -0.01695256680250168
-1.2519590854644775, -0.6809485554695129, -0.007555135991424322
-1.370622158050537, -0.9080976247787476, -0.008850314654409885
-1.3570992946624756, -0.982955813407898, -0.00629901047796011
-1.311144232749939, -0.8345894813537598, -0.007437012158334255
-1.1759674549102783, -0.758822500705719, -0.019329097121953964
-1.4051029682159424, -0.895169198513031, -0.0186480600386858
-1.4309666156768799, -0.9990826845169067, -0.016923680901527405
-1.2960859537124634, -0.7016475796699524, -0.006787379737943411
-1.2964215278625488, -0.7598814964294434, -0.00729334307834506
-1.3711591958999634, -0.9540520906448364, -0.017514841631054878
-1.4648150205612183, -0.9665459394454956, -0.009989770129323006
-1.4013618230819702, -0.8915994763374329, -0.008482132107019424
-1.452270269393921, -0.8465344309806824, -0.022399723529815674
-1.2070152759552002, -0.8332988619804382, -0.00861174613237381
-1.2221293449401855, -0.8489562273025513, -0.007734837010502815
-1.2658554315567017, -0.7133545279502869, -0.009049003012478352
-1.297333002090454, -0.9067221879959106, -0.01805778779089451
-1.4323970079421997, -0.8627903461456299, -0.007454855367541313
-1.3266632556915283, -0.7791407704353333, -0.017247525975108147
-1.3706600666046143, -0.8322672247886658, -0.007952758111059666
-1.2818398475646973, -0.8181556463241577, -0.007412549573928118
-1.343548059463501, -0.8499560356140137, -0.008720495738089085
-1.2948733568191528, -0.6978729963302612, -0.016267960891127586
-1.4238933324813843, -0.8337180018424988, -0.01574954017996788
-1.3280051946640015, -0.805372416973114, -0.010929328389465809
-1.1764897108078003, -0.7591769099235535, -0.009905998595058918
-1.2842662334442139, -0.9358093738555908, -0.00904770102351904
-1.2379660606384277, -0.760854184627533, -0.009979196824133396
-1.3887102603912354, -0.9206660389900208, -0.010679306462407112
-1.2968894243240356, -0.9378918409347534, -0.009786717593669891
-1.4488775730133057, -0.9981676936149597, -0.01683330163359642
-1.1929045915603638, -0.8325350880622864, -0.018275750800967216
-1.1501336097717285, -0.8024218678474426, -0.018360892310738564
-1.1864837408065796, -0.8240721821784973, -0.01904141716659069
-1.419703483581543, -0.939949631690979, -0.018641818314790726
-1.3847709894180298, -0.9571725130081177, -0.017572663724422455
-1.3419970273971558, -0.9666169881820679, -0.007267261389642954
-1.4120991230010986, -0.8633982539176941, -0.017648793756961823
-1.4034323692321777, -0.9846076965332031, -0.008836861699819565
-1.2065613269805908, -0.7263067364692688, -0.006682697217911482
-1.4914511442184448, -0.8951212763786316, -0.01335661206394434
-1.4024138450622559, -1.059232234954834, -0.01980401575565338
-1.3835926055908203, -0.9993818998336792, -0.01641126349568367
-1.2653073072433472, -0.7760528326034546, -0.016240805387496948
-1.3896511793136597, -0.9701667428016663, -0.016697529703378677
-1.4031821489334106, -0.8474534749984741, -0.008221201598644257
-1.1922979354858398, -0.7445114254951477, -0.008494630455970764
-1.311721682548523, -0.7429218888282776, -0.01789325661957264
-1.4025733470916748, -1.0130648612976074, -0.008976774290204048
-1.2371480464935303, -0.8202874660491943, -0.008885997347533703
-1.2378672361373901, -0.7876129746437073, -0.008039632812142372
-1.2589244842529297, -0.8054882884025574, -0.016417402774095535
-1.4478062391281128, -0.9993612766265869, -0.008223960176110268
-1.239034652709961, -0.8597278594970703, -0.01757814735174179
-1.2823203802108765, -0.849803626537323, -0.009752292186021805
-1.456299066543579, -1.010655403137207, -0.017437322065234184
-1.4186429977416992, -1.0382040739059448, -0.017154313623905182
-1.3139119148254395, -0.9514765739440918, -0.018291868269443512
-1.4918572902679443, -0.9426906108856201, -0.017477797344326973
-1.2951176166534424, -0.8974277377128601, -0.01760689914226532
-1.2960542440414429, -0.8618530631065369, -0.00881981011480093
-1.27956223487854, -0.8578397035598755, -0.01771092601120472
-1.2836588621139526, -0.8921782970428467, -0.009538637474179268
-1.2134740352630615, -0.8149288892745972, -0.015132412314414978
-1.4218902587890625, -1.0319708585739136, -0.015738343819975853
-1.4021360874176025, -1.0172370672225952, -0.016987264156341553
-1.2670679092407227, -0.9079306721687317, -0.009299330413341522
-1.3872833251953125, -0.8495612740516663, -0.01730736345052719
-1.3384783267974854, -0.8498964309692383, -0.017476877197623253
-1.2354140281677246, -0.8033369779586792, -0.017251571640372276
-1.1769036054611206, -0.8335031270980835, -0.016578828915953636
-1.2681208848953247, -0.8126536011695862, -0.017007026821374893
-1.2381360530853271, -0.7009453773498535, -0.00900829117745161
-1.2521271705627441, -0.8640915751457214, -0.017812350764870644
-1.4600480794906616, -0.8792492151260376, -0.01751885935664177
-1.1764808893203735, -0.8476086258888245, -0.010486953891813755
-1.26868736743927, -0.7848376631736755, -0.019285742193460464
-1.3417413234710693, -1.0115759372711182, -0.01982540264725685
-1.3120166063308716, -0.9079617261886597, -0.01805799826979637
-1.2077808380126953, -0.8040844202041626, -0.008396949619054794
-1.373300313949585, -0.9930869936943054, -0.0170269925147295
-1.2202430963516235, -0.8777518272399902, -0.008737749420106411
-1.461501955986023, -0.922829270362854, -0.006455491296947002
-1.2126516103744507, -0.755933403968811, -0.01795373111963272
-1.3118581771850586, -0.8648321628570557, -0.010817569680511951
-1.3578959703445435, -0.9220269918441772, -0.011391712352633476
-1.3413190841674805, -0.9233210682868958, -0.009677905589342117
-1.2658220529556274, -0.8339825868606567, -0.0076819672249257565
-1.3704702854156494, -1.0290610790252686, -0.008676622062921524
-1.282555341720581, -0.772494912147522, -0.007997598499059677
-1.432711124420166, -0.9846624732017517, -0.009467754513025284
-1.4478399753570557, -0.9527322053909302, -0.010595551691949368
-1.2672518491744995, -0.7422583699226379, -0.00648298766463995
-1.4021754264831543, -0.9235331416130066, -0.009243118576705456
-1.3996775150299072, -0.8057181239128113, -0.008642291650176048
-1.1464773416519165, -0.7901893258094788, -0.00884668156504631
-1.3257415294647217, -0.9078969955444336, -0.010503469966351986
-1.2552731037139893, -0.862753689289093, -0.008364119566977024
-1.3570674657821655, -0.7733838558197021, -0.008568459190428257
-1.264765977859497, -0.6936109662055969, -0.01844169944524765
-1.2555533647537231, -0.8322344422340393, -0.016182459890842438
-1.3577711582183838, -0.8211418390274048, -0.008366762660443783
-1.4614661931991577, -0.8796262145042419, -0.011027909815311432
-1.3885984420776367, -0.9345707297325134, -0.009122982621192932
-1.3571066856384277, -0.790941059589386, -0.008017431944608688
-1.3099998235702515, -0.7308589220046997, -0.007922333665192127
-1.2958252429962158, -0.7886003851890564, -0.004963601008057594
-1.356054663658142, -0.894753634929657, -0.007438075263053179
-1.235756516456604, -0.849685788154602, -0.008171787485480309
-1.3288307189941406, -0.9676308035850525, -0.011193706654012203
-1.3709640502929688, -0.9437649846076965, -0.019105905666947365
-1.2950057983398438, -0.7248555421829224, -0.020054036751389503
-1.374323844909668, -1.008894681930542, -0.01629570499062538
-1.4162214994430542, -0.8488752841949463, -0.008461405523121357
-1.2511122226715088, -0.9061532020568848, -0.018762145191431046
-1.247528314590454, -0.7099823355674744, -0.01836353726685047
-1.450088620185852, -0.9101142287254333, -0.010702460072934628
-1.3592067956924438, -0.8613366484642029, -0.008790423162281513
-1.234729290008545, -0.7928440570831299, -0.01898881606757641
-1.4024769067764282, -0.927455723285675, -0.015975747257471085
-1.2917723655700684, -0.9486868381500244, -0.02051452547311783
-1.1927603483200073, -0.8604272603988647, -0.00861052330583334
-1.3851125240325928, -0.8350867033004761, -0.009491905570030212
-1.307614803314209, -0.7331611514091492, -0.018413297832012177
-1.3084163665771484, -0.8311494588851929, -0.01676011271774769
-1.2829387187957764, -0.8793359398841858, -0.007643308024853468
-1.3544081449508667, -0.8969163298606873, -0.02004014328122139
-1.386552095413208, -1.04127037525177, -0.007630819454789162
-1.3268663883209229, -0.9513864517211914, -0.008878769353032112
-1.1925984621047974, -0.7583287358283997, -0.00859300047159195
-1.4902070760726929, -0.9354530572891235, -0.0065817078575491905
-1.328350305557251, -0.8057745099067688, -0.018622172996401787
-1.2501850128173828, -0.767265796661377, -0.017687641084194183
-1.133732795715332, -0.7892431020736694, -0.009202588349580765
-1.3885841369628906, -0.997462809085846, -0.010440653190016747
-1.3257555961608887, -0.7421226501464844, -0.01644738018512726
-1.4757156372070312, -0.9310793280601501, -0.01721174828708172
-1.2661248445510864, -0.8034842014312744, -0.005765651818364859
-1.354755163192749, -0.9686768054962158, -0.009898548014461994
-1.2753360271453857, -0.8468032479286194, -0.018654441460967064
-1.4618433713912964, -0.9775461554527283, -0.017077529802918434
-1.478141188621521, -0.9686617255210876, -0.009292952716350555
-1.4331910610198975, -0.9214906096458435, -0.008896620012819767
-1.3160045146942139, -0.9854097962379456, -0.020600462332367897
-1.4320170879364014, -0.9386597871780396, -0.006472334265708923
-1.4922462701797485, -0.9073553085327148, -0.009816287085413933
-1.3727163076400757, -0.86466383934021, -0.007101747673004866
-1.4063663482666016, -0.9994808435440063, -0.009643478319048882
-1.2820185422897339, -0.7568843960762024, 0.0032318360172212124
-1.445940613746643, -0.8654361367225647, -0.008533356711268425
-1.5048383474349976, -0.9387660622596741, -0.007706973701715469
-1.3124884366989136, -0.9840759038925171, -0.006645651068538427
-1.1810309886932373, -0.7691811919212341, -0.016712231561541557
-1.3581392765045166, -1.0218716859817505, -0.017316527664661407
-1.3424534797668457, -0.7744285464286804, -0.00847773626446724
-1.463969111442566, -0.9106913805007935, -0.010553992353379726
-1.207419991493225, -0.8642986416816711, -0.007608531508594751
-1.3266921043395996, -0.7731528282165527, -0.005578378215432167
-1.3710534572601318, -0.98225337266922, -0.008725607767701149
-1.4038441181182861, -0.8769303560256958, -0.005808636080473661
-1.250414252281189, -0.8936721086502075, -0.00845371838659048
-1.3692140579223633, -0.790278971195221, -0.007635405287146568
-1.44658625125885, -0.8869699835777283, -0.005359330680221319
-1.4882336854934692, -0.9759968519210815, -0.011650005355477333
-1.3901638984680176, -0.8915114998817444, -0.00875901896506548
-1.1932803392410278, -0.849574089050293, -0.01782340556383133
-1.417494297027588, -0.8904142379760742, -0.007069117855280638
-1.220102310180664, -0.7737889289855957, -0.008080774918198586
-1.327653408050537, -0.9954699277877808, -0.008291224017739296
-1.1809053421020508, -0.7886865139007568, -0.01805274561047554
-1.357548475265503, -1.0126700401306152, -0.008171760477125645
-1.4736402034759521, -0.8773713111877441, -0.013368302956223488
-1.284924864768982, -0.7504665851593018, -0.015023281797766685
-1.449507474899292, -0.8797634840011597, -0.009794458746910095
-1.4171966314315796, -1.0160890817642212, -0.00866660289466381
-1.265518307685852, -0.9222400784492493, -0.017590923234820366
-1.3417805433273315, -0.8776689767837524, -0.008869322948157787
-1.2812986373901367, -0.9399653077125549, -0.019572075456380844
-1.3136316537857056, -0.9532386660575867, -0.010335818864405155
-1.5183286666870117, -0.9529339671134949, -0.012819664552807808
-1.2828080654144287, -0.7133414149284363, -0.00972126517444849
-1.2210686206817627, -0.8029807806015015, -0.006727747619152069
-1.4771229028701782, -0.9233746528625488, -0.008725597523152828
-1.2954535484313965, -0.922787606716156, -0.008005604147911072
-1.2963016033172607, -0.7255181074142456, -0.005053272470831871
-1.237316370010376, -0.733008623123169, -0.018158404156565666
-1.368600845336914, -0.8388423919677734, -0.016157548874616623
-1.2481284141540527, -0.8241258263587952, -0.01609269343316555
-1.3138384819030762, -0.7876357436180115, -0.009854407049715519
-1.40425705909729, -0.8827208876609802, -0.01909206435084343
-1.2234017848968506, -0.714438796043396, -0.011537556536495686
-1.2799588441848755, -0.7425365447998047, -0.01860940456390381
-1.397714614868164, -0.9579139947891235, -0.015741471201181412
-1.297787070274353, -0.8189694881439209, -0.0065117888152599335
-1.328558087348938, -0.7593716979026794, -0.0071822842583060265
-1.2382584810256958, -0.8493059873580933, -0.02037821337580681
-1.2677115201950073, -0.9230664968490601, -0.008696568198502064
-1.1495531797409058, -0.8164149522781372, -0.008505386300384998
-1.2839953899383545, -0.7413874864578247, -0.008617745712399483
-1.2973229885101318, -0.891913652420044, -0.009954256005585194
-1.4622262716293335, -0.952782154083252, -0.007799308281391859
-1.1953010559082031, -0.7910613417625427, -0.0180604699999094
-1.3293286561965942, -0.8749663233757019, -0.01604562997817993
-1.3854501247406006, -0.9105620980262756, -0.01699717715382576
-1.4174286127090454, -0.9671911597251892, -0.006284288130700588
-1.339644432067871, -0.9995687007904053, -0.0060480860993266106
-1.4109493494033813, -1.0102375745773315, -0.01869942434132099
-1.2081496715545654, -0.7720052599906921, -0.019953181967139244
-1.4836437702178955, -0.9715339541435242, -0.017817668616771698
-1.4328477382659912, -0.891424298286438, -0.005689497105777264
-1.332038164138794, -0.8347197771072388, -0.016016453504562378
-1.359045147895813, -0.8469704985618591, -0.007007090840488672
-1.372694492340088, -0.7910109162330627, -0.018098700791597366
-1.1606718301773071, -0.804212749004364, -0.008938881568610668
-1.3184926509857178, -0.7643258571624756, -0.01803365908563137
-1.2668567895889282, -0.8032069206237793, -0.01628110557794571
-1.2638041973114014, -0.716478705406189, -0.020463552325963974
-1.3700156211853027, -0.9878621101379395, -0.023631300777196884
-1.3098986148834229, -0.9382815361022949, -0.007444529328495264
-1.492893934249878, -0.9655937552452087, -0.010593394748866558
-1.3454777002334595, -1.0098638534545898, -0.011255400255322456
-1.4156160354614258, -0.9225386381149292, -0.008552318438887596
-1.4024677276611328, -1.0040463209152222, -0.02096143178641796
-1.3275768756866455, -0.8159765601158142, -0.010092680342495441
-1.3324170112609863, -0.8639704585075378, -0.007586462888866663
-1.1894017457962036, -0.7896026372909546, -0.009116233326494694
-1.3287216424942017, -0.8306159973144531, -0.009662501513957977
-1.2812808752059937, -0.801702082157135, -0.00953554268926382
-1.4650534391403198, -0.8925037384033203, -0.015743859112262726
-1.282500982284546, -0.9213621020317078, -0.021302323788404465
-1.3866691589355469, -0.9836681485176086, -0.006720003206282854
-1.3291385173797607, -0.8778802156448364, 1.4002012903802097E-4
-1.3745744228363037, -0.8914521932601929, -0.004717510659247637
-1.3884676694869995, -1.0262659788131714, -0.010252069681882858
-1.4925975799560547, -0.9207801222801208, -0.008301954716444016
-1.2058727741241455, -0.7431515455245972, -0.018271952867507935
-1.3006449937820435, -0.7568777799606323, 0.0026406021788716316
-1.2091306447982788, -0.7435349822044373, -0.00809739250689745
-1.1952341794967651, -0.7277476787567139, -0.01074887253344059
-1.4467986822128296, -0.9842583537101746, -0.005943309981375933
-1.3406896591186523, -0.8930205702781677, -0.01833508163690567
-1.3774597644805908, -0.8995886445045471, -0.017081616446375847
-1.5189450979232788, -0.9391859769821167, -0.007058115676045418
-1.237480878829956, -0.8788425922393799, -0.00810629315674305
-1.4797101020812988, -0.9819261431694031, -0.008846858516335487
-1.4298304319381714, -0.9314342141151428, -0.016429739072918892
-1.4653465747833252, -0.9994475245475769, -0.008686069399118423
-1.27798330783844, -0.6819496154785156, -0.010046317242085934
-1.4356374740600586, -1.0274618864059448, -0.010560248978435993
-1.402632236480713, -0.95326828956604, -0.008520415052771568
-1.4018495082855225, -1.0390691757202148, -0.008410799317061901
-1.2677761316299438, -0.847993016242981, -0.008707157336175442
-1.2364788055419922, -0.8911227583885193, -0.0069231875240802765
-1.3904411792755127, -0.9068584442138672, -0.007472737226635218
-1.2495156526565552, -0.7593172788619995, -0.016071584075689316
-1.236846685409546, -0.7277060151100159, -0.006850999779999256
-1.1443538665771484, -0.8174896240234375, -0.019683491438627243
-1.2108681201934814, -0.8575097322463989, -0.01501745730638504
-1.3528814315795898, -0.9630767107009888, -0.019884299486875534
-1.2557945251464844, -0.8180762529373169, 0.0036902569700032473
-1.4088525772094727, -1.0430279970169067, 1.4148413902148604E-4
-1.341492772102356, -0.9497084617614746, -0.007254146039485931
-1.3485966920852661, -0.8010392189025879, -0.015905698761343956
-1.2956095933914185, -0.7432718276977539, 0.001481091370806098
-1.4306423664093018, -0.8428900241851807, -0.010102937929332256
-1.2196104526519775, -0.7408966422080994, 0.0031458036974072456
-1.4783153533935547, -0.9536625146865845, -0.008698401972651482
-1.384369134902954, -1.046687364578247, -0.02153962478041649
-1.1926239728927612, -0.8177860975265503, -0.007155346684157848
-1.348789930343628, -0.8763169050216675, -0.016460247337818146
-1.2705206871032715, -0.9348003268241882, -0.0084949666634202
-1.2980663776397705, -0.8096573352813721, -0.02025040052831173
-1.4546507596969604, -0.9389252662658691, -0.01626521907746792
-1.2540998458862305, -0.6667069792747498, -0.010221793316304684
-1.4340393543243408, -0.8465133905410767, -0.017671426758170128
-1.3425599336624146, -0.9079529047012329, -0.01611124724149704
-1.221989393234253, -0.8928020596504211, -0.021358177065849304
-1.1776783466339111, -0.818757951259613, -0.007580920122563839
-1.2068673372268677, -0.8787869215011597, -0.019117731600999832
-1.3604347705841064, -1.0122958421707153, -0.018665935844182968
-1.464867353439331, -0.9032578468322754, -0.02043888345360756
-1.4217058420181274, -0.9188660979270935, -0.015812445431947708
-1.223994493484497, -0.8945073485374451, -0.007472527679055929
-1.3564223051071167, -0.8423516750335693, -0.018373485654592514
-1.2840702533721924, -0.9041833281517029, -0.01860772632062435
-1.359855055809021, -0.8059015274047852, -0.01670108176767826
-1.3836638927459717, -0.9771215915679932, -0.016000736504793167
-1.2590354681015015, -0.8885491490364075, -0.017345011234283447
-1.2959692478179932, -0.7118209600448608, -0.0166948139667511
-1.304097294807434, -0.8128809332847595, -0.01542437169700861
-1.3120020627975464, -0.8521411418914795, -0.019170094281435013
-1.5053298473358154, -0.9225993752479553, -0.008630034513771534
-1.2668275833129883, -0.9362673759460449, -0.02129439450800419
-1.259132981300354, -0.7854846715927124, -0.018794994801282883
-1.4921808242797852, -0.9520837664604187, -0.01098902802914381
-1.4595332145690918, -0.9785507321357727, 0.002895249519497156
-1.224691390991211, -0.8210108280181885, -0.016635853797197342
-1.315507411956787, -0.9191386103630066, -0.009771366603672504
-1.222493052482605, -0.7433491349220276, -0.007319732569158077
-1.3261528015136719, -0.9310328960418701, -0.015565294772386551
-1.4792916774749756, -0.947161078453064, -0.01570005901157856
-1.475193738937378, -0.9032819271087646, -0.016867119818925858
-1.2530412673950195, -0.917177677154541, -0.008532121777534485
-1.2665152549743652, -0.7557163238525391, 0.001224511070176959
-1.3785648345947266, -0.962531566619873, -0.01538458839058876
-1.2418797016143799, -0.802827775478363, 0.0013195950305089355
-1.3138195276260376, -0.9691112637519836, -0.0168632622808218
-1.27374267578125, -0.8573676347732544, 4.3410315993241966E-4
-1.2519659996032715, -0.7380296587944031, -0.017325975000858307
-1.3162022829055786, -0.881912350654602, -0.015442281030118465
-1.5109779834747314, -0.9604126811027527, -0.010665046982467175
-1.394768476486206, -1.0173215866088867, 7.607883890159428E-4
-1.3704909086227417, -0.9165194034576416, 0.0038438737392425537
-1.399642825126648, -0.8176836967468262, -0.016298597678542137
-1.363973617553711, -0.9526561498641968, 0.0013114511966705322
-1.3573546409606934, -0.7923327684402466, -0.020241960883140564
-1.2119895219802856, -0.7865529656410217, -0.020508773624897003
-1.459026575088501, -0.9698191285133362, 0.0015847908798605204
-1.2968769073486328, -0.9657881259918213, -0.019258495420217514
-1.3329638242721558, -0.7507930397987366, -0.015136810950934887
-1.2628672122955322, -0.7508344650268555, -0.016919024288654327
-1.168220043182373, -0.8436928987503052, -0.021180875599384308
-1.3498661518096924, -1.0276274681091309, -0.007960784249007702
-1.3279125690460205, -0.9367973804473877, -0.010444330982863903
-1.2391098737716675, -0.9036664366722107, -0.00982971116900444
-1.17460036277771, -0.8446999788284302, -0.02196056954562664
-1.2545368671417236, -0.7694494128227234, 0.0068636792711913586
-1.2703156471252441, -0.7204428315162659, 0.0011768967378884554
-1.3563345670700073, -0.9377447366714478, -0.01577315293252468
-1.389806866645813, -1.0202984809875488, -0.021972253918647766
-1.3602250814437866, -1.0359615087509155, -0.008637264370918274
-1.4019180536270142, -0.9650252461433411, 7.874818402342498E-4
-1.3977018594741821, -0.8497956395149231, 0.0013517584884539247
-1.3718996047973633, -1.0320181846618652, -0.015100795775651932
-1.5368633270263672, -0.9311710596084595, -0.01876992918550968
-1.3873484134674072, -1.0541186332702637, -0.01248807180672884
-1.2935669422149658, -0.9212543964385986, -0.01860426366329193
-1.1609386205673218, -0.8100549578666687, 0.003106591757386923
-1.4210913181304932, -0.8197481036186218, -0.019422659650444984
-1.431458830833435, -0.8632115125656128, -0.0192464180290699
-1.3550574779510498, -0.822563886642456, -0.01959351822733879
-1.4177201986312866, -0.9839637875556946, 0.0023562395945191383
-1.418687343597412, -0.8912158012390137, 3.2287571229971945E-4
-1.2365624904632568, -0.8217576742172241, -0.01598927564918995
-1.22562575340271, -0.8880358338356018, 1.9409123342484236E-4
-1.2433885335922241, -0.7373789548873901, 0.009965309873223305
-1.3608746528625488, -0.935166597366333, 0.00213856203481555
-1.397871732711792, -1.05570650100708, -0.011785007081925869
-1.463740587234497, -0.8791878819465637, 0.0032405040692538023
-1.1978169679641724, -0.7686159014701843, -0.01977170817553997
-1.3451626300811768, -0.9754303097724915, 0.003218044526875019
-1.4624279737472534, -1.0052834749221802, -0.00671007065102458
-1.4181149005889893, -0.8958187103271484, -0.016279788687825203
-1.2351481914520264, -0.8267078995704651, 0.006295342929661274
-1.3608191013336182, -1.0235157012939453, -0.007267486769706011
-1.345199704170227, -0.7853988409042358, -0.017590906471014023
-1.4048807621002197, -0.8866266012191772, 0.0020957367960363626
-1.3263391256332397, -0.9963680505752563, -0.019568320363759995
-1.316274881362915, -0.990939199924469, -0.020037518814206123
-1.228029727935791, -0.8449907302856445, 0.002138750394806266
-1.238670825958252, -0.8519778251647949, 8.060364052653313E-5
-1.291652798652649, -0.8870106935501099, 0.004078838974237442
-1.2838361263275146, -0.8120784759521484, 0.004738587886095047
-1.3400958776474, -0.881039559841156, 0.001204621628858149
-1.4489197731018066, -0.9116550087928772, 0.0020322641357779503
-1.2968837022781372, -0.7396251559257507, -0.016477219760417938
-1.3587138652801514, -0.982284426689148, -0.023314515128731728
-1.3621677160263062, -1.042267084121704, -0.020654922351241112
-1.237544059753418, -0.8184366226196289, 0.0032027382403612137
-1.1315090656280518, -0.8010661602020264, -0.020106665790081024
-1.484985589981079, -0.9252007007598877, 0.0023101218976080418
-1.2773501873016357, -0.8084773421287537, 7.248929468914866E-4
-1.2147358655929565, -0.8801885843276978, 0.0029345445800572634
-1.4035017490386963, -0.9658399820327759, -0.0186639241874218
-1.4461252689361572, -0.9106848835945129, -0.01968097686767578
-1.4178582429885864, -0.8549707531929016, -0.018579063937067986
-1.5010161399841309, -0.9424816370010376, -0.018347449600696564
-1.4297058582305908, -0.9462988972663879, -0.023594293743371964
-1.2967599630355835, -0.9754770398139954, -0.01913151703774929
-1.4594194889068604, -1.003702998161316, -0.015271964482963085
-1.2213540077209473, -0.7770342826843262, 2.567122573964298E-4
-1.2104487419128418, -0.7732240557670593, 0.0017783375224098563
-1.2464053630828857, -0.7910616397857666, 0.003948821686208248
